   55  1.0 Mo Pure hydrogen grid; thick H models           Sat Apr 28 16:16:44 2018
 Teff   log g  Mbol     BC    U      B      V      R      I      J      H      K      u      g      r      i      z      G     G_BP   G_RP   G/R   G_BP/R G_RP/R    Age
  1500. 8.641 21.110  1.138 24.079 21.958 19.973 20.123 22.056 21.838 21.677 22.620 25.067 20.866 19.988 22.406 21.882 20.558 20.466 21.254 20.562 20.460 21.128 1.086E+10
  1750. 8.641 20.441  1.003 23.501 21.512 19.438 19.347 20.785 20.633 20.620 21.459 24.471 20.421 19.235 21.114 20.802 19.865 19.861 20.149 19.871 19.855 20.061 1.080E+10
  2000. 8.641 19.861  0.829 22.958 21.108 19.032 18.719 19.652 19.695 19.816 20.535 23.910 20.047 18.649 19.994 19.814 19.264 19.380 19.193 19.271 19.374 19.141 1.073E+10
  2250. 8.641 19.350  0.610 22.489 20.773 18.740 18.254 18.742 18.875 19.076 19.646 23.425 19.750 18.246 19.101 19.006 18.781 19.037 18.448 18.790 19.032 18.423 1.065E+10
  2500. 8.641 18.892  0.404 22.048 20.457 18.487 17.868 17.988 18.182 18.461 18.917 22.971 19.473 17.935 18.373 18.320 18.353 18.754 17.834 18.363 18.750 17.827 1.056E+10
  2750. 8.641 18.478  0.212 21.638 20.161 18.265 17.551 17.373 17.584 17.918 18.274 22.549 19.218 17.692 17.795 17.749 17.982 18.518 17.336 17.994 18.514 17.339 1.045E+10
  3000. 8.641 18.100  0.042 21.239 19.872 18.058 17.283 16.878 17.047 17.415 17.707 22.139 18.970 17.489 17.342 17.272 17.661 18.305 16.930 17.672 18.301 16.938 1.033E+10
  3250. 8.641 17.752 -0.103 20.838 19.581 17.855 17.055 16.497 16.555 16.922 17.149 21.728 18.722 17.305 17.000 16.884 17.386 18.100 16.606 17.397 18.096 16.615 1.021E+10
  3500. 8.641 17.430 -0.218 20.422 19.278 17.648 16.853 16.214 16.105 16.440 16.620 21.303 18.464 17.126 16.742 16.583 17.151 17.892 16.351 17.160 17.888 16.359 1.008E+10
  3750. 8.641 17.130 -0.304 19.992 18.965 17.434 16.666 15.999 15.702 15.967 16.107 20.864 18.198 16.945 16.538 16.350 16.943 17.677 16.145 16.951 17.673 16.152 9.940E+09
  4000. 8.641 16.849 -0.352 19.517 18.618 17.201 16.474 15.815 15.356 15.513 15.601 20.379 17.904 16.749 16.353 16.158 16.738 17.440 15.959 16.746 17.436 15.965 9.769E+09
  4250. 8.640 16.585 -0.362 18.997 18.241 16.947 16.270 15.637 15.084 15.100 15.137 19.851 17.584 16.536 16.168 15.983 16.525 17.179 15.775 16.532 17.175 15.781 9.511E+09
  4500. 8.640 16.337 -0.336 18.436 17.836 16.673 16.050 15.454 14.881 14.750 14.760 19.280 17.240 16.304 15.974 15.810 16.295 16.893 15.584 16.302 16.889 15.590 9.246E+09
  4750. 8.640 16.101 -0.292 17.870 17.428 16.393 15.824 15.269 14.719 14.480 14.448 18.706 16.891 16.066 15.776 15.638 16.058 16.597 15.390 16.065 16.594 15.395 8.923E+09
  5000. 8.640 15.877 -0.238 17.321 17.032 16.115 15.597 15.084 14.576 14.287 14.217 18.150 16.549 15.827 15.577 15.467 15.819 16.301 15.195 15.826 16.298 15.201 8.536E+09
  5250. 8.639 15.664 -0.185 16.802 16.659 15.849 15.378 14.905 14.443 14.145 14.063 17.625 16.224 15.597 15.386 15.302 15.587 16.016 15.007 15.594 16.013 15.013 8.023E+09
  5500. 8.638 15.460 -0.142 16.325 16.317 15.601 15.174 14.737 14.320 14.031 13.952 17.144 15.925 15.383 15.206 15.147 15.368 15.748 14.831 15.375 15.745 14.837 7.303E+09
  6000. 8.636 15.076 -0.094 15.486 15.729 15.171 14.817 14.443 14.103 13.845 13.787 16.301 15.407 15.010 14.892 14.876 14.980 15.276 14.523 14.987 15.273 14.529 5.536E+09
  6500. 8.634 14.725 -0.096 14.821 15.263 14.821 14.526 14.205 13.927 13.698 13.662 15.637 14.992 14.708 14.637 14.656 14.661 14.889 14.274 14.668 14.885 14.278 4.765E+09
  7000. 8.633 14.401 -0.125 14.320 14.887 14.525 14.279 14.001 13.778 13.575 13.559 15.140 14.649 14.451 14.419 14.468 14.389 14.565 14.061 14.396 14.561 14.065 4.157E+09
  7500. 8.632 14.099 -0.165 13.928 14.568 14.264 14.057 13.817 13.645 13.470 13.470 14.751 14.352 14.220 14.223 14.298 14.147 14.283 13.868 14.154 14.279 13.872 3.647E+09
  8000. 8.632 13.816 -0.209 13.606 14.290 14.025 13.852 13.646 13.523 13.377 13.388 14.431 14.089 14.009 14.041 14.140 13.925 14.031 13.689 13.933 14.027 13.693 3.212E+09
  8500. 8.631 13.551 -0.253 13.332 14.040 13.804 13.660 13.485 13.410 13.291 13.312 14.158 13.849 13.811 13.869 13.992 13.720 13.802 13.522 13.728 13.798 13.525 2.823E+09
  9000. 8.630 13.300 -0.296 13.092 13.814 13.596 13.481 13.335 13.305 13.210 13.239 13.920 13.628 13.627 13.709 13.853 13.529 13.590 13.365 13.537 13.586 13.368 2.472E+09
  9500. 8.629 13.063 -0.338 12.876 13.605 13.401 13.312 13.193 13.206 13.133 13.169 13.706 13.423 13.453 13.557 13.724 13.350 13.393 13.218 13.357 13.389 13.220 2.166E+09
 10000. 8.628 12.838 -0.379 12.679 13.411 13.217 13.153 13.061 13.113 13.060 13.102 13.510 13.232 13.290 13.416 13.603 13.182 13.209 13.080 13.189 13.205 13.083 1.898E+09
 10500. 8.627 12.624 -0.423 12.497 13.233 13.047 13.007 12.940 13.028 12.993 13.039 13.330 13.056 13.140 13.286 13.493 13.027 13.040 12.955 13.034 13.035 12.957 1.660E+09
 11000. 8.626 12.419 -0.476 12.333 13.074 12.895 12.878 12.834 12.952 12.932 12.983 13.167 12.899 13.007 13.172 13.397 12.889 12.889 12.844 12.896 12.884 12.846 1.443E+09
 11500. 8.625 12.224 -0.544 12.187 12.937 12.768 12.770 12.745 12.888 12.879 12.933 13.021 12.765 12.895 13.076 13.316 12.772 12.760 12.752 12.779 12.755 12.753 1.249E+09
 12000. 8.624 12.036 -0.623 12.056 12.818 12.660 12.678 12.670 12.832 12.832 12.889 12.892 12.650 12.800 12.996 13.247 12.671 12.649 12.673 12.679 12.644 12.674 1.079E+09
 12500. 8.623 11.857 -0.709 11.939 12.713 12.566 12.598 12.605 12.783 12.791 12.850 12.775 12.548 12.718 12.926 13.188 12.583 12.551 12.605 12.591 12.546 12.606 9.326E+08
 13000. 8.622 11.684 -0.804 11.842 12.626 12.488 12.533 12.553 12.743 12.756 12.818 12.679 12.464 12.651 12.870 13.139 12.511 12.470 12.549 12.518 12.464 12.550 8.110E+08
 13500. 8.621 11.518 -0.912 11.766 12.558 12.429 12.483 12.513 12.711 12.729 12.791 12.603 12.399 12.599 12.828 13.102 12.455 12.407 12.507 12.463 12.402 12.507 7.222E+08
 14000. 8.620 11.358 -1.018 11.695 12.494 12.375 12.438 12.476 12.682 12.704 12.767 12.533 12.338 12.552 12.789 13.068 12.404 12.349 12.468 12.411 12.344 12.468 6.547E+08
 14500. 8.620 11.203 -1.117 11.622 12.428 12.320 12.391 12.438 12.651 12.677 12.741 12.460 12.275 12.503 12.749 13.032 12.350 12.289 12.427 12.358 12.284 12.428 5.954E+08
 15000. 8.619 11.054 -1.210 11.542 12.359 12.264 12.342 12.398 12.619 12.648 12.713 12.381 12.210 12.452 12.706 12.994 12.295 12.227 12.384 12.302 12.221 12.384 5.428E+08
 15500. 8.618 10.910 -1.298 11.459 12.288 12.207 12.292 12.355 12.584 12.618 12.684 12.298 12.144 12.400 12.661 12.954 12.237 12.162 12.339 12.245 12.157 12.339 4.960E+08
 16000. 8.617 10.769 -1.383 11.374 12.218 12.152 12.241 12.312 12.549 12.587 12.654 12.213 12.079 12.348 12.616 12.913 12.181 12.099 12.293 12.188 12.093 12.293 4.545E+08
 16500. 8.616 10.634 -1.465 11.289 12.149 12.099 12.192 12.269 12.513 12.555 12.624 12.129 12.016 12.297 12.571 12.871 12.125 12.037 12.248 12.132 12.031 12.247 4.174E+08
 17000. 8.615 10.502 -1.545 11.206 12.083 12.047 12.144 12.226 12.478 12.523 12.594 12.046 11.956 12.248 12.527 12.830 12.071 11.976 12.203 12.078 11.971 12.202 3.842E+08
 20000. 8.610  9.784 -1.980 10.750 11.726 11.764 11.875 11.984 12.273 12.336 12.416 11.591 11.628 11.974 12.278 12.596 11.771 11.646 11.949 11.780 11.640 11.949 2.405E+08
 25000. 8.602  8.795 -2.560 10.124 11.228 11.354 11.484 11.624 11.964 12.049 12.143 10.966 11.165 11.576 11.910 12.247 11.340 11.175 11.577 11.350 11.168 11.576 1.209E+08
 30000. 8.594  7.982 -2.984  9.569 10.768 10.966 11.108 11.271 11.648 11.751 11.856 10.412 10.734 11.195 11.551 11.900 10.931 10.733 11.213 10.941 10.727 11.212 6.219E+07
 35000. 8.579  7.275 -3.369  9.145 10.395 10.643 10.789 10.962 11.356 11.468 11.572  9.988 10.380 10.872 11.240 11.594 10.590 10.374 10.897 10.601 10.366 10.897 3.566E+07
 40000. 8.569  6.671 -3.770  8.893 10.169 10.441 10.589 10.768 11.170 11.285 11.388  9.736 10.163 10.671 11.045 11.402 10.379 10.153 10.700 10.391 10.146 10.700 1.545E+07
 45000. 8.560  6.136 -4.152  8.708 10.000 10.288 10.437 10.621 11.026 11.143 11.246  9.552 10.000 10.518 10.896 11.255 10.220  9.988 10.550 10.232  9.981 10.550 5.478E+06
 50000. 8.551  5.656 -4.506  8.560  9.862 10.161 10.312 10.498 10.907 11.025 11.128  9.404  9.866 10.392 10.773 11.133 10.090  9.853 10.426 10.101  9.846 10.425 2.373E+06
 55000. 8.542  5.219 -4.832  8.432  9.743 10.051 10.202 10.390 10.802 10.921 11.023  9.276  9.750 10.281 10.665 11.026  9.976  9.736 10.317  9.988  9.729 10.317 1.371E+06
 60000. 8.533  4.818 -5.132  8.318  9.636  9.951 10.103 10.293 10.706 10.826 10.928  9.163  9.646 10.182 10.568 10.929  9.873  9.631 10.218  9.885  9.623 10.218 9.600E+05
 65000. 8.524  4.449 -5.411  8.216  9.540  9.860 10.013 10.204 10.619 10.739 10.842  9.061  9.551 10.091 10.479 10.840  9.780  9.535 10.129  9.792  9.528 10.129 7.405E+05
 70000. 8.515  4.105 -5.669  8.121  9.449  9.774  9.928 10.121 10.537 10.658 10.760  8.966  9.462 10.006 10.395 10.757  9.693  9.446 10.045  9.705  9.439 10.045 6.090E+05
 75000. 8.506  3.781 -5.910  8.029  9.362  9.691  9.845 10.040 10.457 10.578 10.680  8.874  9.376  9.923 10.313 10.676  9.608  9.360  9.963  9.620  9.352  9.963 5.144E+05
 80000. 8.496  3.478 -6.135  7.944  9.280  9.613  9.768  9.963 10.381 10.503 10.606  8.789  9.296  9.846 10.237 10.600  9.529  9.279  9.886  9.541  9.271  9.886 4.504E+05
 85000. 8.487  3.192 -6.347  7.863  9.203  9.539  9.694  9.891 10.310 10.432 10.534  8.708  9.220  9.772 10.164 10.528  9.453  9.202  9.813  9.466  9.194  9.813 4.098E+05
 90000. 8.478  2.921 -6.546  7.785  9.127  9.467  9.623  9.820 10.240 10.362 10.464  8.630  9.146  9.700 10.093 10.457  9.380  9.128  9.741  9.393  9.120  9.741 3.836E+05
   56  1.0 Mo Pure hydrogen grid; thin H models            Sat Apr 28 16:16:44 2018
 Teff   log g  Mbol     BC    U      B      V      R      I      J      H      K      u      g      r      i      z      G     G_BP   G_RP   G/R   G_BP/R G_RP/R    Age
  1500. 8.657 21.150  1.138 24.108 21.991 20.012 20.165 22.100 21.874 21.712 22.655 25.096 20.902 20.031 22.450 21.925 20.598 20.506 21.298 20.602 20.500 21.172 8.617E+09
  1750. 8.657 20.480  1.004 23.532 21.546 19.476 19.388 20.827 20.672 20.657 21.495 24.502 20.456 19.276 21.157 20.844 19.905 19.900 20.192 19.910 19.894 20.104 8.528E+09
  2000. 8.657 19.900  0.831 22.990 21.143 19.069 18.759 19.694 19.734 19.855 20.573 23.942 20.083 18.689 20.036 19.856 19.304 19.418 19.235 19.311 19.413 19.183 8.439E+09
  2250. 8.657 19.389  0.612 22.522 20.808 18.777 18.293 18.785 18.915 19.114 19.685 23.458 19.785 18.285 19.143 19.047 18.820 19.074 18.489 18.829 19.069 18.464 8.336E+09
  2500. 8.657 18.931  0.407 22.082 20.492 18.524 17.907 18.030 18.223 18.501 18.956 23.005 19.509 17.973 18.414 18.362 18.392 18.791 17.875 18.402 18.787 17.868 8.225E+09
  2750. 8.657 18.517  0.215 21.673 20.197 18.302 17.589 17.415 17.625 17.958 18.314 22.583 19.254 17.729 17.836 17.790 18.021 18.555 17.376 18.032 18.550 17.379 8.101E+09
  3000. 8.657 18.139  0.044 21.275 19.909 18.095 17.321 16.919 17.089 17.457 17.748 22.174 19.007 17.526 17.382 17.313 17.699 18.341 16.970 17.711 18.337 16.978 7.966E+09
  3250. 8.657 17.791 -0.100 20.874 19.617 17.892 17.092 16.537 16.597 16.964 17.191 21.764 18.758 17.342 17.039 16.925 17.424 18.136 16.645 17.435 18.133 16.654 7.840E+09
  3500. 8.657 17.469 -0.215 20.459 19.315 17.685 16.890 16.253 16.147 16.483 16.663 21.340 18.501 17.163 16.780 16.622 17.189 17.929 16.390 17.198 17.925 16.398 7.714E+09
  3750. 8.657 17.170 -0.302 20.030 19.002 17.472 16.703 16.038 15.744 16.010 16.150 20.902 18.235 16.982 16.576 16.389 16.981 17.714 16.183 16.989 17.711 16.190 7.582E+09
  4000. 8.657 16.889 -0.349 19.555 18.656 17.239 16.512 15.854 15.398 15.557 15.645 20.418 17.942 16.787 16.391 16.197 16.776 17.478 15.998 16.784 17.474 16.004 7.437E+09
  4250. 8.657 16.626 -0.360 19.038 18.280 16.986 16.309 15.677 15.126 15.144 15.182 19.891 17.623 16.575 16.207 16.023 16.564 17.218 15.815 16.571 17.214 15.820 7.270E+09
  4500. 8.657 16.377 -0.335 18.478 17.876 16.712 16.090 15.494 14.922 14.794 14.804 19.322 17.280 16.344 16.014 15.850 16.335 16.933 15.624 16.342 16.929 15.630 7.093E+09
  4750. 8.657 16.142 -0.291 17.913 17.470 16.434 15.864 15.310 14.761 14.524 14.492 18.749 16.932 16.106 15.816 15.678 16.099 16.638 15.430 16.106 16.635 15.436 6.899E+09
  5000. 8.656 15.919 -0.237 17.365 17.074 16.157 15.639 15.125 14.618 14.330 14.261 18.194 16.591 15.868 15.619 15.508 15.861 16.343 15.237 15.868 16.340 15.242 6.688E+09
  5250. 8.656 15.707 -0.185 16.847 16.702 15.892 15.421 14.948 14.486 14.189 14.107 17.671 16.268 15.640 15.429 15.345 15.630 16.059 15.050 15.637 16.056 15.056 6.442E+09
  5500. 8.656 15.505 -0.141 16.371 16.362 15.646 15.218 14.782 14.364 14.076 13.997 17.191 15.970 15.427 15.251 15.192 15.412 15.793 14.876 15.419 15.790 14.881 6.106E+09
  6000. 8.656 15.125 -0.094 15.538 15.778 15.219 14.865 14.492 14.152 13.894 13.836 16.352 15.456 15.058 14.940 14.925 15.029 15.324 14.572 15.035 15.321 14.577 5.315E+09
  6500. 8.655 14.776 -0.095 14.873 15.314 14.871 14.576 14.255 13.978 13.749 13.712 15.689 15.042 14.758 14.687 14.706 14.711 14.939 14.324 14.718 14.936 14.328 4.586E+09
  7000. 8.654 14.453 -0.124 14.372 14.938 14.577 14.330 14.053 13.829 13.627 13.611 15.192 14.700 14.502 14.471 14.520 14.440 14.616 14.112 14.447 14.613 14.116 3.987E+09
  7500. 8.654 14.152 -0.165 13.980 14.621 14.316 14.109 13.870 13.698 13.523 13.522 14.803 14.405 14.273 14.275 14.351 14.199 14.336 13.920 14.206 14.332 13.925 3.512E+09
  8000. 8.653 13.870 -0.209 13.659 14.343 14.079 13.906 13.700 13.577 13.431 13.442 14.484 14.142 14.062 14.094 14.194 13.979 14.085 13.743 13.986 14.081 13.747 3.109E+09
  8500. 8.653 13.606 -0.253 13.386 14.095 13.859 13.716 13.540 13.465 13.346 13.367 14.212 13.904 13.867 13.925 14.047 13.775 13.857 13.577 13.783 13.853 13.580 2.759E+09
  9000. 8.652 13.356 -0.297 13.146 13.870 13.653 13.537 13.391 13.361 13.266 13.295 13.974 13.685 13.683 13.765 13.910 13.586 13.646 13.421 13.593 13.642 13.424 2.449E+09
  9500. 8.652 13.120 -0.338 12.931 13.662 13.458 13.369 13.250 13.263 13.190 13.226 13.761 13.481 13.510 13.615 13.781 13.407 13.451 13.275 13.415 13.446 13.278 2.170E+09
 10000. 8.651 12.896 -0.380 12.735 13.470 13.276 13.212 13.119 13.172 13.118 13.160 13.566 13.291 13.349 13.474 13.661 13.240 13.268 13.139 13.248 13.264 13.141 1.920E+09
 10500. 8.651 12.683 -0.424 12.554 13.293 13.107 13.067 12.999 13.087 13.051 13.098 13.387 13.116 13.200 13.345 13.552 13.087 13.100 13.014 13.094 13.095 13.016 1.698E+09
 11000. 8.650 12.480 -0.477 12.391 13.135 12.956 12.939 12.894 13.013 12.991 13.042 13.224 12.960 13.068 13.232 13.457 12.950 12.950 12.905 12.957 12.945 12.906 1.501E+09
 11500. 8.650 12.285 -0.544 12.245 12.999 12.829 12.831 12.806 12.949 12.939 12.993 13.080 12.827 12.957 13.137 13.376 12.833 12.821 12.813 12.841 12.816 12.814 1.324E+09
 12000. 8.649 12.099 -0.623 12.115 12.881 12.722 12.740 12.731 12.894 12.893 12.950 12.951 12.713 12.863 13.057 13.308 12.734 12.711 12.735 12.741 12.706 12.736 1.164E+09
 12500. 8.649 11.920 -0.708 11.998 12.777 12.629 12.661 12.667 12.845 12.853 12.912 12.834 12.612 12.781 12.988 13.249 12.646 12.613 12.667 12.654 12.608 12.668 1.020E+09
 13000. 8.648 11.748 -0.803 11.901 12.689 12.552 12.596 12.615 12.806 12.819 12.880 12.738 12.528 12.714 12.933 13.201 12.574 12.533 12.612 12.581 12.527 12.612 8.921E+08
 13500. 8.647 11.583 -0.909 11.825 12.621 12.493 12.546 12.575 12.775 12.792 12.855 12.662 12.462 12.662 12.890 13.164 12.518 12.470 12.569 12.526 12.465 12.570 7.819E+08
 14000. 8.647 11.424 -1.015 11.755 12.558 12.439 12.501 12.539 12.746 12.767 12.830 12.592 12.402 12.615 12.852 13.131 12.467 12.413 12.531 12.475 12.407 12.531 6.936E+08
 14500. 8.646 11.270 -1.115 11.683 12.494 12.386 12.456 12.503 12.717 12.742 12.806 12.521 12.342 12.568 12.813 13.097 12.416 12.354 12.492 12.423 12.349 12.492 6.274E+08
 15000. 8.646 11.122 -1.209 11.606 12.427 12.331 12.409 12.464 12.685 12.714 12.780 12.444 12.278 12.519 12.772 13.060 12.362 12.294 12.451 12.369 12.288 12.451 5.756E+08
 15500. 8.646 10.979 -1.297 11.525 12.358 12.276 12.360 12.423 12.653 12.686 12.752 12.363 12.214 12.469 12.729 13.021 12.306 12.231 12.407 12.314 12.226 12.407 5.286E+08
 16000. 8.645 10.840 -1.382 11.441 12.289 12.221 12.311 12.381 12.618 12.656 12.724 12.280 12.150 12.418 12.685 12.982 12.250 12.169 12.362 12.258 12.163 12.362 4.858E+08
 16500. 8.645 10.705 -1.464 11.358 12.222 12.169 12.262 12.339 12.584 12.625 12.695 12.198 12.088 12.368 12.641 12.941 12.196 12.108 12.318 12.203 12.102 12.318 4.474E+08
 17000. 8.644 10.574 -1.544 11.276 12.156 12.118 12.215 12.297 12.549 12.594 12.665 12.116 12.029 12.319 12.598 12.901 12.142 12.048 12.274 12.150 12.043 12.274 4.128E+08
 20000. 8.641  9.861 -1.979 10.825 11.804 11.840 11.951 12.060 12.350 12.412 12.492 11.666 11.705 12.050 12.354 12.672 11.848 11.722 12.026 11.856 11.717 12.025 2.635E+08
 25000. 8.636  8.879 -2.559 10.207 11.313 11.438 11.568 11.708 12.048 12.133 12.227 11.049 11.250 11.660 11.994 12.330 11.425 11.259 11.661 11.434 11.252 11.660 1.344E+08
 30000. 8.631  8.074 -2.983  9.660 10.859 11.057 11.199 11.361 11.740 11.842 11.947 10.503 10.826 11.286 11.641 11.991 11.022 10.825 11.304 11.032 10.818 11.303 7.040E+07
 35000. 8.622  7.383 -3.368  9.252 10.503 10.751 10.897 11.070 11.465 11.576 11.680 10.096 10.489 10.980 11.348 11.702 10.698 10.482 11.006 10.709 10.475 11.005 3.052E+07
 40000. 8.616  6.787 -3.770  9.008 10.284 10.557 10.704 10.884 11.285 11.400 11.504  9.852 10.279 10.786 11.160 11.517 10.495 10.269 10.815 10.506 10.262 10.815 1.206E+07
 45000. 8.609  6.259 -4.152  8.831 10.124 10.411 10.560 10.744 11.150 11.267 11.370  9.676 10.124 10.641 11.020 11.378 10.344 10.112 10.673 10.355 10.105 10.673 6.575E+06
 50000. 8.604  5.788 -4.506  8.692  9.995 10.294 10.444 10.630 11.039 11.157 11.260  9.536  9.999 10.524 10.905 11.265 10.222  9.986 10.558 10.234  9.978 10.558 4.815E+06
 55000. 8.599  5.361 -4.832  8.574  9.886 10.193 10.344 10.533 10.944 11.063 11.166  9.418  9.893 10.424 10.808 11.168 10.118  9.878 10.459 10.130  9.871 10.459 4.037E+06
 60000. 8.594  4.971 -5.133  8.472  9.790 10.104 10.256 10.447 10.860 10.980 11.082  9.316  9.800 10.335 10.721 11.082 10.027  9.784 10.372 10.039  9.777 10.372 3.609E+06
 65000. 8.590  4.613 -5.411  8.380  9.705 10.024 10.177 10.369 10.784 10.905 11.007  9.225  9.716 10.256 10.643 11.005  9.945  9.700 10.294  9.957  9.693 10.294 3.333E+06
 70000. 8.586  4.281 -5.670  8.298  9.627  9.951 10.105 10.298 10.714 10.835 10.938  9.142  9.640 10.183 10.572 10.934  9.870  9.623 10.222  9.882  9.616 10.222 3.129E+06
 75000. 8.581  3.970 -5.911  8.219  9.553  9.882 10.036 10.230 10.648 10.769 10.872  9.064  9.567 10.114 10.504 10.867  9.799  9.550 10.153  9.811  9.543 10.153 2.973E+06
 80000. 8.576  3.677 -6.137  8.145  9.481  9.814  9.969 10.164 10.583 10.705 10.807  8.990  9.497 10.047 10.438 10.801  9.730  9.480 10.087  9.742  9.472 10.087 2.852E+06
 85000. 8.571  3.400 -6.349  8.073  9.413  9.749  9.904 10.100 10.520 10.643 10.745  8.918  9.430  9.982 10.374 10.738  9.663  9.412 10.023  9.676  9.404 10.023 2.757E+06
 90000. 8.565  3.139 -6.548  8.005  9.348  9.687  9.843 10.040 10.461 10.583 10.686  8.850  9.366  9.920 10.313 10.677  9.601  9.348  9.962  9.613  9.340  9.962 2.682E+06
100000. 8.555  2.656 -6.915  7.879  9.227  9.571  9.728  9.927 10.348 10.472 10.574  8.725  9.247  9.805 10.199 10.564  9.483  9.228  9.847  9.495  9.220  9.847 2.572E+06
   48  1.0 Mo Pure helium grid                             Sat Apr 28 16:16:44 2018
 Teff   log g  Mbol     BC    U      B      V      R      I      J      H      K      u      g      r      i      z      G     G_BP   G_RP   G/R   G_BP/R G_RP/R    Age
  3500. 8.657 17.469 -1.115 20.682 20.024 18.584 17.670 16.794 15.835 15.356 15.055 21.529 19.331 18.019 17.410 17.042 17.883 18.781 16.983 17.887 18.777 16.986 7.714E+09
  3750. 8.657 17.170 -0.878 19.861 19.350 18.047 17.225 16.431 15.590 15.163 14.896 20.700 18.717 17.545 17.018 16.712 17.449 18.245 16.604 17.455 18.241 16.608 7.582E+09
  4000. 8.657 16.889 -0.685 19.125 18.751 17.575 16.835 16.114 15.375 14.993 14.756 19.958 18.173 17.129 16.675 16.423 17.063 17.768 16.272 17.070 17.765 16.277 7.437E+09
  4250. 8.657 16.626 -0.531 18.467 18.220 17.157 16.490 15.834 15.184 14.842 14.631 19.296 17.690 16.762 16.373 16.169 16.717 17.343 15.978 16.724 17.339 15.983 7.270E+09
  4500. 8.657 16.377 -0.409 17.880 17.747 16.786 16.182 15.586 15.014 14.706 14.518 18.706 17.261 16.437 16.105 15.943 16.406 16.961 15.716 16.413 16.958 15.722 7.093E+09
  4750. 8.657 16.142 -0.313 17.359 17.327 16.455 15.907 15.362 14.861 14.583 14.416 18.182 16.878 16.146 15.865 15.739 16.123 16.618 15.481 16.131 16.615 15.487 6.899E+09
  5000. 8.656 15.919 -0.238 16.871 16.941 16.157 15.661 15.166 14.727 14.476 14.326 17.693 16.529 15.886 15.652 15.560 15.868 16.306 15.273 15.875 16.303 15.279 6.688E+09
  5250. 8.656 15.707 -0.184 16.438 16.597 15.891 15.441 14.989 14.606 14.378 14.245 17.258 16.217 15.654 15.462 15.400 15.637 16.024 15.086 15.644 16.021 15.092 6.442E+09
  5500. 8.656 15.505 -0.147 16.045 16.287 15.652 15.242 14.830 14.496 14.290 14.171 16.865 15.936 15.445 15.290 15.254 15.426 15.769 14.917 15.433 15.766 14.923 6.106E+09
  6000. 8.656 15.125 -0.115 15.380 15.760 15.240 14.897 14.551 14.299 14.129 14.034 16.200 15.456 15.083 14.990 14.998 15.056 15.326 14.622 15.064 15.323 14.628 5.315E+09
  6500. 8.655 14.776 -0.121 14.833 15.322 14.897 14.607 14.315 14.131 13.990 13.916 15.653 15.056 14.780 14.737 14.782 14.742 14.953 14.372 14.749 14.950 14.378 4.586E+09
  7000. 8.654 14.453 -0.146 14.383 14.952 14.598 14.351 14.103 13.975 13.860 13.803 15.204 14.714 14.513 14.511 14.586 14.465 14.630 14.148 14.472 14.627 14.154 3.987E+09
  7500. 8.654 14.152 -0.183 13.995 14.629 14.335 14.123 13.913 13.834 13.740 13.698 14.817 14.413 14.276 14.309 14.409 14.217 14.344 13.948 14.224 14.341 13.953 3.512E+09
  8000. 8.653 13.870 -0.228 13.655 14.342 14.098 13.916 13.739 13.703 13.629 13.601 14.477 14.145 14.063 14.125 14.247 13.992 14.088 13.766 14.000 14.084 13.771 3.109E+09
  8500. 8.653 13.606 -0.278 13.352 14.084 13.884 13.728 13.580 13.582 13.525 13.510 14.175 13.904 13.868 13.956 14.098 13.787 13.856 13.598 13.795 13.852 13.603 2.759E+09
  9000. 8.652 13.356 -0.334 13.080 13.853 13.690 13.557 13.434 13.470 13.429 13.426 13.904 13.687 13.692 13.803 13.962 13.601 13.646 13.446 13.609 13.642 13.450 2.449E+09
  9500. 8.652 13.120 -0.397 12.836 13.646 13.517 13.404 13.304 13.369 13.343 13.350 13.661 13.493 13.535 13.666 13.840 13.434 13.457 13.309 13.441 13.453 13.314 2.170E+09
 10000. 8.651 12.896 -0.467 12.615 13.460 13.363 13.268 13.188 13.280 13.266 13.282 13.441 13.319 13.395 13.544 13.731 13.284 13.288 13.188 13.291 13.283 13.192 1.920E+09
 11000. 8.650 12.480 -0.620 12.234 13.141 13.099 13.037 12.990 13.126 13.134 13.165 13.061 13.020 13.157 13.335 13.545 13.025 12.996 12.980 13.033 12.992 12.984 1.501E+09
 12000. 8.649 12.099 -0.780 11.917 12.876 12.879 12.844 12.824 12.997 13.021 13.064 12.745 12.771 12.958 13.160 13.389 12.808 12.752 12.806 12.817 12.747 12.809 1.164E+09
 13000. 8.648 11.748 -0.938 11.648 12.649 12.687 12.675 12.677 12.881 12.919 12.971 12.478 12.556 12.786 13.007 13.251 12.619 12.541 12.654 12.628 12.536 12.657 8.921E+08
 14000. 8.647 11.424 -1.091 11.417 12.450 12.515 12.523 12.543 12.773 12.823 12.882 12.247 12.367 12.629 12.868 13.125 12.450 12.353 12.516 12.459 12.348 12.518 6.936E+08
 15000. 8.646 11.122 -1.233 11.215 12.273 12.356 12.380 12.417 12.669 12.729 12.793 12.046 12.196 12.484 12.738 13.004 12.295 12.184 12.386 12.304 12.179 12.387 5.756E+08
 16000. 8.645 10.840 -1.365 11.037 12.111 12.205 12.245 12.294 12.564 12.633 12.703 11.868 12.039 12.346 12.612 12.887 12.149 12.028 12.260 12.158 12.022 12.261 4.858E+08
 17000. 8.644 10.574 -1.488 10.877 11.963 12.062 12.114 12.173 12.456 12.534 12.609 11.708 11.892 12.214 12.489 12.770 12.011 11.882 12.137 12.020 11.876 12.138 4.128E+08
 18000. 8.643 10.323 -1.607 10.733 11.828 11.930 11.993 12.059 12.350 12.435 12.515 11.565 11.758 12.091 12.372 12.658 11.883 11.749 12.022 11.892 11.743 12.022 3.535E+08
 19000. 8.642 10.086 -1.727 10.603 11.707 11.813 11.885 11.956 12.251 12.341 12.425 11.437 11.639 11.982 12.269 12.558 11.769 11.630 11.919 11.779 11.624 11.919 3.045E+08
 20000. 8.641  9.861 -1.851 10.488 11.601 11.711 11.792 11.868 12.165 12.259 12.344 11.322 11.535 11.888 12.180 12.472 11.670 11.526 11.830 11.680 11.520 11.830 2.635E+08
 21000. 8.640  9.646 -1.978 10.385 11.507 11.625 11.713 11.794 12.094 12.191 12.276 11.219 11.444 11.808 12.104 12.400 11.585 11.435 11.755 11.594 11.429 11.755 2.288E+08
 22000. 8.639  9.442 -2.110 10.294 11.426 11.552 11.646 11.733 12.037 12.135 12.220 11.129 11.366 11.740 12.041 12.340 11.512 11.358 11.692 11.522 11.351 11.691 1.994E+08
 23000. 8.638  9.246 -2.246 10.219 11.358 11.492 11.591 11.684 11.991 12.092 12.177 11.054 11.301 11.684 11.990 12.292 11.452 11.293 11.641 11.462 11.287 11.640 1.743E+08
 24000. 8.637  9.059 -2.390 10.165 11.310 11.450 11.552 11.649 11.960 12.062 12.148 11.001 11.254 11.644 11.954 12.259 11.410 11.247 11.605 11.419 11.241 11.604 1.529E+08
 25000. 8.636  8.879 -2.541 10.129 11.277 11.421 11.525 11.625 11.938 12.041 12.127 10.964 11.223 11.617 11.930 12.236 11.381 11.216 11.580 11.390 11.210 11.579 1.344E+08
 26000. 8.635  8.706 -2.688 10.095 11.247 11.394 11.500 11.603 11.919 12.022 12.108 10.931 11.194 11.592 11.907 12.214 11.354 11.187 11.557 11.364 11.181 11.556 1.182E+08
 27000. 8.634  8.540 -2.825 10.057 11.213 11.365 11.473 11.579 11.897 12.001 12.087 10.894 11.161 11.564 11.882 12.191 11.324 11.155 11.532 11.334 11.149 11.531 1.040E+08
 28000. 8.633  8.379 -2.950 10.012 11.172 11.330 11.441 11.550 11.871 11.977 12.063 10.849 11.123 11.531 11.852 12.163 11.289 11.117 11.502 11.298 11.110 11.501 9.142E+07
 29000. 8.632  8.224 -3.065  9.961 11.126 11.290 11.404 11.518 11.843 11.950 12.037 10.798 11.079 11.494 11.819 12.132 11.248 11.073 11.469 11.258 11.067 11.468 8.030E+07
 30000. 8.631  8.074 -3.171  9.904 11.075 11.246 11.364 11.483 11.813 11.920 12.008 10.741 11.030 11.453 11.782 12.099 11.204 11.025 11.432 11.214 11.019 11.431 7.040E+07
 31000. 8.626  7.920 -3.270  9.834 11.013 11.191 11.313 11.436 11.771 11.880 11.969 10.672 10.970 11.400 11.734 12.053 11.148 10.965 11.384 11.158 10.959 11.383 6.182E+07
 32000. 8.625  7.780 -3.363  9.772 10.958 11.143 11.268 11.396 11.736 11.846 11.936 10.610 10.918 11.355 11.692 12.014 11.099 10.912 11.342 11.109 10.906 11.341 5.230E+07
 33000. 8.624  7.644 -3.452  9.708 10.902 11.095 11.222 11.355 11.699 11.811 11.902 10.547 10.865 11.309 11.650 11.974 11.050 10.859 11.299 11.060 10.853 11.298 4.397E+07
 34000. 8.623  7.512 -3.536  9.645 10.847 11.048 11.177 11.313 11.662 11.776 11.868 10.484 10.813 11.263 11.607 11.934 11.001 10.807 11.256 11.011 10.800 11.255 3.673E+07
 35000. 8.622  7.383 -3.617  9.581 10.791 11.000 11.131 11.270 11.624 11.739 11.832 10.420 10.760 11.216 11.563 11.892 10.950 10.753 11.212 10.961 10.747 11.211 3.052E+07
 36000. 8.621  7.258 -3.695  9.519 10.737 10.953 11.085 11.228 11.586 11.703 11.797 10.359 10.708 11.170 11.520 11.851 10.902 10.701 11.169 10.912 10.694 11.168 2.525E+07
 37000. 8.620  7.136 -3.769  9.458 10.683 10.905 11.040 11.186 11.548 11.666 11.762 10.297 10.656 11.124 11.476 11.810 10.853 10.649 11.126 10.863 10.642 11.124 2.084E+07
 38000. 8.619  7.017 -3.842  9.397 10.629 10.858 10.994 11.144 11.510 11.629 11.727 10.237 10.605 11.078 11.433 11.768 10.804 10.597 11.082 10.815 10.591 11.081 1.722E+07
 39000. 8.617  6.900 -3.911  9.336 10.575 10.811 10.949 11.101 11.471 11.593 11.691 10.176 10.554 11.032 11.390 11.727 10.755 10.546 11.039 10.766 10.539 11.038 1.432E+07
 40000. 8.616  6.787 -3.977  9.276 10.522 10.764 10.903 11.059 11.433 11.556 11.656 10.116 10.503 10.986 11.346 11.685 10.706 10.494 10.995 10.717 10.487 10.994 1.206E+07
