============================================================================
   #Mod      Teff         Log(g)        Rayon        Age           Lum
           Log(Tc)       Log(Pc)      Log(rhoc)     M_x/M        Log(q_x)
            Lum_nu       Log(H/*)     Log(He/*)    Log(C/*)      Log(O/*)
============================================================================
     0    18008.9803    6.43279270  3.130142E+09  0.000000E+00  7.343482E+32
        7.828553E+00  2.085155E+01  4.989773E+00  0.0000000000  0.000000E+00
        1.983009E+31 -4.002385E+00 -2.009370E+00 -4.314794E-03  0.000000E+00
     1    17882.8899    6.44014492  3.103759E+09  4.000000E+05  7.020114E+32
        7.827245E+00  2.085737E+01  4.993914E+00  0.0000000000  0.000000E+00
        1.989899E+31 -4.002385E+00 -2.009377E+00 -4.314728E-03  0.000000E+00
     2    17792.5283    6.44659912  3.080781E+09  8.000000E+05  6.777816E+32
        7.825918E+00  2.086300E+01  4.997926E+00  0.0000000000  0.000000E+00
        1.995495E+31 -4.002385E+00 -2.009392E+00 -4.314576E-03  0.000000E+00
     3    17715.5688    6.45258524  3.059622E+09  1.200000E+06  6.570122E+32
        7.824577E+00  2.086846E+01  5.001821E+00  0.0000000000  0.000000E+00
        2.001803E+31 -4.002385E+00 -2.009408E+00 -4.314415E-03  0.000000E+00
     4    17646.1067    6.45824480  3.039751E+09  1.600000E+06  6.383944E+32
        7.823225E+00  2.087377E+01  5.005607E+00  0.0000000000  0.000000E+00
        2.005401E+31 -4.002385E+00 -2.009425E+00 -4.314254E-03  0.000000E+00
     5    17581.5797    6.46364883  3.020898E+09  2.000000E+06  6.213281E+32
        7.821864E+00  2.087893E+01  5.009290E+00  0.0000000000  0.000000E+00
        2.009750E+31 -4.002385E+00 -2.009441E+00 -4.314095E-03  0.000000E+00
     6    17520.6063    6.46884025  3.002896E+09  2.400000E+06  6.054726E+32
        7.820494E+00  2.088396E+01  5.012877E+00  0.0000000000  0.000000E+00
        2.011738E+31 -4.002385E+00 -2.009457E+00 -4.313938E-03  0.000000E+00
     7    17461.5495    6.47388143  2.985518E+09  2.800000E+06  5.904565E+32
        7.819115E+00  2.088888E+01  5.016385E+00  0.0000000000  0.000000E+00
        2.014486E+31 -4.002385E+00 -2.009485E+00 -4.313660E-03  0.000000E+00
     8    17372.9394    6.48152906  2.959347E+09  3.436211E+06  5.684633E+32
        7.816911E+00  2.089644E+01  5.021776E+00  0.0000000000  0.000000E+00
        2.015230E+31 -4.002385E+00 -2.009528E+00 -4.313231E-03  0.000000E+00
     9    17278.2261    6.48970966  2.931606E+09  4.152729E+06  5.457895E+32
        7.814415E+00  2.090461E+01  5.027599E+00  0.0000000000  0.000000E+00
        2.015558E+31 -4.002385E+00 -2.009575E+00 -4.312770E-03  0.000000E+00
    10    17179.7840    6.49816153  2.903218E+09  4.932036E+06  5.231756E+32
        7.811691E+00  2.091312E+01  5.033659E+00  0.0000000000  0.000000E+00
        2.012676E+31 -4.002385E+00 -2.009623E+00 -4.312291E-03  0.000000E+00
    11    17078.0576    6.50680271  2.874478E+09  5.770609E+06  5.008290E+32
        7.808755E+00  2.092186E+01  5.039888E+00  0.0000000000  0.000000E+00
        2.008688E+31 -4.002385E+00 -2.009673E+00 -4.311798E-03  0.000000E+00
    12    16973.2958    6.51557729  2.845586E+09  6.666722E+06  4.788789E+32
        7.805616E+00  2.093078E+01  5.046237E+00  0.0000000000  0.000000E+00
        2.002248E+31 -4.002385E+00 -2.009724E+00 -4.311296E-03  0.000000E+00
    13    16865.7386    6.52443823  2.816705E+09  7.619203E+06  4.574267E+32
        7.802296E+00  2.093981E+01  5.052663E+00  0.0000000000  0.000000E+00
        1.992419E+31 -4.002385E+00 -2.009776E+00 -4.310784E-03  0.000000E+00
    14    16755.6793    6.53334382  2.787973E+09  8.627061E+06  4.365586E+32
        7.798793E+00  2.094891E+01  5.059133E+00  0.0000000000  0.000000E+00
        1.980838E+31 -4.002385E+00 -2.009829E+00 -4.310260E-03  0.000000E+00
    15    16643.5316    6.54224985  2.759532E+09  9.688778E+06  4.163613E+32
        7.794976E+00  2.095803E+01  5.065632E+00  0.0000000000  0.000000E+00
        1.966587E+31 -4.002385E+00 -2.009883E+00 -4.309724E-03  0.000000E+00
    16    16529.6914    6.55112547  2.731478E+09  1.080402E+07  3.968915E+32
        7.790922E+00  2.096713E+01  5.072127E+00  0.0000000000  0.000000E+00
        1.949653E+31 -4.002385E+00 -2.009939E+00 -4.309176E-03  0.000000E+00
    17    16414.0104    6.55998844  2.703748E+09  1.197866E+07  3.781017E+32
        7.786637E+00  2.097624E+01  5.078624E+00  0.0000000000  0.000000E+00
        1.929484E+31 -4.002385E+00 -2.009996E+00 -4.308611E-03  0.000000E+00
    18    16296.8461    6.56882137  2.676392E+09  1.321437E+07  3.600237E+32
        7.782133E+00  2.098533E+01  5.085112E+00  0.0000000000  0.000000E+00
        1.907174E+31 -4.002385E+00 -2.010055E+00 -4.308029E-03  0.000000E+00
    19    16178.3732    6.57762450  2.649404E+09  1.451548E+07  3.426519E+32
        7.777405E+00  2.099441E+01  5.091588E+00  0.0000000000  0.000000E+00
        1.881701E+31 -4.002385E+00 -2.010116E+00 -4.307427E-03  0.000000E+00
    20    16057.7593    6.58646994  2.622560E+09  1.589796E+07  3.258428E+32
        7.772410E+00  2.100355E+01  5.098104E+00  0.0000000000  0.000000E+00
        1.853724E+31 -4.002385E+00 -2.010180E+00 -4.306800E-03  0.000000E+00
    21    15934.7630    6.59538364  2.595784E+09  1.737239E+07  3.095544E+32
        7.767122E+00  2.101277E+01  5.104675E+00  0.0000000000  0.000000E+00
        1.822635E+31 -4.002385E+00 -2.010246E+00 -4.306142E-03  0.000000E+00
    22    15808.7144    6.60442321  2.568909E+09  1.895632E+07  2.936982E+32
        7.761498E+00  2.102214E+01  5.111338E+00  0.0000000000  0.000000E+00
        1.787878E+31 -4.002385E+00 -2.010317E+00 -4.305449E-03  0.000000E+00
    23    15677.4562    6.61368500  2.541663E+09  2.067391E+07  2.780710E+32
        7.755470E+00  2.103171E+01  5.118146E+00  0.0000000000  0.000000E+00
        1.749656E+31 -4.002385E+00 -2.010392E+00 -4.304708E-03  0.000000E+00
    24    15540.7291    6.62307219  2.514342E+09  2.251399E+07  2.627554E+32
        7.749099E+00  2.104136E+01  5.125000E+00  0.0000000000  0.000000E+00
        1.708019E+31 -4.002385E+00 -2.010471E+00 -4.303927E-03  0.000000E+00
    25    15402.5884    6.63230976  2.487743E+09  2.443049E+07  2.482009E+32
        7.742561E+00  2.105081E+01  5.131705E+00  0.0000000000  0.000000E+00
        1.664025E+31 -4.002385E+00 -2.010552E+00 -4.303127E-03  0.000000E+00
    26    15262.7174    6.64143681  2.461739E+09  2.643643E+07  2.343305E+32
        7.735828E+00  2.106011E+01  5.138293E+00  0.0000000000  0.000000E+00
        1.618047E+31 -4.002385E+00 -2.010635E+00 -4.302307E-03  0.000000E+00
    27    15119.7517    6.65050112  2.436183E+09  2.854549E+07  2.210120E+32
        7.728870E+00  2.106929E+01  5.144791E+00  0.0000000000  0.000000E+00
        1.569820E+31 -4.002385E+00 -2.010721E+00 -4.301464E-03  0.000000E+00
    28    14977.1172    6.65939485  2.411365E+09  3.074431E+07  2.084761E+32
        7.721751E+00  2.107827E+01  5.151146E+00  0.0000000000  0.000000E+00
        1.519838E+31 -4.002385E+00 -2.010807E+00 -4.300612E-03  0.000000E+00
    29    14830.0147    6.66836652  2.386586E+09  3.309879E+07  1.963080E+32
        7.714281E+00  2.108729E+01  5.157518E+00  0.0000000000  0.000000E+00
        1.467211E+31 -4.002385E+00 -2.010897E+00 -4.299732E-03  0.000000E+00
    30    14680.2696    6.67729445  2.362181E+09  3.558855E+07  1.846630E+32
        7.706553E+00  2.109622E+01  5.163819E+00  0.0000000000  0.000000E+00
        1.412621E+31 -4.002385E+00 -2.010988E+00 -4.298835E-03  0.000000E+00
    31    14527.8223    6.68617954  2.338141E+09  3.822402E+07  1.735245E+32
        7.698560E+00  2.110504E+01  5.170044E+00  0.0000000000  0.000000E+00
        1.356155E+31 -4.002385E+00 -2.011081E+00 -4.297918E-03  0.000000E+00
    32    14372.6369    6.69502067  2.314462E+09  4.101564E+07  1.628784E+32
        7.690300E+00  2.111376E+01  5.176182E+00  0.0000000000  0.000000E+00
        1.298194E+31 -4.002385E+00 -2.011176E+00 -4.296978E-03  0.000000E+00
    33    14214.5713    6.70382396  2.291123E+09  4.397718E+07  1.527036E+32
        7.681768E+00  2.112237E+01  5.182235E+00  0.0000000000  0.000000E+00
        1.238820E+31 -4.002385E+00 -2.011275E+00 -4.296011E-03  0.000000E+00
    34    14052.3592    6.71247668  2.268413E+09  4.711903E+07  1.429745E+32
        7.672965E+00  2.113086E+01  5.188192E+00  0.0000000000  0.000000E+00
        1.178434E+31 -4.002385E+00 -2.006390E+00 -4.344357E-03  0.000000E+00
    35    13861.7966    6.72245190  2.242510E+09  5.098667E+07  1.323014E+32
        7.662485E+00  2.114050E+01  5.194946E+00  0.0000000000  0.000000E+00
        1.107953E+31 -4.002385E+00 -2.002857E+00 -4.379662E-03  0.000000E+00
    36    13684.0359    6.73161553  2.218976E+09  5.480585E+07  1.230211E+32
        7.652476E+00  2.114928E+01  5.201084E+00  0.0000000000  0.000000E+00
        1.042348E+31 -4.002385E+00 -2.000383E+00 -4.404558E-03  0.000000E+00
    37    13503.8854    6.74071620  2.195848E+09  5.886900E+07  1.142502E+32
        7.642182E+00  2.115790E+01  5.207105E+00  0.0000000000  0.000000E+00
        9.769318E+30 -4.002385E+00 -1.998662E+00 -4.421967E-03  0.000000E+00
    38    13323.6386    6.74960432  2.173493E+09  6.311744E+07  1.060780E+32
        7.631779E+00  2.116622E+01  5.212910E+00  0.0000000000  0.000000E+00
        9.130590E+30 -4.002385E+00 -1.997472E+00 -4.434039E-03  0.000000E+00
    39    13143.8654    6.75829577  2.151853E+09  6.757938E+07  9.847702E+31
        7.621216E+00  2.117428E+01  5.218532E+00  0.0000000000  0.000000E+00
        8.506749E+30 -4.002385E+00 -1.996658E+00 -4.442317E-03  0.000000E+00
    40    12963.9335    6.76682440  2.130827E+09  7.228225E+07  9.138208E+31
        7.610456E+00  2.118210E+01  5.223985E+00  0.0000000000  0.000000E+00
        7.898209E+30 -4.002385E+00 -1.996113E+00 -4.447871E-03  0.000000E+00
    41    12782.2339    6.77525475  2.110246E+09  7.727534E+07  8.470529E+31
        7.599431E+00  2.118973E+01  5.229300E+00  0.0000000000  0.000000E+00
        7.303805E+30 -4.002385E+00 -1.995764E+00 -4.451437E-03  0.000000E+00
    42    12598.5595    6.78357338  2.090132E+09  8.256789E+07  7.842390E+31
        7.588173E+00  2.119717E+01  5.234471E+00  0.0000000000  0.000000E+00
        6.727757E+30 -4.002385E+00 -1.995357E+00 -4.455588E-03  0.000000E+00
    43    12410.7798    6.79193488  2.070108E+09  8.829699E+07  7.244354E+31
        7.576456E+00  2.120455E+01  5.239601E+00  0.0000000000  0.000000E+00
        6.161283E+30 -4.002385E+00 -1.995402E+00 -4.455129E-03  0.000000E+00
    44    12302.1990    6.79668449  2.058819E+09  9.173513E+07  6.918067E+31
        7.569611E+00  2.120871E+01  5.242488E+00  0.0000000000  0.000000E+00
        5.846004E+30 -4.002385E+00 -1.995445E+00 -4.454686E-03  0.000000E+00
    45    12107.4071    6.80495466  2.039309E+09  9.834410E+07  6.367782E+31
        7.557114E+00  2.121604E+01  5.247569E+00  0.0000000000  0.000000E+00
        5.299224E+30 -4.002385E+00 -1.985068E+00 -4.561925E-03  0.000000E+00
    46    11922.4401    6.81281114  2.020947E+09  1.049531E+08  5.880140E+31
        7.545116E+00  2.122276E+01  5.252226E+00  0.0000000000  0.000000E+00
        4.810073E+30 -4.002385E+00 -1.985068E+00 -4.561925E-03  0.000000E+00
    47    11745.4390    6.82018475  2.003863E+09  1.115620E+08  5.445409E+31
        7.533445E+00  2.122899E+01  5.256535E+00  0.0000000000  0.000000E+00
        4.367387E+30 -4.002385E+00 -1.985068E+00 -4.561925E-03  0.000000E+00
    48    11554.5494    6.82801912  1.985870E+09  1.191495E+08  5.008771E+31
        7.520618E+00  2.123550E+01  5.261039E+00  0.0000000000  0.000000E+00
        3.916340E+30 -4.002385E+00 -1.985068E+00 -4.561925E-03  0.000000E+00
    49    11357.1074    6.83601509  1.967673E+09  1.275458E+08  4.589803E+31
        7.507070E+00  2.124205E+01  5.265556E+00  0.0000000000  0.000000E+00
        3.479401E+30 -4.002385E+00 -1.985068E+00 -4.561925E-03  0.000000E+00
    50    11157.5247    6.84399218  1.949684E+09  1.366279E+08  4.197759E+31
        7.493103E+00  2.124847E+01  5.269978E+00  0.0000000000  0.000000E+00
        3.069651E+30 -4.002385E+00 -1.985068E+00 -4.561925E-03  0.000000E+00
    51    10956.1394    6.85193540  1.931936E+09  1.464375E+08  3.832067E+31
        7.478734E+00  2.125475E+01  5.274299E+00  0.0000000000  0.000000E+00
        2.688983E+30 -4.002385E+00 -1.985068E+00 -4.561925E-03  0.000000E+00
    52    10753.5786    6.85981478  1.914490E+09  1.569905E+08  3.492493E+31
        7.464008E+00  2.126087E+01  5.278501E+00  0.0000000000  0.000000E+00
        2.339216E+30 -4.002385E+00 -1.985068E+00 -4.561925E-03  0.000000E+00
    53    10594.0496    6.86595293  1.901008E+09  1.658001E+08  3.243645E+31
        7.452197E+00  2.126553E+01  5.281704E+00  0.0000000000  0.000000E+00
        2.086298E+30 -4.002385E+00 -1.985068E+00 -4.561925E-03  0.000000E+00
    54    10464.5449    6.87090447  1.890202E+09  1.733059E+08  3.052918E+31
        7.442459E+00  2.126921E+01  5.284234E+00  0.0000000000  0.000000E+00
        1.895118E+30 -4.002385E+00 -1.985068E+00 -4.561925E-03  0.000000E+00
    55    10355.1600    6.87511021  1.881071E+09  1.799766E+08  2.899047E+31
        7.434044E+00  2.127228E+01  5.286346E+00  0.0000000000  0.000000E+00
        1.741728E+30 -4.002385E+00 -1.985068E+00 -4.561925E-03  0.000000E+00
    56    10249.4302    6.87918673  1.872264E+09  1.866419E+08  2.756452E+31
        7.425857E+00  2.127519E+01  5.288339E+00  0.0000000000  0.000000E+00
        1.602498E+30 -4.002385E+00 -1.985068E+00 -4.561925E-03  0.000000E+00
    57    10156.1237    6.88287443  1.864332E+09  1.927539E+08  2.634970E+31
        7.418527E+00  2.127772E+01  5.290075E+00  0.0000000000  0.000000E+00
        1.485837E+30 -4.002385E+00 -1.985068E+00 -4.561925E-03  0.000000E+00
    58    10053.1794    6.88696218  1.855578E+09  1.997594E+08  2.506050E+31
        7.410333E+00  2.128047E+01  5.291962E+00  0.0000000000  0.000000E+00
        1.363937E+30 -4.002385E+00 -1.985068E+00 -4.561925E-03  0.000000E+00
    59     9932.9381    6.89180379  1.845264E+09  2.083233E+08  2.361812E+31
        7.400602E+00  2.128364E+01  5.294134E+00  0.0000000000  0.000000E+00
        1.230199E+30 -4.002385E+00 -1.985068E+00 -4.561925E-03  0.000000E+00
    60     9820.1764    6.89649656  1.835321E+09  2.168938E+08  2.232127E+31
        7.391136E+00  2.128662E+01  5.296178E+00  0.0000000000  0.000000E+00
        1.110956E+30 -4.002385E+00 -1.985068E+00 -4.561925E-03  0.000000E+00
    61     9701.2723    6.90151971  1.824738E+09  2.262348E+08  2.101519E+31
        7.381111E+00  2.128967E+01  5.298265E+00  0.0000000000  0.000000E+00
        9.955475E+29 -4.002385E+00 -1.985068E+00 -4.561925E-03  0.000000E+00
    62     9584.4292    6.90651273  1.814279E+09  2.360020E+08  1.979204E+31
        7.370926E+00  2.129264E+01  5.300301E+00  0.0000000000  0.000000E+00
        8.889641E+29 -4.002385E+00 -1.985068E+00 -4.561925E-03  0.000000E+00
    63     9448.9156    6.91235104  1.802125E+09  2.477701E+08  1.844655E+31
        7.359049E+00  2.129595E+01  5.302574E+00  0.0000000000  0.000000E+00
        7.772050E+29 -4.002385E+00 -1.985068E+00 -4.561925E-03  0.000000E+00
    64     9322.2956    6.91792323  1.790601E+09  2.595037E+08  1.725466E+31
        7.347586E+00  2.129902E+01  5.304674E+00  0.0000000000  0.000000E+00
        6.810334E+29 -4.002385E+00 -1.985068E+00 -4.561925E-03  0.000000E+00
    65     9209.0334    6.92288233  1.780407E+09  2.705437E+08  1.624472E+31
        7.337117E+00  2.130171E+01  5.306520E+00  0.0000000000  0.000000E+00
        6.023833E+29 -4.002385E+00 -1.985068E+00 -4.561925E-03  0.000000E+00
    66     9077.2195    6.92854764  1.768832E+09  2.839135E+08  1.513568E+31
        7.324843E+00  2.130476E+01  5.308604E+00  0.0000000000  0.000000E+00
        5.203302E+29 -4.002385E+00 -1.985068E+00 -4.561925E-03  0.000000E+00
    67     8921.8478    6.93518704  1.755363E+09  3.007329E+08  1.391139E+31
        7.309972E+00  2.130829E+01  5.311024E+00  0.0000000000  0.000000E+00
        4.341404E+29 -4.002385E+00 -1.985068E+00 -4.561925E-03  0.000000E+00
    68     8831.1251    6.93904643  1.747581E+09  3.110008E+08  1.323598E+31
        7.301126E+00  2.131031E+01  5.312409E+00  0.0000000000  0.000000E+00
        3.890613E+29 -4.002385E+00 -1.985068E+00 -4.561925E-03  0.000000E+00
    69     8659.1876    6.94621282  1.733221E+09  3.315368E+08  1.203467E+31
        7.284088E+00  2.131403E+01  5.314960E+00  0.0000000000  0.000000E+00
        3.137209E+29 -4.002385E+00 -1.985068E+00 -4.561925E-03  0.000000E+00
    70     8489.0575    6.95323838  1.719259E+09  3.532666E+08  1.093800E+31
        7.266805E+00  2.131758E+01  5.317391E+00  0.0000000000  0.000000E+00
        2.507931E+29 -4.002385E+00 -1.985068E+00 -4.561925E-03  0.000000E+00
    71     8310.5594    6.96035896  1.705222E+09  3.775635E+08  9.883262E+30
        7.248310E+00  2.132114E+01  5.319834E+00  0.0000000000  0.000000E+00
        1.961291E+29 -4.002385E+00 -1.985068E+00 -4.561925E-03  0.000000E+00
    72     8124.9738    6.96747092  1.691317E+09  4.045991E+08  8.882909E+30
        7.228643E+00  2.132467E+01  5.322260E+00  0.0000000000  0.000000E+00
        1.499228E+29 -4.002385E+00 -1.985068E+00 -4.561925E-03  0.000000E+00
    73     7936.9406    6.97442857  1.677823E+09  4.338864E+08  7.960167E+30
        7.208292E+00  2.132805E+01  5.324583E+00  0.0000000000  0.000000E+00
        1.126549E+29 -4.002385E+00 -1.985068E+00 -4.561925E-03  0.000000E+00
    74     7748.0304    6.98114156  1.664906E+09  4.652800E+08  7.118065E+30
        7.187491E+00  2.133124E+01  5.326781E+00  0.0000000000  0.000000E+00
        8.341672E+28 -4.002385E+00 -1.985068E+00 -4.561925E-03  0.000000E+00
    75     7558.7416    6.98773271  1.652320E+09  4.989497E+08  6.350436E+30
        7.166260E+00  2.133429E+01  5.328884E+00  0.0000000000  0.000000E+00
        6.084876E+28 -4.002385E+00 -1.985068E+00 -4.561925E-03  0.000000E+00
    76     7370.1301    6.99419155  1.640078E+09  5.348901E+08  5.655192E+30
        7.144718E+00  2.133723E+01  5.330905E+00  0.0000000000  0.000000E+00
        4.378291E+28 -4.002385E+00 -1.985068E+00 -4.561925E-03  0.000000E+00
    77     7243.5913    6.99848262  1.631996E+09  5.603637E+08  5.224821E+30
        7.130026E+00  2.133915E+01  5.332220E+00  0.0000000000  0.000000E+00
        3.479794E+28 -4.002385E+00 -1.985068E+00 -4.561925E-03  0.000000E+00
    78     7056.6323    7.00476409  1.620236E+09  6.005088E+08  4.638356E+30
        7.107983E+00  2.134186E+01  5.334086E+00  0.0000000000  0.000000E+00
        2.445537E+28 -4.002385E+00 -1.985068E+00 -4.561925E-03  0.000000E+00
    79     6878.9265    7.01066057  1.609274E+09  6.415519E+08  4.132000E+30
        7.086604E+00  2.134431E+01  5.335771E+00  0.0000000000  0.000000E+00
        1.720821E+28 -4.002385E+00 -1.985068E+00 -4.561925E-03  0.000000E+00
    80     6725.2447    7.01568974  1.599984E+09  6.795351E+08  3.731478E+30
        7.067741E+00  2.134632E+01  5.337153E+00  0.0000000000  0.000000E+00
        1.252404E+28 -4.002385E+00 -1.985068E+00 -4.561925E-03  0.000000E+00
    81     6582.2972    7.02032749  1.591463E+09  7.172351E+08  3.387823E+30
        7.049839E+00  2.134808E+01  5.338369E+00  0.0000000000  0.000000E+00
        9.204403E+27 -4.002385E+00 -1.985068E+00 -4.561925E-03  0.000000E+00
    82     6427.4694    7.02533193  1.582320E+09  7.610599E+08  3.044853E+30
        7.030032E+00  2.134989E+01  5.339615E+00  0.0000000000  0.000000E+00
        6.498408E+27 -4.002385E+00 -1.985068E+00 -4.561925E-03  0.000000E+00
    83     6283.5190    7.03006614  1.573720E+09  8.048974E+08  2.750957E+30
        7.011192E+00  2.135150E+01  5.340731E+00  0.0000000000  0.000000E+00
        4.633216E+27 -4.002385E+00 -1.985068E+00 -4.561925E-03  0.000000E+00
    84     6150.6958    7.03462553  1.565480E+09  8.483092E+08  2.499250E+30
        6.993413E+00  2.135296E+01  5.341741E+00  0.0000000000  0.000000E+00
        3.345822E+27 -4.002385E+00 -1.985068E+00 -4.561925E-03  0.000000E+00
    85     6029.9403    7.03909530  1.557445E+09  8.905910E+08  2.285046E+30
        6.976866E+00  2.135428E+01  5.342655E+00  0.0000000000  0.000000E+00
        2.458135E+27 -4.002385E+00 -1.985068E+00 -4.561925E-03  0.000000E+00
    86     5921.4573    7.04364425  1.549310E+09  9.313309E+08  2.102850E+30
        6.961585E+00  2.135546E+01  5.343474E+00  0.0000000000  0.000000E+00
        1.841046E+27 -4.002385E+00 -1.985068E+00 -4.561925E-03  0.000000E+00
    87     5822.7632    7.04858670  1.540519E+09  9.713183E+08  1.943874E+30
        6.947180E+00  2.135653E+01  5.344220E+00  0.0000000000  0.000000E+00
        1.396664E+27 -4.002385E+00 -1.985068E+00 -4.561925E-03  0.000000E+00
    88     5730.2750    7.05384162  1.531227E+09  1.011499E+09  1.801352E+30
        6.933263E+00  2.135753E+01  5.344916E+00  0.0000000000  0.000000E+00
        1.066056E+27 -4.002385E+00 -1.985068E+00 -4.561925E-03  0.000000E+00
    89     5641.6138    7.05918510  1.521836E+09  1.052433E+09  1.671732E+30
        6.919622E+00  2.135847E+01  5.345574E+00  0.0000000000  0.000000E+00
        8.155890E+26 -4.002385E+00 -1.985068E+00 -4.561925E-03  0.000000E+00
    90     5554.3284    7.06506986  1.511560E+09  1.095837E+09  1.549511E+30
        6.905714E+00  2.135939E+01  5.346216E+00  0.0000000000  0.000000E+00
        6.189843E+26 -4.002385E+00 -1.985068E+00 -4.561925E-03  0.000000E+00
    91     5464.1631    7.07159513  1.500247E+09  1.144216E+09  1.429676E+30
        6.890842E+00  2.136033E+01  5.346870E+00  0.0000000000  0.000000E+00
        4.594405E+26 -4.002385E+00 -1.985068E+00 -4.561925E-03  0.000000E+00
    92     5369.4849    7.07828534  1.488736E+09  1.198935E+09  1.312754E+30
        6.874768E+00  2.136129E+01  5.347544E+00  0.0000000000  0.000000E+00
        3.317045E+26 -4.002385E+00 -1.985068E+00 -4.561925E-03  0.000000E+00
    93     5345.5626    7.08022720  1.485412E+09  1.213994E+09  1.283763E+30
        6.870435E+00  2.136155E+01  5.347720E+00  0.0000000000  0.000000E+00
        3.036512E+26 -4.010274E+00 -1.984993E+00 -4.561925E-03  0.000000E+00
    94     5323.5498    7.08197537  1.482425E+09  1.228213E+09  1.257674E+30
        6.866392E+00  2.136178E+01  5.347883E+00  0.0000000000  0.000000E+00
        2.795473E+26 -4.015925E+00 -1.984940E+00 -4.561925E-03  0.000000E+00
    95     5302.1663    7.08355832  1.479726E+09  1.242466E+09  1.233086E+30
        6.862385E+00  2.136201E+01  5.348043E+00  0.0000000000  0.000000E+00
        2.574788E+26 -4.017060E+00 -1.984929E+00 -4.561925E-03  0.000000E+00
    96     5274.4141    7.08560816  1.476238E+09  1.262173E+09  1.201786E+30
        6.856925E+00  2.136232E+01  5.348258E+00  0.0000000000  0.000000E+00
        2.299837E+26 -4.016017E+00 -1.984939E+00 -4.561925E-03  0.000000E+00
    97     5250.7104    7.08735189  1.473277E+09  1.279977E+09  1.175597E+30
        6.852059E+00  2.136259E+01  5.348448E+00  0.0000000000  0.000000E+00
        2.079155E+26 -4.013634E+00 -1.984961E+00 -4.561925E-03  0.000000E+00
    98     5206.8541    7.09066424  1.467670E+09  1.315584E+09  1.128173E+30
        6.842537E+00  2.136312E+01  5.348814E+00  0.0000000000  0.000000E+00
        1.703507E+26 -4.011949E+00 -1.984977E+00 -4.561925E-03  0.000000E+00
    99     5130.1582    7.09637230  1.458056E+09  1.386798E+09  1.049274E+30
        6.824151E+00  2.136411E+01  5.349501E+00  0.0000000000  0.000000E+00
        1.150470E+26 -4.011841E+00 -1.984978E+00 -4.561925E-03  0.000000E+00
   100     5007.8279    7.10537612  1.443020E+09  1.529226E+09  9.331677E+29
        6.788979E+00  2.136590E+01  5.350733E+00  0.0000000000  0.000000E+00
        5.283959E+25 -4.011840E+00 -1.984978E+00 -4.561925E-03  0.000000E+00
   101     4846.0237    7.11620321  1.425144E+09  1.755993E+09  7.981365E+29
        6.734736E+00  2.136832E+01  5.352404E+00  0.0000000000  0.000000E+00
        1.507589E+25 -4.011840E+00 -1.984978E+00 -4.561925E-03  0.000000E+00
   102     4629.2195    7.12675204  1.407941E+09  2.069068E+09  6.486603E+29
        6.661579E+00  2.137098E+01  5.354249E+00  0.0000000000  0.000000E+00
        2.687155E+24 -4.011840E+00 -1.984978E+00 -4.561925E-03  0.000000E+00
   103     4488.7245    7.13136505  1.400483E+09  2.259740E+09  5.673682E+29
        6.617949E+00  2.137242E+01  5.355238E+00  0.0000000000  0.000000E+00
        1.001420E+24 -4.011840E+00 -1.984978E+00 -4.561925E-03  0.000000E+00
   104     4366.9490    7.13411408  1.396058E+09  2.410284E+09  5.050526E+29
        6.584303E+00  2.137341E+01  5.355922E+00  0.0000000000  0.000000E+00
        4.943399E+23 -4.011840E+00 -1.984978E+00 -4.561925E-03  0.000000E+00
   105     4252.2175    7.13625483  1.392621E+09  2.557068E+09  4.517990E+29
        6.552445E+00  2.137424E+01  5.356508E+00  0.0000000000  0.000000E+00
        2.665717E+23 -4.011840E+00 -1.984978E+00 -4.561925E-03  0.000000E+00
   106     4130.5347    7.13835814  1.389253E+09  2.730696E+09  4.003181E+29
        6.516108E+00  2.137513E+01  5.357132E+00  0.0000000000  0.000000E+00
        1.389625E+23 -4.011840E+00 -1.984978E+00 -4.561925E-03  0.000000E+00
   107     4026.2050    7.13989146  1.386803E+09  2.877967E+09  3.601060E+29
        6.486283E+00  2.137582E+01  5.357613E+00  0.0000000000  0.000000E+00
        8.468149E+22 -4.011840E+00 -1.984978E+00 -4.561925E-03  0.000000E+00
   108     3926.0882    7.14105724  1.384943E+09  3.009796E+09  3.247291E+29
        6.460422E+00  2.137638E+01  5.357999E+00  0.0000000000  0.000000E+00
        5.650465E+22 -4.011840E+00 -1.984978E+00 -4.561925E-03  0.000000E+00
   109     3828.5475    7.14200250  1.383436E+09  3.138578E+09  2.930029E+29
        6.436037E+00  2.137686E+01  5.358332E+00  0.0000000000  0.000000E+00
        3.922416E+22 -4.011840E+00 -1.984978E+00 -4.561925E-03  0.000000E+00
   110     3729.9397    7.14283482  1.382111E+09  3.275734E+09  2.634576E+29
        6.411112E+00  2.137730E+01  5.358638E+00  0.0000000000  0.000000E+00
        2.725202E+22 -4.011840E+00 -1.984978E+00 -4.561925E-03  0.000000E+00
   111     3627.0389    7.14362176  1.380860E+09  3.429477E+09  2.351394E+29
        6.384494E+00  2.137772E+01  5.358935E+00  0.0000000000  0.000000E+00
        1.859788E+22 -4.011840E+00 -1.984978E+00 -4.561925E-03  0.000000E+00
   112     3521.5804    7.14437047  1.379670E+09  3.599426E+09  2.086019E+29
        6.356623E+00  2.137813E+01  5.359232E+00  0.0000000000  0.000000E+00
        1.252158E+22 -4.011840E+00 -1.984978E+00 -4.561925E-03  0.000000E+00
   113     3416.9750    7.14507144  1.378557E+09  3.781513E+09  1.846010E+29
        6.328417E+00  2.137856E+01  5.359530E+00  0.0000000000  0.000000E+00
        8.414909E+21 -4.011840E+00 -1.984978E+00 -4.561925E-03  0.000000E+00
   114     3313.3217    7.14571224  1.377540E+09  3.975728E+09  1.629598E+29
        6.300058E+00  2.137897E+01  5.359814E+00  0.0000000000  0.000000E+00
        5.653496E+21 -4.011840E+00 -1.984978E+00 -4.561925E-03  0.000000E+00
   115     3211.5611    7.14627585  1.376647E+09  4.180785E+09  1.436571E+29
        6.271869E+00  2.137934E+01  5.360074E+00  0.0000000000  0.000000E+00
        3.812639E+21 -4.011840E+00 -1.984978E+00 -4.561925E-03  0.000000E+00
   116     3112.0633    7.14676956  1.375864E+09  4.397232E+09  1.265209E+29
        6.243895E+00  2.137969E+01  5.360319E+00  0.0000000000  0.000000E+00
        2.582103E+21 -4.011840E+00 -1.984978E+00 -4.561925E-03  0.000000E+00
   117     3014.6212    7.14721834  1.375154E+09  4.627530E+09  1.112887E+29
        6.215978E+00  2.138003E+01  5.360562E+00  0.0000000000  0.000000E+00
        1.751882E+21 -4.011840E+00 -1.984978E+00 -4.561925E-03  0.000000E+00
   118     2919.5617    7.14763111  1.374500E+09  4.872947E+09  9.780877E+28
        6.188120E+00  2.138034E+01  5.360790E+00  0.0000000000  0.000000E+00
        1.190563E+21 -4.011840E+00 -1.984978E+00 -4.561925E-03  0.000000E+00
   119     2827.1862    7.14800182  1.373914E+09  5.134180E+09  8.593183E+28
        6.160378E+00  2.138062E+01  5.360983E+00  0.0000000000  0.000000E+00
        8.110006E+20 -4.011840E+00 -1.984978E+00 -4.561925E-03  0.000000E+00
   120     2737.8248    7.14833376  1.373389E+09  5.411736E+09  7.551393E+28
        6.132837E+00  2.138086E+01  5.361150E+00  0.0000000000  0.000000E+00
        5.542779E+20 -4.011840E+00 -1.984978E+00 -4.561925E-03  0.000000E+00
   121     2651.4599    7.14864136  1.372903E+09  5.707086E+09  6.637999E+28
        6.105466E+00  2.138109E+01  5.361312E+00  0.0000000000  0.000000E+00
        3.799087E+20 -4.011840E+00 -1.984978E+00 -4.561925E-03  0.000000E+00
   122     2568.0802    7.14893296  1.372442E+09  6.022047E+09  5.837671E+28
        6.085021E+00  2.138134E+01  5.361578E+00  0.0022736894 -9.885750E-04
        2.625691E+20 -4.011840E+00 -1.984978E+00 -4.561925E-03  0.000000E+00
   123     2500.4342    7.14916255  1.372079E+09  6.313648E+09  5.243695E+28
        6.072564E+00  2.138157E+01  5.361730E+00  0.0283699297 -1.249905E-02
        2.043040E+20 -4.011840E+00 -1.984978E+00 -4.561925E-03  0.000000E+00
   124     2446.5506    7.14934705  1.371788E+09  6.602182E+09  4.804055E+28
        6.057353E+00  2.138179E+01  5.361873E+00  0.0785223583 -3.551520E-02
        1.711540E+20 -4.011840E+00 -1.984978E+00 -4.561925E-03  0.000000E+00
   125     2404.7191    7.14949880  1.371548E+09  6.900595E+09  4.482258E+28
        6.040843E+00  2.138198E+01  5.362005E+00  0.1427584977 -6.689681E-02
        1.465218E+20 -4.011840E+00 -1.984978E+00 -4.561925E-03  0.000000E+00
   126     2363.8243    7.14965365  1.371303E+09  7.289553E+09  4.183554E+28
        6.020132E+00  2.138218E+01  5.362138E+00  0.2293871067 -1.131637E-01
        1.197155E+20 -4.011840E+00 -1.984978E+00 -4.561925E-03  0.000000E+00
   127     2318.6502    7.14981448  1.371050E+09  7.786844E+09  3.871370E+28
        5.995218E+00  2.138234E+01  5.362246E+00  0.3332557698 -1.760407E-01
        9.110128E+19 -4.011840E+00 -1.984978E+00 -4.561925E-03  0.000000E+00
   128     2263.1797    7.15000833  1.370744E+09  8.407565E+09  3.512417E+28
        5.965745E+00  2.138251E+01  5.362354E+00  0.4489823066 -2.588345E-01
        6.354149E+19 -4.011840E+00 -1.984978E+00 -4.561925E-03  0.000000E+00
   129     2194.8215    7.15025068  1.370361E+09  9.167899E+09  3.105163E+28
        5.930696E+00  2.138273E+01  5.362501E+00  0.5711872618 -3.677323E-01
        3.997971E+19 -4.011840E+00 -1.984978E+00 -4.561925E-03  0.000000E+00
   130     2114.7724    7.15052578  1.369927E+09  1.006214E+10  2.674651E+28
        5.889861E+00  2.138300E+01  5.362686E+00  0.6889258991 -5.071361E-01
        2.255722E+19 -4.011840E+00 -1.984978E+00 -4.561925E-03  0.000000E+00
   131     2028.9261    7.15082134  1.369461E+09  1.104526E+10  2.264550E+28
        5.844764E+00  2.138330E+01  5.362888E+00  0.7891513693 -6.760292E-01
        1.166305E+19 -4.011840E+00 -1.984978E+00 -4.561925E-03  0.000000E+00
   132     1940.5118    7.15111285  1.369002E+09  1.210092E+10  1.893610E+28
        5.795859E+00  2.138359E+01  5.363083E+00  0.8672174762 -8.768591E-01
        5.571391E+18 -4.011814E+00 -1.984978E+00 -4.561925E-03  0.000000E+00
   133     1851.8978    7.15136473  1.368605E+09  1.323615E+10  1.569790E+28
        5.742521E+00  2.138372E+01  5.363189E+00  0.9238017167 -1.118055E+00
        2.440580E+18 -4.011794E+00 -1.984979E+00 -4.561925E-03  0.000000E+00
   134     1764.2233    7.15159218  1.368246E+09  1.450753E+10  1.292291E+28
        5.681501E+00  2.138382E+01  5.363261E+00  0.9627320690 -1.428665E+00
        9.291585E+17 -4.010314E+00 -1.984993E+00 -4.561925E-03  0.000000E+00
   135     1682.8188    7.15184569  1.367847E+09  1.583444E+10  1.069158E+28
        5.614961E+00  2.138400E+01  5.363367E+00  0.9830336368 -1.770411E+00
        3.198193E+17 -4.009177E+00 -1.983879E+00 -4.573704E-03  0.000000E+00
   136     1583.0098    7.15208562  1.367469E+09  1.696721E+10  8.367332E+27
        5.558674E+00  2.138421E+01  5.363525E+00  0.9855298591 -1.839527E+00
        1.310422E+17 -4.008833E+00 -1.983130E+00 -4.581600E-03  0.000000E+00
   137     1492.1457    7.15226809  1.367182E+09  1.808795E+10  6.602601E+27
        5.506325E+00  2.138437E+01  5.363632E+00  0.9868443242 -1.880887E+00
        5.733461E+16 -4.005572E+00 -1.982309E+00 -4.590550E-03  0.000000E+00
   138     1405.7350    7.15244628  1.366902E+09  1.925536E+10  5.198833E+27
        5.455311E+00  2.138446E+01  5.363682E+00  0.9872593822 -1.894810E+00
        2.558875E+16 -4.005843E+00 -1.977701E+00 -4.639299E-03  0.000000E+00
   139     1331.7091    7.15256914  1.366708E+09  2.039442E+10  4.186070E+27
        5.408538E+00  2.138447E+01  5.363689E+00  0.9876925282 -1.909831E+00
        1.219266E+16 -4.005843E+00 -1.975073E+00 -4.667344E-03  0.000000E+00
   140     1238.5039    7.15273192  1.366452E+09  2.201179E+10  3.130371E+27
        5.346348E+00  2.138448E+01  5.363693E+00  0.9883636174 -1.934182E+00
        4.532296E+15 -4.005843E+00 -1.974504E+00 -4.673438E-03  0.000000E+00
   141     1164.8442    7.15285658  1.366256E+09  2.339268E+10  2.448798E+27
        5.296064E+00  2.138448E+01  5.363695E+00  0.9888338850 -1.952098E+00
        2.030222E+15 -4.005843E+00 -1.974066E+00 -4.678130E-03  0.000000E+00
   142     1118.2510    7.15293635  1.366131E+09  2.467925E+10  2.079501E+27
        5.249780E+00  2.138448E+01  5.363696E+00  0.9892672716 -1.969290E+00
        9.622338E+14 -4.005843E+00 -1.973608E+00 -4.683046E-03  0.000000E+00
   143     1064.5810    7.15304340  1.365962E+09  2.587025E+10  1.707693E+27
        5.206770E+00  2.138450E+01  5.363708E+00  0.9896228384 -1.983921E+00
        4.820742E+14 -4.005843E+00 -1.973228E+00 -4.687134E-03  0.000000E+00
   144      970.4781    7.15325534  1.365629E+09  2.813945E+10  1.178761E+27
        5.127599E+00  2.138456E+01  5.363744E+00  0.9901797835 -2.007879E+00
        1.342775E+14 -4.005843E+00 -1.972541E+00 -4.694526E-03  0.000000E+00
   145      858.7181    7.15343208  1.365351E+09  3.119145E+10  7.222851E+26
        5.022990E+00  2.138456E+01  5.363743E+00  0.9908134318 -2.036847E+00
        2.453616E+13 -4.005843E+00 -1.972496E+00 -4.695010E-03  0.000000E+00
   146      769.7697    7.15357192  1.365131E+09  3.393338E+10  4.662400E+26
        4.927150E+00  2.138456E+01  5.363745E+00  0.9913913455 -2.065065E+00
        5.116347E+12 -4.005843E+00 -1.972639E+00 -4.693471E-03  0.000000E+00
   147      711.9267    7.15364063  1.365023E+09  3.582086E+10  3.410663E+26
        4.859180E+00  2.138456E+01  5.363747E+00  0.9918037730 -2.086386E+00
        1.675105E+12 -4.005843E+00 -1.972841E+00 -4.691301E-03  0.000000E+00
   148      663.0411    7.15395044  1.364537E+09  3.749622E+10  2.564187E+26
        4.796482E+00  2.138458E+01  5.363755E+00  0.9921771627 -2.106636E+00
        5.965436E+11 -4.005843E+00 -1.973105E+00 -4.688455E-03  0.000000E+00
   149      626.8084    7.15421904  1.364115E+09  3.877459E+10  2.046720E+26
        4.746719E+00  2.138459E+01  5.363761E+00  0.9924584592 -2.122540E+00
        2.626622E+11 -4.005843E+00 -1.973340E+00 -4.685936E-03  0.000000E+00
