============================================================================
   #Mod      Teff         Log(g)        Rayon        Age           Lum
           Log(Tc)       Log(Pc)      Log(rhoc)     M_x/M        Log(q_x)
            Lum_nu       Log(H/*)     Log(He/*)    Log(C/*)      Log(O/*)
============================================================================
     0    34051.9451    6.27130269  4.616945E+09  0.000000E+00  2.042182E+34
        8.081785E+00  2.093724E+01  4.984868E+00  0.0000000000  0.000000E+00
        2.376579E+32 -4.013141E+00 -2.004452E+00 -4.362656E-03  0.000000E+00
     1    33912.9608    6.34555214  4.238674E+09  4.000000E+05  1.693325E+34
        8.088307E+00  2.101308E+01  5.039026E+00  0.0000000000  0.000000E+00
        3.088730E+32 -4.013141E+00 -2.004541E+00 -4.361759E-03  0.000000E+00
     2    33888.4897    6.40368535  3.964271E+09  8.000000E+05  1.476907E+34
        8.091895E+00  2.107783E+01  5.085426E+00  0.0000000000  0.000000E+00
        4.056388E+32 -4.013141E+00 -2.004674E+00 -4.360432E-03  0.000000E+00
     3    33833.8547    6.45301835  3.745388E+09  1.200000E+06  1.309836E+34
        8.093386E+00  2.113405E+01  5.125836E+00  0.0000000000  0.000000E+00
        4.926435E+32 -4.013141E+00 -2.004777E+00 -4.359409E-03  0.000000E+00
     4    33736.5740    6.49611463  3.564090E+09  1.600000E+06  1.172516E+34
        8.093310E+00  2.118345E+01  5.161429E+00  0.0000000000  0.000000E+00
        5.621349E+32 -4.013141E+00 -2.004850E+00 -4.358681E-03  0.000000E+00
     5    33601.2454    6.53438626  3.410460E+09  2.000000E+06  1.056488E+34
        8.092040E+00  2.122730E+01  5.193086E+00  0.0000000000  0.000000E+00
        6.233483E+32 -4.013141E+00 -2.004896E+00 -4.358215E-03  0.000000E+00
     6    33434.2710    6.56874818  3.278174E+09  2.400000E+06  9.568608E+33
        8.089834E+00  2.126653E+01  5.221463E+00  0.0000000000  0.000000E+00
        6.719051E+32 -4.013141E+00 -2.004923E+00 -4.357951E-03  0.000000E+00
     7    33242.1784    6.59985794  3.162839E+09  2.800000E+06  8.704212E+33
        8.086884E+00  2.130187E+01  5.247071E+00  0.0000000000  0.000000E+00
        7.096301E+32 -4.013141E+00 -2.004934E+00 -4.357837E-03  0.000000E+00
     8    33030.7058    6.62820592  3.061280E+09  3.200000E+06  7.948680E+33
        8.083316E+00  2.133391E+01  5.270298E+00  0.0000000000  0.000000E+00
        7.407364E+32 -4.013141E+00 -2.004932E+00 -4.357860E-03  0.000000E+00
     9    32911.4728    6.64174835  3.013921E+09  3.400000E+06  7.593997E+33
        8.081330E+00  2.134910E+01  5.281301E+00  0.0000000000  0.000000E+00
        7.532295E+32 -4.013141E+00 -2.005644E+00 -4.350747E-03  0.000000E+00
    10    32799.2308    6.65348266  2.973478E+09  3.580880E+06  7.291241E+33
        8.079423E+00  2.136225E+01  5.290816E+00  0.0000000000  0.000000E+00
        7.635394E+32 -4.013141E+00 -2.007751E+00 -4.329799E-03  0.000000E+00
    11    32647.2038    6.66905437  2.920646E+09  3.833956E+06  6.904927E+33
        8.076602E+00  2.137972E+01  5.303456E+00  0.0000000000  0.000000E+00
        7.770505E+32 -4.013141E+00 -2.009677E+00 -4.310724E-03  0.000000E+00
    12    32497.1149    6.68324479  2.873318E+09  4.076406E+06  6.560908E+33
        8.073749E+00  2.139557E+01  5.314918E+00  0.0000000000  0.000000E+00
        7.866360E+32 -4.013141E+00 -2.011428E+00 -4.293468E-03  0.000000E+00
    13    32335.7960    6.69710565  2.827829E+09  4.328309E+06  6.229570E+33
        8.070646E+00  2.141117E+01  5.326201E+00  0.0000000000  0.000000E+00
        7.947901E+32 -4.013141E+00 -2.009014E+00 -4.317283E-03  0.000000E+00
    14    32169.9146    6.71078424  2.783645E+09  4.591813E+06  5.913504E+33
        8.067281E+00  2.142653E+01  5.337312E+00  0.0000000000  0.000000E+00
        8.014437E+32 -4.013141E+00 -2.005728E+00 -4.349915E-03  0.000000E+00
    15    32003.7170    6.72394538  2.741785E+09  4.855317E+06  5.619346E+33
        8.063808E+00  2.144112E+01  5.347857E+00  0.0000000000  0.000000E+00
        8.065685E+32 -4.013141E+00 -2.006583E+00 -4.341403E-03  0.000000E+00
    16    31840.9210    6.73652317  2.702368E+09  5.118821E+06  5.348707E+33
        8.060227E+00  2.145507E+01  5.357942E+00  0.0000000000  0.000000E+00
        8.111900E+32 -4.013141E+00 -2.006583E+00 -4.341403E-03  0.000000E+00
    17    31691.2128    6.74755544  2.668261E+09  5.360815E+06  5.117166E+33
        8.056862E+00  2.146730E+01  5.366776E+00  0.0000000000  0.000000E+00
        8.125799E+32 -4.013141E+00 -2.006583E+00 -4.341403E-03  0.000000E+00
    18    31536.2961    6.75859336  2.634568E+09  5.614162E+06  4.891915E+33
        8.053273E+00  2.147954E+01  5.375612E+00  0.0000000000  0.000000E+00
        8.145070E+32 -4.013141E+00 -2.006583E+00 -4.341403E-03  0.000000E+00
    19    31371.3729    6.76989504  2.600510E+09  5.885555E+06  4.667331E+33
        8.049363E+00  2.149204E+01  5.384642E+00  0.0000000000  0.000000E+00
        8.138684E+32 -4.013141E+00 -2.006583E+00 -4.341403E-03  0.000000E+00
    20    31198.3562    6.78125880  2.566709E+09  6.171072E+06  4.447312E+33
        8.045187E+00  2.150458E+01  5.393693E+00  0.0000000000  0.000000E+00
        8.126862E+32 -4.013141E+00 -2.006583E+00 -4.341403E-03  0.000000E+00
    21    31079.9573    6.78869437  2.544830E+09  6.364838E+06  4.305829E+33
        8.042319E+00  2.151277E+01  5.399602E+00  0.0000000000  0.000000E+00
        8.114308E+32 -4.013141E+00 -2.006337E+00 -4.343846E-03  0.000000E+00
    22    30970.4583    6.79520796  2.525818E+09  6.541437E+06  4.182270E+33
        8.039682E+00  2.152000E+01  5.404824E+00  0.0000000000  0.000000E+00
        8.093683E+32 -4.013141E+00 -2.004067E+00 -4.366507E-03  0.000000E+00
    23    30757.1922    6.80777268  2.489543E+09  6.894633E+06  3.952242E+33
        8.034378E+00  2.153382E+01  5.414799E+00  0.0000000000  0.000000E+00
        8.046800E+32 -4.013141E+00 -2.002263E+00 -4.384594E-03  0.000000E+00
    24    30522.9519    6.82085998  2.452314E+09  7.281940E+06  3.719424E+33
        8.028507E+00  2.154812E+01  5.425114E+00  0.0000000000  0.000000E+00
        7.980091E+32 -4.013141E+00 -2.001750E+00 -4.389753E-03  0.000000E+00
    25    30302.8075    6.83281698  2.418787E+09  7.654076E+06  3.515151E+33
        8.022827E+00  2.156109E+01  5.434471E+00  0.0000000000  0.000000E+00
        7.903353E+32 -4.013141E+00 -2.001750E+00 -4.389753E-03  0.000000E+00
    26    30086.3566    6.84398280  2.387892E+09  8.017995E+06  3.329087E+33
        8.017247E+00  2.157309E+01  5.443134E+00  0.0000000000  0.000000E+00
        7.817501E+32 -4.013141E+00 -2.001750E+00 -4.389753E-03  0.000000E+00
    27    29869.2006    6.85473434  2.358516E+09  8.385921E+06  3.154929E+33
        8.011593E+00  2.158460E+01  5.451435E+00  0.0000000000  0.000000E+00
        7.721091E+32 -4.013141E+00 -2.001750E+00 -4.389753E-03  0.000000E+00
    28    29646.9247    6.86538621  2.329769E+09  8.769175E+06  2.987871E+33
        8.005706E+00  2.159597E+01  5.459629E+00  0.0000000000  0.000000E+00
        7.612020E+32 -4.013141E+00 -2.001750E+00 -4.389753E-03  0.000000E+00
    29    29415.9515    6.87608845  2.301239E+09  9.174129E+06  2.825353E+33
        7.999501E+00  2.160734E+01  5.467822E+00  0.0000000000  0.000000E+00
        7.486790E+32 -4.013141E+00 -2.001750E+00 -4.389753E-03  0.000000E+00
    30    29178.0030    6.88673667  2.273200E+09  9.598058E+06  2.668794E+33
        7.993037E+00  2.161861E+01  5.475931E+00  0.0000000000  0.000000E+00
        7.350757E+32 -4.013141E+00 -2.001708E+00 -4.390175E-03  0.000000E+00
    31    28930.7491    6.89736713  2.245549E+09  1.004211E+07  2.517104E+33
        7.986315E+00  2.162975E+01  5.483948E+00  0.0000000000  0.000000E+00
        7.202422E+32 -4.013141E+00 -2.001671E+00 -4.390555E-03  0.000000E+00
    32    28682.4631    6.90766232  2.219090E+09  1.049492E+07  2.374832E+33
        7.979523E+00  2.164049E+01  5.491665E+00  0.0000000000  0.000000E+00
        7.046389E+32 -4.013141E+00 -2.001636E+00 -4.390903E-03  0.000000E+00
    33    28430.8747    6.91779799  2.193345E+09  1.096540E+07  2.239713E+33
        7.972545E+00  2.165103E+01  5.499233E+00  0.0000000000  0.000000E+00
        6.880743E+32 -4.013141E+00 -2.001555E+00 -4.391709E-03  0.000000E+00
    34    28170.3369    6.92792058  2.167932E+09  1.146223E+07  2.109002E+33
        7.965275E+00  2.166152E+01  5.506761E+00  0.0000000000  0.000000E+00
        6.702432E+32 -4.013141E+00 -2.001026E+00 -4.397042E-03  0.000000E+00
    35    27892.3572    6.93850420  2.141677E+09  1.200968E+07  1.978182E+33
        7.957397E+00  2.167240E+01  5.514549E+00  0.0000000000  0.000000E+00
        6.505936E+32 -4.013141E+00 -2.000996E+00 -4.397347E-03  0.000000E+00
    36    27580.3361    6.94990558  2.113748E+09  1.263404E+07  1.842138E+33
        7.948592E+00  2.168400E+01  5.522833E+00  0.0000000000  0.000000E+00
        6.282001E+32 -4.013141E+00 -2.000956E+00 -4.397749E-03  0.000000E+00
    37    27302.4836    6.95973322  2.089967E+09  1.320435E+07  1.729438E+33
        7.940707E+00  2.169392E+01  5.529907E+00  0.0000000000  0.000000E+00
        6.078177E+32 -4.013141E+00 -2.000894E+00 -4.398369E-03  0.000000E+00
    38    26985.3725    6.97054295  2.064118E+09  1.387071E+07  1.609905E+33
        7.931709E+00  2.170474E+01  5.537603E+00  0.0000000000  0.000000E+00
        5.843820E+32 -4.013141E+00 -2.000682E+00 -4.400515E-03  0.000000E+00
    39    26691.1177    6.98035275  2.040937E+09  1.451333E+07  1.506412E+33
        7.923242E+00  2.171447E+01  5.544508E+00  0.0000000000  0.000000E+00
        5.622095E+32 -4.013141E+00 -2.000682E+00 -4.400515E-03  0.000000E+00
    40    26396.4296    6.98989901  2.018629E+09  1.517523E+07  1.409650E+33
        7.914748E+00  2.172384E+01  5.551136E+00  0.0000000000  0.000000E+00
        5.399181E+32 -4.013141E+00 -2.000682E+00 -4.400515E-03  0.000000E+00
    41    26095.5355    6.99936374  1.996752E+09  1.587053E+07  1.317439E+33
        7.906077E+00  2.173303E+01  5.557623E+00  0.0000000000  0.000000E+00
        5.172698E+32 -4.013141E+00 -2.000682E+00 -4.400515E-03  0.000000E+00
    42    25767.1024    7.00939900  1.973815E+09  1.665475E+07  1.223750E+33
        7.896613E+00  2.174266E+01  5.564411E+00  0.0000000000  0.000000E+00
        4.927190E+32 -4.013141E+00 -2.000682E+00 -4.400515E-03  0.000000E+00
    43    25459.5981    7.01855060  1.953128E+09  1.741519E+07  1.142050E+33
        7.887734E+00  2.175136E+01  5.570524E+00  0.0000000000  0.000000E+00
        4.699339E+32 -4.013141E+00 -2.000682E+00 -4.400515E-03  0.000000E+00
    44    25146.9051    7.02762264  1.932835E+09  1.821571E+07  1.064498E+33
        7.878705E+00  2.175989E+01  5.576510E+00  0.0000000000  0.000000E+00
        4.471225E+32 -4.013141E+00 -2.000682E+00 -4.400515E-03  0.000000E+00
    45    24830.3178    7.03658269  1.912999E+09  1.905643E+07  9.912334E+32
        7.869562E+00  2.176823E+01  5.582353E+00  0.0000000000  0.000000E+00
        4.244197E+32 -4.013141E+00 -2.000682E+00 -4.400515E-03  0.000000E+00
    46    24511.4829    7.04539615  1.893686E+09  1.993701E+07  9.223839E+32
        7.860341E+00  2.177635E+01  5.588038E+00  0.0000000000  0.000000E+00
        4.020130E+32 -4.013141E+00 -2.000682E+00 -4.400515E-03  0.000000E+00
    47    24190.4490    7.05406775  1.874874E+09  2.086118E+07  8.577041E+32
        7.851032E+00  2.178426E+01  5.593562E+00  0.0000000000  0.000000E+00
        3.799014E+32 -4.013141E+00 -2.000682E+00 -4.400515E-03  0.000000E+00
    48    23859.6455    7.06279742  1.856125E+09  2.185573E+07  7.955877E+32
        7.841416E+00  2.179212E+01  5.599041E+00  0.0000000000  0.000000E+00
        3.576590E+32 -4.013141E+00 -2.000682E+00 -4.400515E-03  0.000000E+00
    49    23528.6418    7.07134326  1.837953E+09  2.289855E+07  7.376896E+32
        7.831758E+00  2.179972E+01  5.604329E+00  0.0000000000  0.000000E+00
        3.359645E+32 -4.013141E+00 -2.000682E+00 -4.400515E-03  0.000000E+00
    50    23196.8305    7.07974199  1.820267E+09  2.399807E+07  6.836001E+32
        7.822021E+00  2.180712E+01  5.609463E+00  0.0000000000  0.000000E+00
        3.147852E+32 -4.013141E+00 -2.000682E+00 -4.400515E-03  0.000000E+00
    51    22865.6496    7.08799799  1.803047E+09  2.516004E+07  6.332361E+32
        7.812197E+00  2.181432E+01  5.614458E+00  0.0000000000  0.000000E+00
        2.941750E+32 -4.013141E+00 -2.000682E+00 -4.400515E-03  0.000000E+00
    52    22530.5747    7.09623643  1.786026E+09  2.640805E+07  5.857094E+32
        7.802145E+00  2.182145E+01  5.619396E+00  0.0000000000  0.000000E+00
        2.738884E+32 -4.013141E+00 -2.000682E+00 -4.400515E-03  0.000000E+00
    53    22198.5094    7.10437213  1.769375E+09  2.773926E+07  5.416923E+32
        7.791938E+00  2.182846E+01  5.624243E+00  0.0000000000  0.000000E+00
        2.541498E+32 -4.013141E+00 -2.000682E+00 -4.400515E-03  0.000000E+00
    54    21845.1978    7.11281530  1.752259E+09  2.922318E+07  4.982395E+32
        7.781134E+00  2.183564E+01  5.629202E+00  0.0000000000  0.000000E+00
        2.342085E+32 -4.013141E+00 -2.000682E+00 -4.400515E-03  0.000000E+00
    55    21499.2172    7.12089178  1.736042E+09  3.075376E+07  4.588052E+32
        7.770524E+00  2.184242E+01  5.633883E+00  0.0000000000  0.000000E+00
        2.156400E+32 -4.013141E+00 -2.000682E+00 -4.400515E-03  0.000000E+00
    56    21155.4274    7.12874561  1.720415E+09  3.236141E+07  4.224459E+32
        7.759901E+00  2.184892E+01  5.638366E+00  0.0000000000  0.000000E+00
        1.980648E+32 -4.013141E+00 -2.000682E+00 -4.400515E-03  0.000000E+00
    57    20811.8764    7.13643827  1.705245E+09  3.406399E+07  3.887194E+32
        7.749184E+00  2.185519E+01  5.642693E+00  0.0000000000  0.000000E+00
        1.813762E+32 -4.013141E+00 -2.000682E+00 -4.400515E-03  0.000000E+00
    58    20468.2285    7.14399045  1.690483E+09  3.587322E+07  3.574046E+32
        7.738347E+00  2.186128E+01  5.646883E+00  0.0000000000  0.000000E+00
        1.655562E+32 -4.013141E+00 -2.000682E+00 -4.400515E-03  0.000000E+00
    59    20122.9620    7.15142320  1.676079E+09  3.780163E+07  3.282267E+32
        7.727365E+00  2.186719E+01  5.650950E+00  0.0000000000  0.000000E+00
        1.505938E+32 -4.013141E+00 -2.000682E+00 -4.400515E-03  0.000000E+00
    60    19776.3070    7.15879020  1.661923E+09  3.987862E+07  3.010371E+32
        7.716135E+00  2.187298E+01  5.654935E+00  0.0000000000  0.000000E+00
        1.363787E+32 -4.013141E+00 -2.000682E+00 -4.400515E-03  0.000000E+00
    61    19430.6255    7.16600864  1.648169E+09  4.208917E+07  2.759104E+32
        7.704794E+00  2.187858E+01  5.658790E+00  0.0000000000  0.000000E+00
        1.230999E+32 -4.013141E+00 -2.000682E+00 -4.400515E-03  0.000000E+00
    62    19084.2186    7.17308930  1.634788E+09  4.444601E+07  2.526026E+32
        7.693320E+00  2.188399E+01  5.662513E+00  0.0000000000  0.000000E+00
        1.107207E+32 -4.013141E+00 -2.000682E+00 -4.400515E-03  0.000000E+00
    63    18749.1113    7.17985288  1.622107E+09  4.690553E+07  2.316858E+32
        7.681951E+00  2.188908E+01  5.666017E+00  0.0000000000  0.000000E+00
        9.945101E+31 -4.013141E+00 -2.000682E+00 -4.400515E-03  0.000000E+00
    64    18404.9057    7.18668603  1.609396E+09  4.961589E+07  2.117765E+32
        7.670084E+00  2.189414E+01  5.669495E+00  0.0000000000  0.000000E+00
        8.869169E+31 -4.013141E+00 -2.000682E+00 -4.400515E-03  0.000000E+00
    65    18064.9217    7.19333716  1.597120E+09  5.249950E+07  1.935694E+32
        7.658138E+00  2.189899E+01  5.672831E+00  0.0000000000  0.000000E+00
        7.883937E+31 -4.013141E+00 -2.000682E+00 -4.400515E-03  0.000000E+00
    66    17727.1769    7.19984611  1.585196E+09  5.558308E+07  1.768242E+32
        7.646054E+00  2.190367E+01  5.676052E+00  0.0000000000  0.000000E+00
        6.981174E+31 -4.013141E+00 -2.000682E+00 -4.400515E-03  0.000000E+00
    67    17399.3734    7.20611975  1.573788E+09  5.884385E+07  1.617500E+32
        7.633960E+00  2.190816E+01  5.679135E+00  0.0000000000  0.000000E+00
        6.165821E+31 -4.013141E+00 -2.000682E+00 -4.400515E-03  0.000000E+00
    68    17068.3769    7.21238395  1.562479E+09  6.241116E+07  1.476435E+32
        7.621436E+00  2.191259E+01  5.682188E+00  0.0000000000  0.000000E+00
        5.407864E+31 -4.013141E+00 -2.000682E+00 -4.400515E-03  0.000000E+00
    69    16745.3957    7.21845238  1.551600E+09  6.621916E+07  1.348835E+32
        7.608770E+00  2.191685E+01  5.685123E+00  0.0000000000  0.000000E+00
        4.723696E+31 -4.013141E+00 -2.000682E+00 -4.400515E-03  0.000000E+00
    70    16422.2860    7.22447758  1.540874E+09  7.038754E+07  1.230513E+32
        7.595648E+00  2.192104E+01  5.688004E+00  0.0000000000  0.000000E+00
        4.094787E+31 -4.013141E+00 -2.000682E+00 -4.400515E-03  0.000000E+00
    71    16100.2873    7.23042170  1.530366E+09  7.492159E+07  1.121353E+32
        7.582153E+00  2.192511E+01  5.690811E+00  0.0000000000  0.000000E+00
        3.525102E+31 -4.013141E+00 -2.000682E+00 -4.400515E-03  0.000000E+00
    72    15783.1965    7.23624380  1.520142E+09  7.983507E+07  1.021799E+32
        7.568337E+00  2.192906E+01  5.693535E+00  0.0000000000  0.000000E+00
        3.014692E+31 -4.013141E+00 -2.000682E+00 -4.400515E-03  0.000000E+00
    73    15467.1935    7.24201746  1.510071E+09  8.524095E+07  9.299468E+31
        7.553983E+00  2.193295E+01  5.696215E+00  0.0000000000  0.000000E+00
        2.554257E+31 -4.013141E+00 -2.000682E+00 -4.400515E-03  0.000000E+00
    74    15151.6062    7.24770501  1.500215E+09  9.119785E+07  8.451994E+31
        7.539050E+00  2.193675E+01  5.698843E+00  0.0000000000  0.000000E+00
        2.142082E+31 -4.013141E+00 -1.998069E+00 -4.426944E-03  0.000000E+00
    75    14837.8119    7.25330189  1.490579E+09  9.766181E+07  7.673740E+31
        7.523743E+00  2.194039E+01  5.701362E+00  0.0000000000  0.000000E+00
        1.781838E+31 -4.013141E+00 -1.998069E+00 -4.426944E-03  0.000000E+00
    76    14526.0045    7.25880894  1.481159E+09  1.047515E+08  6.959936E+31
        7.507900E+00  2.194392E+01  5.703803E+00  0.0000000000  0.000000E+00
        1.466705E+31 -4.013141E+00 -1.998069E+00 -4.426944E-03  0.000000E+00
    77    14205.1057    7.26437694  1.471694E+09  1.127309E+08  6.283917E+31
        7.491102E+00  2.194743E+01  5.706235E+00  0.0000000000  0.000000E+00
        1.187847E+31 -4.013141E+00 -1.998069E+00 -4.426944E-03  0.000000E+00
    78    13891.9596    7.26975189  1.462615E+09  1.213411E+08  5.677167E+31
        7.474018E+00  2.195080E+01  5.708569E+00  0.0000000000  0.000000E+00
        9.539791E+30 -4.013141E+00 -1.998069E+00 -4.426944E-03  0.000000E+00
    79    13567.4667    7.27518145  1.453501E+09  1.310228E+08  5.100857E+31
        7.455915E+00  2.195417E+01  5.710902E+00  0.0000000000  0.000000E+00
        7.522522E+30 -4.013141E+00 -1.998069E+00 -4.426944E-03  0.000000E+00
    80    13251.7267    7.28034016  1.444894E+09  1.413250E+08  4.587533E+31
        7.437739E+00  2.195733E+01  5.713084E+00  0.0000000000  0.000000E+00
        5.893969E+30 -4.013141E+00 -1.998069E+00 -4.426944E-03  0.000000E+00
    81    12936.3270    7.28538799  1.436521E+09  1.526402E+08  4.117992E+31
        7.418916E+00  2.196038E+01  5.715194E+00  0.0000000000  0.000000E+00
        4.550969E+30 -4.013141E+00 -1.998069E+00 -4.426944E-03  0.000000E+00
    82    12619.2328    7.29031837  1.428390E+09  1.650256E+08  3.686744E+31
        7.399496E+00  2.196333E+01  5.717232E+00  0.0000000000  0.000000E+00
        3.462908E+30 -4.013141E+00 -1.998069E+00 -4.426944E-03  0.000000E+00
    83    12298.5163    7.29515666  1.420456E+09  1.786851E+08  3.289150E+31
        7.379316E+00  2.196619E+01  5.719221E+00  0.0000000000  0.000000E+00
        2.588962E+30 -4.013141E+00 -1.998069E+00 -4.426944E-03  0.000000E+00
    84    11970.0594    7.29997380  1.412600E+09  1.939843E+08  2.919046E+31
        7.358066E+00  2.196901E+01  5.721188E+00  0.0000000000  0.000000E+00
        1.891312E+30 -4.013141E+00 -1.998069E+00 -4.426944E-03  0.000000E+00
    85    11666.9127    7.30432130  1.405547E+09  2.093799E+08  2.608147E+31
        7.337931E+00  2.197150E+01  5.722943E+00  0.0000000000  0.000000E+00
        1.394043E+30 -4.013141E+00 -1.998069E+00 -4.426944E-03  0.000000E+00
    86    11399.7362    7.30810116  1.399444E+09  2.240846E+08  2.356718E+31
        7.319723E+00  2.197364E+01  5.724443E+00  0.0000000000  0.000000E+00
        1.051230E+30 -4.013141E+00 -1.998069E+00 -4.426944E-03  0.000000E+00
    87    11213.3017    7.31072312  1.395226E+09  2.350053E+08  2.193009E+31
        7.306747E+00  2.197509E+01  5.725461E+00  0.0000000000  0.000000E+00
        8.564618E+29 -4.013141E+00 -1.998069E+00 -4.426944E-03  0.000000E+00
    88    11061.5994    7.31285609  1.391804E+09  2.443496E+08  2.066546E+31
        7.295998E+00  2.197624E+01  5.726267E+00  0.0000000000  0.000000E+00
        7.210541E+29 -4.013141E+00 -1.998069E+00 -4.426944E-03  0.000000E+00
    89    10944.0966    7.31451196  1.389153E+09  2.518671E+08  1.972592E+31
        7.287572E+00  2.197711E+01  5.726876E+00  0.0000000000  0.000000E+00
        6.291000E+29 -4.013141E+00 -1.998069E+00 -4.426944E-03  0.000000E+00
    90    10841.7227    7.31596869  1.386825E+09  2.586425E+08  1.893451E+31
        7.280145E+00  2.197786E+01  5.727398E+00  0.0000000000  0.000000E+00
        5.572003E+29 -4.013141E+00 -1.998069E+00 -4.426944E-03  0.000000E+00
    91    10739.6978    7.31745531  1.384454E+09  2.656534E+08  1.816948E+31
        7.272626E+00  2.197860E+01  5.727912E+00  0.0000000000  0.000000E+00
        4.922474E+29 -4.013141E+00 -1.998069E+00 -4.426944E-03  0.000000E+00
    92    10638.5133    7.31895992  1.382057E+09  2.728236E+08  1.743385E+31
        7.265103E+00  2.197932E+01  5.728413E+00  0.0000000000  0.000000E+00
        4.343602E+29 -4.013141E+00 -1.998069E+00 -4.426944E-03  0.000000E+00
    93    10524.6556    7.32067970  1.379324E+09  2.812111E+08  1.663341E+31
        7.256515E+00  2.198012E+01  5.728970E+00  0.0000000000  0.000000E+00
        3.760374E+29 -4.013141E+00 -1.998069E+00 -4.426944E-03  0.000000E+00
    94    10412.3646    7.32241856  1.376565E+09  2.897861E+08  1.587115E+31
        7.247950E+00  2.198090E+01  5.729510E+00  0.0000000000  0.000000E+00
        3.252057E+29 -4.013141E+00 -1.998069E+00 -4.426944E-03  0.000000E+00
    95    10300.2149    7.32420168  1.373742E+09  2.987140E+08  1.513606E+31
        7.239253E+00  2.198167E+01  5.730045E+00  0.0000000000  0.000000E+00
        2.802010E+29 -4.013141E+00 -1.998069E+00 -4.426944E-03  0.000000E+00
    96    10182.7773    7.32611494  1.370719E+09  3.084330E+08  1.439394E+31
        7.230029E+00  2.198246E+01  5.730599E+00  0.0000000000  0.000000E+00
        2.388694E+29 -4.013141E+00 -1.998069E+00 -4.426944E-03  0.000000E+00
    97    10066.0353    7.32802295  1.367712E+09  3.184591E+08  1.368486E+31
        7.220760E+00  2.198324E+01  5.731141E+00  0.0000000000  0.000000E+00
        2.031433E+29 -4.013141E+00 -1.998069E+00 -4.426944E-03  0.000000E+00
    98     9939.1801    7.33013722  1.364387E+09  3.298571E+08  1.294478E+31
        7.210519E+00  2.198407E+01  5.731724E+00  0.0000000000  0.000000E+00
        1.695212E+29 -4.013141E+00 -1.998069E+00 -4.426944E-03  0.000000E+00
    99     9820.5575    7.33216249  1.361209E+09  3.409542E+08  1.228037E+31
        7.200825E+00  2.198483E+01  5.732259E+00  0.0000000000  0.000000E+00
        1.425710E+29 -4.013141E+00 -1.998069E+00 -4.426944E-03  0.000000E+00
   100     9690.3563    7.33434839  1.357788E+09  3.536275E+08  1.158351E+31
        7.190082E+00  2.198565E+01  5.732835E+00  0.0000000000  0.000000E+00
        1.174342E+29 -4.013141E+00 -1.998069E+00 -4.426944E-03  0.000000E+00
   101     9541.5478    7.33683171  1.353911E+09  3.688025E+08  1.082613E+31
        7.177657E+00  2.198657E+01  5.733481E+00  0.0000000000  0.000000E+00
        9.357747E+28 -4.013141E+00 -1.998069E+00 -4.426944E-03  0.000000E+00
   102     9386.5799    7.33943241  1.349863E+09  3.854263E+08  1.007921E+31
        7.164545E+00  2.198751E+01  5.734143E+00  0.0000000000  0.000000E+00
        7.340640E+28 -4.013141E+00 -1.998069E+00 -4.426944E-03  0.000000E+00
   103     9228.8251    7.34205345  1.345796E+09  4.032356E+08  9.361851E+30
        7.151030E+00  2.198845E+01  5.734806E+00  0.0000000000  0.000000E+00
        5.696946E+28 -4.013141E+00 -1.998069E+00 -4.426944E-03  0.000000E+00
   104     9067.6991    7.34475263  1.341621E+09  4.224481E+08  8.670922E+30
        7.137021E+00  2.198940E+01  5.735470E+00  0.0000000000  0.000000E+00
        4.365848E+28 -4.013141E+00 -1.998069E+00 -4.426944E-03  0.000000E+00
   105     8919.3353    7.34721353  1.337825E+09  4.410860E+08  8.071345E+30
        7.123945E+00  2.199024E+01  5.736068E+00  0.0000000000  0.000000E+00
        3.395443E+28 -4.013141E+00 -1.998069E+00 -4.426944E-03  0.000000E+00
   106     8787.1479    7.34934670  1.334543E+09  4.584918E+08  7.566143E+30
        7.112159E+00  2.199098E+01  5.736589E+00  0.0000000000  0.000000E+00
        2.700536E+28 -4.013141E+00 -1.998069E+00 -4.426944E-03  0.000000E+00
   107     8629.5628    7.35185538  1.330694E+09  4.803948E+08  6.997281E+30
        7.097914E+00  2.199184E+01  5.737196E+00  0.0000000000  0.000000E+00
        2.041625E+28 -4.013141E+00 -1.998069E+00 -4.426944E-03  0.000000E+00
   108     8433.2912    7.35491741  1.326012E+09  5.096236E+08  6.337245E+30
        7.079848E+00  2.199287E+01  5.737929E+00  0.0000000000  0.000000E+00
        1.425599E+28 -4.013141E+00 -1.998069E+00 -4.426944E-03  0.000000E+00
   109     8243.7904    7.35781583  1.321594E+09  5.400419E+08  5.748062E+30
        7.062019E+00  2.199384E+01  5.738611E+00  0.0000000000  0.000000E+00
        9.956673E+27 -4.013141E+00 -1.998069E+00 -4.426944E-03  0.000000E+00
   110     8049.0478    7.36076950  1.317108E+09  5.738670E+08  5.188455E+30
        7.043257E+00  2.199479E+01  5.739278E+00  0.0000000000  0.000000E+00
        6.794811E+27 -4.013141E+00 -1.998069E+00 -4.426944E-03  0.000000E+00
   111     7872.7955    7.36342287  1.313090E+09  6.069156E+08  4.719788E+30
        7.025880E+00  2.199562E+01  5.739855E+00  0.0000000000  0.000000E+00
        4.751915E+27 -4.013141E+00 -1.998069E+00 -4.426944E-03  0.000000E+00
   112     7686.4138    7.36623419  1.308847E+09  6.447167E+08  4.260792E+30
        7.007086E+00  2.199649E+01  5.740453E+00  0.0000000000  0.000000E+00
        3.216029E+27 -4.013141E+00 -1.998069E+00 -4.426944E-03  0.000000E+00
   113     7504.0989    7.36899006  1.304701E+09  6.847247E+08  3.846216E+30
        6.988297E+00  2.199733E+01  5.741036E+00  0.0000000000  0.000000E+00
        2.169936E+27 -4.013141E+00 -1.998069E+00 -4.426944E-03  0.000000E+00
   114     7326.8851    7.37166502  1.300689E+09  7.267066E+08  3.474098E+30
        6.969667E+00  2.199815E+01  5.741608E+00  0.0000000000  0.000000E+00
        1.465487E+27 -4.013141E+00 -1.998069E+00 -4.426944E-03  0.000000E+00
   115     7155.5348    7.37424858  1.296826E+09  7.704699E+08  3.141589E+30
        6.951314E+00  2.199893E+01  5.742160E+00  0.0000000000  0.000000E+00
        9.938339E+26 -4.013141E+00 -1.998069E+00 -4.426944E-03  0.000000E+00
   116     6990.4292    7.37672435  1.293135E+09  8.158986E+08  2.845251E+30
        6.933300E+00  2.199968E+01  5.742684E+00  0.0000000000  0.000000E+00
        6.781818E+26 -4.013141E+00 -1.998069E+00 -4.426944E-03  0.000000E+00
   117     6832.2646    7.37909683  1.289608E+09  8.627659E+08  2.582209E+30
        6.915712E+00  2.200037E+01  5.743172E+00  0.0000000000  0.000000E+00
        4.667798E+26 -4.013141E+00 -1.998069E+00 -4.426944E-03  0.000000E+00
   118     6681.4741    7.38136932  1.286238E+09  9.108762E+08  2.349359E+30
        6.898603E+00  2.200101E+01  5.743621E+00  0.0000000000  0.000000E+00
        3.246283E+26 -4.013141E+00 -1.998069E+00 -4.426944E-03  0.000000E+00
   119     6538.7529    7.38355656  1.283003E+09  9.598816E+08  2.144138E+30
        6.882071E+00  2.200159E+01  5.744032E+00  0.0000000000  0.000000E+00
        2.287213E+26 -4.013141E+00 -1.998069E+00 -4.426944E-03  0.000000E+00
   120     6406.2215    7.38565381  1.279909E+09  1.008763E+09  1.966000E+30
        6.866398E+00  2.200213E+01  5.744402E+00  0.0000000000  0.000000E+00
        1.642291E+26 -4.013141E+00 -1.998069E+00 -4.426944E-03  0.000000E+00
   121     6282.3743    7.38772081  1.276867E+09  1.057714E+09  1.809689E+30
        6.851448E+00  2.200261E+01  5.744740E+00  0.0000000000  0.000000E+00
        1.198714E+26 -4.013141E+00 -1.998069E+00 -4.426944E-03  0.000000E+00
   122     6168.4523    7.38980017  1.273814E+09  1.105857E+09  1.673918E+30
        6.837405E+00  2.200305E+01  5.745043E+00  0.0000000000  0.000000E+00
        8.933604E+25 -4.013141E+00 -1.998069E+00 -4.426944E-03  0.000000E+00
   123     6063.8144    7.39198339  1.270616E+09  1.153048E+09  1.555356E+30
        6.824222E+00  2.200343E+01  5.745317E+00  0.0000000000  0.000000E+00
        6.786981E+25 -4.013141E+00 -1.998069E+00 -4.426944E-03  0.000000E+00
   124     5966.6738    7.39429460  1.267240E+09  1.199635E+09  1.450321E+30
        6.811730E+00  2.200378E+01  5.745563E+00  0.0000000000  0.000000E+00
        5.239447E+25 -4.013141E+00 -1.998069E+00 -4.426944E-03  0.000000E+00
   125     5876.5993    7.39658238  1.263906E+09  1.245192E+09  1.357536E+30
        6.799984E+00  2.200409E+01  5.745785E+00  0.0000000000  0.000000E+00
        4.117502E+25 -4.013141E+00 -1.998069E+00 -4.426944E-03  0.000000E+00
   126     5789.4106    7.39899050  1.260407E+09  1.291733E+09  1.271676E+30
        6.788438E+00  2.200438E+01  5.745994E+00  0.0000000000  0.000000E+00
        3.252625E+25 -4.013141E+00 -1.998069E+00 -4.426944E-03  0.000000E+00
   127     5703.7427    7.40164089  1.256567E+09  1.340216E+09  1.190771E+30
        6.776873E+00  2.200466E+01  5.746197E+00  0.0000000000  0.000000E+00
        2.575879E+25 -4.013141E+00 -1.998069E+00 -4.426944E-03  0.000000E+00
   128     5617.7325    7.40446322  1.252490E+09  1.391828E+09  1.113296E+30
        6.765047E+00  2.200494E+01  5.746400E+00  0.0000000000  0.000000E+00
        2.031601E+25 -4.013141E+00 -1.998069E+00 -4.426944E-03  0.000000E+00
   129     5529.8337    7.40734342  1.248344E+09  1.447904E+09  1.038328E+30
        6.752727E+00  2.200523E+01  5.746610E+00  0.0000000000  0.000000E+00
        1.592135E+25 -4.013141E+00 -1.998069E+00 -4.426944E-03  0.000000E+00
   130     5440.2949    7.41042369  1.243925E+09  1.510213E+09  9.658187E+29
        6.739633E+00  2.200554E+01  5.746831E+00  0.0000000000  0.000000E+00
        1.230057E+25 -4.013141E+00 -1.998069E+00 -4.426944E-03  0.000000E+00
   131     5347.2521    7.41399551  1.238820E+09  1.584937E+09  8.940393E+29
        6.724669E+00  2.200589E+01  5.747082E+00  0.0000000000  0.000000E+00
        9.175808E+24 -4.013141E+00 -1.998069E+00 -4.426944E-03  0.000000E+00
   132     5248.4148    7.41793536  1.233214E+09  1.682377E+09  8.222554E+29
        6.706148E+00  2.200633E+01  5.747388E+00  0.0000000000  0.000000E+00
        6.386929E+24 -4.013141E+00 -1.998069E+00 -4.426944E-03  0.000000E+00
   133     5147.4910    7.42232268  1.227000E+09  1.821367E+09  7.531634E+29
        6.681022E+00  2.200691E+01  5.747787E+00  0.0000000000  0.000000E+00
        3.900274E+24 -4.013141E+00 -1.998069E+00 -4.426944E-03  0.000000E+00
   134     5020.3730    7.42810232  1.218863E+09  2.066641E+09  6.724672E+29
        6.638190E+00  2.200777E+01  5.748386E+00  0.0000000000  0.000000E+00
        1.704512E+24 -4.013141E+00 -1.998069E+00 -4.426944E-03  0.000000E+00
   135     4901.8301    7.43263857  1.212514E+09  2.313917E+09  6.048170E+29
        6.595661E+00  2.200848E+01  5.748898E+00  0.0000000000  0.000000E+00
        7.897457E+23 -4.017316E+00 -1.998029E+00 -4.426944E-03  0.000000E+00
   136     4786.6525    7.43647218  1.207174E+09  2.570947E+09  5.451110E+29
        6.551863E+00  2.200929E+01  5.749477E+00  0.0000000000  0.000000E+00
        3.775399E+23 -4.020111E+00 -1.998003E+00 -4.426944E-03  0.000000E+00
   137     4644.6674    7.43978661  1.202577E+09  2.860823E+09  4.795804E+29
        6.503079E+00  2.201015E+01  5.750088E+00  0.0000000000  0.000000E+00
        1.754493E+23 -4.009616E+00 -1.998104E+00 -4.426944E-03  0.000000E+00
   138     4528.4362    7.44168707  1.199948E+09  3.078756E+09  4.314549E+29
        6.467021E+00  2.201055E+01  5.750375E+00  0.0000000000  0.000000E+00
        1.021785E+23 -4.006772E+00 -1.998131E+00 -4.426944E-03  0.000000E+00
   139     4413.8109    7.44318183  1.197885E+09  3.293835E+09  3.880633E+29
        6.432303E+00  2.201087E+01  5.750597E+00  0.0000000000  0.000000E+00
        6.143689E+22 -4.005054E+00 -1.998148E+00 -4.426944E-03  0.000000E+00
   140     4293.9680    7.44460200  1.195928E+09  3.529567E+09  3.464677E+29
        6.395377E+00  2.201128E+01  5.750880E+00  0.0000000000  0.000000E+00
        3.599587E+22 -4.004201E+00 -1.998157E+00 -4.426944E-03  0.000000E+00
   141     4189.9773    7.44565309  1.194482E+09  3.724963E+09  3.133452E+29
        6.365648E+00  2.201162E+01  5.751119E+00  0.0000000000  0.000000E+00
        2.349489E+22 -4.003686E+00 -1.998162E+00 -4.426944E-03  0.000000E+00
   142     4078.1202    7.44656582  1.193227E+09  3.925551E+09  2.806104E+29
        6.336135E+00  2.201192E+01  5.751330E+00  0.0000000000  0.000000E+00
        1.543820E+22 -4.002965E+00 -1.998169E+00 -4.426944E-03  0.000000E+00
   143     3978.5358    7.44724349  1.192297E+09  4.107254E+09  2.537927E+29
        6.310371E+00  2.201214E+01  5.751489E+00  0.0000000000  0.000000E+00
        1.072384E+22 -4.002266E+00 -1.998176E+00 -4.426944E-03  0.000000E+00
   144     3883.5565    7.44781484  1.191513E+09  4.288553E+09  2.301088E+29
        6.285655E+00  2.201234E+01  5.751629E+00  0.0000000000  0.000000E+00
        7.569533E+21 -4.001718E+00 -1.998181E+00 -4.426944E-03  0.000000E+00
   145     3781.9045    7.44837623  1.190743E+09  4.493414E+09  2.066786E+29
        6.258932E+00  2.201255E+01  5.751782E+00  0.0000000000  0.000000E+00
        5.198753E+21 -4.001251E+00 -1.998186E+00 -4.426944E-03  0.000000E+00
   146     3679.9258    7.44890151  1.190023E+09  4.711794E+09  1.850479E+29
        6.231769E+00  2.201277E+01  5.751943E+00  0.0000000000  0.000000E+00
        3.551027E+21 -4.000821E+00 -1.998190E+00 -4.426944E-03  0.000000E+00
   147     3578.8061    7.44938475  1.189361E+09  4.943337E+09  1.653474E+29
        6.213052E+00  2.201298E+01  5.752158E+00  0.0045536564 -1.982144E-03
        2.449816E+21 -4.000419E+00 -1.998194E+00 -4.426944E-03  0.000000E+00
   148     3499.8347    7.44972847  1.188890E+09  5.146719E+09  1.511093E+29
        6.199493E+00  2.201315E+01  5.752273E+00  0.0354474585 -1.567411E-02
        1.926637E+21 -4.000123E+00 -1.998197E+00 -4.426944E-03  0.000000E+00
   149     3439.9687    7.44997526  1.188553E+09  5.334998E+09  1.409523E+29
        6.184605E+00  2.201330E+01  5.752373E+00  0.0836622786 -3.794444E-02
        1.626301E+21 -3.999987E+00 -1.998198E+00 -4.426944E-03  0.000000E+00
   150     3388.2903    7.45018393  1.188267E+09  5.541831E+09  1.326075E+29
        6.168160E+00  2.201344E+01  5.752468E+00  0.1458388257 -6.846017E-02
        1.375143E+21 -3.999915E+00 -1.998199E+00 -4.426944E-03  0.000000E+00
   151     3328.8305    7.45041285  1.187954E+09  5.834313E+09  1.234762E+29
        6.146005E+00  2.201359E+01  5.752561E+00  0.2352745494 -1.164945E-01
        1.085695E+21 -3.999864E+00 -1.998200E+00 -4.426944E-03  0.000000E+00
   152     3254.8189    7.45066425  1.187610E+09  6.228196E+09  1.127905E+29
        6.117899E+00  2.201372E+01  5.752635E+00  0.3479813486 -1.857400E-01
        7.801698E+20 -3.999712E+00 -1.998201E+00 -4.426944E-03  0.000000E+00
   153     3160.6970    7.45097236  1.187189E+09  6.730605E+09  1.002279E+29
        6.083602E+00  2.201394E+01  5.752784E+00  0.4760196235 -2.806850E-01
        5.027772E+20 -3.999306E+00 -1.998205E+00 -4.426944E-03  0.000000E+00
   154     3046.9003    7.45134508  1.186680E+09  7.334752E+09  8.648034E+28
        6.043182E+00  2.201430E+01  5.753048E+00  0.6063850309 -4.049284E-01
        2.895310E+20 -3.998609E+00 -1.998212E+00 -4.426944E-03  0.000000E+00
   155     2921.1269    7.45167886  1.186224E+09  8.005313E+09  7.300496E+28
        5.998381E+00  2.201457E+01  5.753235E+00  0.7224842790 -5.567124E-01
        1.526086E+20 -3.997687E+00 -1.998221E+00 -4.426944E-03  0.000000E+00
   156     2789.6552    7.45195398  1.185848E+09  8.718646E+09  6.068448E+28
        5.950471E+00  2.201474E+01  5.753340E+00  0.8156208352 -7.342882E-01
        7.511978E+19 -3.995060E+00 -1.998248E+00 -4.426944E-03  0.000000E+00
   157     2657.4121    7.45223281  1.185467E+09  9.462732E+09  4.993813E+28
        5.900203E+00  2.201485E+01  5.753401E+00  0.8844295220 -9.371531E-01
        3.504832E+19 -3.995314E+00 -1.998245E+00 -4.426944E-03  0.000000E+00
   158     2530.9964    7.45248890  1.185118E+09  1.023209E+10  4.106830E+28
        5.847956E+00  2.201496E+01  5.753483E+00  0.9318669933 -1.166642E+00
        1.563119E+19 -3.995472E+00 -1.998244E+00 -4.426944E-03  0.000000E+00
   159     2403.1351    7.45276936  1.184735E+09  1.111665E+10  3.335592E+28
        5.787148E+00  2.201518E+01  5.753673E+00  0.9654103974 -1.461054E+00
        6.020567E+18 -3.995543E+00 -1.998243E+00 -4.426944E-03  0.000000E+00
   160     2232.9344    7.45310744  1.184274E+09  1.234741E+10  2.484425E+28
        5.699692E+00  2.201542E+01  5.753828E+00  0.9850856241 -1.826395E+00
        1.500858E+18 -3.995557E+00 -1.998021E+00 -4.429190E-03  0.000000E+00
   161     2082.5877    7.45332122  1.183983E+09  1.325965E+10  1.878977E+28
        5.636465E+00  2.201546E+01  5.753850E+00  0.9866661302 -1.875044E+00
        5.515250E+17 -3.995557E+00 -1.995641E+00 -4.453411E-03  0.000000E+00
   162     1950.0166    7.45351585  1.183718E+09  1.414931E+10  1.443666E+28
        5.578296E+00  2.201552E+01  5.753887E+00  0.9873159578 -1.896742E+00
        2.195427E+17 -3.995557E+00 -1.992847E+00 -4.482016E-03  0.000000E+00
   163     1807.7647    7.45371918  1.183441E+09  1.522876E+10  1.065805E+28
        5.511608E+00  2.201558E+01  5.753927E+00  0.9879078275 -1.917496E+00
        7.598728E+16 -3.995557E+00 -1.987729E+00 -4.534902E-03  0.000000E+00
   164     1667.9389    7.45390285  1.183190E+09  1.640215E+10  7.720532E+27
        5.443292E+00  2.201560E+01  5.753942E+00  0.9886156804 -1.943693E+00
        2.558498E+16 -3.995557E+00 -1.986645E+00 -4.546188E-03  0.000000E+00
   165     1556.4492    7.45403246  1.183014E+09  1.746927E+10  5.852438E+27
        5.383175E+00  2.201561E+01  5.753943E+00  0.9891880161 -1.966095E+00
        9.769889E+15 -3.995557E+00 -1.986405E+00 -4.548689E-03  0.000000E+00
   166     1458.2391    7.45414460  1.182861E+09  1.859800E+10  4.508166E+27
        5.320545E+00  2.201561E+01  5.753944E+00  0.9897434696 -1.989000E+00
        3.559310E+15 -3.995557E+00 -1.985861E+00 -4.554357E-03  0.000000E+00
   167     1344.0755    7.45426768  1.182693E+09  1.985131E+10  3.252794E+27
        5.250664E+00  2.201561E+01  5.753944E+00  0.9903035739 -2.013388E+00
        1.152598E+15 -3.995557E+00 -1.985361E+00 -4.559582E-03  0.000000E+00
   168     1201.6625    7.45445857  1.182434E+09  2.156852E+10  2.077309E+27
        5.155021E+00  2.201562E+01  5.753954E+00  0.9909958730 -2.045558E+00
        2.433630E+14 -3.995557E+00 -1.985256E+00 -4.560689E-03  0.000000E+00
   169     1102.1317    7.45456652  1.182287E+09  2.287034E+10  1.469593E+27
        5.080887E+00  2.201563E+01  5.753955E+00  0.9914900125 -2.070071E+00
        7.276915E+13 -3.995557E+00 -1.984734E+00 -4.566146E-03  0.000000E+00
   170     1014.9456    7.45465793  1.182162E+09  2.407444E+10  1.056678E+27
        5.009763E+00  2.201563E+01  5.753956E+00  0.9919330541 -2.093291E+00
        2.268367E+13 -3.995557E+00 -1.984776E+00 -4.565708E-03  0.000000E+00
   171      944.2302    7.45472804  1.182067E+09  2.508656E+10  7.914308E+26
        4.947423E+00  2.201563E+01  5.753956E+00  0.9922920347 -2.113060E+00
        8.142841E+12 -3.995557E+00 -1.984822E+00 -4.565228E-03  0.000000E+00
   172      885.1767    7.45477458  1.182003E+09  2.595864E+10  6.111879E+26
        4.891246E+00  2.201563E+01  5.753956E+00  0.9925876838 -2.130046E+00
        3.230241E+12 -3.995557E+00 -1.984867E+00 -4.564750E-03  0.000000E+00
   173      827.0012    7.45491288  1.181815E+09  2.684151E+10  4.655230E+26
        4.831396E+00  2.201563E+01  5.753957E+00  0.9928979030 -2.148613E+00
        1.206212E+12 -3.995557E+00 -1.985590E+00 -4.557190E-03  0.000000E+00
   174      800.2614    7.45507769  1.181591E+09  2.726143E+10  4.080181E+26
        4.801363E+00  2.201563E+01  5.753959E+00  0.9937706414 -2.205557E+00
        7.360574E+11 -3.995557E+00 -1.986113E+00 -4.551733E-03  0.000000E+00
   175      776.0920    7.45522086  1.181396E+09  2.764114E+10  3.607959E+26
        4.772296E+00  2.201563E+01  5.753960E+00  0.9951358138 -2.312990E+00
        4.566112E+11 -3.995557E+00 -1.986150E+00 -4.551346E-03  0.000000E+00
   176      752.9677    7.45529069  1.181301E+09  2.799779E+10  3.196275E+26
        4.742460E+00  2.201563E+01  5.753961E+00  0.9965623186 -2.463734E+00
        2.803762E+11 -3.995557E+00 -1.986238E+00 -4.550430E-03  0.000000E+00
