============================================================================
   #Mod      Teff         Log(g)        Rayon        Age           Lum
           Log(Tc)       Log(Pc)      Log(rhoc)     M_x/M        Log(q_x)
            Lum_nu       Log(H/*)     Log(He/*)    Log(C/*)      Log(O/*)
============================================================================
     0    60015.5584    7.94346159  1.028641E+09  0.000000E+00  9.781379E+33
        8.225070E+00  2.346426E+01  6.681963E+00  0.0000000000  0.000000E+00
        5.138698E+35 -3.999262E+00 -2.001543E+00 -4.393217E-03  0.000000E+00
     1    58728.5348    7.97359969  9.935611E+08  4.000000E+05  8.367645E+33
        7.994874E+00  2.351745E+01  6.721793E+00  0.0000000000  0.000000E+00
        8.865055E+34 -3.999262E+00 -2.001543E+00 -4.393217E-03  0.000000E+00
     2    55354.8138    7.99470523  9.697099E+08  8.000000E+05  6.291043E+33
        7.911399E+00  2.353658E+01  6.735619E+00  0.0000000000  0.000000E+00
        3.742914E+34 -3.999262E+00 -2.001543E+00 -4.393217E-03  0.000000E+00
     3    51895.9304    8.01100476  9.516824E+08  1.200000E+06  4.680958E+33
        7.866810E+00  2.354692E+01  6.742983E+00  0.0000000000  0.000000E+00
        2.125476E+34 -3.999262E+00 -2.001543E+00 -4.393217E-03  0.000000E+00
     4    48876.6063    8.02370635  9.378670E+08  1.600000E+06  3.576878E+33
        7.838029E+00  2.355359E+01  6.747715E+00  0.0000000000  0.000000E+00
        1.392260E+34 -3.999262E+00 -2.001543E+00 -4.393217E-03  0.000000E+00
     5    46340.3710    8.03376469  9.270691E+08  2.000000E+06  2.824097E+33
        7.817315E+00  2.355831E+01  6.751050E+00  0.0000000000  0.000000E+00
        9.913217E+33 -3.999262E+00 -2.001543E+00 -4.393217E-03  0.000000E+00
     6    44234.0228    8.04187647  9.184514E+08  2.400000E+06  2.301206E+33
        7.801316E+00  2.356190E+01  6.753586E+00  0.0000000000  0.000000E+00
        7.456652E+33 -3.999262E+00 -2.001543E+00 -4.393217E-03  0.000000E+00
     7    43274.3058    8.04551022  9.146171E+08  2.600000E+06  2.090338E+33
        7.793986E+00  2.356349E+01  6.754711E+00  0.0000000000  0.000000E+00
        6.511281E+33 -3.999262E+00 -2.001543E+00 -4.393217E-03  0.000000E+00
     8    42437.4239    8.04863905  9.113284E+08  2.790169E+06  1.919390E+33
        7.787708E+00  2.356484E+01  6.755665E+00  0.0000000000  0.000000E+00
        5.776873E+33 -3.999262E+00 -2.001543E+00 -4.393217E-03  0.000000E+00
     9    41656.9594    8.05151259  9.083184E+08  2.982300E+06  1.770288E+33
        7.781927E+00  2.356607E+01  6.756534E+00  0.0000000000  0.000000E+00
        5.159632E+33 -3.999262E+00 -2.001543E+00 -4.393217E-03  0.000000E+00
    10    40876.6202    8.05437500  9.053300E+08  3.193251E+06  1.630539E+33
        7.776119E+00  2.356729E+01  6.757396E+00  0.0000000000  0.000000E+00
        4.594366E+33 -3.999262E+00 -2.001543E+00 -4.393217E-03  0.000000E+00
    11    40135.5919    8.05707180  9.025235E+08  3.412388E+06  1.506098E+33
        7.770568E+00  2.356843E+01  6.758207E+00  0.0000000000  0.000000E+00
        4.103394E+33 -3.999262E+00 -2.001543E+00 -4.393217E-03  0.000000E+00
    12    39409.2262    8.05966816  8.998298E+08  3.644500E+06  1.391649E+33
        7.765129E+00  2.356954E+01  6.758988E+00  0.0000000000  0.000000E+00
        3.666915E+33 -3.999262E+00 -2.001543E+00 -4.393217E-03  0.000000E+00
    13    38762.5587    8.06200035  8.974169E+08  3.876001E+06  1.295555E+33
        7.760071E+00  2.357054E+01  6.759696E+00  0.0000000000  0.000000E+00
        3.298675E+33 -3.999262E+00 -2.001543E+00 -4.393217E-03  0.000000E+00
    14    38071.6292    8.06446539  8.948737E+08  4.145764E+06  1.198800E+33
        7.754575E+00  2.357159E+01  6.760443E+00  0.0000000000  0.000000E+00
        2.937245E+33 -3.999262E+00 -2.001543E+00 -4.393217E-03  0.000000E+00
    15    37394.9044    8.06683113  8.924397E+08  4.433143E+06  1.109749E+33
        7.749099E+00  2.357260E+01  6.761160E+00  0.0000000000  0.000000E+00
        2.614757E+33 -3.999262E+00 -2.001543E+00 -4.393217E-03  0.000000E+00
    16    36715.3761    8.06922374  8.899847E+08  4.758659E+06  1.025592E+33
        7.743293E+00  2.357363E+01  6.761892E+00  0.0000000000  0.000000E+00
        2.310699E+33 -3.999262E+00 -2.001543E+00 -4.393217E-03  0.000000E+00
    17    36079.0764    8.07144869  8.877079E+08  5.096056E+06  9.514353E+32
        7.737636E+00  2.357459E+01  6.762575E+00  0.0000000000  0.000000E+00
        2.048588E+33 -3.999262E+00 -2.001543E+00 -4.393217E-03  0.000000E+00
    18    35452.2732    8.07359461  8.855175E+08  5.458624E+06  8.826490E+32
        7.731903E+00  2.357552E+01  6.763239E+00  0.0000000000  0.000000E+00
        1.813971E+33 -3.999262E+00 -2.001543E+00 -4.393217E-03  0.000000E+00
    19    34827.5002    8.07576823  8.833042E+08  5.874304E+06  8.179510E+32
        7.725706E+00  2.357648E+01  6.763924E+00  0.0000000000  0.000000E+00
        1.591743E+33 -3.999262E+00 -2.001543E+00 -4.393217E-03  0.000000E+00
    20    34226.4402    8.07780433  8.812361E+08  6.306475E+06  7.593621E+32
        7.719615E+00  2.357738E+01  6.764566E+00  0.0000000000  0.000000E+00
        1.401196E+33 -3.999262E+00 -2.001543E+00 -4.393217E-03  0.000000E+00
    21    33729.5051    8.07953655  8.794804E+08  6.726227E+06  7.133614E+32
        7.713987E+00  2.357817E+01  6.765132E+00  0.0000000000  0.000000E+00
        1.246691E+33 -3.999262E+00 -2.001543E+00 -4.393217E-03  0.000000E+00
    22    33173.9809    8.08146231  8.775326E+08  7.247561E+06  6.645602E+32
        7.707361E+00  2.357905E+01  6.765767E+00  0.0000000000  0.000000E+00
        1.088032E+33 -3.999262E+00 -2.001543E+00 -4.393217E-03  0.000000E+00
    23    32627.8160    8.08330900  8.756689E+08  7.809240E+06  6.192262E+32
        7.700597E+00  2.357990E+01  6.766377E+00  0.0000000000  0.000000E+00
        9.483449E+32 -3.999262E+00 -2.001543E+00 -4.393217E-03  0.000000E+00
    24    32098.3099    8.08514420  8.738207E+08  8.452199E+06  5.775516E+32
        7.693275E+00  2.358076E+01  6.766999E+00  0.0000000000  0.000000E+00
        8.187509E+32 -3.999262E+00 -2.001543E+00 -4.393217E-03  0.000000E+00
    25    31574.6282    8.08691242  8.720436E+08  9.148293E+06  5.385758E+32
        7.685786E+00  2.358158E+01  6.767600E+00  0.0000000000  0.000000E+00
        7.057447E+32 -3.999262E+00 -2.001543E+00 -4.393217E-03  0.000000E+00
    26    31076.9385    8.08863777  8.703131E+08  9.931950E+06  5.034095E+32
        7.677837E+00  2.358241E+01  6.768204E+00  0.0000000000  0.000000E+00
        6.039108E+32 -3.999262E+00 -2.001543E+00 -4.393217E-03  0.000000E+00
    27    30567.6965    8.09035737  8.685918E+08  1.080307E+07  4.693532E+32
        7.669523E+00  2.358323E+01  6.768803E+00  0.0000000000  0.000000E+00
        5.139930E+32 -3.999262E+00 -2.001543E+00 -4.393217E-03  0.000000E+00
    28    30135.8221    8.09186264  8.670879E+08  1.168729E+07  4.418510E+32
        7.661568E+00  2.358398E+01  6.769350E+00  0.0000000000  0.000000E+00
        4.411253E+32 -3.999262E+00 -2.001543E+00 -4.393217E-03  0.000000E+00
    29    29654.2474    8.09350664  8.654483E+08  1.276247E+07  4.127122E+32
        7.652496E+00  2.358479E+01  6.769947E+00  0.0000000000  0.000000E+00
        3.711025E+32 -3.999262E+00 -2.001543E+00 -4.393217E-03  0.000000E+00
    30    29192.9548    8.09512116  8.638411E+08  1.397744E+07  3.861867E+32
        7.642920E+00  2.358562E+01  6.770553E+00  0.0000000000  0.000000E+00
        3.096038E+32 -3.999262E+00 -2.001543E+00 -4.393217E-03  0.000000E+00
    31    28722.8763    8.09674406  8.622285E+08  1.534621E+07  3.605570E+32
        7.632869E+00  2.358645E+01  6.771165E+00  0.0000000000  0.000000E+00
        2.562404E+32 -3.999262E+00 -2.001543E+00 -4.393217E-03  0.000000E+00
    32    28259.4623    8.09835896  8.606270E+08  1.689509E+07  3.365913E+32
        7.622299E+00  2.358730E+01  6.771787E+00  0.0000000000  0.000000E+00
        2.101620E+32 -3.999262E+00 -2.001543E+00 -4.393217E-03  0.000000E+00
    33    27798.2312    8.09997806  8.590242E+08  1.865206E+07  3.139763E+32
        7.611182E+00  2.358817E+01  6.772416E+00  0.0000000000  0.000000E+00
        1.706563E+32 -3.999262E+00 -2.001543E+00 -4.393217E-03  0.000000E+00
    34    27347.0503    8.10156812  8.574531E+08  2.060478E+07  2.930084E+32
        7.599737E+00  2.358902E+01  6.773036E+00  0.0000000000  0.000000E+00
        1.376998E+32 -3.999262E+00 -2.001543E+00 -4.393217E-03  0.000000E+00
    35    26894.3577    8.10316691  8.558763E+08  2.282071E+07  2.730763E+32
        7.587721E+00  2.358989E+01  6.773661E+00  0.0000000000  0.000000E+00
        1.098505E+32 -3.999262E+00 -2.001543E+00 -4.393217E-03  0.000000E+00
    36    26438.1246    8.10477820  8.542900E+08  2.533575E+07  2.540684E+32
        7.575117E+00  2.359076E+01  6.774289E+00  0.0000000000  0.000000E+00
        8.656816E+31 -3.999262E+00 -2.001543E+00 -4.393217E-03  0.000000E+00
    37    25971.7372    8.10641962  8.526771E+08  2.820597E+07  2.357169E+32
        7.561832E+00  2.359164E+01  6.774926E+00  0.0000000000  0.000000E+00
        6.723328E+31 -3.999262E+00 -2.001543E+00 -4.393217E-03  0.000000E+00
    38    25504.1442    8.10806014  8.510682E+08  3.142697E+07  2.183681E+32
        7.548050E+00  2.359251E+01  6.775559E+00  0.0000000000  0.000000E+00
        5.161646E+31 -3.999262E+00 -2.001543E+00 -4.393217E-03  0.000000E+00
    39    25036.5918    8.10969287  8.494699E+08  3.501125E+07  2.020293E+32
        7.533847E+00  2.359338E+01  6.776189E+00  0.0000000000  0.000000E+00
        3.921218E+31 -3.999262E+00 -2.001543E+00 -4.393217E-03  0.000000E+00
    40    24565.8824    8.11132545  8.478748E+08  3.899271E+07  1.865565E+32
        7.519211E+00  2.359423E+01  6.776814E+00  0.0000000000  0.000000E+00
        2.945897E+31 -3.999262E+00 -2.001543E+00 -4.393217E-03  0.000000E+00
    41    24091.2093    8.11295952  8.462812E+08  4.340491E+07  1.719021E+32
        7.504139E+00  2.359507E+01  6.777435E+00  0.0000000000  0.000000E+00
        2.187783E+31 -3.999262E+00 -2.001543E+00 -4.393217E-03  0.000000E+00
    42    23611.7013    8.11459583  8.446884E+08  4.828556E+07  1.580227E+32
        7.488614E+00  2.359590E+01  6.778049E+00  0.0000000000  0.000000E+00
        1.605346E+31 -3.999262E+00 -2.001543E+00 -4.393217E-03  0.000000E+00
    43    23127.3135    8.11623303  8.430977E+08  5.367067E+07  1.449019E+32
        7.472637E+00  2.359671E+01  6.778655E+00  0.0000000000  0.000000E+00
        1.163698E+31 -3.999262E+00 -2.001543E+00 -4.393217E-03  0.000000E+00
    44    22638.0685    8.11786767  8.415125E+08  5.959281E+07  1.325245E+32
        7.456220E+00  2.359751E+01  6.779245E+00  0.0000000000  0.000000E+00
        8.335486E+30 -3.999262E+00 -2.001543E+00 -4.393217E-03  0.000000E+00
    45    22146.8651    8.11948878  8.399434E+08  6.606559E+07  1.209391E+32
        7.439433E+00  2.359828E+01  6.779809E+00  0.0000000000  0.000000E+00
        5.908167E+30 -3.999262E+00 -2.001543E+00 -4.393217E-03  0.000000E+00
    46    21655.5326    8.12109432  8.383923E+08  7.310135E+07  1.101507E+32
        7.422349E+00  2.359902E+01  6.780355E+00  0.0000000000  0.000000E+00
        4.150270E+30 -3.999262E+00 -2.001543E+00 -4.393217E-03  0.000000E+00
    47    21165.1071    8.12268741  8.368560E+08  8.072857E+07  1.001384E+32
        7.405000E+00  2.359976E+01  6.780896E+00  0.0000000000  0.000000E+00
        2.891623E+30 -3.999262E+00 -2.001543E+00 -4.393217E-03  0.000000E+00
    48    20676.6417    8.12426800  8.353345E+08  8.897426E+07  9.087790E+31
        7.387418E+00  2.360050E+01  6.781441E+00  0.0000000000  0.000000E+00
        2.000206E+30 -3.999262E+00 -2.001543E+00 -4.393217E-03  0.000000E+00
    49    20191.7999    8.12583184  8.338319E+08  9.785812E+07  8.235208E+31
        7.369653E+00  2.360126E+01  6.781999E+00  0.0000000000  0.000000E+00
        1.375599E+30 -3.999262E+00 -2.001543E+00 -4.393217E-03  0.000000E+00
    50    19712.3903    8.12736875  8.323578E+08  1.073759E+08  7.454091E+31
        7.351798E+00  2.360202E+01  6.782560E+00  0.0000000000  0.000000E+00
        9.427907E+29 -3.999262E+00 -2.001543E+00 -4.393217E-03  0.000000E+00
    51    19240.2121    8.12886770  8.309226E+08  1.175298E+08  6.741833E+31
        7.333920E+00  2.360276E+01  6.783106E+00  0.0000000000  0.000000E+00
        6.451441E+29 -3.999262E+00 -2.001543E+00 -4.393217E-03  0.000000E+00
    52    18775.7124    8.13032365  8.295310E+08  1.283450E+08  6.093521E+31
        7.316039E+00  2.360346E+01  6.783624E+00  0.0000000000  0.000000E+00
        4.411826E+29 -3.999262E+00 -2.001543E+00 -4.393217E-03  0.000000E+00
    53    18319.2544    8.13173560  8.281836E+08  1.398499E+08  5.504297E+31
        7.298172E+00  2.360411E+01  6.784102E+00  0.0000000000  0.000000E+00
        3.017815E+29 -3.999262E+00 -2.001543E+00 -4.393217E-03  0.000000E+00
    54    17872.8501    8.13310668  8.268773E+08  1.520583E+08  4.971356E+31
        7.280369E+00  2.360471E+01  6.784538E+00  0.0000000000  0.000000E+00
        2.067732E+29 -3.999262E+00 -2.001543E+00 -4.393217E-03  0.000000E+00
    55    17438.2412    8.13444264  8.256065E+08  1.649921E+08  4.491324E+31
        7.262664E+00  2.360526E+01  6.784941E+00  0.0000000000  0.000000E+00
        1.420504E+29 -3.999262E+00 -2.001543E+00 -4.393217E-03  0.000000E+00
    56    17013.7537    8.13575488  8.243602E+08  1.787315E+08  4.057439E+31
        7.245013E+00  2.360578E+01  6.785320E+00  0.0000000000  0.000000E+00
        9.778224E+28 -3.999262E+00 -2.001543E+00 -4.393217E-03  0.000000E+00
    57    16599.3122    8.13704818  8.231336E+08  1.933379E+08  3.665376E+31
        7.227400E+00  2.360627E+01  6.785683E+00  0.0000000000  0.000000E+00
        6.745482E+28 -3.999262E+00 -2.001543E+00 -4.393217E-03  0.000000E+00
    58    16193.7632    8.13832396  8.219255E+08  2.088825E+08  3.310347E+31
        7.209808E+00  2.360674E+01  6.786031E+00  0.0000000000  0.000000E+00
        4.663937E+28 -3.999262E+00 -2.001543E+00 -4.393217E-03  0.000000E+00
    59    15798.7618    8.13957582  8.207417E+08  2.253680E+08  2.990354E+31
        7.192302E+00  2.360719E+01  6.786362E+00  0.0000000000  0.000000E+00
        3.237743E+28 -3.999262E+00 -2.001543E+00 -4.393217E-03  0.000000E+00
    60    15414.2973    8.14080359  8.195824E+08  2.428484E+08  2.702076E+31
        7.174887E+00  2.360761E+01  6.786679E+00  0.0000000000  0.000000E+00
        2.257935E+28 -3.999262E+00 -2.001543E+00 -4.393217E-03  0.000000E+00
    61    15039.5272    8.14200893  8.184459E+08  2.614221E+08  2.441935E+31
        7.157530E+00  2.360802E+01  6.786983E+00  0.0000000000  0.000000E+00
        1.581304E+28 -3.999262E+00 -2.001543E+00 -4.393217E-03  0.000000E+00
    62    14673.4661    8.14319238  8.173315E+08  2.811840E+08  2.206707E+31
        7.140207E+00  2.360842E+01  6.787275E+00  0.0000000000  0.000000E+00
        1.112156E+28 -3.999262E+00 -2.001543E+00 -4.393217E-03  0.000000E+00
    63    14315.5811    8.14434553  8.162471E+08  3.021942E+08  1.993869E+31
        7.122929E+00  2.360879E+01  6.787543E+00  0.0000000000  0.000000E+00
        7.861510E+27 -3.999262E+00 -2.001543E+00 -4.393217E-03  0.000000E+00
    64    13966.4727    8.14546327  8.151974E+08  3.244545E+08  1.801731E+31
        7.105763E+00  2.360913E+01  6.787789E+00  0.0000000000  0.000000E+00
        5.594818E+27 -3.999262E+00 -2.001543E+00 -4.393217E-03  0.000000E+00
    65    13625.7892    8.14655037  8.141778E+08  3.480465E+08  1.628181E+31
        7.088707E+00  2.360946E+01  6.788025E+00  0.0000000000  0.000000E+00
        4.009972E+27 -3.999262E+00 -2.001543E+00 -4.393217E-03  0.000000E+00
    66    13315.3144    8.14754168  8.132491E+08  3.713128E+08  1.481393E+31
        7.072893E+00  2.360978E+01  6.788248E+00  0.0000000000  0.000000E+00
        2.957512E+27 -3.999262E+00 -2.001543E+00 -4.393217E-03  0.000000E+00
    67    13036.4570    8.14843582  8.124124E+08  3.938041E+08  1.358341E+31
        7.058452E+00  2.361007E+01  6.788465E+00  0.0000000000  0.000000E+00
        2.246949E+27 -3.999262E+00 -2.001543E+00 -4.393217E-03  0.000000E+00
    68    12783.6217    8.14925495  8.116466E+08  4.156665E+08  1.253623E+31
        7.045142E+00  2.361037E+01  6.788683E+00  0.0000000000  0.000000E+00
        1.752131E+27 -3.999262E+00 -2.001543E+00 -4.393217E-03  0.000000E+00
    69    12583.8997    8.14990817  8.110364E+08  4.340072E+08  1.175328E+31
        7.034463E+00  2.361061E+01  6.788866E+00  0.0000000000  0.000000E+00
        1.438713E+27 -3.999262E+00 -2.001543E+00 -4.393217E-03  0.000000E+00
    70    12424.9752    8.15043199  8.105474E+08  4.493432E+08  1.115723E+31
        7.025848E+00  2.361081E+01  6.789016E+00  0.0000000000  0.000000E+00
        1.229192E+27 -3.999262E+00 -2.001543E+00 -4.393217E-03  0.000000E+00
    71    12301.4405    8.15084200  8.101649E+08  4.617516E+08  1.070997E+31
        7.019073E+00  2.361097E+01  6.789134E+00  0.0000000000  0.000000E+00
        1.087158E+27 -3.999262E+00 -2.001543E+00 -4.393217E-03  0.000000E+00
    72    12196.0967    8.15119415  8.098365E+08  4.726965E+08  1.033941E+31
        7.013238E+00  2.361110E+01  6.789234E+00  0.0000000000  0.000000E+00
        9.787293E+26 -3.999262E+00 -2.001543E+00 -4.393217E-03  0.000000E+00
    73    12102.4521    8.15150959  8.095425E+08  4.827245E+08  1.001821E+31
        7.008003E+00  2.361122E+01  6.789322E+00  0.0000000000  0.000000E+00
        8.911675E+26 -3.999262E+00 -2.001543E+00 -4.393217E-03  0.000000E+00
    74    12009.7327    8.15182503  8.092485E+08  4.929485E+08  9.707662E+30
        7.002774E+00  2.361133E+01  6.789408E+00  0.0000000000  0.000000E+00
        8.119319E+26 -3.999262E+00 -2.001543E+00 -4.393217E-03  0.000000E+00
    75    11927.1829    8.15211065  8.089825E+08  5.023069E+08  9.437287E+30
        6.998076E+00  2.361143E+01  6.789483E+00  0.0000000000  0.000000E+00
        7.470979E+26 -3.999262E+00 -2.001543E+00 -4.393217E-03  0.000000E+00
    76    11848.6704    8.15238677  8.087253E+08  5.114430E+08  9.185399E+30
        6.993570E+00  2.361152E+01  6.789553E+00  0.0000000000  0.000000E+00
        6.900407E+26 -3.999262E+00 -2.001543E+00 -4.393217E-03  0.000000E+00
    77    11769.9808    8.15266688  8.084646E+08  5.208389E+08  8.938043E+30
        6.989017E+00  2.361161E+01  6.789620E+00  0.0000000000  0.000000E+00
        6.370406E+26 -3.999262E+00 -2.001543E+00 -4.393217E-03  0.000000E+00
    78    11690.4546    8.15295298  8.081983E+08  5.305877E+08  8.693185E+30
        6.984376E+00  2.361170E+01  6.789685E+00  0.0000000000  0.000000E+00
        5.874313E+26 -3.999262E+00 -2.001543E+00 -4.393217E-03  0.000000E+00
    79    11610.1077    8.15324443  8.079272E+08  5.407033E+08  8.450976E+30
        6.979645E+00  2.361178E+01  6.789748E+00  0.0000000000  0.000000E+00
        5.410618E+26 -3.999262E+00 -2.001543E+00 -4.393217E-03  0.000000E+00
    80    11527.9797    8.15354488  8.076478E+08  5.513288E+08  8.208697E+30
        6.974768E+00  2.361186E+01  6.789810E+00  0.0000000000  0.000000E+00
        4.972835E+26 -3.999262E+00 -2.001543E+00 -4.393217E-03  0.000000E+00
    81    11444.8933    8.15385087  8.073633E+08  5.623827E+08  7.968974E+30
        6.969789E+00  2.361194E+01  6.789869E+00  0.0000000000  0.000000E+00
        4.564418E+26 -3.999262E+00 -2.001543E+00 -4.393217E-03  0.000000E+00
    82    11360.4958    8.15416263  8.070736E+08  5.739337E+08  7.730949E+30
        6.964685E+00  2.361202E+01  6.789926E+00  0.0000000000  0.000000E+00
        4.182483E+26 -3.999262E+00 -2.001543E+00 -4.393217E-03  0.000000E+00
    83    11270.9974    8.15449445  8.067653E+08  5.865503E+08  7.484473E+30
        6.959224E+00  2.361210E+01  6.789984E+00  0.0000000000  0.000000E+00
        3.810975E+26 -3.999262E+00 -2.001543E+00 -4.393217E-03  0.000000E+00
    84    11179.4851    8.15483693  8.064473E+08  5.998534E+08  7.238633E+30
        6.953588E+00  2.361217E+01  6.790041E+00  0.0000000000  0.000000E+00
        3.463995E+26 -3.999262E+00 -2.001543E+00 -4.393217E-03  0.000000E+00
    85    11088.0877    8.15518247  8.061265E+08  6.135519E+08  6.999233E+30
        6.947907E+00  2.361225E+01  6.790096E+00  0.0000000000  0.000000E+00
        3.148034E+26 -3.999262E+00 -2.001543E+00 -4.393217E-03  0.000000E+00
    86    10995.3693    8.15553322  8.058010E+08  6.278820E+08  6.762579E+30
        6.942094E+00  2.361232E+01  6.790151E+00  0.0000000000  0.000000E+00
        2.856157E+26 -3.999262E+00 -2.001543E+00 -4.393217E-03  0.000000E+00
    87    10896.5628    8.15590408  8.054571E+08  6.436445E+08  6.517189E+30
        6.935847E+00  2.361240E+01  6.790208E+00  0.0000000000  0.000000E+00
        2.574239E+26 -3.999262E+00 -2.001543E+00 -4.393217E-03  0.000000E+00
    88    10790.9130    8.15630054  8.050895E+08  6.610766E+08  6.262367E+30
        6.929111E+00  2.361248E+01  6.790269E+00  0.0000000000  0.000000E+00
        2.303064E+26 -3.999262E+00 -2.001543E+00 -4.393217E-03  0.000000E+00
    89    10683.0653    8.15670738  8.047125E+08  6.795015E+08  6.010110E+30
        6.922175E+00  2.361257E+01  6.790331E+00  0.0000000000  0.000000E+00
        2.055329E+26 -3.999262E+00 -2.001543E+00 -4.393217E-03  0.000000E+00
    90    10574.1562    8.15712210  8.043284E+08  6.987762E+08  5.763245E+30
        6.915111E+00  2.361266E+01  6.790396E+00  0.0000000000  0.000000E+00
        1.831876E+26 -3.999262E+00 -2.001543E+00 -4.393217E-03  0.000000E+00
    91    10463.8252    8.15754389  8.039379E+08  7.190112E+08  5.521083E+30
        6.907895E+00  2.361275E+01  6.790465E+00  0.0000000000  0.000000E+00
        1.630104E+26 -3.999262E+00 -2.001543E+00 -4.393217E-03  0.000000E+00
    92    10350.5606    8.15798090  8.035335E+08  7.405657E+08  5.280571E+30
        6.900425E+00  2.361285E+01  6.790540E+00  0.0000000000  0.000000E+00
        1.445844E+26 -3.999262E+00 -2.001543E+00 -4.393217E-03  0.000000E+00
    93    10237.7690    8.15841943  8.031279E+08  7.628480E+08  5.049032E+30
        6.892921E+00  2.361296E+01  6.790617E+00  0.0000000000  0.000000E+00
        1.282804E+26 -3.999262E+00 -2.001543E+00 -4.393217E-03  0.000000E+00
    94    10121.7214    8.15887108  8.027104E+08  7.866751E+08  4.818953E+30
        6.885133E+00  2.361307E+01  6.790699E+00  0.0000000000  0.000000E+00
        1.134019E+26 -3.999262E+00 -2.001543E+00 -4.393217E-03  0.000000E+00
    95    10000.0604    8.15934010  8.022771E+08  8.127002E+08  4.586450E+30
        6.876889E+00  2.361319E+01  6.790787E+00  0.0000000000  0.000000E+00
        9.962242E+25 -3.999262E+00 -2.001543E+00 -4.393217E-03  0.000000E+00
    96     9872.0199    8.15983315  8.018218E+08  8.413337E+08  4.351082E+30
        6.868119E+00  2.361332E+01  6.790881E+00  0.0000000000  0.000000E+00
        8.687803E+25 -3.999262E+00 -2.001543E+00 -4.393217E-03  0.000000E+00
    97     9738.2146    8.16034707  8.013475E+08  8.727352E+08  4.115064E+30
        6.858837E+00  2.361345E+01  6.790981E+00  0.0000000000  0.000000E+00
        7.523943E+25 -3.999262E+00 -2.001543E+00 -4.393217E-03  0.000000E+00
    98     9600.4579    8.16087509  8.008605E+08  9.067807E+08  3.882389E+30
        6.849142E+00  2.361359E+01  6.791085E+00  0.0000000000  0.000000E+00
        6.481680E+25 -3.999262E+00 -2.001543E+00 -4.393217E-03  0.000000E+00
    99     9455.2229    8.16143140  8.003478E+08  9.447598E+08  3.648060E+30
        6.838747E+00  2.361375E+01  6.791196E+00  0.0000000000  0.000000E+00
        5.529780E+25 -3.999262E+00 -2.001543E+00 -4.393217E-03  0.000000E+00
   100     9307.3535    8.16200117  7.998229E+08  9.858444E+08  3.420660E+30
        6.827956E+00  2.361390E+01  6.791308E+00  0.0000000000  0.000000E+00
        4.694824E+25 -3.999262E+00 -2.001543E+00 -4.393217E-03  0.000000E+00
   101     9183.6021    8.16248073  7.993815E+08  1.022215E+09  3.238753E+30
        6.818746E+00  2.361403E+01  6.791401E+00  0.0000000000  0.000000E+00
        4.085813E+25 -3.999262E+00 -2.001543E+00 -4.393217E-03  0.000000E+00
   102     9067.5898    8.16293272  7.989656E+08  1.058129E+09  3.074971E+30
        6.809954E+00  2.361415E+01  6.791491E+00  0.0000000000  0.000000E+00
        3.581038E+25 -3.999262E+00 -2.001543E+00 -4.393217E-03  0.000000E+00
   103     8921.2236    8.16350797  7.984366E+08  1.106270E+09  2.877372E+30
        6.798636E+00  2.361431E+01  6.791608E+00  0.0000000000  0.000000E+00
        3.024236E+25 -3.999262E+00 -2.001543E+00 -4.393217E-03  0.000000E+00
   104     8796.9867    8.16399970  7.979847E+08  1.149604E+09  2.717330E+30
        6.788826E+00  2.361444E+01  6.791708E+00  0.0000000000  0.000000E+00
        2.614205E+25 -3.999262E+00 -2.001543E+00 -4.393217E-03  0.000000E+00
   105     8652.9201    8.16457052  7.974605E+08  1.202978E+09  2.540309E+30
        6.777230E+00  2.361460E+01  6.791823E+00  0.0000000000  0.000000E+00
        2.202854E+25 -3.999262E+00 -2.001543E+00 -4.393217E-03  0.000000E+00
   106     8510.7340    8.16513144  7.969457E+08  1.258942E+09  2.374340E+30
        6.765575E+00  2.361474E+01  6.791930E+00  0.0000000000  0.000000E+00
        1.856089E+25 -3.999262E+00 -2.001543E+00 -4.393217E-03  0.000000E+00
   107     8393.4296    8.16558986  7.965252E+08  1.307523E+09  2.243749E+30
        6.755824E+00  2.361485E+01  6.792010E+00  0.0000000000  0.000000E+00
        1.609344E+25 -3.999262E+00 -2.001543E+00 -4.393217E-03  0.000000E+00
   108     8254.8863    8.16612403  7.960355E+08  1.367956E+09  2.096653E+30
        6.744171E+00  2.361496E+01  6.792092E+00  0.0000000000  0.000000E+00
        1.358462E+25 -3.999262E+00 -2.001543E+00 -4.393217E-03  0.000000E+00
   109     8118.2531    8.16663980  7.955629E+08  1.430797E+09  1.958921E+30
        6.732549E+00  2.361505E+01  6.792153E+00  0.0000000000  0.000000E+00
        1.147947E+25 -3.999262E+00 -2.001543E+00 -4.393217E-03  0.000000E+00
   110     7983.4911    8.16713636  7.951082E+08  1.496114E+09  1.829959E+30
        6.720965E+00  2.361510E+01  6.792193E+00  0.0000000000  0.000000E+00
        9.713133E+24 -3.999262E+00 -2.001543E+00 -4.393217E-03  0.000000E+00
   111     7852.0374    8.16761329  7.946718E+08  1.563297E+09  1.710497E+30
        6.709540E+00  2.361514E+01  6.792217E+00  0.0000000000  0.000000E+00
        8.244328E+24 -3.999262E+00 -2.001543E+00 -4.393217E-03  0.000000E+00
   112     7723.6134    8.16807485  7.942496E+08  1.632581E+09  1.599608E+30
        6.698244E+00  2.361516E+01  6.792234E+00  0.0000000000  0.000000E+00
        7.013522E+24 -3.999262E+00 -2.001543E+00 -4.393217E-03  0.000000E+00
   113     7598.0039    8.16852611  7.938371E+08  1.704263E+09  1.496505E+30
        6.687039E+00  2.361519E+01  6.792252E+00  0.0000000000  0.000000E+00
        5.977368E+24 -3.999262E+00 -2.001543E+00 -4.393217E-03  0.000000E+00
   114     7475.5007    8.16897066  7.934309E+08  1.778400E+09  1.400867E+30
        6.675926E+00  2.361523E+01  6.792277E+00  0.0000000000  0.000000E+00
        5.103962E+24 -3.999262E+00 -2.001543E+00 -4.393217E-03  0.000000E+00
   115     7356.1159    8.16941261  7.930273E+08  1.855178E+09  1.312163E+30
        6.664887E+00  2.361528E+01  6.792316E+00  0.0000000000  0.000000E+00
        4.363943E+24 -3.999262E+00 -2.001543E+00 -4.393217E-03  0.000000E+00
   116     7269.4448    8.16974084  7.927277E+08  1.913870E+09  1.250462E+30
        6.656726E+00  2.361534E+01  6.792357E+00  0.0000000000  0.000000E+00
        3.887510E+24 -3.999262E+00 -2.001543E+00 -4.393217E-03  0.000000E+00
   117     7156.3387    8.17017963  7.923273E+08  1.994970E+09  1.173249E+30
        6.645866E+00  2.361543E+01  6.792425E+00  0.0000000000  0.000000E+00
        3.334516E+24 -3.999262E+00 -2.001543E+00 -4.393217E-03  0.000000E+00
   118     7047.1466    8.17061570  7.919296E+08  2.078307E+09  1.102158E+30
        6.635137E+00  2.361553E+01  6.792504E+00  0.0000000000  0.000000E+00
        2.866042E+24 -3.999262E+00 -2.001543E+00 -4.393217E-03  0.000000E+00
   119     6942.4256    8.17104797  7.915356E+08  2.163269E+09  1.037059E+30
        6.624607E+00  2.361564E+01  6.792588E+00  0.0000000000  0.000000E+00
        2.470939E+24 -3.999262E+00 -2.001543E+00 -4.393217E-03  0.000000E+00
   120     6842.0546    8.17147768  7.911441E+08  2.249577E+09  9.774054E+29
        6.614296E+00  2.361575E+01  6.792673E+00  0.0000000000  0.000000E+00
        2.137411E+24 -3.999262E+00 -2.001543E+00 -4.393217E-03  0.000000E+00
   121     6751.8519    8.17188030  7.907775E+08  2.331301E+09  9.260141E+29
        6.604855E+00  2.361585E+01  6.792750E+00  0.0000000000  0.000000E+00
        1.871936E+24 -3.999262E+00 -2.001543E+00 -4.393217E-03  0.000000E+00
   122     6660.4298    8.17230871  7.903875E+08  2.418267E+09  8.760050E+29
        6.595137E+00  2.361595E+01  6.792825E+00  0.0000000000  0.000000E+00
        1.633342E+24 -3.999262E+00 -2.001543E+00 -4.393217E-03  0.000000E+00
   123     6573.1915    8.17273799  7.899970E+08  2.505073E+09  8.301823E+29
        6.585744E+00  2.361604E+01  6.792892E+00  0.0000000000  0.000000E+00
        1.431982E+24 -3.999262E+00 -2.001543E+00 -4.393217E-03  0.000000E+00
   124     6489.7791    8.17316366  7.896099E+08  2.591555E+09  7.880654E+29
        6.576672E+00  2.361612E+01  6.792948E+00  0.0000000000  0.000000E+00
        1.261262E+24 -3.999262E+00 -2.001543E+00 -4.393217E-03  0.000000E+00
   125     6409.8676    8.17358240  7.892294E+08  2.677648E+09  7.492386E+29
        6.567911E+00  2.361619E+01  6.792999E+00  0.0000000000  0.000000E+00
        1.115893E+24 -3.999262E+00 -2.001543E+00 -4.393217E-03  0.000000E+00
   126     6333.2545    8.17399771  7.888521E+08  2.763591E+09  7.133725E+29
        6.561522E+00  2.361626E+01  6.793060E+00  0.0006356629 -2.761527E-04
        9.925956E+23 -3.999262E+00 -2.001543E+00 -4.393217E-03  0.000000E+00
   127     6279.0110    8.17430348  7.885744E+08  2.828531E+09  6.887598E+29
        6.557898E+00  2.361631E+01  6.793096E+00  0.0043489075 -1.892825E-03
        9.174828E+23 -3.999262E+00 -2.001543E+00 -4.393217E-03  0.000000E+00
   128     6231.4314    8.17458322  7.883205E+08  2.891507E+09  6.676892E+29
        6.553500E+00  2.361635E+01  6.793129E+00  0.0111379679 -4.864298E-03
        8.575220E+23 -3.999262E+00 -2.001543E+00 -4.393217E-03  0.000000E+00
   129     6187.7781    8.17485066  7.880778E+08  2.956140E+09  6.487757E+29
        6.548773E+00  2.361640E+01  6.793162E+00  0.0203530578 -8.930413E-03
        8.051932E+23 -3.999262E+00 -2.001543E+00 -4.393217E-03  0.000000E+00
   130     6141.9136    8.17514291  7.878127E+08  3.031677E+09  6.293297E+29
        6.543328E+00  2.361645E+01  6.793201E+00  0.0327991934 -1.448335E-02
        7.521325E+23 -3.999262E+00 -2.001543E+00 -4.393217E-03  0.000000E+00
   131     6088.8337    8.17549065  7.874974E+08  3.127743E+09  6.073683E+29
        6.536712E+00  2.361651E+01  6.793250E+00  0.0498953046 -2.222854E-02
        6.931264E+23 -3.999262E+00 -2.001543E+00 -4.393217E-03  0.000000E+00
   132     6021.9357    8.17593873  7.870912E+08  3.259636E+09  5.805131E+29
        6.528194E+00  2.361660E+01  6.793316E+00  0.0742669582 -3.351423E-02
        6.232183E+23 -3.999262E+00 -2.001543E+00 -4.393217E-03  0.000000E+00
   133     5940.2901    8.17649502  7.865873E+08  3.435476E+09  5.489615E+29
        6.517609E+00  2.361670E+01  6.793396E+00  0.1071553877 -4.922412E-02
        5.442811E+23 -3.999262E+00 -2.001543E+00 -4.393217E-03  0.000000E+00
   134     5848.9699    8.17715061  7.859938E+08  3.655359E+09  5.151969E+29
        6.505215E+00  2.361681E+01  6.793477E+00  0.1480436305 -6.958265E-02
        4.628007E+23 -3.999262E+00 -2.001543E+00 -4.393217E-03  0.000000E+00
   135     5753.5204    8.17791371  7.853036E+08  3.927050E+09  4.815343E+29
        6.490734E+00  2.361689E+01  6.793539E+00  0.1976326997 -9.562678E-02
        3.814635E+23 -3.999262E+00 -2.001543E+00 -4.393217E-03  0.000000E+00
   136     5649.6134    8.17882889  7.844766E+08  4.303441E+09  4.467374E+29
        6.471527E+00  2.361696E+01  6.793588E+00  0.2644250299 -1.333731E-01
        2.934557E+23 -3.999262E+00 -2.001543E+00 -4.393217E-03  0.000000E+00
   137     5530.5518    8.18007031  7.833562E+08  4.909015E+09  4.090815E+29
        6.441191E+00  2.361710E+01  6.793677E+00  0.3680684159 -1.993299E-01
        1.920608E+23 -3.999262E+00 -2.001543E+00 -4.393217E-03  0.000000E+00
   138     5429.0626    8.18140003  7.821579E+08  5.630856E+09  3.787090E+29
        6.403830E+00  2.361732E+01  6.793822E+00  0.4867133846 -2.896401E-01
        1.125648E+23 -3.999262E+00 -2.001543E+00 -4.393217E-03  0.000000E+00
   139     5346.5196    8.18246740  7.811973E+08  6.274136E+09  3.553232E+29
        6.368189E+00  2.361742E+01  6.793889E+00  0.5869223990 -3.839684E-01
        6.693567E+22 -3.999262E+00 -2.001543E+00 -4.393217E-03  0.000000E+00
   140     5257.6610    8.18340206  7.803571E+08  6.874389E+09  3.315695E+29
        6.332326E+00  2.361748E+01  6.793930E+00  0.6736359695 -4.862977E-01
        3.935802E+22 -3.999262E+00 -2.001543E+00 -4.393217E-03  0.000000E+00
   141     5166.8647    8.18425324  7.795928E+08  7.430495E+09  3.086465E+29
        6.296456E+00  2.361757E+01  6.793989E+00  0.7463400190 -5.957480E-01
        2.296973E+22 -3.999262E+00 -2.001543E+00 -4.393217E-03  0.000000E+00
   142     5081.3161    8.18498847  7.789332E+08  7.925633E+09  2.882190E+29
        6.261927E+00  2.361767E+01  6.794062E+00  0.8039609181 -7.076573E-01
        1.359441E+22 -3.999262E+00 -2.001543E+00 -4.393217E-03  0.000000E+00
   143     4984.8503    8.18571121  7.782853E+08  8.422864E+09  2.665039E+29
        6.224362E+00  2.361785E+01  6.794178E+00  0.8543515821 -8.366942E-01
        7.639162E+21 -3.999262E+00 -2.001543E+00 -4.393217E-03  0.000000E+00
   144     4874.2726    8.18636472  7.776999E+08  8.905670E+09  2.432657E+29
        6.184874E+00  2.361805E+01  6.794313E+00  0.8952664717 -9.799143E-01
        4.145426E+21 -3.999262E+00 -2.001543E+00 -4.393217E-03  0.000000E+00
   145     4745.9815    8.18692722  7.771965E+08  9.393002E+09  2.183651E+29
        6.141866E+00  2.361821E+01  6.794451E+00  0.9283453760 -1.144756E+00
        2.119307E+21 -3.999262E+00 -2.001543E+00 -4.393217E-03  0.000000E+00
   146     4631.0690    8.18736249  7.768071E+08  9.805444E+09  1.977738E+29
        6.102864E+00  2.361833E+01  6.794562E+00  0.9501341428 -1.302197E+00
        1.148459E+21 -3.999262E+00 -2.001543E+00 -4.393217E-03  0.000000E+00
   147     4522.3587    8.18776931  7.764434E+08  1.018220E+10  1.796789E+29
        6.064849E+00  2.361842E+01  6.794633E+00  0.9655636517 -1.462983E+00
        6.299566E+20 -3.999262E+00 -2.001543E+00 -4.393217E-03  0.000000E+00
   148     4405.0645    8.18814916  7.761039E+08  1.056200E+10  1.616092E+29
        6.023898E+00  2.361850E+01  6.794680E+00  0.9772271281 -1.642582E+00
        3.288829E+20 -3.999262E+00 -2.001512E+00 -4.393526E-03  0.000000E+00
   149     4279.9773    8.18846727  7.758197E+08  1.092753E+10  1.439146E+29
        5.981701E+00  2.361855E+01  6.794712E+00  0.9844542000 -1.808387E+00
        1.678516E+20 -3.999262E+00 -2.001373E+00 -4.394925E-03  0.000000E+00
   150     4142.8820    8.18875528  7.755625E+08  1.128855E+10  1.262587E+29
        5.937106E+00  2.361857E+01  6.794728E+00  0.9871829285 -1.892211E+00
        8.218683E+19 -3.999262E+00 -1.997770E+00 -4.431360E-03  0.000000E+00
   151     4028.8524    8.18896364  7.753765E+08  1.157593E+10  1.128673E+29
        5.899590E+00  2.361857E+01  6.794729E+00  0.9875076077 -1.903354E+00
        4.501252E+19 -3.999262E+00 -1.991495E+00 -4.495549E-03  0.000000E+00
   152     3938.5239    8.18912356  7.752337E+08  1.180455E+10  1.030426E+29
        5.868655E+00  2.361857E+01  6.794728E+00  0.9876956071 -1.909940E+00
        2.739927E+19 -3.999262E+00 -1.987852E+00 -4.533241E-03  0.000000E+00
   153     3850.7956    8.18927745  7.750964E+08  1.202216E+10  9.413058E+28
        5.837962E+00  2.361858E+01  6.794734E+00  0.9878834800 -1.916622E+00
        1.672691E+19 -3.999262E+00 -1.983570E+00 -4.577962E-03  0.000000E+00
   154     3750.5528    8.18945114  7.749414E+08  1.226926E+10  8.467131E+28
        5.801297E+00  2.361859E+01  6.794743E+00  0.9882170296 -1.928745E+00
        9.269800E+18 -3.999262E+00 -1.982543E+00 -4.588751E-03  0.000000E+00
   155     3622.2565    8.18963654  7.747760E+08  1.256142E+10  7.363538E+28
        5.754932E+00  2.361860E+01  6.794750E+00  0.9885909442 -1.942750E+00
        4.390441E+18 -3.999262E+00 -1.981573E+00 -4.598975E-03  0.000000E+00
   156     3479.3183    8.18978971  7.746394E+08  1.283284E+10  6.266041E+28
        5.709308E+00  2.361861E+01  6.794752E+00  0.9889159078 -1.955300E+00
        2.103538E+18 -3.999262E+00 -1.980723E+00 -4.607947E-03  0.000000E+00
   157     3330.9168    8.18990949  7.745326E+08  1.308088E+10  5.262013E+28
        5.665967E+00  2.361861E+01  6.794753E+00  0.9892012195 -1.966625E+00
        1.044867E+18 -3.999262E+00 -1.979975E+00 -4.615853E-03  0.000000E+00
   158     3244.1713    8.18997007  7.744786E+08  1.323975E+10  4.734251E+28
        5.637180E+00  2.361861E+01  6.794753E+00  0.9893839093 -1.974035E+00
        6.556381E+17 -3.999262E+00 -1.979467E+00 -4.621228E-03  0.000000E+00
   159     3149.8360    8.19003301  7.744224E+08  1.340265E+10  4.206540E+28
        5.606357E+00  2.361861E+01  6.794754E+00  0.9895715969 -1.981782E+00
        3.982458E+17 -3.999262E+00 -1.978968E+00 -4.626527E-03  0.000000E+00
   160     3023.1285    8.19011160  7.743524E+08  1.360013E+10  3.568791E+28
        5.568241E+00  2.361861E+01  6.794755E+00  0.9897988338 -1.991350E+00
        2.146626E+17 -3.999262E+00 -1.978390E+00 -4.632658E-03  0.000000E+00
   161     2854.6105    8.19020462  7.742694E+08  1.385917E+10  2.836541E+28
        5.516415E+00  2.361861E+01  6.794756E+00  0.9901010928 -2.004413E+00
        9.247362E+16 -3.999262E+00 -1.978812E+00 -4.628183E-03  0.000000E+00
   162     2701.7105    8.19027818  7.742039E+08  1.409346E+10  2.275534E+28
        5.467854E+00  2.361861E+01  6.794756E+00  0.9903417104 -2.015100E+00
        4.192055E+16 -3.999262E+00 -1.978550E+00 -4.630966E-03  0.000000E+00
   163     2550.7237    8.19034651  7.741430E+08  1.432515E+10  1.807646E+28
        5.417955E+00  2.361861E+01  6.794757E+00  0.9906176358 -2.027688E+00
        1.855934E+16 -3.999262E+00 -1.978749E+00 -4.628846E-03  0.000000E+00
   164     2432.3314    8.19039686  7.740981E+08  1.451023E+10  1.494516E+28
        5.376661E+00  2.361861E+01  6.794757E+00  0.9908689950 -2.039481E+00
        9.444313E+15 -3.999262E+00 -1.979057E+00 -4.625580E-03  0.000000E+00
   165     2313.3402    8.19044437  7.740558E+08  1.469634E+10  1.222700E+28
        5.333698E+00  2.361861E+01  6.794757E+00  0.9911512963 -2.053120E+00
        4.671404E+15 -3.999262E+00 -1.979312E+00 -4.622877E-03  0.000000E+00
   166     2200.3374    8.19048724  7.740176E+08  1.487529E+10  1.000636E+28
        5.290996E+00  2.361861E+01  6.794757E+00  0.9914416777 -2.067611E+00
        2.318518E+15 -3.999262E+00 -1.979725E+00 -4.618501E-03  0.000000E+00
   167     2088.7866    8.19052675  7.739823E+08  1.505438E+10  8.125608E+27
        5.246723E+00  2.361861E+01  6.794757E+00  0.9917598207 -2.084063E+00
        1.120866E+15 -3.999262E+00 -1.980150E+00 -4.614000E-03  0.000000E+00
   168     1982.8453    8.19056669  7.739468E+08  1.522759E+10  6.597736E+27
        5.202363E+00  2.361861E+01  6.794757E+00  0.9920959747 -2.102152E+00
        5.411345E+14 -3.999262E+00 -1.980640E+00 -4.608820E-03  0.000000E+00
   169     1881.7878    8.19061396  7.739046E+08  1.539660E+10  5.351492E+27
        5.157629E+00  2.361861E+01  6.794758E+00  0.9924412568 -2.121550E+00
        2.598211E+14 -3.999262E+00 -1.981203E+00 -4.602881E-03  0.000000E+00
   170     1781.3274    8.19066558  7.738586E+08  1.556826E+10  4.296509E+27
        5.110548E+00  2.361861E+01  6.794758E+00  0.9928359685 -2.144843E+00
        1.202587E+14 -3.999262E+00 -1.982282E+00 -4.591508E-03  0.000000E+00
   171     1730.2508    8.19069096  7.738360E+08  1.565680E+10  3.824297E+27
        5.085052E+00  2.361861E+01  6.794758E+00  0.9940177573 -2.223136E+00
        7.866075E+13 -3.999262E+00 -1.982434E+00 -4.589907E-03  0.000000E+00
   172     1687.0139    8.19071044  7.738187E+08  1.573076E+10  3.455974E+27
        5.062431E+00  2.361862E+01  6.794758E+00  0.9952677311 -2.324931E+00
        5.395171E+13 -3.999262E+00 -1.982476E+00 -4.589458E-03  0.000000E+00
   173     1640.4508    8.19072771  7.738033E+08  1.580798E+10  3.089808E+27
        5.037172E+00  2.361862E+01  6.794758E+00  0.9963904740 -2.442550E+00
        3.558357E+13 -3.999262E+00 -1.982483E+00 -4.589383E-03  0.000000E+00
   174     1594.8974    8.19074254  7.737901E+08  1.588145E+10  2.760545E+27
        5.011588E+00  2.361862E+01  6.794758E+00  0.9972654999 -2.563122E+00
        2.361599E+13 -3.999262E+00 -1.982483E+00 -4.589383E-03  0.000000E+00
   175     1549.0708    8.19075693  7.737773E+08  1.595361E+10  2.456600E+27
        4.984814E+00  2.361862E+01  6.794758E+00  0.9979616981 -2.690731E+00
        1.547328E+13 -3.999262E+00 -1.982484E+00 -4.589383E-03  0.000000E+00
   176     1506.3527    8.19077170  7.737641E+08  1.601919E+10  2.196551E+27
        4.958796E+00  2.361862E+01  6.794758E+00  0.9984724954 -2.816017E+00
        1.032229E+13 -3.999262E+00 -1.982484E+00 -4.589383E-03  0.000000E+00
   177     1465.6913    8.19078669  7.737508E+08  1.608022E+10  1.968746E+27
        4.933046E+00  2.361862E+01  6.794758E+00  0.9988550393 -2.941209E+00
        6.954989E+12 -3.999262E+00 -1.982484E+00 -4.589383E-03  0.000000E+00
   178     1425.1501    8.19080018  7.737387E+08  1.613980E+10  1.759740E+27
        4.906282E+00  2.361862E+01  6.794758E+00  0.9991551893 -3.073241E+00
        4.622779E+12 -3.999262E+00 -1.982484E+00 -4.589383E-03  0.000000E+00
   179     1387.6960    8.19081210  7.737281E+08  1.619349E+10  1.581873E+27
        4.880455E+00  2.361862E+01  6.794758E+00  0.9993731175 -3.202814E+00
        3.144509E+12 -3.999262E+00 -1.982484E+00 -4.589383E-03  0.000000E+00
   180     1352.7961    8.19082426  7.737173E+08  1.624223E+10  1.428602E+27
        4.855474E+00  2.361862E+01  6.794758E+00  0.9995288332 -3.326825E+00
        2.176046E+12 -3.999262E+00 -1.982484E+00 -4.589383E-03  0.000000E+00
   181     1317.9901    8.19083898  7.737042E+08  1.628957E+10  1.287111E+27
        4.829626E+00  2.361862E+01  6.794758E+00  0.9996452806 -3.450115E+00
        1.493268E+12 -3.999262E+00 -1.982484E+00 -4.589383E-03  0.000000E+00
   182     1289.4365    8.19085311  7.736916E+08  1.632741E+10  1.179106E+27
        4.807601E+00  2.361862E+01  6.794758E+00  0.9997208220 -3.554119E+00
        1.086806E+12 -3.999262E+00 -1.982484E+00 -4.589383E-03  0.000000E+00
   183     1259.9083    8.19086765  7.736786E+08  1.636565E+10  1.074718E+27
        4.783825E+00  2.361862E+01  6.794758E+00  0.9997889025 -3.675517E+00
        7.719019E+11 -3.999262E+00 -1.982484E+00 -4.589383E-03  0.000000E+00
   184     1231.4062    8.19087934  7.736682E+08  1.640167E+10  9.806913E+26
        4.759830E+00  2.361862E+01  6.794759E+00  0.9998424298 -3.802526E+00
        5.487300E+11 -3.999254E+00 -1.982484E+00 -4.589383E-03  0.000000E+00
   185     1207.9825    8.19087520  7.736719E+08  1.642900E+10  9.081836E+26
        4.740595E+00  2.361862E+01  6.794758E+00  0.9998631010 -3.863600E+00
        4.179912E+11 -3.998343E+00 -1.982492E+00 -4.589383E-03  0.000000E+00
   186     1181.2409    8.19087337  7.736735E+08  1.645767E+10  8.303990E+26
        4.719372E+00  2.361862E+01  6.794758E+00  0.9998719514 -3.892625E+00
        3.099862E+11 -3.997793E+00 -1.982498E+00 -4.589383E-03  0.000000E+00
   187     1151.0080    8.19087435  7.736727E+08  1.648893E+10  7.485921E+26
        4.694945E+00  2.361862E+01  6.794758E+00  0.9998796625 -3.919599E+00
        2.200488E+11 -3.997593E+00 -1.982500E+00 -4.589383E-03  0.000000E+00
   188     1123.9305    8.19087232  7.736745E+08  1.651622E+10  6.805997E+26
        4.672515E+00  2.361862E+01  6.794758E+00  0.9998857478 -3.942135E+00
        1.608206E+11 -3.997149E+00 -1.982504E+00 -4.589383E-03  0.000000E+00
   189     1097.7885    8.19087117  7.736755E+08  1.654186E+10  6.194552E+26
        4.650238E+00  2.361862E+01  6.794758E+00  0.9998914633 -3.964423E+00
        1.178936E+11 -3.996744E+00 -1.982508E+00 -4.589383E-03  0.000000E+00
