============================================================================
   #Mod      Teff         Log(g)        Rayon        Age           Lum
           Log(Tc)       Log(Pc)      Log(rhoc)     M_x/M        Log(q_x)
            Lum_nu       Log(H/*)     Log(He/*)    Log(C/*)      Log(O/*)
============================================================================
     0    60007.5471    8.53270817  6.238660E+08  0.000000E+00  3.596032E+33
        7.989971E+00  2.461215E+01  7.483343E+00  0.0000000000  0.000000E+00
        9.358898E+34 -4.002864E+00 -1.991281E+00 -4.497397E-03  0.000000E+00
     1    57926.3382    8.53949984  6.190069E+08  4.000000E+05  3.074063E+33
        7.938979E+00  2.462021E+01  7.489320E+00  0.0000000000  0.000000E+00
        3.130751E+34 -4.002864E+00 -1.991281E+00 -4.497397E-03  0.000000E+00
     2    55381.3492    8.54500022  6.150994E+08  8.000000E+05  2.536075E+33
        7.906943E+00  2.462455E+01  7.492560E+00  0.0000000000  0.000000E+00
        1.614400E+34 -4.002864E+00 -1.991281E+00 -4.497397E-03  0.000000E+00
     3    53152.1084    8.54923359  6.121088E+08  1.200000E+06  2.130869E+33
        7.883429E+00  2.462727E+01  7.494606E+00  0.0000000000  0.000000E+00
        1.007302E+34 -4.002864E+00 -1.991281E+00 -4.497397E-03  0.000000E+00
     4    51354.7037    8.55246106  6.098386E+08  1.600000E+06  1.843181E+33
        7.864739E+00  2.462912E+01  7.496007E+00  0.0000000000  0.000000E+00
        6.981765E+33 -4.002864E+00 -1.991281E+00 -4.497397E-03  0.000000E+00
     5    49929.9357    8.55495919  6.080871E+08  2.000000E+06  1.637544E+33
        7.849171E+00  2.463049E+01  7.497037E+00  0.0000000000  0.000000E+00
        5.171199E+33 -4.002864E+00 -1.991281E+00 -4.497397E-03  0.000000E+00
     6    48793.0965    8.55694113  6.067012E+08  2.400000E+06  1.486622E+33
        7.835799E+00  2.463158E+01  7.497848E+00  0.0000000000  0.000000E+00
        4.009263E+33 -4.002864E+00 -1.991281E+00 -4.497397E-03  0.000000E+00
     7    47986.3593    8.55834478  6.057215E+08  2.726557E+06  1.386228E+33
        7.825754E+00  2.463235E+01  7.498428E+00  0.0000000000  0.000000E+00
        3.314499E+33 -4.002864E+00 -1.991281E+00 -4.497397E-03  0.000000E+00
     8    47334.2044    8.55949083  6.049229E+08  3.039608E+06  1.308934E+33
        7.817024E+00  2.463301E+01  7.498917E+00  0.0000000000  0.000000E+00
        2.813713E+33 -4.002864E+00 -1.991281E+00 -4.497397E-03  0.000000E+00
     9    46710.0563    8.56059805  6.041522E+08  3.391612E+06  1.238089E+33
        7.808089E+00  2.463366E+01  7.499406E+00  0.0000000000  0.000000E+00
        2.383076E+33 -4.002864E+00 -1.991281E+00 -4.497397E-03  0.000000E+00
    10    46091.0172    8.56168850  6.033942E+08  3.793908E+06  1.170806E+33
        7.798805E+00  2.463434E+01  7.499907E+00  0.0000000000  0.000000E+00
        2.008306E+33 -4.002864E+00 -1.991281E+00 -4.497397E-03  0.000000E+00
    11    45511.2158    8.56274646  6.026597E+08  4.250575E+06  1.110288E+33
        7.789230E+00  2.463503E+01  7.500422E+00  0.0000000000  0.000000E+00
        1.685852E+33 -4.002864E+00 -1.991281E+00 -4.497397E-03  0.000000E+00
    12    44925.9870    8.56382484  6.019120E+08  4.788494E+06  1.051657E+33
        7.779016E+00  2.463576E+01  7.500969E+00  0.0000000000  0.000000E+00
        1.400542E+33 -4.002864E+00 -1.991281E+00 -4.497397E-03  0.000000E+00
    13    44342.1804    8.56491085  6.011599E+08  5.416264E+06  9.955558E+32
        7.768253E+00  2.463652E+01  7.501540E+00  0.0000000000  0.000000E+00
        1.153124E+33 -4.002864E+00 -1.991281E+00 -4.497397E-03  0.000000E+00
    14    43753.8221    8.56598677  6.004157E+08  6.130386E+06  9.414244E+32
        7.757210E+00  2.463728E+01  7.502117E+00  0.0000000000  0.000000E+00
        9.450627E+32 -4.002864E+00 -1.991281E+00 -4.497397E-03  0.000000E+00
    15    43199.0256    8.56703166  5.996938E+08  6.932455E+06  8.924264E+32
        7.746016E+00  2.463805E+01  7.502691E+00  0.0000000000  0.000000E+00
        7.723456E+32 -4.002864E+00 -1.991281E+00 -4.497397E-03  0.000000E+00
    16    42646.1274    8.56806915  5.989779E+08  7.833121E+06  8.455854E+32
        7.734657E+00  2.463881E+01  7.503262E+00  0.0000000000  0.000000E+00
        6.288249E+32 -4.002864E+00 -1.991281E+00 -4.497397E-03  0.000000E+00
    17    42079.2601    8.56910531  5.982638E+08  8.845197E+06  7.996047E+32
        7.723106E+00  2.463956E+01  7.503830E+00  0.0000000000  0.000000E+00
        5.095704E+32 -4.002864E+00 -1.991281E+00 -4.497397E-03  0.000000E+00
    18    41522.9679    8.57014087  5.975510E+08  9.983089E+06  7.563467E+32
        7.711334E+00  2.464031E+01  7.504396E+00  0.0000000000  0.000000E+00
        4.105075E+32 -4.002864E+00 -1.991281E+00 -4.497397E-03  0.000000E+00
    19    40955.9379    8.57118731  5.968315E+08  1.126365E+07  7.141484E+32
        7.699301E+00  2.464105E+01  7.504958E+00  0.0000000000  0.000000E+00
        3.283501E+32 -4.002864E+00 -1.991281E+00 -4.497397E-03  0.000000E+00
    20    40361.1661    8.57225311  5.960996E+08  1.270536E+07  6.719082E+32
        7.686971E+00  2.464180E+01  7.505522E+00  0.0000000000  0.000000E+00
        2.605562E+32 -4.002864E+00 -1.991281E+00 -4.497397E-03  0.000000E+00
    21    39767.8536    8.57333310  5.953589E+08  1.432674E+07  6.316897E+32
        7.674324E+00  2.464254E+01  7.506090E+00  0.0000000000  0.000000E+00
        2.049130E+32 -4.002864E+00 -1.991281E+00 -4.497397E-03  0.000000E+00
    22    39141.6896    8.57444380  5.945981E+08  1.615163E+07  5.913202E+32
        7.661307E+00  2.464330E+01  7.506664E+00  0.0000000000  0.000000E+00
        1.595658E+32 -4.002864E+00 -1.991281E+00 -4.497397E-03  0.000000E+00
    23    38512.1813    8.57557586  5.938236E+08  1.820223E+07  5.527451E+32
        7.647898E+00  2.464406E+01  7.507244E+00  0.0000000000  0.000000E+00
        1.229019E+32 -4.002864E+00 -1.991281E+00 -4.497397E-03  0.000000E+00
    24    37848.0726    8.57674324  5.930261E+08  2.050670E+07  5.142095E+32
        7.634042E+00  2.464483E+01  7.507829E+00  0.0000000000  0.000000E+00
        9.357010E+31 -4.002864E+00 -1.991281E+00 -4.497397E-03  0.000000E+00
    25    37166.9098    8.57793436  5.922134E+08  2.308654E+07  4.768697E+32
        7.619742E+00  2.464560E+01  7.508413E+00  0.0000000000  0.000000E+00
        7.041478E+31 -4.002864E+00 -1.991281E+00 -4.497397E-03  0.000000E+00
    26    36467.7598    8.57914998  5.913852E+08  2.596434E+07  4.407523E+32
        7.605000E+00  2.464637E+01  7.508993E+00  0.0000000000  0.000000E+00
        5.236450E+31 -4.002864E+00 -1.991281E+00 -4.497397E-03  0.000000E+00
    27    35758.9019    8.58037788  5.905497E+08  2.915176E+07  4.063189E+32
        7.589874E+00  2.464714E+01  7.509567E+00  0.0000000000  0.000000E+00
        3.854744E+31 -4.002864E+00 -1.991281E+00 -4.497397E-03  0.000000E+00
    28    35029.2073    8.58163107  5.896983E+08  3.268786E+07  3.730769E+32
        7.574302E+00  2.464791E+01  7.510139E+00  0.0000000000  0.000000E+00
        2.805048E+31 -4.002864E+00 -1.991281E+00 -4.497397E-03  0.000000E+00
    29    34298.8023    8.58288969  5.888444E+08  3.657666E+07  3.419278E+32
        7.558375E+00  2.464867E+01  7.510709E+00  0.0000000000  0.000000E+00
        2.021650E+31 -4.002864E+00 -1.991281E+00 -4.497397E-03  0.000000E+00
    30    33555.5278    8.58416297  5.879819E+08  4.085228E+07  3.123213E+32
        7.542062E+00  2.464943E+01  7.511281E+00  0.0000000000  0.000000E+00
        1.443088E+31 -4.002864E+00 -1.991281E+00 -4.497397E-03  0.000000E+00
    31    32813.5500    8.58543092  5.871242E+08  4.552040E+07  2.847674E+32
        7.525444E+00  2.465018E+01  7.511845E+00  0.0000000000  0.000000E+00
        1.022085E+31 -4.002864E+00 -1.991281E+00 -4.497397E-03  0.000000E+00
    32    32069.4534    8.58669465  5.862706E+08  5.060170E+07  2.590478E+32
        7.508549E+00  2.465092E+01  7.512401E+00  0.0000000000  0.000000E+00
        7.190079E+30 -4.002864E+00 -1.991281E+00 -4.497397E-03  0.000000E+00
    33    31329.3322    8.58794632  5.854263E+08  5.610200E+07  2.352700E+32
        7.491455E+00  2.465164E+01  7.512945E+00  0.0000000000  0.000000E+00
        5.034039E+30 -4.002864E+00 -1.991281E+00 -4.497397E-03  0.000000E+00
    34    30593.6555    8.58918412  5.845926E+08  6.203992E+07  2.133289E+32
        7.474190E+00  2.465234E+01  7.513475E+00  0.0000000000  0.000000E+00
        3.512171E+30 -4.002864E+00 -1.991281E+00 -4.497397E-03  0.000000E+00
    35    29864.6841    8.59040491  5.837716E+08  6.842698E+07  1.931679E+32
        7.456808E+00  2.465302E+01  7.513988E+00  0.0000000000  0.000000E+00
        2.446151E+30 -4.002864E+00 -1.991281E+00 -4.497397E-03  0.000000E+00
    36    29145.7169    8.59160300  5.829669E+08  7.526720E+07  1.747448E+32
        7.439378E+00  2.465367E+01  7.514470E+00  0.0000000000  0.000000E+00
        1.704208E+30 -4.002864E+00 -1.991281E+00 -4.497397E-03  0.000000E+00
    37    28439.9525    8.59277730  5.821793E+08  8.256316E+07  1.579961E+32
        7.421973E+00  2.465430E+01  7.514928E+00  0.0000000000  0.000000E+00
        1.189947E+30 -4.002864E+00 -1.991281E+00 -4.497397E-03  0.000000E+00
    38    27747.8042    8.59393255  5.814055E+08  9.034486E+07  1.427875E+32
        7.404596E+00  2.465491E+01  7.515377E+00  0.0000000000  0.000000E+00
        8.331173E+29 -4.002864E+00 -1.991281E+00 -4.497397E-03  0.000000E+00
    39    27070.4994    8.59507203  5.806433E+08  9.864627E+07  1.290094E+32
        7.387243E+00  2.465553E+01  7.515831E+00  0.0000000000  0.000000E+00
        5.850487E+29 -4.002864E+00 -1.991281E+00 -4.497397E-03  0.000000E+00
    40    26407.4742    8.59620017  5.798896E+08  1.075114E+08  1.165240E+32
        7.369899E+00  2.465616E+01  7.516306E+00  0.0000000000  0.000000E+00
        4.121156E+29 -4.002864E+00 -1.991281E+00 -4.497397E-03  0.000000E+00
    41    25760.8570    8.59731257  5.791474E+08  1.169618E+08  1.052536E+32
        7.352596E+00  2.465681E+01  7.516801E+00  0.0000000000  0.000000E+00
        2.914749E+29 -4.002864E+00 -1.991281E+00 -4.497397E-03  0.000000E+00
    42    25130.3753    8.59839992  5.784229E+08  1.270386E+08  9.508330E+31
        7.335320E+00  2.465745E+01  7.517293E+00  0.0000000000  0.000000E+00
        2.069914E+29 -4.002864E+00 -1.991281E+00 -4.497397E-03  0.000000E+00
    43    24514.2068    8.59945415  5.777212E+08  1.377891E+08  8.588661E+31
        7.318052E+00  2.465806E+01  7.517756E+00  0.0000000000  0.000000E+00
        1.476044E+29 -4.002864E+00 -1.991281E+00 -4.497397E-03  0.000000E+00
    44    23911.8995    8.60046693  5.770480E+08  1.492557E+08  7.757069E+31
        7.300784E+00  2.465860E+01  7.518170E+00  0.0000000000  0.000000E+00
        1.057228E+29 -4.002864E+00 -1.991281E+00 -4.497397E-03  0.000000E+00
    45    23323.2144    8.60143409  5.764058E+08  1.614740E+08  7.005317E+31
        7.283532E+00  2.465907E+01  7.518525E+00  0.0000000000  0.000000E+00
        7.610938E+28 -4.002864E+00 -1.991281E+00 -4.497397E-03  0.000000E+00
    46    22748.7010    8.60235742  5.757934E+08  1.744651E+08  6.326700E+31
        7.266341E+00  2.465949E+01  7.518837E+00  0.0000000000  0.000000E+00
        5.512937E+28 -4.002864E+00 -1.991281E+00 -4.497397E-03  0.000000E+00
    47    22187.9068    8.60324320  5.752065E+08  1.882813E+08  5.713870E+31
        7.249212E+00  2.465986E+01  7.519120E+00  0.0000000000  0.000000E+00
        4.018672E+28 -4.002864E+00 -1.991281E+00 -4.497397E-03  0.000000E+00
    48    21640.5034    8.60410057  5.746390E+08  2.029882E+08  5.160326E+31
        7.232133E+00  2.466023E+01  7.519390E+00  0.0000000000  0.000000E+00
        2.947609E+28 -4.002864E+00 -1.991281E+00 -4.497397E-03  0.000000E+00
    49    21106.9379    8.60493723  5.740858E+08  2.186625E+08  4.660923E+31
        7.215084E+00  2.466058E+01  7.519659E+00  0.0000000000  0.000000E+00
        2.174468E+28 -4.002864E+00 -1.991281E+00 -4.497397E-03  0.000000E+00
    50    20588.9291    8.60575539  5.735453E+08  2.353819E+08  4.211995E+31
        7.198048E+00  2.466093E+01  7.519923E+00  0.0000000000  0.000000E+00
        1.612424E+28 -4.002864E+00 -1.991281E+00 -4.497397E-03  0.000000E+00
    51    20084.3705    8.60656253  5.730126E+08  2.532579E+08  3.806963E+31
        7.180982E+00  2.466126E+01  7.520179E+00  0.0000000000  0.000000E+00
        1.200806E+28 -4.002864E+00 -1.991281E+00 -4.497397E-03  0.000000E+00
    52    19593.3935    8.60736281  5.724849E+08  2.723647E+08  3.441788E+31
        7.163882E+00  2.466158E+01  7.520424E+00  0.0000000000  0.000000E+00
        8.980333E+27 -4.002864E+00 -1.991281E+00 -4.497397E-03  0.000000E+00
    53    19115.2888    8.60815762  5.719612E+08  2.928198E+08  3.112247E+31
        7.146713E+00  2.466189E+01  7.520653E+00  0.0000000000  0.000000E+00
        6.739136E+27 -4.002864E+00 -1.991281E+00 -4.497397E-03  0.000000E+00
    54    18648.2725    8.60893949  5.714466E+08  3.147422E+08  2.813994E+31
        7.129443E+00  2.466216E+01  7.520854E+00  0.0000000000  0.000000E+00
        5.071707E+27 -4.002864E+00 -1.991281E+00 -4.497397E-03  0.000000E+00
    55    18192.1144    8.60970299  5.709445E+08  3.381631E+08  2.544122E+31
        7.112121E+00  2.466240E+01  7.521023E+00  0.0000000000  0.000000E+00
        3.830601E+27 -4.002864E+00 -1.991281E+00 -4.497397E-03  0.000000E+00
    56    17746.3050    8.61045062  5.704533E+08  3.631246E+08  2.299796E+31
        7.094795E+00  2.466262E+01  7.521180E+00  0.0000000000  0.000000E+00
        2.905340E+27 -4.002864E+00 -1.991281E+00 -4.497397E-03  0.000000E+00
    57    17310.2747    8.61118590  5.699706E+08  3.896946E+08  2.078443E+31
        7.077490E+00  2.466286E+01  7.521345E+00  0.0000000000  0.000000E+00
        2.213211E+27 -4.002864E+00 -1.991281E+00 -4.497397E-03  0.000000E+00
    58    16884.1948    8.61191556  5.694920E+08  4.179622E+08  1.878080E+31
        7.060222E+00  2.466313E+01  7.521542E+00  0.0000000000  0.000000E+00
        1.693023E+27 -4.002864E+00 -1.991281E+00 -4.497397E-03  0.000000E+00
    59    16468.5698    8.61264928  5.690111E+08  4.480542E+08  1.697003E+31
        7.042985E+00  2.466346E+01  7.521788E+00  0.0000000000  0.000000E+00
        1.297606E+27 -4.002864E+00 -1.991281E+00 -4.497397E-03  0.000000E+00
    60    16064.0739    8.61338004  5.685326E+08  4.800757E+08  1.533737E+31
        7.025777E+00  2.466382E+01  7.522061E+00  0.0000000000  0.000000E+00
        9.951462E+26 -4.002864E+00 -1.991281E+00 -4.497397E-03  0.000000E+00
    61    15670.3073    8.61409662  5.680638E+08  5.142060E+08  1.386506E+31
        7.008554E+00  2.466417E+01  7.522331E+00  0.0000000000  0.000000E+00
        7.683815E+26 -4.002864E+00 -1.991281E+00 -4.497397E-03  0.000000E+00
    62    15286.4874    8.61478730  5.676122E+08  5.506587E+08  1.253579E+31
        6.991258E+00  2.466448E+01  7.522566E+00  0.0000000000  0.000000E+00
        5.940226E+26 -4.002864E+00 -1.991281E+00 -4.497397E-03  0.000000E+00
    63    14911.5793    8.61544031  5.671857E+08  5.896554E+08  1.133346E+31
        6.973837E+00  2.466470E+01  7.522732E+00  0.0000000000  0.000000E+00
        4.593580E+26 -4.002864E+00 -1.991281E+00 -4.497397E-03  0.000000E+00
    64    14545.1672    8.61605342  5.667855E+08  6.313333E+08  1.024542E+31
        6.956301E+00  2.466482E+01  7.522824E+00  0.0000000000  0.000000E+00
        3.552887E+26 -4.002864E+00 -1.991281E+00 -4.497397E-03  0.000000E+00
    65    14186.9240    8.61664019  5.664027E+08  6.757797E+08  9.260214E+30
        6.938694E+00  2.466491E+01  7.522879E+00  0.0000000000  0.000000E+00
        2.750078E+26 -4.002864E+00 -1.991281E+00 -4.497397E-03  0.000000E+00
    66    13850.2936    8.61719306  5.660423E+08  7.210818E+08  8.401389E+30
        6.921776E+00  2.466499E+01  7.522936E+00  0.0000000000  0.000000E+00
        2.153348E+26 -4.002864E+00 -1.991281E+00 -4.497397E-03  0.000000E+00
    67    13544.4532    8.61770964  5.657057E+08  7.654180E+08  7.674402E+30
        6.906115E+00  2.466512E+01  7.523027E+00  0.0000000000  0.000000E+00
        1.719480E+26 -4.002864E+00 -1.991281E+00 -4.497397E-03  0.000000E+00
    68    13329.8578    8.61808690  5.654601E+08  7.983854E+08  7.193221E+30
        6.894964E+00  2.466526E+01  7.523130E+00  0.0000000000  0.000000E+00
        1.465720E+26 -4.002864E+00 -1.991281E+00 -4.497397E-03  0.000000E+00
    69    13164.1498    8.61838761  5.652644E+08  8.249873E+08  6.837414E+30
        6.886257E+00  2.466539E+01  7.523233E+00  0.0000000000  0.000000E+00
        1.294721E+26 -4.002864E+00 -1.991281E+00 -4.497397E-03  0.000000E+00
    70    13032.4464    8.61863148  5.651057E+08  8.468868E+08  6.564181E+30
        6.879274E+00  2.466551E+01  7.523327E+00  0.0000000000  0.000000E+00
        1.172101E+26 -4.002864E+00 -1.991281E+00 -4.497397E-03  0.000000E+00
    71    12925.0989    8.61883313  5.649745E+08  8.652590E+08  6.347616E+30
        6.873538E+00  2.466562E+01  7.523409E+00  0.0000000000  0.000000E+00
        1.080244E+26 -4.002864E+00 -1.991281E+00 -4.497397E-03  0.000000E+00
    72    12829.6396    8.61901493  5.648563E+08  8.820157E+08  6.159581E+30
        6.868401E+00  2.466572E+01  7.523484E+00  0.0000000000  0.000000E+00
        1.004225E+26 -4.002864E+00 -1.991281E+00 -4.497397E-03  0.000000E+00
    73    12735.8885    8.61919643  5.647382E+08  8.988811E+08  5.979004E+30
        6.863321E+00  2.466582E+01  7.523560E+00  0.0000000000  0.000000E+00
        9.343892E+25 -4.002864E+00 -1.991281E+00 -4.497397E-03  0.000000E+00
    74    12646.9051    8.61937092  5.646248E+08  9.152744E+08  5.811314E+30
        6.858466E+00  2.466591E+01  7.523632E+00  0.0000000000  0.000000E+00
        8.722525E+25 -4.002864E+00 -1.991281E+00 -4.497397E-03  0.000000E+00
    75    12556.9826    8.61954852  5.645094E+08  9.322410E+08  5.645480E+30
        6.853525E+00  2.466601E+01  7.523705E+00  0.0000000000  0.000000E+00
        8.135328E+25 -4.002864E+00 -1.991281E+00 -4.497397E-03  0.000000E+00
    76    12465.0354    8.61973074  5.643910E+08  9.500242E+08  5.479634E+30
        6.848433E+00  2.466610E+01  7.523778E+00  0.0000000000  0.000000E+00
        7.570066E+25 -4.002864E+00 -1.991281E+00 -4.497397E-03  0.000000E+00
    77    12370.1131    8.61991896  5.642687E+08  9.688615E+08  5.312317E+30
        6.843135E+00  2.466620E+01  7.523850E+00  0.0000000000  0.000000E+00
        7.023949E+25 -4.002864E+00 -1.991281E+00 -4.497397E-03  0.000000E+00
    78    12273.5743    8.62011003  5.641445E+08  9.885401E+08  5.146150E+30
        6.837697E+00  2.466629E+01  7.523919E+00  0.0000000000  0.000000E+00
        6.505000E+25 -4.002864E+00 -1.991281E+00 -4.497397E-03  0.000000E+00
    79    12174.1131    8.62030551  5.640176E+08  1.009387E+09  4.979114E+30
        6.832043E+00  2.466637E+01  7.523984E+00  0.0000000000  0.000000E+00
        6.006290E+25 -4.002864E+00 -1.991281E+00 -4.497397E-03  0.000000E+00
    80    12070.4527    8.62050708  5.638867E+08  1.031760E+09  4.809450E+30
        6.826088E+00  2.466645E+01  7.524043E+00  0.0000000000  0.000000E+00
        5.524275E+25 -4.002864E+00 -1.991281E+00 -4.497397E-03  0.000000E+00
    81    11965.0542    8.62071011  5.637549E+08  1.055214E+09  4.641484E+30
        6.819967E+00  2.466652E+01  7.524093E+00  0.0000000000  0.000000E+00
        5.068171E+25 -4.002864E+00 -1.991281E+00 -4.497397E-03  0.000000E+00
    82    11859.6724    8.62091084  5.636247E+08  1.079405E+09  4.478042E+30
        6.813775E+00  2.466657E+01  7.524132E+00  0.0000000000  0.000000E+00
        4.645514E+25 -4.002864E+00 -1.991281E+00 -4.497397E-03  0.000000E+00
    83    11752.0295    8.62111273  5.634937E+08  1.104916E+09  4.315658E+30
        6.807375E+00  2.466661E+01  7.524162E+00  0.0000000000  0.000000E+00
        4.245909E+25 -4.002864E+00 -1.991281E+00 -4.497397E-03  0.000000E+00
    84    11661.4797    8.62127972  5.633853E+08  1.127370E+09  4.182570E+30
        6.804663E+00  2.466663E+01  7.524175E+00  0.0010162334 -4.415689E-04
        3.939907E+25 -4.002864E+00 -1.991281E+00 -4.497397E-03  0.000000E+00
    85    11575.0180    8.62143750  5.632830E+08  1.149824E+09  4.058424E+30
        6.801467E+00  2.466665E+01  7.524186E+00  0.0037792708 -1.644426E-03
        3.675344E+25 -4.002864E+00 -1.991281E+00 -4.497397E-03  0.000000E+00
    86    11494.3595    8.62158397  5.631880E+08  1.172573E+09  3.945149E+30
        6.797616E+00  2.466666E+01  7.524193E+00  0.0087937071 -3.835949E-03
        3.448960E+25 -4.002864E+00 -1.991281E+00 -4.497397E-03  0.000000E+00
    87    11419.7815    8.62171910  5.631004E+08  1.195700E+09  3.842557E+30
        6.793374E+00  2.466666E+01  7.524198E+00  0.0156131842 -6.834212E-03
        3.249536E+25 -4.002864E+00 -1.991281E+00 -4.497397E-03  0.000000E+00
    88    11343.7537    8.62185692  5.630111E+08  1.221603E+09  3.740059E+30
        6.788575E+00  2.466667E+01  7.524200E+00  0.0246172226 -1.082492E-02
        3.053321E+25 -4.002864E+00 -1.991281E+00 -4.497397E-03  0.000000E+00
    89    11258.9691    8.62201078  5.629114E+08  1.253108E+09  3.628206E+30
        6.782878E+00  2.466667E+01  7.524202E+00  0.0366898211 -1.623385E-02
        2.842589E+25 -4.002864E+00 -1.991281E+00 -4.497397E-03  0.000000E+00
    90    11156.0711    8.62219846  5.627898E+08  1.294419E+09  3.495867E+30
        6.775754E+00  2.466668E+01  7.524207E+00  0.0534287848 -2.384671E-02
        2.599903E+25 -4.002864E+00 -1.991281E+00 -4.497397E-03  0.000000E+00
    91    11027.6454    8.62243631  5.626357E+08  1.349678E+09  3.335824E+30
        6.766793E+00  2.466670E+01  7.524221E+00  0.0764440953 -3.453681E-02
        2.319618E+25 -4.002864E+00 -1.991281E+00 -4.497397E-03  0.000000E+00
    92    10874.6027    8.62272652  5.624477E+08  1.419927E+09  3.152357E+30
        6.756126E+00  2.466675E+01  7.524257E+00  0.1059149797 -4.862118E-02
        2.019574E+25 -4.002864E+00 -1.991281E+00 -4.497397E-03  0.000000E+00
    93    10699.7872    8.62306720  5.622271E+08  1.505384E+09  2.952172E+30
        6.743955E+00  2.466685E+01  7.524332E+00  0.1414479431 -6.623337E-02
        1.719384E+25 -4.002864E+00 -1.991281E+00 -4.497385E-03  0.000000E+00
    94    10533.3149    8.62340152  5.620108E+08  1.591482E+09  2.770556E+30
        6.732344E+00  2.466699E+01  7.524439E+00  0.1765382413 -8.435656E-02
        1.471822E+25 -4.002864E+00 -1.991281E+00 -4.497397E-03  0.000000E+00
    95    10319.5172    8.62383828  5.617283E+08  1.708878E+09  2.549808E+30
        6.717389E+00  2.466721E+01  7.524610E+00  0.2227008653 -1.094118E-01
        1.201209E+25 -4.002864E+00 -1.991281E+00 -4.497397E-03  0.000000E+00
    96    10110.3242    8.62426049  5.614553E+08  1.830694E+09  2.346973E+30
        6.702642E+00  2.466743E+01  7.524781E+00  0.2684075034 -1.357308E-01
        9.810800E+24 -4.002864E+00 -1.991281E+00 -4.497397E-03  0.000000E+00
    97     9870.4928    8.62472910  5.611524E+08  1.979341E+09  2.129779E+30
        6.685541E+00  2.466764E+01  7.524947E+00  0.3208792734 -1.680530E-01
        7.736722E+24 -4.002864E+00 -1.991281E+00 -4.497397E-03  0.000000E+00
    98     9622.6057    8.62519162  5.608537E+08  2.143837E+09  1.921708E+30
        6.667515E+00  2.466779E+01  7.525066E+00  0.3748313055 -2.040028E-01
        6.008158E+24 -4.002864E+00 -1.991281E+00 -4.497397E-03  0.000000E+00
    99     9370.5403    8.62565137  5.605569E+08  2.323885E+09  1.726297E+30
        6.648676E+00  2.466788E+01  7.525142E+00  0.4291745516 -2.434967E-01
        4.600479E+24 -4.002864E+00 -1.991281E+00 -4.497397E-03  0.000000E+00
   100     9121.5267    8.62611600  5.602572E+08  2.516111E+09  1.548326E+30
        6.629419E+00  2.466798E+01  7.525212E+00  0.4821759951 -2.858178E-01
        3.492355E+24 -4.002864E+00 -1.991281E+00 -4.497397E-03  0.000000E+00
   101     8874.2333    8.62659816  5.599462E+08  2.722330E+09  1.385586E+30
        6.609578E+00  2.466811E+01  7.525304E+00  0.5337700738 -3.313999E-01
        2.622542E+24 -4.002864E+00 -1.991281E+00 -4.497397E-03  0.000000E+00
   102     8630.7002    8.62707862  5.596366E+08  2.939850E+09  1.238265E+30
        6.589405E+00  2.466826E+01  7.525409E+00  0.5828694555 -3.797280E-01
        1.955113E+24 -4.002864E+00 -1.991281E+00 -4.497397E-03  0.000000E+00
   103     8389.3002    8.62754685  5.593350E+08  3.167753E+09  1.104242E+30
        6.568977E+00  2.466842E+01  7.525519E+00  0.6289496013 -4.305671E-01
        1.448591E+24 -4.002864E+00 -1.991281E+00 -4.497397E-03  0.000000E+00
   104     8155.0743    8.62800540  5.590398E+08  3.399610E+09  9.849508E+29
        6.548882E+00  2.466860E+01  7.525653E+00  0.6707430869 -4.824651E-01
        1.076326E+24 -4.002864E+00 -1.991281E+00 -4.497397E-03  0.000000E+00
   105     7929.0112    8.62845019  5.587536E+08  3.633570E+09  8.792942E+29
        6.529261E+00  2.466881E+01  7.525795E+00  0.7081995409 -5.349140E-01
        8.037831E+23 -4.002864E+00 -1.991281E+00 -4.497397E-03  0.000000E+00
   106     7711.8295    8.62886532  5.584866E+08  3.869196E+09  7.860906E+29
        6.510112E+00  2.466897E+01  7.525914E+00  0.7416160758 -5.877345E-01
        6.034323E+23 -4.002864E+00 -1.991281E+00 -4.497397E-03  0.000000E+00
   107     7505.0699    8.62923458  5.582492E+08  4.105746E+09  7.045189E+29
        6.491445E+00  2.466906E+01  7.525979E+00  0.7713004176 -6.407346E-01
        4.555575E+23 -4.002864E+00 -1.991281E+00 -4.497397E-03  0.000000E+00
   108     7309.5197    8.62956811  5.580349E+08  4.343249E+09  6.334255E+29
        6.473217E+00  2.466909E+01  7.525999E+00  0.7976607250 -6.939198E-01
        3.457138E+23 -4.002864E+00 -1.991281E+00 -4.497397E-03  0.000000E+00
   109     7126.4282    8.62988892  5.578288E+08  4.580455E+09  5.718828E+29
        6.455479E+00  2.466909E+01  7.526000E+00  0.8209727095 -7.470808E-01
        2.639551E+23 -4.002864E+00 -1.991281E+00 -4.497397E-03  0.000000E+00
   110     6954.9771    8.63021394  5.576201E+08  4.817342E+09  5.184145E+29
        6.438179E+00  2.466909E+01  7.525999E+00  0.8416009844 -8.002475E-01
        2.026454E+23 -4.002864E+00 -1.991281E+00 -4.497397E-03  0.000000E+00
   111     6791.9713    8.63054874  5.574052E+08  5.055917E+09  4.711323E+29
        6.421123E+00  2.466909E+01  7.526005E+00  0.8599951034 -8.538568E-01
        1.559868E+23 -4.002864E+00 -1.991281E+00 -4.497397E-03  0.000000E+00
   112     6639.7507    8.63087894  5.571934E+08  5.289014E+09  4.299683E+29
        6.404785E+00  2.466911E+01  7.526018E+00  0.8759594269 -9.064362E-01
        1.212846E+23 -4.002864E+00 -1.991281E+00 -4.497397E-03  0.000000E+00
   113     6494.4498    8.63121455  5.569781E+08  5.519804E+09  3.932450E+29
        6.388912E+00  2.466912E+01  7.526026E+00  0.8899972346 -9.585964E-01
        9.490715E+22 -4.002864E+00 -1.991281E+00 -4.497397E-03  0.000000E+00
   114     6355.3931    8.63155646  5.567589E+08  5.749831E+09  3.603475E+29
        6.373384E+00  2.466913E+01  7.526031E+00  0.9024209606 -1.010643E+00
        7.460746E+22 -4.002864E+00 -1.991281E+00 -4.497397E-03  0.000000E+00
   115     6220.3761    8.63190080  5.565382E+08  5.986926E+09  3.304259E+29
        6.357658E+00  2.466913E+01  7.526034E+00  0.9137800138 -1.064392E+00
        5.842542E+22 -4.002864E+00 -1.991281E+00 -4.497397E-03  0.000000E+00
   116     6087.0883    8.63227592  5.562979E+08  6.249035E+09  3.027407E+29
        6.340509E+00  2.466914E+01  7.526037E+00  0.9248732854 -1.124206E+00
        4.471521E+22 -4.002864E+00 -1.991281E+00 -4.497397E-03  0.000000E+00
   117     5948.6206    8.63274672  5.559965E+08  6.595511E+09  2.758206E+29
        6.317829E+00  2.466915E+01  7.526044E+00  0.9376667864 -1.205280E+00
        3.134915E+22 -4.002864E+00 -1.991281E+00 -4.497397E-03  0.000000E+00
   118     5826.0286    8.63325360  5.556721E+08  7.024138E+09  2.534808E+29
        6.288815E+00  2.466916E+01  7.526055E+00  0.9512782290 -1.312277E+00
        1.985965E+22 -4.002864E+00 -1.991281E+00 -4.497397E-03  0.000000E+00
   119     5746.8996    8.63365575  5.554149E+08  7.393225E+09  2.397656E+29
        6.262268E+00  2.466918E+01  7.526067E+00  0.9614010775 -1.413425E+00
        1.305541E+22 -4.002864E+00 -1.991281E+00 -4.497397E-03  0.000000E+00
   120     5685.2924    8.63400463  5.551919E+08  7.717298E+09  2.294641E+29
        6.237291E+00  2.466920E+01  7.526082E+00  0.9691895350 -1.511302E+00
        8.786302E+21 -4.002864E+00 -1.991276E+00 -4.497440E-03  0.000000E+00
   121     5631.5545    8.63431799  5.549916E+08  8.008592E+09  2.207514E+29
        6.213178E+00  2.466922E+01  7.526098E+00  0.9753110478 -1.607497E+00
        5.988045E+21 -4.002864E+00 -1.991247E+00 -4.497738E-03  0.000000E+00
   122     5571.6349    8.63463774  5.547873E+08  8.305897E+09  2.113494E+29
        6.186562E+00  2.466925E+01  7.526120E+00  0.9806051402 -1.712313E+00
        3.917315E+21 -4.002864E+00 -1.991220E+00 -4.498019E-03  0.000000E+00
   123     5505.7415    8.63493719  5.545961E+08  8.582162E+09  2.013883E+29
        6.159657E+00  2.466930E+01  7.526150E+00  0.9841519569 -1.800024E+00
        2.548397E+21 -4.002864E+00 -1.990923E+00 -4.501081E-03  0.000000E+00
   124     5440.6784    8.63520197  5.544271E+08  8.823477E+09  1.919192E+29
        6.134284E+00  2.466935E+01  7.526185E+00  0.9862145995 -1.860581E+00
        1.696515E+21 -4.002864E+00 -1.990882E+00 -4.501500E-03  0.000000E+00
   125     5373.9841    8.63544735  5.542705E+08  9.052708E+09  1.825771E+29
        6.108156E+00  2.466939E+01  7.526215E+00  0.9871155978 -1.889936E+00
        1.114734E+21 -4.002864E+00 -1.985163E+00 -4.560916E-03  0.000000E+00
   126     5318.8912    8.63563578  5.541502E+08  9.230657E+09  1.751285E+29
        6.086442E+00  2.466941E+01  7.526230E+00  0.9872013037 -1.892834E+00
        7.859779E+20 -4.002864E+00 -1.980594E+00 -4.608946E-03  0.000000E+00
   127     5254.8677    8.63583487  5.540232E+08  9.422592E+09  1.667710E+29
        6.061518E+00  2.466942E+01  7.526237E+00  0.9873391114 -1.897536E+00
        5.261295E+20 -4.002864E+00 -1.976548E+00 -4.651910E-03  0.000000E+00
   128     5189.1754    8.63601241  5.539100E+08  9.599638E+09  1.585219E+29
        6.037052E+00  2.466942E+01  7.526240E+00  0.9874731374 -1.902158E+00
        3.546765E+20 -4.002864E+00 -1.972973E+00 -4.690213E-03  0.000000E+00
   129     5133.0960    8.63614280  5.538269E+08  9.735047E+09  1.517340E+29
        6.017337E+00  2.466943E+01  7.526242E+00  0.9875838819 -1.906014E+00
        2.580672E+20 -4.002864E+00 -1.970665E+00 -4.715097E-03  0.000000E+00
   130     5055.8564    8.63629594  5.537292E+08  9.901140E+09  1.427550E+29
        5.991709E+00  2.466943E+01  7.526246E+00  0.9877287991 -1.911113E+00
        1.706369E+20 -4.002864E+00 -1.967124E+00 -4.753559E-03  0.000000E+00
   131     4972.1696    8.63643828  5.536385E+08  1.006323E+10  1.334915E+29
        5.965160E+00  2.466943E+01  7.526247E+00  0.9878792870 -1.916472E+00
        1.111284E+20 -4.002864E+00 -1.963502E+00 -4.793226E-03  0.000000E+00
   132     4885.2956    8.63657636  5.535505E+08  1.021989E+10  1.243642E+29
        5.937860E+00  2.466944E+01  7.526249E+00  0.9880953210 -1.924282E+00
        7.145878E+19 -4.002864E+00 -1.962723E+00 -4.801800E-03  0.000000E+00
   133     4812.3570    8.63668413  5.534818E+08  1.034553E+10  1.170727E+29
        5.914682E+00  2.466944E+01  7.526249E+00  0.9882701819 -1.930709E+00
        4.909889E+19 -4.002864E+00 -1.962171E+00 -4.807882E-03  0.000000E+00
   134     4735.4720    8.63679014  5.534143E+08  1.047158E+10  1.097416E+29
        5.890082E+00  2.466944E+01  7.526249E+00  0.9884468692 -1.937300E+00
        3.295308E+19 -4.002864E+00 -1.961648E+00 -4.813655E-03  0.000000E+00
   135     4662.9499    8.63688401  5.533544E+08  1.059314E+10  1.031495E+29
        5.864598E+00  2.466944E+01  7.526249E+00  0.9886220503 -1.943936E+00
        2.179505E+19 -4.002864E+00 -1.961156E+00 -4.819094E-03  0.000000E+00
   136     4587.0155    8.63697570  5.532960E+08  1.070288E+10  9.657248E+28
        5.840226E+00  2.466944E+01  7.526250E+00  0.9887809439 -1.950044E+00
        1.467458E+19 -4.002864E+00 -1.960728E+00 -4.823830E-03  0.000000E+00
   137     4507.0037    8.63706389  5.532399E+08  1.080915E+10  8.999037E+28
        5.815250E+00  2.466944E+01  7.526251E+00  0.9889385711 -1.956189E+00
        9.778555E+18 -4.002864E+00 -1.960318E+00 -4.828373E-03  0.000000E+00
   138     4422.3803    8.63714937  5.531854E+08  1.091404E+10  8.340330E+28
        5.789106E+00  2.466944E+01  7.526252E+00  0.9890980179 -1.962495E+00
        6.389719E+18 -4.002864E+00 -1.959913E+00 -4.832855E-03  0.000000E+00
   139     4338.0476    8.63722819  5.531352E+08  1.101321E+10  7.720711E+28
        5.762807E+00  2.466944E+01  7.526253E+00  0.9892532209 -1.968722E+00
        4.162999E+18 -4.002864E+00 -1.959526E+00 -4.837153E-03  0.000000E+00
   140     4259.5010    8.63729971  5.530897E+08  1.110419E+10  7.175355E+28
        5.737165E+00  2.466944E+01  7.526253E+00  0.9894001707 -1.974701E+00
        2.740041E+18 -4.002864E+00 -1.959164E+00 -4.841176E-03  0.000000E+00
   141     4195.0467    8.63736002  5.530513E+08  1.118050E+10  6.749870E+28
        5.714362E+00  2.466944E+01  7.526254E+00  0.9895276979 -1.979958E+00
        1.888173E+18 -4.002864E+00 -1.958856E+00 -4.844593E-03  0.000000E+00
   142     4138.8029    8.63741375  5.530171E+08  1.124860E+10  6.394307E+28
        5.692727E+00  2.466944E+01  7.526254E+00  0.9896459282 -1.984889E+00
        1.325789E+18 -4.002864E+00 -1.958573E+00 -4.847738E-03  0.000000E+00
   143     4080.6513    8.63746875  5.529821E+08  1.131799E+10  6.041676E+28
        5.669139E+00  2.466944E+01  7.526254E+00  0.9897718831 -1.990204E+00
        9.013278E+17 -4.002864E+00 -1.958272E+00 -4.851086E-03  0.000000E+00
   144     4021.2791    8.63751966  5.529496E+08  1.138217E+10  5.696990E+28
        5.645847E+00  2.466944E+01  7.526254E+00  0.9898934967 -1.995399E+00
        6.155404E+17 -4.002864E+00 -1.957988E+00 -4.854254E-03  0.000000E+00
   145     3953.1726    8.63757358  5.529153E+08  1.144461E+10  5.320075E+28
        5.621690E+00  2.466944E+01  7.526254E+00  0.9900320377 -2.001394E+00
        4.144382E+17 -4.002864E+00 -1.959954E+00 -4.832404E-03  0.000000E+00
   146     3880.6314    8.63762020  5.528856E+08  1.150142E+10  4.939667E+28
        5.598461E+00  2.466944E+01  7.526255E+00  0.9901898087 -2.008323E+00
        2.832358E+17 -4.002864E+00 -1.960769E+00 -4.823379E-03  0.000000E+00
   147     3792.3723    8.63766869  5.528548E+08  1.156357E+10  4.504882E+28
        5.571751E+00  2.466944E+01  7.526255E+00  0.9903942157 -2.017467E+00
        1.827761E+17 -4.002864E+00 -1.961438E+00 -4.815983E-03  0.000000E+00
   148     3691.5531    8.63771681  5.528241E+08  1.163019E+10  4.044156E+28
        5.541556E+00  2.466944E+01  7.526255E+00  0.9906411189 -2.028776E+00
        1.113714E+17 -4.002864E+00 -1.962379E+00 -4.805593E-03  0.000000E+00
   149     3585.7546    8.63776597  5.527929E+08  1.169622E+10  3.599685E+28
        5.509987E+00  2.466944E+01  7.526256E+00  0.9909058640 -2.041239E+00
        6.633013E+16 -4.002864E+00 -1.963220E+00 -4.796325E-03  0.000000E+00
   150     3468.5176    8.63782773  5.527536E+08  1.176568E+10  3.151056E+28
        5.475111E+00  2.466944E+01  7.526256E+00  0.9912049222 -2.055760E+00
        3.741073E+16 -4.002864E+00 -1.964436E+00 -4.782963E-03  0.000000E+00
   151     3338.8282    8.63789137  5.527131E+08  1.183853E+10  2.705161E+28
        5.436626E+00  2.466945E+01  7.526256E+00  0.9915262793 -2.071926E+00
        1.988866E+16 -4.002864E+00 -1.964844E+00 -4.778490E-03  0.000000E+00
   152     3205.6153    8.63793539  5.526850E+08  1.191010E+10  2.298362E+28
        5.397232E+00  2.466945E+01  7.526256E+00  0.9918701779 -2.089919E+00
        1.042150E+16 -4.002864E+00 -1.965273E+00 -4.773790E-03  0.000000E+00
   153     3044.3968    8.63797350  5.526608E+08  1.199394E+10  1.869562E+28
        5.349181E+00  2.466945E+01  7.526256E+00  0.9923042827 -2.113751E+00
        4.745023E+15 -4.002864E+00 -1.965839E+00 -4.767596E-03  0.000000E+00
   154     2869.5618    8.63801139  5.526367E+08  1.208417E+10  1.475568E+28
        5.295767E+00  2.466945E+01  7.526257E+00  0.9928353857 -2.144807E+00
        1.994914E+15 -4.002864E+00 -1.966324E+00 -4.762291E-03  0.000000E+00
   155     2789.1291    8.63803002  5.526248E+08  1.212502E+10  1.316900E+28
        5.270147E+00  2.466945E+01  7.526257E+00  0.9939648159 -2.219309E+00
        1.302075E+15 -4.002864E+00 -1.967071E+00 -4.754142E-03  0.000000E+00
   156     2723.6692    8.63804462  5.526155E+08  1.215703E+10  1.197515E+28
        5.248680E+00  2.466945E+01  7.526257E+00  0.9950984014 -2.309662E+00
        9.207860E+14 -4.002864E+00 -1.967104E+00 -4.753774E-03  0.000000E+00
   157     2652.8698    8.63806048  5.526055E+08  1.219004E+10  1.077734E+28
        5.224847E+00  2.466945E+01  7.526257E+00  0.9961714133 -2.416962E+00
        6.249089E+14 -4.002864E+00 -1.967127E+00 -4.753527E-03  0.000000E+00
   158     2584.0680    8.63807567  5.525958E+08  1.222060E+10  9.701711E+27
        5.201055E+00  2.466945E+01  7.526258E+00  0.9970173568 -2.525399E+00
        4.292193E+14 -4.002864E+00 -1.967127E+00 -4.753527E-03  0.000000E+00
   159     2516.4544    8.63809242  5.525851E+08  1.224936E+10  8.725134E+27
        5.177053E+00  2.466945E+01  7.526258E+00  0.9976881801 -2.636046E+00
        2.952098E+14 -4.002864E+00 -1.967127E+00 -4.753527E-03  0.000000E+00
   160     2447.5897    8.63811292  5.525721E+08  1.227754E+10  7.808179E+27
        5.151876E+00  2.466945E+01  7.526258E+00  0.9982362176 -2.753555E+00
        1.994535E+14 -4.002864E+00 -1.967127E+00 -4.753527E-03  0.000000E+00
   161     2380.2289    8.63813396  5.525587E+08  1.230400E+10  6.983114E+27
        5.126469E+00  2.466945E+01  7.526258E+00  0.9986614217 -2.873356E+00
        1.355463E+14 -4.002864E+00 -1.967127E+00 -4.753527E-03  0.000000E+00
   162     2316.7302    8.63815152  5.525475E+08  1.232802E+10  6.266984E+27
        5.101803E+00  2.466945E+01  7.526258E+00  0.9989780511 -2.990571E+00
        9.358678E+13 -4.002864E+00 -1.967127E+00 -4.753527E-03  0.000000E+00
   163     2251.9530    8.63816563  5.525386E+08  1.235173E+10  5.594740E+27
        5.075823E+00  2.466945E+01  7.526258E+00  0.9992327604 -3.115069E+00
        6.363515E+13 -4.002864E+00 -1.967127E+00 -4.753527E-03  0.000000E+00
   164     2196.4290    8.63817515  5.525325E+08  1.237146E+10  5.062928E+27
        5.052807E+00  2.466945E+01  7.526258E+00  0.9994059332 -3.226165E+00
        4.537711E+13 -4.002864E+00 -1.967127E+00 -4.753527E-03  0.000000E+00
   165     2138.4605    8.63818303  5.525275E+08  1.239137E+10  4.549149E+27
        5.028021E+00  2.466945E+01  7.526258E+00  0.9995497711 -3.346567E+00
        3.155984E+13 -4.002864E+00 -1.967127E+00 -4.753527E-03  0.000000E+00
   166     2079.7337    8.63819028  5.525229E+08  1.241097E+10  4.069574E+27
        5.002048E+00  2.466945E+01  7.526258E+00  0.9996638792 -3.473505E+00
        2.169638E+13 -4.002864E+00 -1.967127E+00 -4.753527E-03  0.000000E+00
   167     2030.0231    8.63819635  5.525190E+08  1.242715E+10  3.694161E+27
        4.979262E+00  2.466945E+01  7.526258E+00  0.9997402342 -3.585418E+00
        1.565609E+13 -4.002864E+00 -1.967127E+00 -4.753527E-03  0.000000E+00
   168     1977.6158    8.63820292  5.525148E+08  1.244369E+10  3.327155E+27
        4.954387E+00  2.466945E+01  7.526258E+00  0.9998041250 -3.708021E+00
        1.098957E+13 -4.002860E+00 -1.967127E+00 -4.753527E-03  0.000000E+00
   169     1926.0387    8.63820411  5.525141E+08  1.245946E+10  2.993396E+27
        4.929123E+00  2.466945E+01  7.526258E+00  0.9998505640 -3.825545E+00
        7.687487E+12 -4.002423E+00 -1.967131E+00 -4.753527E-03  0.000000E+00
   170     1879.3913    8.63820262  5.525150E+08  1.247299E+10  2.713779E+27
        4.906382E+00  2.466945E+01  7.526258E+00  0.9998681411 -3.879891E+00
        5.581756E+12 -4.001878E+00 -1.967136E+00 -4.753527E-03  0.000000E+00
   171     1828.3952    8.63820599  5.525129E+08  1.248713E+10  2.430987E+27
        4.881273E+00  2.466945E+01  7.526258E+00  0.9998780157 -3.913696E+00
        3.925732E+12 -4.001739E+00 -1.967137E+00 -4.753527E-03  0.000000E+00
   172     1776.5976    8.63820810  5.525115E+08  1.250112E+10  2.166987E+27
        4.855037E+00  2.466945E+01  7.526258E+00  0.9998863079 -3.944270E+00
        2.721427E+12 -4.001547E+00 -1.967139E+00 -4.753527E-03  0.000000E+00
   173     1732.5874    8.63819314  5.525211E+08  1.251278E+10  1.960179E+27
        4.832139E+00  2.466945E+01  7.526258E+00  0.9998925690 -3.968871E+00
        1.978383E+12 -4.000209E+00 -1.967151E+00 -4.753527E-03  0.000000E+00
   174     1690.3778    8.63818108  5.525287E+08  1.252363E+10  1.776079E+27
        4.809894E+00  2.466945E+01  7.526258E+00  0.9998929451 -3.970394E+00
        1.451376E+12 -3.999147E+00 -1.967161E+00 -4.753527E-03  0.000000E+00
   175     1641.4687    8.63813480  5.525582E+08  1.253588E+10  1.579443E+27
        4.783636E+00  2.466945E+01  7.526258E+00  0.9998915120 -3.964618E+00
        1.008261E+12 -3.995634E+00 -1.967194E+00 -4.753527E-03  0.000000E+00
   176     1595.8472    8.63809812  5.525815E+08  1.254723E+10  1.411157E+27
        4.758304E+00  2.466945E+01  7.526258E+00  0.9998908459 -3.961960E+00
        7.098744E+11 -3.992893E+00 -1.967220E+00 -4.753527E-03  0.000000E+00
   177     1548.4244    8.63807119  5.525986E+08  1.255889E+10  1.250827E+27
        4.731123E+00  2.466945E+01  7.526258E+00  0.9998906690 -3.961257E+00
        4.873695E+11 -3.990848E+00 -1.967239E+00 -4.753527E-03  0.000000E+00
   178     1504.6330    8.63805268  5.526104E+08  1.256954E+10  1.115264E+27
        4.705258E+00  2.466945E+01  7.526258E+00  0.9998909346 -3.962313E+00
        3.408536E+11 -3.989357E+00 -1.967253E+00 -4.753527E-03  0.000000E+00
   179     1456.8361    8.63802308  5.526293E+08  1.258115E+10  9.802300E+26
        4.676021E+00  2.466945E+01  7.526258E+00  0.9998917130 -3.965424E+00
        2.275646E+11 -3.987199E+00 -1.967274E+00 -4.753527E-03  0.000000E+00
