============================================================================
   #Mod      Teff         Log(g)        Rayon        Age           Lum
           Log(Tc)       Log(Pc)      Log(rhoc)     M_x/M        Log(q_x)
            Lum_nu       Log(H/*)     Log(He/*)    Log(C/*)      Log(O/*)
============================================================================
     0    59993.6929    8.83023082  4.749839E+08  0.000000E+00  2.082561E+33
        7.857315E+00  2.527768E+01  7.963911E+00  0.0000000000  0.000000E+00
        4.606428E+33 -3.999220E+00 -2.007999E+00 -4.328622E-03  0.000000E+00
     1    58940.7233    8.83164259  4.742125E+08  4.000000E+05  1.933861E+33
        7.852710E+00  2.527857E+01  7.964571E+00  0.0000000000  0.000000E+00
        3.473874E+33 -3.999220E+00 -2.007999E+00 -4.328622E-03  0.000000E+00
     2    57904.3848    8.83292859  4.735110E+08  8.000000E+05  1.796070E+33
        7.847352E+00  2.527933E+01  7.965135E+00  0.0000000000  0.000000E+00
        2.772633E+33 -3.999220E+00 -2.007999E+00 -4.328622E-03  0.000000E+00
     3    57051.2071    8.83399201  4.729316E+08  1.200000E+06  1.688393E+33
        7.841419E+00  2.528000E+01  7.965634E+00  0.0000000000  0.000000E+00
        2.292786E+33 -3.999220E+00 -2.007999E+00 -4.328622E-03  0.000000E+00
     4    56359.1562    8.83487431  4.724514E+08  1.600000E+06  1.604685E+33
        7.835146E+00  2.528060E+01  7.966083E+00  0.0000000000  0.000000E+00
        1.942796E+33 -3.999220E+00 -2.007999E+00 -4.328622E-03  0.000000E+00
     5    55784.8118    8.83562537  4.720431E+08  2.000000E+06  1.537604E+33
        7.828740E+00  2.528115E+01  7.966495E+00  0.0000000000  0.000000E+00
        1.675745E+33 -3.999220E+00 -2.007999E+00 -4.328622E-03  0.000000E+00
     6    55293.6001    8.83628273  4.716860E+08  2.400000E+06  1.481913E+33
        7.822348E+00  2.528166E+01  7.966876E+00  0.0000000000  0.000000E+00
        1.464982E+33 -3.999220E+00 -2.007999E+00 -4.328622E-03  0.000000E+00
     7    54851.4208    8.83688421  4.713595E+08  2.800000E+06  1.433090E+33
        7.816021E+00  2.528214E+01  7.967238E+00  0.0000000000  0.000000E+00
        1.291410E+33 -3.999220E+00 -2.007999E+00 -4.328622E-03  0.000000E+00
     8    54219.8359    8.83776373  4.708824E+08  3.468610E+06  1.365448E+33
        7.805865E+00  2.528287E+01  7.967794E+00  0.0000000000  0.000000E+00
        1.068302E+33 -3.999220E+00 -2.007999E+00 -4.328622E-03  0.000000E+00
     9    53517.8337    8.83875806  4.703437E+08  4.332371E+06  1.293130E+33
        7.793655E+00  2.528374E+01  7.968443E+00  0.0000000000  0.000000E+00
        8.581322E+32 -3.999220E+00 -2.007999E+00 -4.328622E-03  0.000000E+00
    10    52810.4235    8.83976343  4.697996E+08  5.317894E+06  1.223267E+33
        7.780915E+00  2.528461E+01  7.969104E+00  0.0000000000  0.000000E+00
        6.848446E+32 -3.999220E+00 -2.007999E+00 -4.328622E-03  0.000000E+00
    11    52117.4256    8.84074232  4.692704E+08  6.387035E+06  1.157699E+33
        7.768330E+00  2.528545E+01  7.969740E+00  0.0000000000  0.000000E+00
        5.476175E+32 -3.999220E+00 -2.007999E+00 -4.328622E-03  0.000000E+00
    12    51417.9274    8.84172138  4.687418E+08  7.565891E+06  1.094317E+33
        7.755698E+00  2.528628E+01  7.970362E+00  0.0000000000  0.000000E+00
        4.362970E+32 -3.999220E+00 -2.007999E+00 -4.328622E-03  0.000000E+00
    13    50699.3086    8.84271777  4.682044E+08  8.879499E+06  1.032040E+33
        7.742869E+00  2.528710E+01  7.970983E+00  0.0000000000  0.000000E+00
        3.450593E+32 -3.999220E+00 -2.007999E+00 -4.328622E-03  0.000000E+00
    14    49952.3312    8.84374076  4.676532E+08  1.035144E+07  9.702606E+32
        7.729741E+00  2.528793E+01  7.971612E+00  0.0000000000  0.000000E+00
        2.702742E+32 -3.999220E+00 -2.007999E+00 -4.328622E-03  0.000000E+00
    15    49175.9893    8.84479760  4.670846E+08  1.200430E+07  9.091194E+32
        7.716243E+00  2.528878E+01  7.972257E+00  0.0000000000  0.000000E+00
        2.093466E+32 -3.999220E+00 -2.007999E+00 -4.328622E-03  0.000000E+00
    16    48364.2851    8.84589262  4.664961E+08  1.386042E+07  8.484233E+32
        7.702328E+00  2.528966E+01  7.972927E+00  0.0000000000  0.000000E+00
        1.602353E+32 -3.999220E+00 -2.007999E+00 -4.328622E-03  0.000000E+00
    17    47524.6717    8.84702825  4.658866E+08  1.594013E+07  7.889588E+32
        7.687979E+00  2.529058E+01  7.973625E+00  0.0000000000  0.000000E+00
        1.211502E+32 -3.999220E+00 -2.007999E+00 -4.328622E-03  0.000000E+00
    18    46655.9373    8.84819870  4.652592E+08  1.826143E+07  7.308615E+32
        7.673197E+00  2.529153E+01  7.974346E+00  0.0000000000  0.000000E+00
        9.051120E+31 -3.999220E+00 -2.007999E+00 -4.328622E-03  0.000000E+00
    19    45753.0807    8.84939702  4.646178E+08  2.084259E+07  6.740474E+32
        7.657989E+00  2.529250E+01  7.975079E+00  0.0000000000  0.000000E+00
        6.687718E+31 -3.999220E+00 -2.007999E+00 -4.328622E-03  0.000000E+00
    20    44824.8548    8.85061488  4.639668E+08  2.369660E+07  6.192511E+32
        7.642391E+00  2.529346E+01  7.975811E+00  0.0000000000  0.000000E+00
        4.892186E+31 -3.999220E+00 -2.007999E+00 -4.328622E-03  0.000000E+00
    21    43893.1176    8.85183253  4.633168E+08  2.682706E+07  5.677528E+32
        7.626484E+00  2.529440E+01  7.976523E+00  0.0000000000  0.000000E+00
        3.550345E+31 -3.999220E+00 -2.007999E+00 -4.328622E-03  0.000000E+00
    22    42932.3707    8.85305809  4.626636E+08  3.026908E+07  5.181882E+32
        7.610202E+00  2.529532E+01  7.977214E+00  0.0000000000  0.000000E+00
        2.555687E+31 -3.999220E+00 -2.007999E+00 -4.328622E-03  0.000000E+00
    23    41964.9431    8.85427977  4.620133E+08  3.401362E+07  4.717076E+32
        7.593704E+00  2.529622E+01  7.977884E+00  0.0000000000  0.000000E+00
        1.831460E+31 -3.999220E+00 -2.007999E+00 -4.328622E-03  0.000000E+00
    24    40994.7635    8.85549403  4.613678E+08  3.807054E+07  4.283765E+32
        7.577039E+00  2.529708E+01  7.978531E+00  0.0000000000  0.000000E+00
        1.308031E+31 -3.999220E+00 -2.007999E+00 -4.328622E-03  0.000000E+00
    25    40052.1971    8.85667590  4.607405E+08  4.241277E+07  3.892562E+32
        7.560390E+00  2.529791E+01  7.979148E+00  0.0000000000  0.000000E+00
        9.351175E+30 -3.999220E+00 -2.007999E+00 -4.328622E-03  0.000000E+00
    26    39103.7173    8.85785405  4.601160E+08  4.714791E+07  3.527152E+32
        7.543432E+00  2.529871E+01  7.979744E+00  0.0000000000  0.000000E+00
        6.648428E+30 -3.999220E+00 -2.007999E+00 -4.328622E-03  0.000000E+00
    27    38171.7194    8.85900287  4.595078E+08  5.223920E+07  3.194259E+32
        7.526388E+00  2.529946E+01  7.980305E+00  0.0000000000  0.000000E+00
        4.725216E+30 -3.999220E+00 -2.007999E+00 -4.328622E-03  0.000000E+00
    28    37257.6334    8.86012275  4.589157E+08  5.771941E+07  2.891641E+32
        7.509231E+00  2.530016E+01  7.980831E+00  0.0000000000  0.000000E+00
        3.355343E+30 -3.999220E+00 -2.007999E+00 -4.328622E-03  0.000000E+00
    29    36359.2573    8.86121817  4.583373E+08  6.361521E+07  2.616061E+32
        7.491961E+00  2.530082E+01  7.981331E+00  0.0000000000  0.000000E+00
        2.382028E+30 -3.999220E+00 -2.007999E+00 -4.328622E-03  0.000000E+00
    30    35477.7046    8.86229071  4.577717E+08  6.995225E+07  2.365579E+32
        7.474587E+00  2.530146E+01  7.981813E+00  0.0000000000  0.000000E+00
        1.691838E+30 -3.999220E+00 -2.007999E+00 -4.328622E-03  0.000000E+00
    31    34612.1782    8.86334244  4.572178E+08  7.675656E+07  2.137861E+32
        7.457118E+00  2.530209E+01  7.982283E+00  0.0000000000  0.000000E+00
        1.203232E+30 -3.999220E+00 -2.007999E+00 -4.328622E-03  0.000000E+00
    32    33763.6014    8.86436510  4.566798E+08  8.404524E+07  1.931239E+32
        7.439584E+00  2.530267E+01  7.982724E+00  0.0000000000  0.000000E+00
        8.578639E+29 -3.999220E+00 -2.007999E+00 -4.328622E-03  0.000000E+00
    33    32933.7089    8.86536368  4.561551E+08  9.182627E+07  1.744235E+32
        7.422049E+00  2.530323E+01  7.983148E+00  0.0000000000  0.000000E+00
        6.141886E+29 -3.999220E+00 -2.007999E+00 -4.328622E-03  0.000000E+00
    34    32122.9872    8.86634911  4.556378E+08  1.001314E+08  1.575146E+32
        7.404522E+00  2.530379E+01  7.983574E+00  0.0000000000  0.000000E+00
        4.417901E+29 -3.999220E+00 -2.007999E+00 -4.328622E-03  0.000000E+00
    35    31331.4686    8.86733339  4.551218E+08  1.090057E+08  1.422315E+32
        7.386987E+00  2.530439E+01  7.984024E+00  0.0000000000  0.000000E+00
        3.192435E+29 -3.999220E+00 -2.007999E+00 -4.328622E-03  0.000000E+00
    36    30558.6118    8.86832657  4.546017E+08  1.184979E+08  1.284145E+32
        7.369431E+00  2.530504E+01  7.984514E+00  0.0000000000  0.000000E+00
        2.317388E+29 -3.999220E+00 -2.007999E+00 -4.328622E-03  0.000000E+00
    37    29804.9835    8.86931903  4.540826E+08  1.286404E+08  1.159425E+32
        7.351864E+00  2.530572E+01  7.985028E+00  0.0000000000  0.000000E+00
        1.690288E+29 -3.999220E+00 -2.007999E+00 -4.328622E-03  0.000000E+00
    38    29070.3634    8.87029489  4.535727E+08  1.394688E+08  1.046919E+32
        7.334282E+00  2.530640E+01  7.985539E+00  0.0000000000  0.000000E+00
        1.238831E+29 -3.999220E+00 -2.007999E+00 -4.328622E-03  0.000000E+00
    39    28352.3516    8.87123849  4.530802E+08  1.510342E+08  9.452005E+31
        7.316660E+00  2.530704E+01  7.986024E+00  0.0000000000  0.000000E+00
        9.120027E+28 -3.999220E+00 -2.007999E+00 -4.328622E-03  0.000000E+00
    40    27649.3352    8.87213426  4.526132E+08  1.633801E+08  8.531210E+31
        7.298991E+00  2.530762E+01  7.986457E+00  0.0000000000  0.000000E+00
        6.743471E+28 -3.999220E+00 -2.007999E+00 -4.328622E-03  0.000000E+00
    41    26961.1889    8.87298152  4.521719E+08  1.765342E+08  7.698050E+31
        7.281311E+00  2.530813E+01  7.986850E+00  0.0000000000  0.000000E+00
        5.010986E+28 -3.999220E+00 -2.007999E+00 -4.328622E-03  0.000000E+00
    42    26288.7999    8.87378349  4.517546E+08  1.905104E+08  6.945534E+31
        7.263678E+00  2.530861E+01  7.987216E+00  0.0000000000  0.000000E+00
        3.745047E+28 -3.999220E+00 -2.007999E+00 -4.328622E-03  0.000000E+00
    43    25631.8602    8.87454504  4.513587E+08  2.053568E+08  6.265872E+31
        7.246101E+00  2.530906E+01  7.987561E+00  0.0000000000  0.000000E+00
        2.814619E+28 -3.999220E+00 -2.007999E+00 -4.328622E-03  0.000000E+00
    44    24990.3380    8.87527516  4.509794E+08  2.211413E+08  5.652225E+31
        7.228566E+00  2.530949E+01  7.987892E+00  0.0000000000  0.000000E+00
        2.125997E+28 -3.999220E+00 -2.007999E+00 -4.328622E-03  0.000000E+00
    45    24364.5588    8.87598545  4.506108E+08  2.379546E+08  5.098646E+31
        7.211040E+00  2.530992E+01  7.988213E+00  0.0000000000  0.000000E+00
        1.612421E+28 -3.999220E+00 -2.007999E+00 -4.328622E-03  0.000000E+00
    46    23755.8727    8.87668406  4.502485E+08  2.558798E+08  4.600510E+31
        7.193504E+00  2.531034E+01  7.988519E+00  0.0000000000  0.000000E+00
        1.226984E+28 -3.999220E+00 -2.007999E+00 -4.328622E-03  0.000000E+00
    47    23164.1204    8.87737498  4.498905E+08  2.750343E+08  4.152354E+31
        7.175902E+00  2.531074E+01  7.988804E+00  0.0000000000  0.000000E+00
        9.356761E+27 -3.999220E+00 -2.007999E+00 -4.328622E-03  0.000000E+00
    48    22587.0448    8.87806101  4.495353E+08  2.955532E+08  3.747855E+31
        7.158172E+00  2.531110E+01  7.989064E+00  0.0000000000  0.000000E+00
        7.141669E+27 -3.999220E+00 -2.007999E+00 -4.328622E-03  0.000000E+00
    49    22022.6368    8.87873615  4.491860E+08  3.175624E+08  3.381794E+31
        7.140267E+00  2.531140E+01  7.989287E+00  0.0000000000  0.000000E+00
        5.451657E+27 -3.999220E+00 -2.007999E+00 -4.328622E-03  0.000000E+00
    50    21469.0482    8.87938063  4.488529E+08  3.411452E+08  3.049837E+31
        7.122181E+00  2.531161E+01  7.989453E+00  0.0000000000  0.000000E+00
        4.160209E+27 -3.999220E+00 -2.007999E+00 -4.328622E-03  0.000000E+00
    51    20927.0083    8.87999891  4.485335E+08  3.662817E+08  2.749386E+31
        7.104016E+00  2.531176E+01  7.989581E+00  0.0000000000  0.000000E+00
        3.177752E+27 -3.999220E+00 -2.007999E+00 -4.328622E-03  0.000000E+00
    52    20395.8876    8.88060806  4.482190E+08  3.930337E+08  2.477242E+31
        7.085815E+00  2.531191E+01  7.989712E+00  0.0000000000  0.000000E+00
        2.432959E+27 -3.999220E+00 -2.007999E+00 -4.328622E-03  0.000000E+00
    53    19875.4717    8.88122747  4.478995E+08  4.214934E+08  2.230737E+31
        7.067600E+00  2.531213E+01  7.989886E+00  0.0000000000  0.000000E+00
        1.864811E+27 -3.999220E+00 -2.007999E+00 -4.328622E-03  0.000000E+00
    54    19366.0835    8.88187963  4.475633E+08  4.518068E+08  2.007676E+31
        7.049365E+00  2.531247E+01  7.990142E+00  0.0000000000  0.000000E+00
        1.431535E+27 -3.999220E+00 -2.007999E+00 -4.328622E-03  0.000000E+00
    55    18868.2407    8.88255905  4.472134E+08  4.841140E+08  1.806228E+31
        7.031084E+00  2.531290E+01  7.990463E+00  0.0000000000  0.000000E+00
        1.095053E+27 -3.999220E+00 -2.007999E+00 -4.328622E-03  0.000000E+00
    56    18381.6212    8.88323709  4.468644E+08  5.185659E+08  1.624442E+31
        7.012708E+00  2.531336E+01  7.990796E+00  0.0000000000  0.000000E+00
        8.421768E+26 -3.999220E+00 -2.007999E+00 -4.328622E-03  0.000000E+00
    57    17904.7611    8.88388281  4.465323E+08  5.553842E+08  1.460150E+31
        6.994152E+00  2.531376E+01  7.991081E+00  0.0000000000  0.000000E+00
        6.467098E+26 -3.999220E+00 -2.007999E+00 -4.328622E-03  0.000000E+00
    58    17435.7602    8.88446456  4.462334E+08  5.948168E+08  1.311309E+31
        6.975321E+00  2.531400E+01  7.991259E+00  0.0000000000  0.000000E+00
        4.953468E+26 -3.999220E+00 -2.007999E+00 -4.328622E-03  0.000000E+00
    59    16977.5317    8.88497609  4.459707E+08  6.370730E+08  1.177411E+31
        6.959319E+00  2.531409E+01  7.991339E+00  0.0017915300 -7.787494E-04
        3.799259E+26 -3.999220E+00 -2.007999E+00 -4.328622E-03  0.000000E+00
    60    16498.0020    8.88549357  4.457050E+08  6.929615E+08  1.048668E+31
        6.942333E+00  2.531416E+01  7.991405E+00  0.0269583913 -1.186859E-02
        2.900024E+26 -3.999220E+00 -2.007999E+00 -4.328622E-03  0.000000E+00
    61    16130.8313    8.88591523  4.454887E+08  7.473912E+08  9.574539E+30
        6.925650E+00  2.531430E+01  7.991525E+00  0.0631534108 -2.833152E-02
        2.333685E+26 -3.999220E+00 -2.007999E+00 -4.328622E-03  0.000000E+00
    62    15698.8525    8.88646855  4.452050E+08  8.225035E+08  8.578457E+30
        6.905077E+00  2.531462E+01  7.991781E+00  0.1162868853 -5.368870E-02
        1.783348E+26 -3.999220E+00 -2.007999E+00 -4.328622E-03  0.000000E+00
    63    15250.3141    8.88709903  4.448820E+08  9.100270E+08  7.628203E+30
        6.883526E+00  2.531509E+01  7.992129E+00  0.1768614699 -8.452707E-02
        1.335541E+26 -3.999220E+00 -2.007999E+00 -4.328622E-03  0.000000E+00
    64    14779.1255    8.88777442  4.445362E+08  1.011652E+09  6.717793E+30
        6.860631E+00  2.531559E+01  7.992491E+00  0.2432690561 -1.210585E-01
        9.759859E+25 -3.999220E+00 -2.007999E+00 -4.328622E-03  0.000000E+00
    65    14297.2374    8.88842352  4.442041E+08  1.126083E+09  5.874773E+30
        6.836719E+00  2.531596E+01  7.992761E+00  0.3122836968 -1.625907E-01
        6.995153E+25 -3.999220E+00 -2.007999E+00 -4.328622E-03  0.000000E+00
    66    13918.4268    8.88887957  4.439709E+08  1.223732E+09  5.270928E+30
        6.817387E+00  2.531611E+01  7.992869E+00  0.3666132372 -1.983310E-01
        5.326484E+25 -3.999220E+00 -2.007999E+00 -4.328622E-03  0.000000E+00
    67    13680.0461    8.88914246  4.438366E+08  1.288803E+09  4.916023E+30
        6.804917E+00  2.531614E+01  7.992892E+00  0.4006583118 -2.223255E-01
        4.461406E+25 -3.999220E+00 -2.007999E+00 -4.328622E-03  0.000000E+00
    68    13501.9142    8.88933073  4.437404E+08  1.339406E+09  4.662907E+30
        6.795438E+00  2.531614E+01  7.992892E+00  0.4259533831 -2.410528E-01
        3.896260E+25 -3.999220E+00 -2.007999E+00 -4.328622E-03  0.000000E+00
    69    13338.5934    8.88950225  4.436528E+08  1.387387E+09  4.439601E+30
        6.786623E+00  2.531614E+01  7.992886E+00  0.4489817173 -2.588340E-01
        3.433479E+25 -3.999220E+00 -2.007999E+00 -4.328622E-03  0.000000E+00
    70    13175.0525    8.88967784  4.435631E+08  1.437005E+09  4.224134E+30
        6.777675E+00  2.531613E+01  7.992881E+00  0.4718381811 -2.772330E-01
        3.018251E+25 -3.999220E+00 -2.007999E+00 -4.328622E-03  0.000000E+00
    71    13015.3697    8.88985458  4.434729E+08  1.486957E+09  4.021403E+30
        6.768826E+00  2.531613E+01  7.992882E+00  0.4939156204 -2.957771E-01
        2.655844E+25 -3.999220E+00 -2.007999E+00 -4.328622E-03  0.000000E+00
    72    12846.9799    8.89004837  4.433739E+08  1.541233E+09  3.815592E+30
        6.759387E+00  2.531615E+01  7.992894E+00  0.5168666860 -3.159330E-01
        2.316177E+25 -3.999220E+00 -2.007999E+00 -4.328622E-03  0.000000E+00
    73    12672.7482    8.89025889  4.432665E+08  1.599061E+09  3.611024E+30
        6.749519E+00  2.531619E+01  7.992924E+00  0.5401850263 -3.374169E-01
        2.006209E+25 -3.999220E+00 -2.007999E+00 -4.328622E-03  0.000000E+00
    74    12488.7328    8.89049404  4.431465E+08  1.661940E+09  3.403969E+30
        6.738996E+00  2.531626E+01  7.992977E+00  0.5642693356 -3.607819E-01
        1.720358E+25 -3.999220E+00 -2.007999E+00 -4.328622E-03  0.000000E+00
    75    12310.6324    8.89073503  4.430236E+08  1.724516E+09  3.212126E+30
        6.728722E+00  2.531636E+01  7.993051E+00  0.5869961667 -3.840459E-01
        1.479935E+25 -3.999220E+00 -2.007999E+00 -4.328622E-03  0.000000E+00
    76    12126.2206    8.89099174  4.428926E+08  1.791098E+09  3.022151E+30
        6.717998E+00  2.531649E+01  7.993142E+00  0.6098767428 -4.087982E-01
        1.263982E+25 -3.999220E+00 -2.007999E+00 -4.328622E-03  0.000000E+00
    77    11929.3253    8.89126781  4.427519E+08  1.864251E+09  2.828797E+30
        6.706449E+00  2.531663E+01  7.993246E+00  0.6335409796 -4.359746E-01
        1.065958E+25 -3.999220E+00 -2.007999E+00 -4.328622E-03  0.000000E+00
    78    11728.1066    8.89154784  4.426092E+08  1.941320E+09  2.641009E+30
        6.694524E+00  2.531677E+01  7.993346E+00  0.6569118794 -4.645943E-01
        8.933908E+24 -3.999220E+00 -2.007999E+00 -4.328622E-03  0.000000E+00
    79    11521.2935    8.89182923  4.424658E+08  2.023180E+09  2.458000E+30
        6.682111E+00  2.531689E+01  7.993435E+00  0.6800857985 -4.949665E-01
        7.428825E+24 -3.999220E+00 -2.007999E+00 -4.328622E-03  0.000000E+00
    80    11310.7301    8.89210518  4.423253E+08  2.109615E+09  2.281726E+30
        6.669265E+00  2.531699E+01  7.993504E+00  0.7028326219 -5.269989E-01
        6.133869E+24 -3.999220E+00 -2.007999E+00 -4.328622E-03  0.000000E+00
    81    11085.7278    8.89238526  4.421827E+08  2.205921E+09  2.104155E+30
        6.655252E+00  2.531705E+01  7.993552E+00  0.7262562004 -5.626557E-01
        4.973238E+24 -3.999220E+00 -2.007999E+00 -4.328622E-03  0.000000E+00
    82    10842.5780    8.89267923  4.420330E+08  2.315256E+09  1.924230E+30
        6.639705E+00  2.531710E+01  7.993585E+00  0.7506082069 -6.031178E-01
        3.937176E+24 -3.999220E+00 -2.007999E+00 -4.328622E-03  0.000000E+00
    83    10580.7761    8.89299702  4.418713E+08  2.439849E+09  1.743730E+30
        6.622414E+00  2.531714E+01  7.993617E+00  0.7757260616 -6.492212E-01
        3.032855E+24 -3.999220E+00 -2.007999E+00 -4.328622E-03  0.000000E+00
    84    10303.8969    8.89334018  4.416968E+08  2.579799E+09  1.567011E+30
        6.603469E+00  2.531719E+01  7.993654E+00  0.8009676300 -7.010763E-01
        2.275820E+24 -3.999220E+00 -2.007999E+00 -4.328622E-03  0.000000E+00
    85    10013.3867    8.89370147  4.415131E+08  2.735133E+09  1.396460E+30
        6.582961E+00  2.531725E+01  7.993700E+00  0.8257425608 -7.588087E-01
        1.665398E+24 -3.999220E+00 -2.007999E+00 -4.328622E-03  0.000000E+00
    86     9711.0584    8.89407478  4.413234E+08  2.904620E+09  1.234234E+30
        6.561156E+00  2.531733E+01  7.993754E+00  0.8493385098 -8.219977E-01
        1.193011E+24 -3.999220E+00 -2.007999E+00 -4.328622E-03  0.000000E+00
    87     9436.6984    8.89441193  4.411521E+08  3.064570E+09  1.099701E+30
        6.541082E+00  2.531740E+01  7.993808E+00  0.8687232099 -8.818121E-01
        8.763962E+23 -3.999220E+00 -2.007999E+00 -4.328622E-03  0.000000E+00
    88     9142.0878    8.89477582  4.409673E+08  3.243814E+09  9.678584E+29
        6.519215E+00  2.531751E+01  7.993883E+00  0.8874867105 -9.487962E-01
        6.254344E+23 -3.999220E+00 -2.007999E+00 -4.328622E-03  0.000000E+00
    89     8857.7209    8.89512570  4.407897E+08  3.425928E+09  8.522526E+29
        6.497617E+00  2.531764E+01  7.993979E+00  0.9037955900 -1.016805E+00
        4.476062E+23 -3.999220E+00 -2.007999E+00 -4.328622E-03  0.000000E+00
    90     8581.2822    8.89547555  4.406122E+08  3.614427E+09  7.501348E+29
        6.475879E+00  2.531783E+01  7.994119E+00  0.9181775054 -1.087127E+00
        3.192202E+23 -3.999220E+00 -2.007999E+00 -4.328622E-03  0.000000E+00
    91     8312.1836    8.89583020  4.404324E+08  3.811712E+09  6.598366E+29
        6.453725E+00  2.531806E+01  7.994290E+00  0.9309326166 -1.160727E+00
        2.258989E+23 -3.999220E+00 -2.007999E+00 -4.328622E-03  0.000000E+00
    92     8046.2232    8.89618131  4.402544E+08  4.022061E+09  5.788860E+29
        6.430659E+00  2.531828E+01  7.994445E+00  0.9423770543 -1.239405E+00
        1.573948E+23 -3.999220E+00 -2.007999E+00 -4.328622E-03  0.000000E+00
    93     7818.0576    8.89646177  4.401122E+08  4.213539E+09  5.156319E+29
        6.410030E+00  2.531838E+01  7.994520E+00  0.9511891084 -1.311483E+00
        1.138180E+23 -3.999220E+00 -2.007999E+00 -4.328622E-03  0.000000E+00
    94     7553.9116    8.89675550  4.399634E+08  4.445182E+09  4.490950E+29
        6.385590E+00  2.531840E+01  7.994537E+00  0.9600908010 -1.398927E+00
        7.743638E+22 -3.999220E+00 -2.007999E+00 -4.328622E-03  0.000000E+00
    95     7309.9143    8.89701566  4.398317E+08  4.666711E+09  3.935859E+29
        6.362736E+00  2.531838E+01  7.994519E+00  0.9670912962 -1.482689E+00
        5.396145E+22 -3.999220E+00 -2.007998E+00 -4.328606E-03  0.000000E+00
    96     7090.8852    8.89726116  4.397074E+08  4.872467E+09  3.482946E+29
        6.341986E+00  2.531836E+01  7.994505E+00  0.9724733295 -1.560246E+00
        3.884152E+22 -3.999220E+00 -2.007997E+00 -4.328711E-03  0.000000E+00
    97     6893.9791    8.89749982  4.395866E+08  5.065430E+09  3.110184E+29
        6.322932E+00  2.531836E+01  7.994508E+00  0.9766710763 -1.632105E+00
        2.870008E+22 -3.999220E+00 -2.007978E+00 -4.328830E-03  0.000000E+00
    98     6714.6922    8.89773634  4.394669E+08  5.250938E+09  2.797526E+29
        6.304958E+00  2.531837E+01  7.994511E+00  0.9800254667 -1.699523E+00
        2.155992E+22 -3.999220E+00 -2.007963E+00 -4.328978E-03  0.000000E+00
    99     6543.5946    8.89798378  4.393417E+08  5.440407E+09  2.521668E+29
        6.286837E+00  2.531837E+01  7.994514E+00  0.9826941514 -1.761807E+00
        1.614776E+22 -3.999220E+00 -2.007731E+00 -4.331281E-03  0.000000E+00
   100     6395.8722    8.89821496  4.392248E+08  5.620923E+09  2.300331E+29
        6.269654E+00  2.531837E+01  7.994517E+00  0.9845642680 -1.811473E+00
        1.227292E+22 -3.999220E+00 -2.007594E+00 -4.332641E-03  0.000000E+00
   101     6223.9248    8.89852891  4.390661E+08  5.874770E+09  2.061268E+29
        6.245335E+00  2.531838E+01  7.994522E+00  0.9864691613 -1.868675E+00
        8.313891E+21 -3.999220E+00 -2.005667E+00 -4.351805E-03  0.000000E+00
   102     6090.2195    8.89883046  4.389137E+08  6.128618E+09  1.888458E+29
        6.219635E+00  2.531839E+01  7.994527E+00  0.9869198391 -1.883387E+00
        5.499457E+21 -3.999220E+00 -2.001508E+00 -4.393474E-03  0.000000E+00
   103     5993.4778    8.89908082  4.387872E+08  6.355796E+09  1.770276E+29
        6.195590E+00  2.531840E+01  7.994534E+00  0.9871816996 -1.892170E+00
        3.734630E+21 -3.999220E+00 -1.998330E+00 -4.425587E-03  0.000000E+00
   104     5947.0610    8.89921548  4.387191E+08  6.483321E+09  1.715537E+29
        6.181553E+00  2.531841E+01  7.994539E+00  0.9873221452 -1.896954E+00
        2.978783E+21 -3.999220E+00 -1.996818E+00 -4.440942E-03  0.000000E+00
   105     5897.5367    8.89937341  4.386394E+08  6.636393E+09  1.658499E+29
        6.163883E+00  2.531842E+01  7.994548E+00  0.9875006430 -1.903112E+00
        2.240775E+21 -3.999220E+00 -1.994481E+00 -4.464791E-03  0.000000E+00
   106     5837.2240    8.89958491  4.385326E+08  6.838362E+09  1.590914E+29
        6.138818E+00  2.531844E+01  7.994563E+00  0.9878446886 -1.915234E+00
        1.495173E+21 -3.999220E+00 -1.993840E+00 -4.471359E-03  0.000000E+00
   107     5780.5431    8.89977602  4.384361E+08  7.019504E+09  1.529342E+29
        6.114467E+00  2.531846E+01  7.994578E+00  0.9881481996 -1.926216E+00
        1.008832E+21 -3.999220E+00 -1.993355E+00 -4.476331E-03  0.000000E+00
   108     5731.8223    8.89992317  4.383618E+08  7.158138E+09  1.477930E+29
        6.094484E+00  2.531847E+01  7.994586E+00  0.9883782326 -1.934728E+00
        7.302653E+20 -3.999220E+00 -1.992979E+00 -4.480188E-03  0.000000E+00
   109     5676.8306    8.90007662  4.382844E+08  7.302365E+09  1.421521E+29
        6.072144E+00  2.531847E+01  7.994590E+00  0.9886231377 -1.943977E+00
        5.087809E+20 -3.999220E+00 -1.992583E+00 -4.484256E-03  0.000000E+00
   110     5620.8769    8.90021758  4.382133E+08  7.435074E+09  1.365856E+29
        6.050059E+00  2.531848E+01  7.994592E+00  0.9888556291 -1.952944E+00
        3.557257E+20 -3.999220E+00 -1.992213E+00 -4.488057E-03  0.000000E+00
   111     5568.9186    8.90033726  4.381529E+08  7.547672E+09  1.315686E+29
        6.030042E+00  2.531848E+01  7.994592E+00  0.9890604336 -1.961000E+00
        2.571139E+20 -3.999220E+00 -1.991894E+00 -4.491340E-03  0.000000E+00
   112     5520.8533    8.90044103  4.381006E+08  7.648171E+09  1.270545E+29
        6.010893E+00  2.531848E+01  7.994594E+00  0.9892522931 -1.968684E+00
        1.884470E+20 -3.999220E+00 -1.991599E+00 -4.494382E-03  0.000000E+00
   113     5467.7582    8.90054870  4.380463E+08  7.749415E+09  1.222066E+29
        5.990355E+00  2.531848E+01  7.994595E+00  0.9894544913 -1.976932E+00
        1.349885E+20 -3.999220E+00 -1.991290E+00 -4.497570E-03  0.000000E+00
   114     5413.1411    8.90065096  4.379947E+08  7.846327E+09  1.173688E+29
        5.969322E+00  2.531848E+01  7.994596E+00  0.9896591742 -1.985445E+00
        9.588998E+19 -3.999220E+00 -1.990987E+00 -4.500687E-03  0.000000E+00
   115     5356.7443    8.90074656  4.379465E+08  7.937391E+09  1.125287E+29
        5.948174E+00  2.531848E+01  7.994596E+00  0.9898162733 -1.992093E+00
        6.797158E+19 -3.999220E+00 -1.990362E+00 -4.507147E-03  0.000000E+00
   116     5299.7901    8.90083329  4.379028E+08  8.019833E+09  1.077972E+29
        5.927689E+00  2.531848E+01  7.994597E+00  0.9898763897 -1.994665E+00
        4.869207E+19 -3.999220E+00 -1.990068E+00 -4.510190E-03  0.000000E+00
   117     5236.8603    8.90091630  4.378609E+08  8.100495E+09  1.027481E+29
        5.906312E+00  2.531848E+01  7.994597E+00  0.9899243158 -1.996725E+00
        3.436657E+19 -3.999220E+00 -1.989175E+00 -4.519428E-03  0.000000E+00
   118     5166.7253    8.90099766  4.378199E+08  8.180502E+09  9.733519E+28
        5.883717E+00  2.531848E+01  7.994597E+00  0.9899915923 -1.999635E+00
        2.377136E+19 -3.999220E+00 -1.988361E+00 -4.527863E-03  0.000000E+00
   119     5091.1480    8.90107543  4.377807E+08  8.258726E+09  9.174735E+28
        5.860138E+00  2.531848E+01  7.994597E+00  0.9900778997 -2.003396E+00
        1.617542E+19 -3.999220E+00 -1.987638E+00 -4.535376E-03  0.000000E+00
   120     5015.8377    8.90114653  4.377449E+08  8.331453E+09  8.642382E+28
        5.836720E+00  2.531848E+01  7.994597E+00  0.9901763485 -2.007727E+00
        1.103199E+19 -3.999220E+00 -1.987018E+00 -4.541828E-03  0.000000E+00
   121     4941.2703    8.90121245  4.377116E+08  8.399802E+09  8.138570E+28
        5.813283E+00  2.531848E+01  7.994597E+00  0.9902855097 -2.012580E+00
        7.519171E+18 -3.999220E+00 -1.986481E+00 -4.547418E-03  0.000000E+00
   122     4867.4821    8.90127500  4.376801E+08  8.464301E+09  7.662113E+28
        5.789737E+00  2.531848E+01  7.994597E+00  0.9904041339 -2.017916E+00
        5.114371E+18 -3.999220E+00 -1.986018E+00 -4.552255E-03  0.000000E+00
   123     4794.8444    8.90133343  4.376507E+08  8.523906E+09  7.213911E+28
        5.766534E+00  2.531848E+01  7.994597E+00  0.9905284390 -2.023578E+00
        3.497073E+18 -3.999220E+00 -1.985649E+00 -4.556099E-03  0.000000E+00
   124     4721.5988    8.90138679  4.376238E+08  8.579625E+09  6.782278E+28
        5.743502E+00  2.531848E+01  7.994597E+00  0.9906560076 -2.029468E+00
        2.397277E+18 -3.999220E+00 -1.984609E+00 -4.566980E-03  0.000000E+00
   125     4644.1410    8.90143855  4.375977E+08  8.634089E+09  6.347301E+28
        5.719679E+00  2.531848E+01  7.994597E+00  0.9907918593 -2.035828E+00
        1.621788E+18 -3.999220E+00 -1.983639E+00 -4.577151E-03  0.000000E+00
   126     4561.4077    8.90149069  4.375715E+08  8.688626E+09  5.906238E+28
        5.694317E+00  2.531849E+01  7.994598E+00  0.9909428186 -2.043007E+00
        1.069632E+18 -3.999220E+00 -1.983778E+00 -4.575686E-03  0.000000E+00
   127     4482.1692    8.90153834  4.375475E+08  8.739574E+09  5.505804E+28
        5.669161E+00  2.531849E+01  7.994598E+00  0.9910967840 -2.050453E+00
        7.077103E+17 -3.999220E+00 -1.983913E+00 -4.574273E-03  0.000000E+00
   128     4405.8502    8.90158422  4.375243E+08  8.789818E+09  5.139736E+28
        5.642762E+00  2.531849E+01  7.994598E+00  0.9912604563 -2.058511E+00
        4.587117E+17 -3.999220E+00 -1.984051E+00 -4.572829E-03  0.000000E+00
   129     4345.7410    8.90162097  4.375058E+08  8.830241E+09  4.864525E+28
        5.620199E+00  2.531849E+01  7.994598E+00  0.9914015249 -2.065579E+00
        3.166456E+17 -3.999220E+00 -1.984173E+00 -4.571550E-03  0.000000E+00
   130     4281.8903    8.90165868  4.374868E+08  8.871451E+09  4.584475E+28
        5.595663E+00  2.531849E+01  7.994598E+00  0.9915544646 -2.073373E+00
        2.116142E+17 -3.999220E+00 -1.984305E+00 -4.570164E-03  0.000000E+00
   131     4214.0196    8.90169516  4.374685E+08  8.910480E+09  4.300284E+28
        5.571022E+00  2.531849E+01  7.994598E+00  0.9917069482 -2.081286E+00
        1.411940E+17 -3.999220E+00 -1.984442E+00 -4.568731E-03  0.000000E+00
   132     4136.4395    8.90173085  4.374505E+08  8.949186E+09  3.991921E+28
        5.545272E+00  2.531849E+01  7.994598E+00  0.9918639654 -2.089587E+00
        9.253427E+16 -3.999220E+00 -1.984589E+00 -4.567187E-03  0.000000E+00
   133     4051.4323    8.90176581  4.374329E+08  8.987128E+09  3.673454E+28
        5.518775E+00  2.531849E+01  7.994598E+00  0.9920220508 -2.098109E+00
        5.993063E+16 -3.999220E+00 -1.984746E+00 -4.565546E-03  0.000000E+00
   134     3957.3124    8.90180401  4.374136E+08  9.026591E+09  3.343516E+28
        5.490054E+00  2.531849E+01  7.994598E+00  0.9921881875 -2.107248E+00
        3.747038E+16 -3.999220E+00 -1.984918E+00 -4.563741E-03  0.000000E+00
   135     3853.1556    8.90184944  4.373908E+08  9.068437E+09  3.004850E+28
        5.458365E+00  2.531849E+01  7.994598E+00  0.9923636645 -2.117115E+00
        2.239347E+16 -3.999220E+00 -1.985107E+00 -4.561768E-03  0.000000E+00
   136     3737.6151    8.90189588  4.373674E+08  9.112623E+09  2.660042E+28
        5.423552E+00  2.531849E+01  7.994599E+00  0.9925499878 -2.127843E+00
        1.279339E+16 -3.999220E+00 -1.985832E+00 -4.554198E-03  0.000000E+00
   137     3667.7103    8.90191871  4.373559E+08  9.138048E+09  2.466422E+28
        5.402532E+00  2.531849E+01  7.994599E+00  0.9932526694 -2.170868E+00
        9.153089E+15 -3.999220E+00 -1.986439E+00 -4.547862E-03  0.000000E+00
   138     3603.1210    8.90193537  4.373475E+08  9.160202E+09  2.297133E+28
        5.383137E+00  2.531849E+01  7.994599E+00  0.9939888401 -2.221042E+00
        6.662463E+15 -3.999220E+00 -1.986451E+00 -4.547730E-03  0.000000E+00
   139     3542.7370    8.90195011  4.373401E+08  9.179556E+09  2.146899E+28
        5.364939E+00  2.531849E+01  7.994599E+00  0.9948672207 -2.289647E+00
        4.980635E+15 -3.999220E+00 -1.986532E+00 -4.546885E-03  0.000000E+00
   140     3471.6786    8.90196732  4.373314E+08  9.200429E+09  1.979688E+28
        5.343497E+00  2.531849E+01  7.994600E+00  0.9958490754 -2.381855E+00
        3.524422E+15 -3.999220E+00 -1.986639E+00 -4.545776E-03  0.000000E+00
   141     3401.9646    8.90198342  4.373233E+08  9.219253E+09  1.825332E+28
        5.322433E+00  2.531849E+01  7.994600E+00  0.9966494424 -2.474883E+00
        2.533939E+15 -3.999220E+00 -1.986651E+00 -4.545648E-03  0.000000E+00
   142     3330.4307    8.90199782  4.373161E+08  9.237061E+09  1.676524E+28
        5.300760E+00  2.531849E+01  7.994600E+00  0.9973196483 -2.571808E+00
        1.801043E+15 -3.999220E+00 -1.986651E+00 -4.545648E-03  0.000000E+00
   143     3259.3639    8.90201013  4.373099E+08  9.253418E+09  1.537897E+28
        5.279131E+00  2.531849E+01  7.994600E+00  0.9978601042 -2.669607E+00
        1.292463E+15 -3.999220E+00 -1.986651E+00 -4.545648E-03  0.000000E+00
   144     3186.7684    8.90202177  4.373040E+08  9.268977E+09  1.405356E+28
        5.256907E+00  2.531849E+01  7.994601E+00  0.9983061989 -2.771138E+00
        9.223610E+14 -3.999220E+00 -1.986651E+00 -4.545648E-03  0.000000E+00
   145     3111.5321    8.90203348  4.372981E+08  9.284088E+09  1.277232E+28
        5.233645E+00  2.531849E+01  7.994601E+00  0.9986771302 -2.878483E+00
        6.502789E+14 -3.999220E+00 -1.986651E+00 -4.545648E-03  0.000000E+00
   146     3035.8869    8.90204528  4.372922E+08  9.298375E+09  1.157453E+28
        5.209886E+00  2.531849E+01  7.994601E+00  0.9989747846 -2.989185E+00
        4.567207E+14 -3.999220E+00 -1.986651E+00 -4.545648E-03  0.000000E+00
   147     2963.2199    8.90205724  4.372861E+08  9.311356E+09  1.050520E+28
        5.186669E+00  2.531849E+01  7.994601E+00  0.9992030780 -3.098584E+00
        3.235298E+14 -3.999220E+00 -1.986651E+00 -4.545648E-03  0.000000E+00
   148     2887.6506    8.90207132  4.372790E+08  9.324203E+09  9.473563E+27
        5.162055E+00  2.531849E+01  7.994601E+00  0.9993907345 -3.215193E+00
        2.258850E+14 -3.999220E+00 -1.986651E+00 -4.545648E-03  0.000000E+00
   149     2820.2579    8.90208474  4.372723E+08  9.335181E+09  8.619392E+27
        5.139602E+00  2.531849E+01  7.994601E+00  0.9995238948 -3.322297E+00
        1.631913E+14 -3.999220E+00 -1.986651E+00 -4.545648E-03  0.000000E+00
   150     2748.5096    8.90209793  4.372657E+08  9.346325E+09  7.774942E+27
        5.115164E+00  2.531849E+01  7.994601E+00  0.9996365281 -3.439529E+00
        1.148527E+14 -3.999220E+00 -1.986651E+00 -4.545648E-03  0.000000E+00
   151     2676.6755    8.90210871  4.372602E+08  9.357022E+09  6.993269E+27
        5.090120E+00  2.531849E+01  7.994601E+00  0.9997247668 -3.560299E+00
        8.032548E+13 -3.999220E+00 -1.986651E+00 -4.545648E-03  0.000000E+00
   152     2603.5462    8.90211715  4.372560E+08  9.367498E+09  6.259651E+27
        5.063904E+00  2.531849E+01  7.994601E+00  0.9997945270 -3.687245E+00
        5.537247E+13 -3.999217E+00 -1.986651E+00 -4.545648E-03  0.000000E+00
   153     2534.4620    8.90212108  4.372540E+08  9.376987E+09  5.621189E+27
        5.038445E+00  2.531849E+01  7.994601E+00  0.9998442974 -3.807704E+00
        3.861350E+13 -3.999041E+00 -1.986653E+00 -4.545648E-03  0.000000E+00
   154     2466.5154    8.90212444  4.372523E+08  9.385881E+09  5.042164E+27
        5.013223E+00  2.531849E+01  7.994601E+00  0.9998711170 -3.889804E+00
        2.709100E+13 -3.998940E+00 -1.986654E+00 -4.545648E-03  0.000000E+00
   155     2392.7502    8.90208987  4.372697E+08  9.395112E+09  4.465866E+27
        4.985752E+00  2.531849E+01  7.994601E+00  0.9998843973 -3.937032E+00
        1.844699E+13 -3.996435E+00 -1.986678E+00 -4.545648E-03  0.000000E+00
   156     2320.9269    8.90206435  4.372826E+08  9.403771E+09  3.953553E+27
        4.958765E+00  2.531849E+01  7.994601E+00  0.9998847583 -3.938390E+00
        1.266123E+13 -3.994476E+00 -1.986698E+00 -4.545648E-03  0.000000E+00
   157     2245.8752    8.90206369  4.372829E+08  9.412734E+09  3.466450E+27
        4.929527E+00  2.531849E+01  7.994601E+00  0.9998867617 -3.946007E+00
        8.431373E+12 -3.994093E+00 -1.986701E+00 -4.545648E-03  0.000000E+00
   158     2179.8635    8.90201891  4.373054E+08  9.420551E+09  3.076836E+27
        4.903088E+00  2.531849E+01  7.994601E+00  0.9998859691 -3.942978E+00
        5.841728E+12 -3.991013E+00 -1.986732E+00 -4.545648E-03  0.000000E+00
   159     2112.1753    8.90197828  4.373259E+08  9.428524E+09  2.712362E+27
        4.874993E+00  2.531849E+01  7.994601E+00  0.9998858584 -3.942556E+00
        3.957892E+12 -3.988234E+00 -1.986759E+00 -4.545648E-03  0.000000E+00
   160     2043.1348    8.90193608  4.373471E+08  9.436679E+09  2.374970E+27
        4.845278E+00  2.531849E+01  7.994601E+00  0.9998864042 -3.944638E+00
        2.622531E+12 -3.985438E+00 -1.986787E+00 -4.545648E-03  0.000000E+00
   161     1967.1731    8.90188856  4.373711E+08  9.445701E+09  2.041211E+27
        4.811259E+00  2.531849E+01  7.994601E+00  0.9998876476 -3.949418E+00
        1.638569E+12 -3.982424E+00 -1.986818E+00 -4.545648E-03  0.000000E+00
   162     1897.5938    8.90184414  4.373934E+08  9.454040E+09  1.767563E+27
        4.778862E+00  2.531849E+01  7.994600E+00  0.9998893178 -3.955922E+00
        1.047227E+12 -3.979730E+00 -1.986845E+00 -4.545648E-03  0.000000E+00
   163     1815.3346    8.90178994  4.374207E+08  9.464099E+09  1.480618E+27
        4.738896E+00  2.531849E+01  7.994600E+00  0.9998919087 -3.966209E+00
        6.029083E+11 -3.976574E+00 -1.986877E+00 -4.545648E-03  0.000000E+00
   164     1733.2518    8.90174170  4.374450E+08  9.474432E+09  1.230583E+27
        4.696971E+00  2.531849E+01  7.994600E+00  0.9998951406 -3.979393E+00
        3.378528E+11 -3.973900E+00 -1.986905E+00 -4.545648E-03  0.000000E+00
   165     1629.3830    8.90165925  4.374866E+08  9.488184E+09  9.612571E+26
        4.640630E+00  2.531849E+01  7.994600E+00  0.9999000857 -4.000372E+00
        1.551505E+11 -3.969332E+00 -1.986952E+00 -4.545648E-03  0.000000E+00
