============================================================================
   #Mod      Teff         Log(g)        Rayon        Age           Lum
           Log(Tc)       Log(Pc)      Log(rhoc)     M_x/M        Log(q_x)
            Lum_nu       Log(H/*)     Log(He/*)    Log(C/*)      Log(O/*)
============================================================================
     0    60011.9071    9.08060793  3.711902E+08  0.000000E+00  1.273386E+33
        7.756587E+00  2.586509E+01  8.394989E+00  0.0000000000  0.000000E+00
        2.551575E+32 -4.012233E+00 -1.996154E+00 -4.446570E-03  0.000000E+00
     1    59626.6066    9.08098755  3.710280E+08  4.000000E+05  1.239913E+33
        7.753887E+00  2.586536E+01  8.395193E+00  0.0000000000  0.000000E+00
        2.329204E+32 -4.012233E+00 -1.996154E+00 -4.446570E-03  0.000000E+00
     2    59279.7055    9.08133378  3.708801E+08  8.000000E+05  1.210343E+33
        7.751163E+00  2.586562E+01  8.395392E+00  0.0000000000  0.000000E+00
        2.151725E+32 -4.012233E+00 -1.996154E+00 -4.446570E-03  0.000000E+00
     3    58977.8249    9.08164678  3.707465E+08  1.200000E+06  1.185022E+33
        7.748406E+00  2.586588E+01  8.395587E+00  0.0000000000  0.000000E+00
        2.001362E+32 -4.012233E+00 -1.996154E+00 -4.446570E-03  0.000000E+00
     4    58705.2657    9.08193747  3.706224E+08  1.600000E+06  1.162489E+33
        7.745617E+00  2.586614E+01  8.395778E+00  0.0000000000  0.000000E+00
        1.869818E+32 -4.012233E+00 -1.996154E+00 -4.446570E-03  0.000000E+00
     5    58451.8638    9.08221291  3.705049E+08  2.000000E+06  1.141823E+33
        7.742802E+00  2.586639E+01  8.395965E+00  0.0000000000  0.000000E+00
        1.752421E+32 -4.012233E+00 -1.996154E+00 -4.446570E-03  0.000000E+00
     6    58211.6836    9.08247726  3.703922E+08  2.400000E+06  1.122488E+33
        7.739970E+00  2.586663E+01  8.396150E+00  0.0000000000  0.000000E+00
        1.646255E+32 -4.012233E+00 -1.996154E+00 -4.446570E-03  0.000000E+00
     7    57979.5251    9.08273450  3.702825E+08  2.800000E+06  1.104034E+33
        7.737132E+00  2.586687E+01  8.396331E+00  0.0000000000  0.000000E+00
        1.548795E+32 -4.012233E+00 -1.996154E+00 -4.446570E-03  0.000000E+00
     8    57540.0922    9.08322556  3.700732E+08  3.600000E+06  1.069732E+33
        7.731471E+00  2.586734E+01  8.396683E+00  0.0000000000  0.000000E+00
        1.377795E+32 -4.012233E+00 -1.996154E+00 -4.446570E-03  0.000000E+00
     9    56720.3756    9.08414111  3.696833E+08  5.200000E+06  1.007937E+33
        7.720446E+00  2.586822E+01  8.397343E+00  0.0000000000  0.000000E+00
        1.105399E+32 -4.012233E+00 -1.996154E+00 -4.446570E-03  0.000000E+00
    10    55568.3610    9.08542709  3.691364E+08  7.652648E+06  9.257666E+32
        7.704512E+00  2.586944E+01  8.398262E+00  0.0000000000  0.000000E+00
        8.074921E+31 -4.012233E+00 -1.996154E+00 -4.446570E-03  0.000000E+00
    11    54396.2694    9.08671447  3.685897E+08  1.035050E+07  8.475791E+32
        7.688177E+00  2.587064E+01  8.399163E+00  0.0000000000  0.000000E+00
        5.856001E+31 -4.012233E+00 -1.996154E+00 -4.446570E-03  0.000000E+00
    12    53229.4188    9.08798690  3.680501E+08  1.327010E+07  7.748868E+32
        7.671710E+00  2.587179E+01  8.400029E+00  0.0000000000  0.000000E+00
        4.233367E+31 -4.012233E+00 -1.996154E+00 -4.446570E-03  0.000000E+00
    13    52047.6635    9.08924593  3.675170E+08  1.644768E+07  7.062806E+32
        7.654997E+00  2.587290E+01  8.400864E+00  0.0000000000  0.000000E+00
        3.046833E+31 -4.012233E+00 -1.996154E+00 -4.446570E-03  0.000000E+00
    14    50859.5783    9.09048716  3.669922E+08  1.989652E+07  6.421288E+32
        7.638060E+00  2.587397E+01  8.401664E+00  0.0000000000  0.000000E+00
        2.184974E+31 -4.012233E+00 -1.996154E+00 -4.446570E-03  0.000000E+00
    15    49690.4625    9.09169963  3.664803E+08  2.361084E+07  5.834596E+32
        7.621010E+00  2.587498E+01  8.402427E+00  0.0000000000  0.000000E+00
        1.565352E+31 -4.012233E+00 -1.996154E+00 -4.446570E-03  0.000000E+00
    16    48507.4663    9.09289314  3.659770E+08  2.764206E+07  5.283960E+32
        7.603706E+00  2.587595E+01  8.403159E+00  0.0000000000  0.000000E+00
        1.118966E+31 -4.012233E+00 -1.996154E+00 -4.446570E-03  0.000000E+00
    17    47339.2034    9.09405454  3.654880E+08  3.196757E+07  4.780216E+32
        7.586343E+00  2.587687E+01  8.403851E+00  0.0000000000  0.000000E+00
        8.012175E+30 -4.012233E+00 -1.996154E+00 -4.446570E-03  0.000000E+00
    18    46176.3014    9.09519258  3.650095E+08  3.660754E+07  4.316207E+32
        7.568928E+00  2.587775E+01  8.404515E+00  0.0000000000  0.000000E+00
        5.752179E+30 -4.012233E+00 -1.996154E+00 -4.446570E-03  0.000000E+00
    19    45064.3860    9.09629123  3.645481E+08  4.151452E+07  3.905358E+32
        7.551693E+00  2.587859E+01  8.405152E+00  0.0000000000  0.000000E+00
        4.154954E+30 -4.012233E+00 -1.996154E+00 -4.446570E-03  0.000000E+00
    20    43968.0444    9.09737656  3.640928E+08  4.681332E+07  3.530127E+32
        7.534271E+00  2.587942E+01  8.405782E+00  0.0000000000  0.000000E+00
        3.001263E+30 -4.012233E+00 -1.996154E+00 -4.446570E-03  0.000000E+00
    21    42881.2642    9.09844843  3.636438E+08  5.254452E+07  3.185959E+32
        7.516626E+00  2.588023E+01  8.406399E+00  0.0000000000  0.000000E+00
        2.167101E+30 -4.012233E+00 -1.996154E+00 -4.446570E-03  0.000000E+00
    22    41826.4220    9.09949128  3.632075E+08  5.866261E+07  2.876934E+32
        7.498982E+00  2.588102E+01  8.406999E+00  0.0000000000  0.000000E+00
        1.571057E+30 -4.012233E+00 -1.996154E+00 -4.446570E-03  0.000000E+00
    23    40797.7610    9.10051405  3.627800E+08  6.524366E+07  2.598062E+32
        7.481192E+00  2.588179E+01  8.407588E+00  0.0000000000  0.000000E+00
        1.140293E+30 -4.012233E+00 -1.996154E+00 -4.446570E-03  0.000000E+00
    24    39787.4227    9.10152070  3.623598E+08  7.232219E+07  2.344665E+32
        7.463242E+00  2.588255E+01  8.408164E+00  0.0000000000  0.000000E+00
        8.290364E+29 -4.012233E+00 -1.996154E+00 -4.446570E-03  0.000000E+00
    25    38796.7119    9.10250737  3.619485E+08  7.991128E+07  2.114904E+32
        7.445180E+00  2.588329E+01  8.408720E+00  0.0000000000  0.000000E+00
        6.044943E+29 -4.012233E+00 -1.996154E+00 -4.446570E-03  0.000000E+00
    26    37827.0397    9.10347706  3.615446E+08  8.801763E+07  1.907000E+32
        7.427073E+00  2.588403E+01  8.409265E+00  0.0000000000  0.000000E+00
        4.426543E+29 -4.012233E+00 -1.996154E+00 -4.446570E-03  0.000000E+00
    27    36879.2270    9.10442846  3.611488E+08  9.666120E+07  1.719163E+32
        7.408946E+00  2.588474E+01  8.409796E+00  0.0000000000  0.000000E+00
        3.256714E+29 -4.012233E+00 -1.996154E+00 -4.446570E-03  0.000000E+00
    28    35953.0009    9.10536312  3.607604E+08  1.058815E+08  1.549515E+32
        7.390782E+00  2.588544E+01  8.410313E+00  0.0000000000  0.000000E+00
        2.406306E+29 -4.012233E+00 -1.996154E+00 -4.446570E-03  0.000000E+00
    29    35046.4575    9.10627925  3.603801E+08  1.157269E+08  1.396097E+32
        7.372551E+00  2.588611E+01  8.410811E+00  0.0000000000  0.000000E+00
        1.784432E+29 -4.012233E+00 -1.996154E+00 -4.446570E-03  0.000000E+00
    30    34160.6439    9.10716256  3.600138E+08  1.262210E+08  1.257650E+32
        7.354271E+00  2.588670E+01  8.411262E+00  0.0000000000  0.000000E+00
        1.328195E+29 -4.012233E+00 -1.996154E+00 -4.446570E-03  0.000000E+00
    31    33295.7461    9.10801776  3.596595E+08  1.374014E+08  1.132806E+32
        7.335952E+00  2.588726E+01  8.411684E+00  0.0000000000  0.000000E+00
        9.921090E+28 -4.012233E+00 -1.996154E+00 -4.446570E-03  0.000000E+00
    32    32449.3984    9.10885275  3.593139E+08  1.493382E+08  1.019981E+32
        7.317555E+00  2.588780E+01  8.412102E+00  0.0000000000  0.000000E+00
        7.431532E+28 -4.012233E+00 -1.996154E+00 -4.446570E-03  0.000000E+00
    33    31619.4283    9.10967789  3.589727E+08  1.620961E+08  9.178177E+31
        7.299063E+00  2.588839E+01  8.412546E+00  0.0000000000  0.000000E+00
        5.577108E+28 -4.012233E+00 -1.996154E+00 -4.446570E-03  0.000000E+00
    34    30805.1035    9.11051249  3.586280E+08  1.757285E+08  8.252708E+31
        7.280495E+00  2.588908E+01  8.413061E+00  0.0000000000  0.000000E+00
        4.194377E+28 -4.012233E+00 -1.996154E+00 -4.446570E-03  0.000000E+00
    35    30006.7388    9.11133622  3.582880E+08  1.902403E+08  7.415787E+31
        7.261901E+00  2.588981E+01  8.413608E+00  0.0000000000  0.000000E+00
        3.165874E+28 -4.012233E+00 -1.996154E+00 -4.446570E-03  0.000000E+00
    36    29223.7041    9.11212156  3.579642E+08  2.056553E+08  6.659441E+31
        7.243291E+00  2.589051E+01  8.414128E+00  0.0000000000  0.000000E+00
        2.394741E+28 -4.012233E+00 -1.996154E+00 -4.446570E-03  0.000000E+00
    37    28455.5161    9.11284514  3.576662E+08  2.220250E+08  5.976391E+31
        7.224635E+00  2.589109E+01  8.414560E+00  0.0000000000  0.000000E+00
        1.815332E+28 -4.012233E+00 -1.996154E+00 -4.446570E-03  0.000000E+00
    38    27702.1433    9.11349348  3.573993E+08  2.394332E+08  5.360166E+31
        7.205870E+00  2.589149E+01  8.414856E+00  0.0000000000  0.000000E+00
        1.378260E+28 -4.012233E+00 -1.996154E+00 -4.446570E-03  0.000000E+00
    39    26965.6933    9.11408863  3.571545E+08  2.579828E+08  4.805914E+31
        7.186956E+00  2.589175E+01  8.415046E+00  0.0000000000  0.000000E+00
        1.045920E+28 -4.012233E+00 -1.996154E+00 -4.446570E-03  0.000000E+00
    40    26245.2371    9.11466362  3.569181E+08  2.778540E+08  4.306819E+31
        7.167798E+00  2.589193E+01  8.415184E+00  0.0000000000  0.000000E+00
        7.924383E+27 -4.012233E+00 -1.996154E+00 -4.446570E-03  0.000000E+00
    41    25537.0858    9.11524981  3.566773E+08  2.992458E+08  3.855261E+31
        7.148303E+00  2.589213E+01  8.415325E+00  0.0000000000  0.000000E+00
        5.987379E+27 -4.012233E+00 -1.996154E+00 -4.446570E-03  0.000000E+00
    42    24838.2677    9.11585983  3.564269E+08  3.223306E+08  3.445432E+31
        7.128405E+00  2.589237E+01  8.415504E+00  0.0000000000  0.000000E+00
        4.502600E+27 -4.012233E+00 -1.996154E+00 -4.446570E-03  0.000000E+00
    43    24145.5835    9.11647910  3.561729E+08  3.472143E+08  3.072487E+31
        7.108069E+00  2.589264E+01  8.415701E+00  0.0000000000  0.000000E+00
        3.370550E+27 -4.012233E+00 -1.996154E+00 -4.446570E-03  0.000000E+00
    44    23547.3826    9.11703446  3.559452E+08  3.720981E+08  2.775584E+31
        7.095250E+00  2.589295E+01  8.416006E+00  0.0082675854 -3.605492E-03
        2.633369E+27 -4.012233E+00 -1.996154E+00 -4.446570E-03  0.000000E+00
    45    23055.7907    9.11751842  3.557470E+08  3.969818E+08  2.548120E+31
        7.082310E+00  2.589329E+01  8.416256E+00  0.0290236848 -1.279136E-02
        2.157359E+27 -4.012233E+00 -1.996154E+00 -4.446570E-03  0.000000E+00
    46    22641.7072    9.11794692  3.555715E+08  4.218656E+08  2.367598E+31
        7.069359E+00  2.589363E+01  8.416507E+00  0.0556496399 -2.486685E-02
        1.813588E+27 -4.012233E+00 -1.996154E+00 -4.446570E-03  0.000000E+00
    47    22275.3000    9.11833959  3.554108E+08  4.467493E+08  2.216016E+31
        7.057122E+00  2.589396E+01  8.416752E+00  0.0843709039 -3.828042E-02
        1.545132E+27 -4.012233E+00 -1.996154E+00 -4.446570E-03  0.000000E+00
    48    21938.9231    9.11870676  3.552606E+08  4.716331E+08  2.083400E+31
        7.045601E+00  2.589427E+01  8.416984E+00  0.1135254018 -5.233370E-02
        1.327984E+27 -4.012233E+00 -1.996154E+00 -4.446570E-03  0.000000E+00
    49    21623.5643    9.11904932  3.551205E+08  4.965168E+08  1.964618E+31
        7.034682E+00  2.589456E+01  8.417192E+00  0.1424116818 -6.672114E-02
        1.146667E+27 -4.012233E+00 -1.996154E+00 -4.446528E-03  0.000000E+00
    50    21322.4134    9.11937077  3.549891E+08  5.214006E+08  1.856064E+31
        7.024119E+00  2.589481E+01  8.417376E+00  0.1709140455 -8.140044E-02
        9.946093E+26 -4.012233E+00 -1.996154E+00 -4.446570E-03  0.000000E+00
    51    20764.6954    9.11993507  3.547586E+08  5.711681E+08  1.667191E+31
        7.004473E+00  2.589518E+01  8.417652E+00  0.2253698126 -1.109056E-01
        7.596863E+26 -4.012233E+00 -1.996154E+00 -4.446570E-03  0.000000E+00
    52    20118.7272    9.12052691  3.545169E+08  6.345177E+08  1.467214E+31
        6.981151E+00  2.589546E+01  8.417859E+00  0.2898520298 -1.486511E-01
        5.491010E+26 -4.012233E+00 -1.996154E+00 -4.446570E-03  0.000000E+00
    53    19452.6771    9.12109569  3.542848E+08  7.064426E+08  1.280678E+31
        6.956358E+00  2.589567E+01  8.418010E+00  0.3568249316 -1.916708E-01
        3.869244E+26 -4.012233E+00 -1.996154E+00 -4.446570E-03  0.000000E+00
    54    18780.6414    9.12170812  3.540351E+08  7.860429E+08  1.111097E+31
        6.930564E+00  2.589599E+01  8.418246E+00  0.4236405996 -2.393066E-01
        2.676017E+26 -4.012233E+00 -1.996154E+00 -4.446570E-03  0.000000E+00
    55    18111.3634    9.12237592  3.537630E+08  8.722019E+08  9.595043E+30
        6.904202E+00  2.589645E+01  8.418584E+00  0.4880741185 -2.907929E-01
        1.828339E+26 -4.012233E+00 -1.996154E+00 -4.446570E-03  0.000000E+00
    56    17445.2618    9.12303821  3.534934E+08  9.646083E+08  8.246886E+30
        6.877362E+00  2.589686E+01  8.418889E+00  0.5491319863 -3.459506E-01
        1.236031E+26 -4.012233E+00 -1.996154E+00 -4.446570E-03  0.000000E+00
    57    16782.6526    9.12365019  3.532444E+08  1.063622E+09  7.053595E+30
        6.849950E+00  2.589714E+01  8.419094E+00  0.6062802384 -4.048128E-01
        8.257848E+25 -4.012233E+00 -1.996154E+00 -4.446570E-03  0.000000E+00
    58    16143.3827    9.12420400  3.530193E+08  1.167275E+09  6.031043E+30
        6.822535E+00  2.589735E+01  8.419251E+00  0.6582146194 -4.662465E-01
        5.499093E+25 -4.012233E+00 -1.996154E+00 -4.446570E-03  0.000000E+00
    59    15519.2859    9.12476285  3.527922E+08  1.278027E+09  5.144490E+30
        6.794493E+00  2.589767E+01  8.419492E+00  0.7061096012 -5.318146E-01
        3.616726E+25 -4.012233E+00 -1.996154E+00 -4.446570E-03  0.000000E+00
    60    14906.6196    9.12534369  3.525564E+08  1.396926E+09  4.373119E+30
        6.765574E+00  2.589809E+01  8.419814E+00  0.7501246633 -6.022766E-01
        2.340536E+25 -4.012233E+00 -1.996154E+00 -4.446570E-03  0.000000E+00
    61    14461.9104    9.12576970  3.523835E+08  1.488711E+09  3.870359E+30
        6.743849E+00  2.589839E+01  8.420040E+00  0.7797279219 -6.570406E-01
        1.684685E+25 -4.012233E+00 -1.996154E+00 -4.446570E-03  0.000000E+00
    62    14205.4882    9.12600703  3.522872E+08  1.543322E+09  3.601106E+30
        6.731116E+00  2.589852E+01  8.420141E+00  0.7957714632 -6.898836E-01
        1.388518E+25 -4.012233E+00 -1.996154E+00 -4.446570E-03  0.000000E+00
    63    14001.0175    9.12619287  3.522119E+08  1.587805E+09  3.396752E+30
        6.720874E+00  2.589862E+01  8.420210E+00  0.8080105211 -7.167226E-01
        1.188053E+25 -4.012233E+00 -1.996154E+00 -4.446570E-03  0.000000E+00
    64    13806.7977    9.12636617  3.521416E+08  1.630891E+09  3.210879E+30
        6.711070E+00  2.589869E+01  8.420264E+00  0.8191812811 -7.427566E-01
        1.023077E+25 -4.012233E+00 -1.996154E+00 -4.446570E-03  0.000000E+00
    65    13612.6361    9.12653654  3.520725E+08  1.674838E+09  3.032848E+30
        6.701189E+00  2.589875E+01  8.420308E+00  0.8299115563 -7.693252E-01
        8.797046E+24 -4.012233E+00 -1.996154E+00 -4.446570E-03  0.000000E+00
    66    13421.5100    9.12670018  3.520062E+08  1.719022E+09  2.864993E+30
        6.691372E+00  2.589880E+01  8.420342E+00  0.8400609494 -7.960455E-01
        7.569519E+24 -4.012233E+00 -1.996154E+00 -4.446570E-03  0.000000E+00
    67    13226.3199    9.12686334  3.519401E+08  1.765208E+09  2.700916E+30
        6.681235E+00  2.589883E+01  8.420368E+00  0.8500236799 -8.239773E-01
        6.479791E+24 -4.012233E+00 -1.996154E+00 -4.446570E-03  0.000000E+00
    68    13022.9034    9.12702997  3.518726E+08  1.814623E+09  2.537579E+30
        6.670527E+00  2.589886E+01  8.420388E+00  0.8599955249 -8.538581E-01
        5.496818E+24 -4.012233E+00 -1.996154E+00 -4.446570E-03  0.000000E+00
    69    12815.5626    9.12719940  3.518040E+08  1.866510E+09  2.378864E+30
        6.659428E+00  2.589889E+01  8.420408E+00  0.8697572854 -8.852466E-01
        4.633582E+24 -4.012233E+00 -1.996154E+00 -4.446570E-03  0.000000E+00
    70    12604.5331    9.12737069  3.517346E+08  1.921076E+09  2.225126E+30
        6.647907E+00  2.589891E+01  8.420424E+00  0.8793001863 -9.182934E-01
        3.879233E+24 -4.012233E+00 -1.996154E+00 -4.446570E-03  0.000000E+00
    71    12373.7853    9.12755743  3.516590E+08  1.983019E+09  2.065719E+30
        6.635013E+00  2.589893E+01  8.420437E+00  0.8892976140 -9.558430E-01
        3.178255E+24 -4.012233E+00 -1.996154E+00 -4.446570E-03  0.000000E+00
    72    12134.4221    9.12775542  3.515788E+08  2.050014E+09  1.909586E+30
        6.621266E+00  2.589894E+01  8.420450E+00  0.8991992975 -9.965364E-01
        2.568664E+24 -4.012233E+00 -1.996154E+00 -4.446570E-03  0.000000E+00
    73    11892.1478    9.12796070  3.514957E+08  2.120766E+09  1.760754E+30
        6.606950E+00  2.589896E+01  8.420464E+00  0.9087231806 -1.039640E+00
        2.056686E+24 -4.012233E+00 -1.996154E+00 -4.446570E-03  0.000000E+00
    74    11633.9179    9.12818157  3.514064E+08  2.199330E+09  1.611910E+30
        6.591276E+00  2.589899E+01  8.420481E+00  0.9182824164 -1.087684E+00
        1.611501E+24 -4.012233E+00 -1.996154E+00 -4.446570E-03  0.000000E+00
    75    11350.9078    9.12842176  3.513092E+08  2.288663E+09  1.459886E+30
        6.573715E+00  2.589902E+01  8.420504E+00  0.9279849188 -1.142577E+00
        1.225288E+24 -4.012233E+00 -1.996154E+00 -4.446570E-03  0.000000E+00
    76    11033.0086    9.12868681  3.512020E+08  2.392419E+09  1.302289E+30
        6.553663E+00  2.589905E+01  8.420529E+00  0.9378600119 -1.206629E+00
        8.953455E+23 -4.012233E+00 -1.996154E+00 -4.446570E-03  0.000000E+00
    77    10738.9636    9.12893183  3.511030E+08  2.491327E+09  1.168250E+30
        6.534878E+00  2.589909E+01  8.420556E+00  0.9460453984 -1.267972E+00
        6.668280E+23 -4.012233E+00 -1.996154E+00 -4.446570E-03  0.000000E+00
    78    10398.7243    9.12921894  3.509869E+08  2.610065E+09  1.026407E+30
        6.512810E+00  2.589915E+01  8.420603E+00  0.9544681498 -1.341685E+00
        4.712539E+23 -4.012233E+00 -1.996154E+00 -4.446570E-03  0.000000E+00
    79    10048.1970    9.12952086  3.508649E+08  2.738622E+09  8.942315E+29
        6.489454E+00  2.589925E+01  8.420679E+00  0.9621245413 -1.421642E+00
        3.260077E+23 -4.012233E+00 -1.996154E+00 -4.446570E-03  0.000000E+00
    80     9780.3225    9.12976510  3.507663E+08  2.842364E+09  8.021690E+29
        6.470944E+00  2.589938E+01  8.420771E+00  0.9673744201 -1.486442E+00
        2.432516E+23 -4.012233E+00 -1.996148E+00 -4.446568E-03  0.000000E+00
    81     9421.1085    9.13010201  3.506303E+08  2.991582E+09  6.901195E+29
        6.444886E+00  2.589957E+01  8.420911E+00  0.9736705465 -1.579558E+00
        1.608955E+23 -4.012233E+00 -1.996146E+00 -4.446636E-03  0.000000E+00
    82     9056.9384    9.13042641  3.504993E+08  3.154894E+09  5.890030E+29
        6.416826E+00  2.589971E+01  8.421015E+00  0.9791255352 -1.680385E+00
        1.029562E+23 -4.012233E+00 -1.996102E+00 -4.447093E-03  0.000000E+00
    83     8727.3791    9.13067708  3.503982E+08  3.310007E+09  5.075473E+29
        6.390447E+00  2.589974E+01  8.421038E+00  0.9830752015 -1.771476E+00
        6.758453E+22 -4.012233E+00 -1.995977E+00 -4.448363E-03  0.000000E+00
    84     8411.8888    9.13088936  3.503126E+08  3.460764E+09  4.378275E+29
        6.364907E+00  2.589972E+01  8.421026E+00  0.9854151824 -1.836099E+00
        4.491850E+22 -4.012233E+00 -1.995893E+00 -4.449223E-03  0.000000E+00
    85     8097.9591    9.13108738  3.502327E+08  3.614610E+09  3.758661E+29
        6.339221E+00  2.589971E+01  8.421013E+00  0.9868825519 -1.882151E+00
        2.973747E+22 -4.012233E+00 -1.989894E+00 -4.510835E-03  0.000000E+00
    86     7765.7462    9.13131435  3.501412E+08  3.783547E+09  3.177142E+29
        6.311342E+00  2.589971E+01  8.421013E+00  0.9875016770 -1.903148E+00
        1.900046E+22 -4.012233E+00 -1.988177E+00 -4.528629E-03  0.000000E+00
    87     7423.5115    9.13155867  3.500427E+08  3.972402E+09  2.651534E+29
        6.280928E+00  2.589971E+01  8.421013E+00  0.9876184212 -1.907224E+00
        1.163880E+22 -4.012233E+00 -1.982357E+00 -4.589481E-03  0.000000E+00
    88     7139.9465    9.13178169  3.499529E+08  4.145807E+09  2.267861E+29
        6.253654E+00  2.589971E+01  8.421014E+00  0.9877478396 -1.911787E+00
        7.495763E+21 -4.012233E+00 -1.978279E+00 -4.632603E-03  0.000000E+00
    89     6828.6653    9.13205930  3.498410E+08  4.354719E+09  1.896279E+29
        6.221385E+00  2.589971E+01  8.421017E+00  0.9879134747 -1.917699E+00
        4.450665E+21 -4.012233E+00 -1.974051E+00 -4.677748E-03  0.000000E+00
    90     6586.8345    9.13229550  3.497459E+08  4.531194E+09  1.640702E+29
        6.194469E+00  2.589972E+01  8.421020E+00  0.9880525521 -1.922725E+00
        2.879571E+21 -4.012233E+00 -1.971255E+00 -4.707851E-03  0.000000E+00
    91     6405.3271    9.13249363  3.496662E+08  4.684182E+09  1.466526E+29
        6.171092E+00  2.589972E+01  8.421024E+00  0.9881752344 -1.927207E+00
        1.971865E+21 -4.012233E+00 -1.967894E+00 -4.744294E-03  0.000000E+00
    92     6271.4686    9.13267719  3.495923E+08  4.831789E+09  1.347157E+29
        6.147944E+00  2.589973E+01  8.421030E+00  0.9882892667 -1.931416E+00
        1.354863E+21 -4.012233E+00 -1.964541E+00 -4.780934E-03  0.000000E+00
    93     6167.0699    9.13285323  3.495214E+08  4.982709E+09  1.259159E+29
        6.123007E+00  2.589974E+01  8.421038E+00  0.9884526497 -1.937518E+00
        9.037690E+20 -4.012233E+00 -1.963769E+00 -4.789406E-03  0.000000E+00
    94     6098.2994    9.13298737  3.494675E+08  5.103950E+09  1.203555E+29
        6.101649E+00  2.589975E+01  8.421043E+00  0.9885921043 -1.942794E+00
        6.386971E+20 -4.012233E+00 -1.963227E+00 -4.795371E-03  0.000000E+00
    95     6042.1693    9.13310479  3.494202E+08  5.213783E+09  1.159538E+29
        6.080808E+00  2.589975E+01  8.421046E+00  0.9887243374 -1.947858E+00
        4.550751E+20 -4.012233E+00 -1.962761E+00 -4.800501E-03  0.000000E+00
    96     5992.2538    9.13321299  3.493767E+08  5.313424E+09  1.121414E+29
        6.060572E+00  2.589975E+01  8.421047E+00  0.9888482678 -1.952658E+00
        3.273344E+20 -4.012233E+00 -1.962345E+00 -4.805086E-03  0.000000E+00
    97     5947.3564    9.13331170  3.493370E+08  5.403380E+09  1.087934E+29
        6.040975E+00  2.589975E+01  8.421047E+00  0.9889644462 -1.957206E+00
        2.378504E+20 -4.012233E+00 -1.961972E+00 -4.809208E-03  0.000000E+00
    98     5898.6566    9.13341339  3.492961E+08  5.494920E+09  1.052488E+29
        6.019441E+00  2.589975E+01  8.421047E+00  0.9890878607 -1.962090E+00
        1.674106E+20 -4.012233E+00 -1.961580E+00 -4.813529E-03  0.000000E+00
    99     5848.2825    9.13350632  3.492587E+08  5.577580E+09  1.016776E+29
        5.998443E+00  2.589975E+01  8.421048E+00  0.9892044664 -1.966756E+00
        1.188343E+20 -4.012233E+00 -1.961221E+00 -4.817495E-03  0.000000E+00
   100     5791.2472    9.13359707  3.492222E+08  5.657558E+09  9.774839E+28
        5.976594E+00  2.589975E+01  8.421048E+00  0.9893223844 -1.971526E+00
        8.316499E+19 -4.012233E+00 -1.960868E+00 -4.821398E-03  0.000000E+00
   101     5730.3270    9.13368501  3.491869E+08  5.734080E+09  9.368086E+28
        5.954145E+00  2.589975E+01  8.421048E+00  0.9894401373 -1.976342E+00
        5.762187E+19 -4.012233E+00 -1.960523E+00 -4.825216E-03  0.000000E+00
   102     5677.8947    9.13375699  3.491579E+08  5.796319E+09  9.028396E+28
        5.934636E+00  2.589975E+01  8.421048E+00  0.9895399730 -1.980467E+00
        4.187609E+19 -4.012233E+00 -1.960240E+00 -4.828361E-03  0.000000E+00
   103     5621.8202    9.13383089  3.491282E+08  5.859535E+09  8.675514E+28
        5.913421E+00  2.589976E+01  8.421048E+00  0.9896457580 -1.984882E+00
        2.958781E+19 -4.012233E+00 -1.959937E+00 -4.831711E-03  0.000000E+00
   104     5565.8693    9.13390050  3.491003E+08  5.918818E+09  8.333929E+28
        5.892151E+00  2.589976E+01  8.421049E+00  0.9897492837 -1.989246E+00
        2.088205E+19 -4.012233E+00 -1.959646E+00 -4.834947E-03  0.000000E+00
   105     5508.1351    9.13396601  3.490739E+08  5.975182E+09  7.992278E+28
        5.870556E+00  2.589976E+01  8.421049E+00  0.9898519128 -1.993616E+00
        1.465654E+19 -4.012233E+00 -1.959360E+00 -4.838114E-03  0.000000E+00
   106     5449.6812    9.13402487  3.490503E+08  6.026887E+09  7.657337E+28
        5.849416E+00  2.589976E+01  8.421049E+00  0.9899500217 -1.997835E+00
        1.036220E+19 -4.012233E+00 -1.959091E+00 -4.841107E-03  0.000000E+00
   107     5386.1487    9.13408057  3.490279E+08  6.077115E+09  7.305519E+28
        5.827571E+00  2.589976E+01  8.421049E+00  0.9900491650 -2.002140E+00
        7.240728E+18 -4.012233E+00 -1.958824E+00 -4.844078E-03  0.000000E+00
   108     5313.9727    9.13413510  3.490060E+08  6.127780E+09  6.920866E+28
        5.804207E+00  2.589976E+01  8.421049E+00  0.9901533856 -2.006713E+00
        4.934361E+18 -4.012233E+00 -1.958566E+00 -4.846946E-03  0.000000E+00
   109     5233.1876    9.13419592  3.489815E+08  6.178881E+09  6.508600E+28
        5.779096E+00  2.589976E+01  8.421050E+00  0.9902921267 -2.012876E+00
        3.268346E+18 -4.012233E+00 -1.961636E+00 -4.812912E-03  0.000000E+00
   110     5149.3121    9.13425077  3.489595E+08  6.227964E+09  6.100485E+28
        5.753458E+00  2.589976E+01  8.421051E+00  0.9904896702 -2.021804E+00
        2.145626E+18 -4.012233E+00 -1.962700E+00 -4.801171E-03  0.000000E+00
   111     5063.2717    9.13430457  3.489379E+08  6.275973E+09  5.702150E+28
        5.726887E+00  2.589976E+01  8.421051E+00  0.9907341086 -2.033113E+00
        1.387147E+18 -4.012233E+00 -1.963860E+00 -4.788411E-03  0.000000E+00
   112     4974.7843    9.13435692  3.489169E+08  6.323294E+09  5.313227E+28
        5.699051E+00  2.589976E+01  8.421052E+00  0.9910128573 -2.046378E+00
        8.785179E+17 -4.012233E+00 -1.965360E+00 -4.771955E-03  0.000000E+00
   113     4889.1931    9.13440217  3.488987E+08  6.366257E+09  4.956383E+28
        5.672211E+00  2.589976E+01  8.421053E+00  0.9912827431 -2.059620E+00
        5.657028E+17 -4.012233E+00 -1.966558E+00 -4.758861E-03  0.000000E+00
   114     4796.8013    9.13444393  3.488819E+08  6.409388E+09  4.591782E+28
        5.643771E+00  2.589976E+01  8.421053E+00  0.9915491330 -2.073099E+00
        3.550453E+17 -4.012233E+00 -1.966924E+00 -4.754865E-03  0.000000E+00
   115     4701.8390    9.13448367  3.488660E+08  6.451739E+09  4.238436E+28
        5.614268E+00  2.589976E+01  8.421053E+00  0.9918369626 -2.088148E+00
        2.194583E+17 -4.012233E+00 -1.967292E+00 -4.750848E-03  0.000000E+00
   116     4612.1410    9.13452143  3.488508E+08  6.492017E+09  3.923803E+28
        5.584506E+00  2.589976E+01  8.421053E+00  0.9921455163 -2.104882E+00
        1.355382E+17 -4.012233E+00 -1.967682E+00 -4.746600E-03  0.000000E+00
   117     4525.0422    9.13455754  3.488363E+08  6.531225E+09  3.635392E+28
        5.553689E+00  2.589976E+01  8.421054E+00  0.9924811339 -2.123848E+00
        8.265588E+16 -4.012233E+00 -1.968124E+00 -4.741790E-03  0.000000E+00
   118     4439.8248    9.13458893  3.488237E+08  6.566787E+09  3.368935E+28
        5.523909E+00  2.589976E+01  8.421054E+00  0.9928121376 -2.143400E+00
        5.150231E+16 -4.012233E+00 -1.968603E+00 -4.736579E-03  0.000000E+00
   119     4350.2861    9.13461939  3.488114E+08  6.599453E+09  3.105061E+28
        5.494739E+00  2.589976E+01  8.421054E+00  0.9933898425 -2.179788E+00
        3.237621E+16 -4.012233E+00 -1.968910E+00 -4.733249E-03  0.000000E+00
   120     4301.3505    9.13464053  3.488030E+08  6.615356E+09  2.967543E+28
        5.479350E+00  2.589976E+01  8.421055E+00  0.9941710535 -2.234410E+00
        2.520246E+16 -4.012233E+00 -1.970045E+00 -4.720936E-03  0.000000E+00
   121     4256.3001    9.13465938  3.487954E+08  6.628813E+09  2.845036E+28
        5.465311E+00  2.589976E+01  8.421055E+00  0.9948794991 -2.290688E+00
        2.007121E+16 -4.012233E+00 -1.970231E+00 -4.718925E-03  0.000000E+00
   122     4206.1680    9.13468063  3.487868E+08  6.642574E+09  2.713214E+28
        5.449703E+00  2.589976E+01  8.421056E+00  0.9956000668 -2.356554E+00
        1.571910E+16 -4.012233E+00 -1.970343E+00 -4.717706E-03  0.000000E+00
   123     4155.5779    9.13470082  3.487787E+08  6.655345E+09  2.584897E+28
        5.433958E+00  2.589977E+01  8.421056E+00  0.9962305463 -2.423722E+00
        1.230638E+16 -4.012233E+00 -1.970343E+00 -4.717705E-03  0.000000E+00
   124     4103.1363    9.13471936  3.487713E+08  6.667524E+09  2.456760E+28
        5.417656E+00  2.589977E+01  8.421056E+00  0.9967935454 -2.493975E+00
        9.569759E+15 -4.012233E+00 -1.970343E+00 -4.717705E-03  0.000000E+00
   125     4050.6869    9.13473480  3.487651E+08  6.678769E+09  2.333448E+28
        5.401353E+00  2.589977E+01  8.421057E+00  0.9972769213 -2.564940E+00
        7.455641E+15 -4.012233E+00 -1.970343E+00 -4.717705E-03  0.000000E+00
   126     3994.8094    9.13474881  3.487595E+08  6.689802E+09  2.207261E+28
        5.383982E+00  2.589977E+01  8.421057E+00  0.9977159377 -2.641292E+00
        5.701504E+15 -4.012233E+00 -1.970344E+00 -4.717705E-03  0.000000E+00
   127     3938.4471    9.13476164  3.487543E+08  6.700047E+09  2.085243E+28
        5.366434E+00  2.589977E+01  8.421057E+00  0.9980907300 -2.719133E+00
        4.375806E+15 -4.012233E+00 -1.970344E+00 -4.717705E-03  0.000000E+00
   128     3880.9910    9.13477428  3.487492E+08  6.709661E+09  1.966140E+28
        5.348572E+00  2.589977E+01  8.421057E+00  0.9984117492 -2.799081E+00
        3.349270E+15 -4.012233E+00 -1.970344E+00 -4.717705E-03  0.000000E+00
   129     3820.5493    9.13478704  3.487441E+08  6.718979E+09  1.846437E+28
        5.329828E+00  2.589977E+01  8.421057E+00  0.9986929492 -2.883708E+00
        2.535228E+15 -4.012233E+00 -1.970344E+00 -4.717705E-03  0.000000E+00
   130     3756.9419    9.13479922  3.487392E+08  6.727996E+09  1.726462E+28
        5.310172E+00  2.589977E+01  8.421057E+00  0.9989364595 -2.973246E+00
        1.897380E+15 -4.012233E+00 -1.970344E+00 -4.717705E-03  0.000000E+00
   131     3690.7940    9.13480976  3.487350E+08  6.736592E+09  1.608006E+28
        5.289799E+00  2.589977E+01  8.421057E+00  0.9991426429 -3.066838E+00
        1.408193E+15 -4.012233E+00 -1.970344E+00 -4.717705E-03  0.000000E+00
   132     3623.0317    9.13481900  3.487313E+08  6.744679E+09  1.493096E+28
        5.269015E+00  2.589977E+01  8.421057E+00  0.9993130302 -3.163062E+00
        1.038678E+15 -4.012233E+00 -1.970344E+00 -4.717705E-03  0.000000E+00
   133     3550.9124    9.13482816  3.487276E+08  6.752632E+09  1.377685E+28
        5.246920E+00  2.589977E+01  8.421057E+00  0.9994581425 -3.266115E+00
        7.549989E+14 -4.012233E+00 -1.970344E+00 -4.717705E-03  0.000000E+00
   134     3476.3994    9.13483706  3.487240E+08  6.760256E+09  1.265610E+28
        5.224006E+00  2.589977E+01  8.421057E+00  0.9995773060 -3.373974E+00
        5.435059E+14 -4.012233E+00 -1.970344E+00 -4.717705E-03  0.000000E+00
   135     3402.7515    9.13484566  3.487206E+08  6.767260E+09  1.161699E+28
        5.201201E+00  2.589977E+01  8.421058E+00  0.9996702469 -3.481811E+00
        3.926348E+14 -4.012233E+00 -1.970344E+00 -4.717705E-03  0.000000E+00
   136     3328.8598    9.13485456  3.487170E+08  6.773840E+09  1.064010E+28
        5.178153E+00  2.589977E+01  8.421058E+00  0.9997437318 -3.591305E+00
        2.831298E+14 -4.012233E+00 -1.970344E+00 -4.717705E-03  0.000000E+00
   137     3251.4482    9.13486435  3.487131E+08  6.780318E+09  9.684145E+27
        5.153798E+00  2.589977E+01  8.421058E+00  0.9998038311 -3.707370E+00
        2.007367E+14 -4.012211E+00 -1.970344E+00 -4.717705E-03  0.000000E+00
   138     3173.5321    9.13487412  3.487092E+08  6.786433E+09  8.788519E+27
        5.129057E+00  2.589977E+01  8.421058E+00  0.9998488911 -3.820710E+00
        1.417629E+14 -4.012196E+00 -1.970344E+00 -4.717705E-03  0.000000E+00
   139     3097.6314    9.13485476  3.487169E+08  6.791995E+09  7.977787E+27
        5.105202E+00  2.589977E+01  8.421058E+00  0.9998684672 -3.880966E+00
        1.015026E+14 -4.010535E+00 -1.970359E+00 -4.717705E-03  0.000000E+00
   140     3020.0970    9.13482393  3.487293E+08  6.797404E+09  7.209047E+27
        5.081097E+00  2.589977E+01  8.421057E+00  0.9998724984 -3.894484E+00
        7.248979E+13 -4.008205E+00 -1.970380E+00 -4.717705E-03  0.000000E+00
   141     2934.9970    9.13482092  3.487305E+08  6.803158E+09  6.430252E+27
        5.054153E+00  2.589977E+01  8.421057E+00  0.9998789364 -3.916986E+00
        4.977832E+13 -4.007757E+00 -1.970384E+00 -4.717705E-03  0.000000E+00
   142     2846.9383    9.13481632  3.487324E+08  6.808919E+09  5.692646E+27
        5.025802E+00  2.589977E+01  8.421057E+00  0.9998844534 -3.937243E+00
        3.357273E+13 -4.007310E+00 -1.970389E+00 -4.717705E-03  0.000000E+00
   143     2749.7230    9.13480961  3.487351E+08  6.815138E+09  4.954097E+27
        4.993866E+00  2.589977E+01  8.421057E+00  0.9998902978 -3.959785E+00
        2.156178E+13 -4.006816E+00 -1.970393E+00 -4.717705E-03  0.000000E+00
   144     2646.3893    9.13478227  3.487460E+08  6.821623E+09  4.250607E+27
        4.958972E+00  2.589977E+01  8.421057E+00  0.9998963138 -3.984279E+00
        1.330167E+13 -4.005220E+00 -1.970408E+00 -4.717705E-03  0.000000E+00
   145     2549.6654    9.13471576  3.487727E+08  6.827698E+09  3.662986E+27
        4.925541E+00  2.589977E+01  8.421057E+00  0.9998952497 -3.979845E+00
        8.377695E+12 -4.001417E+00 -1.970443E+00 -4.717705E-03  0.000000E+00
   146     2453.1404    9.13467131  3.487906E+08  6.833879E+09  3.139327E+27
        4.890901E+00  2.589977E+01  8.421057E+00  0.9998951914 -3.979603E+00
        5.190530E+12 -3.998877E+00 -1.970467E+00 -4.717705E-03  0.000000E+00
   147     2356.8381    9.13462696  3.488084E+08  6.840214E+09  2.674917E+27
        4.854941E+00  2.589977E+01  8.421057E+00  0.9998959287 -3.982669E+00
        3.158189E+12 -3.996413E+00 -1.970490E+00 -4.717705E-03  0.000000E+00
   148     2224.6449    9.13456571  3.488330E+08  6.849349E+09  2.123711E+27
        4.802959E+00  2.589977E+01  8.421057E+00  0.9998982385 -3.992416E+00
        1.540263E+12 -3.993269E+00 -1.970520E+00 -4.717705E-03  0.000000E+00
   149     2071.0601    9.13449179  3.488627E+08  6.860860E+09  1.595502E+27
        4.737691E+00  2.589977E+01  8.421056E+00  0.9999028863 -4.012720E+00
        6.252335E+11 -3.989801E+00 -1.970553E+00 -4.717705E-03  0.000000E+00
