============================================================================
   #Mod      Teff         Log(g)        Rayon        Age           Lum
           Log(Tc)       Log(Pc)      Log(rhoc)     M_x/M        Log(q_x)
            Lum_nu       Log(H/*)     Log(He/*)    Log(C/*)      Log(O/*)
============================================================================
     0    60000.4950    9.24706897  3.125234E+08  0.000000E+00  9.019905E+32
        7.693255E+00  2.626296E+01  8.689420E+00  0.0000000000  0.000000E+00
        4.207519E+31 -4.003840E+00 -1.987227E+00 -4.539281E-03  0.000000E+00
     1    59779.6233    9.24726428  3.124532E+08  4.000000E+05  8.883826E+32
        7.691114E+00  2.626313E+01  8.689551E+00  0.0000000000  0.000000E+00
        3.999378E+31 -4.003840E+00 -1.987227E+00 -4.539281E-03  0.000000E+00
     2    59575.0210    9.24745316  3.123852E+08  8.000000E+05  8.759015E+32
        7.688982E+00  2.626331E+01  8.689680E+00  0.0000000000  0.000000E+00
        3.814047E+31 -4.003840E+00 -1.987227E+00 -4.539281E-03  0.000000E+00
     3    59381.5383    9.24763450  3.123200E+08  1.200000E+06  8.642172E+32
        7.686853E+00  2.626347E+01  8.689807E+00  0.0000000000  0.000000E+00
        3.644088E+31 -4.003840E+00 -1.987227E+00 -4.539281E-03  0.000000E+00
     4    59195.6608    9.24781041  3.122568E+08  1.600000E+06  8.531015E+32
        7.684727E+00  2.626364E+01  8.689932E+00  0.0000000000  0.000000E+00
        3.486075E+31 -4.003840E+00 -1.987227E+00 -4.539281E-03  0.000000E+00
     5    59015.1154    9.24798223  3.121950E+08  2.000000E+06  8.424079E+32
        7.682602E+00  2.626380E+01  8.690055E+00  0.0000000000  0.000000E+00
        3.338024E+31 -4.003840E+00 -1.987227E+00 -4.539281E-03  0.000000E+00
     6    58838.6502    9.24815070  3.121345E+08  2.400000E+06  8.320544E+32
        7.680482E+00  2.626396E+01  8.690177E+00  0.0000000000  0.000000E+00
        3.198632E+31 -4.003840E+00 -1.987227E+00 -4.539281E-03  0.000000E+00
     7    58664.8633    9.24831680  3.120748E+08  2.800000E+06  8.219531E+32
        7.678365E+00  2.626412E+01  8.690297E+00  0.0000000000  0.000000E+00
        3.066595E+31 -4.003840E+00 -1.987227E+00 -4.539281E-03  0.000000E+00
     8    58326.4486    9.24864060  3.119585E+08  3.600000E+06  8.025519E+32
        7.674158E+00  2.626444E+01  8.690533E+00  0.0000000000  0.000000E+00
        2.823847E+31 -4.003840E+00 -1.987227E+00 -4.539281E-03  0.000000E+00
     9    57668.5569    9.24925844  3.117367E+08  5.200000E+06  7.658602E+32
        7.665905E+00  2.626503E+01  8.690983E+00  0.0000000000  0.000000E+00
        2.409388E+31 -4.003840E+00 -1.987227E+00 -4.539281E-03  0.000000E+00
    10    56455.0811    9.25040769  3.113245E+08  8.400000E+06  7.015458E+32
        7.650163E+00  2.626613E+01  8.691813E+00  0.0000000000  0.000000E+00
        1.786498E+31 -4.003840E+00 -1.987227E+00 -4.539281E-03  0.000000E+00
    11    55094.7858    9.25166784  3.108731E+08  1.225698E+07  6.344914E+32
        7.632344E+00  2.626732E+01  8.692715E+00  0.0000000000  0.000000E+00
        1.279002E+31 -4.003840E+00 -1.987227E+00 -4.539281E-03  0.000000E+00
    12    53752.8811    9.25289805  3.104331E+08  1.638661E+07  5.732718E+32
        7.614473E+00  2.626848E+01  8.693589E+00  0.0000000000  0.000000E+00
        9.185294E+30 -4.003840E+00 -1.987227E+00 -4.539281E-03  0.000000E+00
    13    52428.9056    9.25409833  3.100044E+08  2.080757E+07  5.174119E+32
        7.596544E+00  2.626959E+01  8.694435E+00  0.0000000000  0.000000E+00
        6.616275E+30 -4.003840E+00 -1.987227E+00 -4.539281E-03  0.000000E+00
    14    51139.8066    9.25526028  3.095900E+08  2.549352E+07  4.671191E+32
        7.578731E+00  2.627066E+01  8.695248E+00  0.0000000000  0.000000E+00
        4.797087E+30 -4.003840E+00 -1.987227E+00 -4.539281E-03  0.000000E+00
    15    49878.7527    9.25639620  3.091854E+08  3.049796E+07  4.216166E+32
        7.560896E+00  2.627170E+01  8.696037E+00  0.0000000000  0.000000E+00
        3.492443E+30 -4.003840E+00 -1.987227E+00 -4.539281E-03  0.000000E+00
    16    48621.4384    9.25752237  3.087848E+08  3.590604E+07  3.796999E+32
        7.542825E+00  2.627273E+01  8.696810E+00  0.0000000000  0.000000E+00
        2.543768E+30 -4.003840E+00 -1.987227E+00 -4.539281E-03  0.000000E+00
    17    47406.8735    9.25861844  3.083954E+08  4.165958E+07  3.422933E+32
        7.524791E+00  2.627372E+01  8.697555E+00  0.0000000000  0.000000E+00
        1.861834E+30 -4.003840E+00 -1.987227E+00 -4.539281E-03  0.000000E+00
    18    46220.8429    9.25969532  3.080133E+08  4.783775E+07  3.085373E+32
        7.506613E+00  2.627470E+01  8.698280E+00  0.0000000000  0.000000E+00
        1.364947E+30 -4.003840E+00 -1.987227E+00 -4.539281E-03  0.000000E+00
    19    45055.9922    9.26074803  3.076402E+08  5.447603E+07  2.779162E+32
        7.488260E+00  2.627564E+01  8.698977E+00  0.0000000000  0.000000E+00
        1.002134E+30 -4.003840E+00 -1.987227E+00 -4.539281E-03  0.000000E+00
    20    43917.3542    9.26176565  3.072800E+08  6.159290E+07  2.502826E+32
        7.469747E+00  2.627652E+01  8.699634E+00  0.0000000000  0.000000E+00
        7.369771E+29 -4.003840E+00 -1.987227E+00 -4.539281E-03  0.000000E+00
    21    42796.0148    9.26273970  3.069356E+08  6.923329E+07  2.251776E+32
        7.451022E+00  2.627732E+01  8.700235E+00  0.0000000000  0.000000E+00
        5.425878E+29 -4.003840E+00 -1.987227E+00 -4.539281E-03  0.000000E+00
    22    41694.6913    9.26366769  3.066078E+08  7.739165E+07  2.024450E+32
        7.432178E+00  2.627802E+01  8.700774E+00  0.0000000000  0.000000E+00
        4.003986E+29 -4.003840E+00 -1.987227E+00 -4.539281E-03  0.000000E+00
    23    40616.5677    9.26456462  3.062914E+08  8.607712E+07  1.819281E+32
        7.413278E+00  2.627868E+01  8.701281E+00  0.0000000000  0.000000E+00
        2.964383E+29 -4.003840E+00 -1.987227E+00 -4.539281E-03  0.000000E+00
    24    39561.0067    9.26545218  3.059786E+08  9.534332E+07  1.634063E+32
        7.394286E+00  2.627934E+01  8.701790E+00  0.0000000000  0.000000E+00
        2.201819E+29 -4.003840E+00 -1.987227E+00 -4.539281E-03  0.000000E+00
    25    38524.7619    9.26635022  3.056624E+08  1.052605E+08  1.466430E+32
        7.375138E+00  2.628006E+01  8.702330E+00  0.0000000000  0.000000E+00
        1.636911E+29 -4.003840E+00 -1.987227E+00 -4.539281E-03  0.000000E+00
    26    37506.7558    9.26725331  3.053447E+08  1.158813E+08  1.314729E+32
        7.355800E+00  2.628081E+01  8.702892E+00  0.0000000000  0.000000E+00
        1.217976E+29 -4.003840E+00 -1.987227E+00 -4.539281E-03  0.000000E+00
    27    36508.0505    9.26814937  3.050299E+08  1.272346E+08  1.177760E+32
        7.336286E+00  2.628157E+01  8.703459E+00  0.0000000000  0.000000E+00
        9.074610E+28 -4.003840E+00 -1.987227E+00 -4.539281E-03  0.000000E+00
    28    35525.5628    9.26902601  3.047222E+08  1.393802E+08  1.053876E+32
        7.316553E+00  2.628231E+01  8.704011E+00  0.0000000000  0.000000E+00
        6.757272E+28 -4.003840E+00 -1.987227E+00 -4.539281E-03  0.000000E+00
    29    34555.6898    9.26987547  3.044243E+08  1.523799E+08  9.415739E+31
        7.296565E+00  2.628302E+01  8.704536E+00  0.0000000000  0.000000E+00
        5.028059E+28 -4.003840E+00 -1.987227E+00 -4.539281E-03  0.000000E+00
    30    33596.7953    9.27070884  3.041324E+08  1.662843E+08  8.397194E+31
        7.276309E+00  2.628372E+01  8.705056E+00  0.0000000000  0.000000E+00
        3.739786E+28 -4.003840E+00 -1.987227E+00 -4.539281E-03  0.000000E+00
    31    32644.6610    9.27151131  3.038515E+08  1.811716E+08  7.471176E+31
        7.255727E+00  2.628438E+01  8.705548E+00  0.0000000000  0.000000E+00
        2.775266E+28 -4.003840E+00 -1.987227E+00 -4.539281E-03  0.000000E+00
    32    31700.5587    9.27225822  3.035904E+08  1.970572E+08  6.632253E+31
        7.234861E+00  2.628495E+01  8.705970E+00  0.0000000000  0.000000E+00
        2.056167E+28 -4.003840E+00 -1.987227E+00 -4.539281E-03  0.000000E+00
    33    30766.3120    9.27292942  3.033559E+08  2.139908E+08  5.875217E+31
        7.213704E+00  2.628537E+01  8.706279E+00  0.0000000000  0.000000E+00
        1.520576E+28 -4.003840E+00 -1.987227E+00 -4.539281E-03  0.000000E+00
    34    29853.0265    9.27352680  3.031473E+08  2.321072E+08  5.200897E+31
        7.197323E+00  2.628564E+01  8.706553E+00  0.0022773183 -9.901546E-04
        1.128021E+28 -4.003840E+00 -1.987227E+00 -4.539281E-03  0.000000E+00
    35    29068.4767    9.27406335  3.029601E+08  2.514075E+08  4.669575E+31
        7.182961E+00  2.628593E+01  8.706771E+00  0.0212365357 -9.322251E-03
        8.805046E+27 -4.003840E+00 -1.987227E+00 -4.539281E-03  0.000000E+00
    36    28464.3897    9.27451628  3.028021E+08  2.704083E+08  4.288870E+31
        7.167919E+00  2.628624E+01  8.707000E+00  0.0501311877 -2.233637E-02
        7.206456E+27 -4.003840E+00 -1.987227E+00 -4.539281E-03  0.000000E+00
    37    27782.5864    9.27506582  3.026106E+08  2.962826E+08  3.887554E+31
        7.149111E+00  2.628665E+01  8.707306E+00  0.0937486415 -4.275133E-02
        5.651719E+27 -4.003840E+00 -1.987227E+00 -4.539281E-03  0.000000E+00
    38    27078.1721    9.27566490  3.024020E+08  3.267162E+08  3.503193E+31
        7.129156E+00  2.628713E+01  8.707662E+00  0.1447923624 -6.792843E-02
        4.341032E+27 -4.003840E+00 -1.987227E+00 -4.539281E-03  0.000000E+00
    39    26328.1664    9.27631836  3.021746E+08  3.626191E+08  3.126192E+31
        7.107690E+00  2.628767E+01  8.708056E+00  0.2023321198 -9.817790E-02
        3.244791E+27 -4.003840E+00 -1.987227E+00 -4.539281E-03  0.000000E+00
    40    25532.7764    9.27701924  3.019308E+08  4.043333E+08  2.760734E+31
        7.084653E+00  2.628825E+01  8.708484E+00  0.2648128477 -1.336021E-01
        2.359142E+27 -4.003840E+00 -1.987227E+00 -4.539281E-03  0.000000E+00
    41    24705.2803    9.27774655  3.016781E+08  4.515871E+08  2.415818E+31
        7.060321E+00  2.628884E+01  8.708925E+00  0.3298595204 -1.738341E-01
        1.676062E+27 -4.003840E+00 -1.987227E+00 -4.539281E-03  0.000000E+00
    42    23865.5931    9.27847594  3.014249E+08  5.037649E+08  2.100219E+31
        7.035110E+00  2.628941E+01  8.709347E+00  0.3949304281 -2.181947E-01
        1.170617E+27 -4.003840E+00 -1.987227E+00 -4.539281E-03  0.000000E+00
    43    23030.5977    9.27915401  3.011897E+08  5.602921E+08  1.818521E+31
        7.009319E+00  2.628985E+01  8.709670E+00  0.4580498398 -2.660407E-01
        8.067690E+26 -4.003840E+00 -1.987227E+00 -4.539281E-03  0.000000E+00
    44    22207.2146    9.27975275  3.009821E+08  6.210955E+08  1.569912E+31
        6.982973E+00  2.629011E+01  8.709865E+00  0.5183636954 -3.172808E-01
        5.500489E+26 -4.003840E+00 -1.987227E+00 -4.539281E-03  0.000000E+00
    45    21389.5641    9.28030482  3.007909E+08  6.869544E+08  1.349443E+31
        6.955751E+00  2.629029E+01  8.709997E+00  0.5759945265 -3.726285E-01
        3.689193E+26 -4.003840E+00 -1.987227E+00 -4.539281E-03  0.000000E+00
    46    20578.4398    9.28089389  3.005870E+08  7.579864E+08  1.154536E+31
        6.927710E+00  2.629057E+01  8.710208E+00  0.6303237805 -4.321785E-01
        2.436237E+26 -4.003840E+00 -1.987227E+00 -4.539281E-03  0.000000E+00
    47    19776.6197    9.28152279  3.003694E+08  8.335710E+08  9.834155E+30
        6.899146E+00  2.629095E+01  8.710490E+00  0.6804207045 -4.954214E-01
        1.591301E+26 -4.003840E+00 -1.987227E+00 -4.539281E-03  0.000000E+00
    48    18982.8580    9.28211603  3.001643E+08  9.135250E+08  8.336466E+30
        6.870120E+00  2.629123E+01  8.710700E+00  0.7260114232 -5.622675E-01
        1.029176E+26 -4.003840E+00 -1.987227E+00 -4.539281E-03  0.000000E+00
    49    18208.7528    9.28264867  2.999803E+08  9.972206E+08  7.048939E+30
        6.840894E+00  2.629141E+01  8.710826E+00  0.7667249777 -6.321318E-01
        6.617691E+25 -4.003840E+00 -1.987227E+00 -4.539281E-03  0.000000E+00
    50    17459.9179    9.28316961  2.998005E+08  1.085088E+09  5.951834E+30
        6.811351E+00  2.629163E+01  8.710991E+00  0.8029620022 -7.054500E-01
        4.223364E+25 -4.003840E+00 -1.987227E+00 -4.539281E-03  0.000000E+00
    51    16725.7460    9.28374738  2.996011E+08  1.179371E+09  5.005486E+30
        6.780778E+00  2.629205E+01  8.711302E+00  0.8356934816 -7.843452E-01
        2.646049E+25 -4.003840E+00 -1.987227E+00 -4.539281E-03  0.000000E+00
    52    16001.4485    9.28434079  2.993965E+08  1.280299E+09  4.187434E+30
        6.749070E+00  2.629251E+01  8.711647E+00  0.8648928518 -8.693217E-01
        1.624935E+25 -4.003840E+00 -1.987227E+00 -4.539281E-03  0.000000E+00
    53    15276.8416    9.28486823  2.992147E+08  1.387647E+09  3.474703E+30
        6.716292E+00  2.629279E+01  8.711850E+00  0.8904693300 -9.604643E-01
        9.790980E+24 -4.003840E+00 -1.987227E+00 -4.539281E-03  0.000000E+00
    54    14821.9938    9.28516154  2.991137E+08  1.457852E+09  3.076923E+30
        6.695260E+00  2.629287E+01  8.711910E+00  0.9046764093 -1.020800E+00
        7.064788E+24 -4.003840E+00 -1.987227E+00 -4.539281E-03  0.000000E+00
    55    14530.5499    9.28533733  2.990532E+08  1.504211E+09  2.840812E+30
        6.681552E+00  2.629289E+01  8.711929E+00  0.9130818475 -1.060890E+00
        5.708205E+24 -4.003840E+00 -1.987227E+00 -4.539281E-03  0.000000E+00
    56    14295.0115    9.28547615  2.990054E+08  1.542686E+09  2.660195E+30
        6.670297E+00  2.629291E+01  8.711940E+00  0.9195110964 -1.094264E+00
        4.789980E+24 -4.003840E+00 -1.987227E+00 -4.539281E-03  0.000000E+00
    57    14063.4352    9.28561461  2.989577E+08  1.581577E+09  2.491166E+30
        6.659039E+00  2.629292E+01  8.711952E+00  0.9255387854 -1.128070E+00
        4.018167E+24 -4.003840E+00 -1.987227E+00 -4.539281E-03  0.000000E+00
    58    13838.7634    9.28575075  2.989109E+08  1.620432E+09  2.335017E+30
        6.647902E+00  2.629294E+01  8.711963E+00  0.9311242359 -1.161934E+00
        3.376224E+24 -4.003840E+00 -1.987227E+00 -4.539281E-03  0.000000E+00
    59    13610.6517    9.28589013  2.988629E+08  1.661149E+09  2.184123E+30
        6.636347E+00  2.629295E+01  8.711971E+00  0.9365432701 -1.197522E+00
        2.817519E+24 -4.003840E+00 -1.987227E+00 -4.539281E-03  0.000000E+00
    60    13375.0265    9.28603668  2.988125E+08  1.704681E+09  2.036074E+30
        6.624116E+00  2.629296E+01  8.711978E+00  0.9418831413 -1.235698E+00
        2.325848E+24 -4.003840E+00 -1.987227E+00 -4.539281E-03  0.000000E+00
    61    13130.1507    9.28619299  2.987587E+08  1.751596E+09  1.890329E+30
        6.611066E+00  2.629297E+01  8.711987E+00  0.9471554915 -1.277000E+00
        1.894783E+24 -4.003840E+00 -1.987227E+00 -4.539281E-03  0.000000E+00
    62    12877.8176    9.28635636  2.987025E+08  1.801687E+09  1.748495E+30
        6.597265E+00  2.629298E+01  8.711996E+00  0.9522823136 -1.321321E+00
        1.524946E+24 -4.003840E+00 -1.987227E+00 -4.539281E-03  0.000000E+00
    63    12595.2780    9.28654016  2.986393E+08  1.859665E+09  1.599346E+30
        6.581447E+00  2.629300E+01  8.712009E+00  0.9576289747 -1.372931E+00
        1.188431E+24 -4.003840E+00 -1.987227E+00 -4.539281E-03  0.000000E+00
    64    12296.0212    9.28673593  2.985720E+08  1.922816E+09  1.452025E+30
        6.564386E+00  2.629302E+01  8.712023E+00  0.9628090751 -1.429563E+00
        9.077343E+23 -4.003840E+00 -1.987227E+00 -4.539281E-03  0.000000E+00
    65    11993.8552    9.28693320  2.985042E+08  1.988140E+09  1.313874E+30
        6.546936E+00  2.629304E+01  8.712038E+00  0.9675315858 -1.488539E+00
        6.886886E+23 -4.003840E+00 -1.987224E+00 -4.539287E-03  0.000000E+00
    66    11671.0177    9.28714316  2.984321E+08  2.059696E+09  1.177452E+30
        6.528076E+00  2.629307E+01  8.712057E+00  0.9720316951 -1.553334E+00
        5.106621E+23 -4.003840E+00 -1.987222E+00 -4.539328E-03  0.000000E+00
    67    11324.7052    9.28736966  2.983543E+08  2.138886E+09  1.043253E+30
        6.507522E+00  2.629311E+01  8.712090E+00  0.9762838256 -1.624955E+00
        3.683522E+23 -4.003840E+00 -1.987210E+00 -4.539454E-03  0.000000E+00
    68    10945.4228    9.28762590  2.982663E+08  2.229413E+09  9.098208E+29
        6.484374E+00  2.629319E+01  8.712152E+00  0.9802730545 -1.704940E+00
        2.547424E+23 -4.003840E+00 -1.987202E+00 -4.539536E-03  0.000000E+00
    69    10550.5806    9.28790925  2.981690E+08  2.328732E+09  7.849605E+29
        6.459224E+00  2.629333E+01  8.712250E+00  0.9834531904 -1.781286E+00
        1.704281E+23 -4.003840E+00 -1.986865E+00 -4.543046E-03  0.000000E+00
    70    10190.2123    9.28817001  2.980795E+08  2.424919E+09  6.826758E+29
        6.434985E+00  2.629345E+01  8.712341E+00  0.9854826022 -1.838111E+00
        1.156254E+23 -4.003840E+00 -1.986653E+00 -4.545258E-03  0.000000E+00
    71     9748.9597    9.28845509  2.979817E+08  2.550115E+09  5.715176E+29
        6.403655E+00  2.629352E+01  8.712396E+00  0.9871464489 -1.890977E+00
        6.990501E+22 -4.003840E+00 -1.985255E+00 -4.559856E-03  0.000000E+00
    72     9224.0890    9.28872873  2.978878E+08  2.702899E+09  4.577378E+29
        6.365314E+00  2.629351E+01  8.712386E+00  0.9874451052 -1.901187E+00
        3.768802E+22 -4.003840E+00 -1.977852E+00 -4.637925E-03  0.000000E+00
    73     8769.0963    9.28895617  2.978098E+08  2.843504E+09  3.736929E+29
        6.331419E+00  2.629350E+01  8.712376E+00  0.9876035239 -1.906702E+00
        2.181370E+22 -4.003840E+00 -1.973445E+00 -4.685039E-03  0.000000E+00
    74     7972.9223    9.28936725  2.976689E+08  3.124713E+09  2.551259E+29
        6.267243E+00  2.629349E+01  8.712374E+00  0.9879632133 -1.919489E+00
        7.727435E+21 -4.003840E+00 -1.966594E+00 -4.759242E-03  0.000000E+00
    75     7653.4221    9.28955534  2.976044E+08  3.253681E+09  2.165304E+29
        6.238298E+00  2.629350E+01  8.712376E+00  0.9881709978 -1.927052E+00
        4.834837E+21 -4.003840E+00 -1.965782E+00 -4.768112E-03  0.000000E+00
    76     7301.5441    9.28977434  2.975294E+08  3.405473E+09  1.792818E+29
        6.204823E+00  2.629350E+01  8.712379E+00  0.9883915044 -1.935224E+00
        2.808276E+21 -4.003840E+00 -1.964929E+00 -4.777460E-03  0.000000E+00
    77     6957.7905    9.29000606  2.974501E+08  3.563291E+09  1.477512E+29
        6.170606E+00  2.629351E+01  8.712384E+00  0.9885999482 -1.943093E+00
        1.610366E+21 -4.003840E+00 -1.964165E+00 -4.785838E-03  0.000000E+00
    78     6598.6673    9.29027760  2.973571E+08  3.751134E+09  1.194535E+29
        6.130371E+00  2.629352E+01  8.712393E+00  0.9888305253 -1.951967E+00
        8.364544E+20 -4.003840E+00 -1.963371E+00 -4.794561E-03  0.000000E+00
    79     6449.1556    9.29041972  2.973084E+08  3.855861E+09  1.089540E+29
        6.107596E+00  2.629352E+01  8.712398E+00  0.9889550394 -1.956836E+00
        5.770112E+20 -4.003840E+00 -1.962966E+00 -4.799026E-03  0.000000E+00
    80     6341.9902    9.29054346  2.972661E+08  3.955488E+09  1.018616E+29
        6.084962E+00  2.629353E+01  8.712399E+00  0.9890739448 -1.961537E+00
        3.988151E+20 -4.003840E+00 -1.962548E+00 -4.803628E-03  0.000000E+00
    81     6251.1763    9.29066019  2.972261E+08  4.056388E+09  9.612545E+28
        6.060608E+00  2.629353E+01  8.712400E+00  0.9891980689 -1.966499E+00
        2.679341E+20 -4.003840E+00 -1.962104E+00 -4.808525E-03  0.000000E+00
    82     6174.0825    9.29076816  2.971892E+08  4.152199E+09  9.144778E+28
        6.035806E+00  2.629353E+01  8.712399E+00  0.9893213504 -1.971484E+00
        1.786087E+20 -4.003840E+00 -1.961670E+00 -4.813317E-03  0.000000E+00
    83     6120.4841    9.29085066  2.971610E+08  4.224921E+09  8.829661E+28
        6.015643E+00  2.629353E+01  8.712399E+00  0.9894196470 -1.975500E+00
        1.284117E+20 -4.003840E+00 -1.961336E+00 -4.817009E-03  0.000000E+00
    84     6067.0104    9.29093684  2.971315E+08  4.300093E+09  8.523417E+28
        5.993151E+00  2.629353E+01  8.712399E+00  0.9895267252 -1.979918E+00
        8.884789E+19 -4.003840E+00 -1.960966E+00 -4.821092E-03  0.000000E+00
    85     6015.6823    9.29101615  2.971043E+08  4.368511E+09  8.237113E+28
        5.971089E+00  2.629353E+01  8.712399E+00  0.9896296767 -1.984208E+00
        6.189301E+19 -4.003840E+00 -1.960617E+00 -4.824956E-03  0.000000E+00
    86     5959.1872    9.29109328  2.970780E+08  4.434049E+09  7.930607E+28
        5.948368E+00  2.629353E+01  8.712399E+00  0.9897336391 -1.988583E+00
        4.264372E+19 -4.003840E+00 -1.960271E+00 -4.828786E-03  0.000000E+00
    87     5898.0170    9.29116741  2.970526E+08  4.496405E+09  7.608662E+28
        5.925122E+00  2.629353E+01  8.712399E+00  0.9898378806 -1.993016E+00
        2.912358E+19 -4.003840E+00 -1.959932E+00 -4.832551E-03  0.000000E+00
    88     5837.4690    9.29124122  2.970274E+08  4.553330E+09  7.299762E+28
        5.902342E+00  2.629353E+01  8.712401E+00  0.9899596748 -1.998252E+00
        2.004586E+19 -4.003840E+00 -1.962805E+00 -4.800792E-03  0.000000E+00
    89     5774.5279    9.29130934  2.970041E+08  4.608420E+09  6.988890E+28
        5.878758E+00  2.629353E+01  8.712402E+00  0.9901254026 -2.005481E+00
        1.361304E+19 -4.003840E+00 -1.963920E+00 -4.788527E-03  0.000000E+00
    90     5719.5680    9.29136508  2.969850E+08  4.653679E+09  6.725730E+28
        5.858146E+00  2.629353E+01  8.712402E+00  0.9902937460 -2.012948E+00
        9.705788E+18 -4.003840E+00 -1.964838E+00 -4.778455E-03  0.000000E+00
    91     5661.8083    9.29141970  2.969663E+08  4.698432E+09  6.457323E+28
        5.836474E+00  2.629353E+01  8.712403E+00  0.9904880761 -2.021732E+00
        6.800525E+18 -4.003840E+00 -1.965788E+00 -4.768055E-03  0.000000E+00
    92     5600.2553    9.29147347  2.969480E+08  4.742945E+09  6.180298E+28
        5.813564E+00  2.629353E+01  8.712404E+00  0.9906934764 -2.031213E+00
        4.669054E+18 -4.003840E+00 -1.966806E+00 -4.756931E-03  0.000000E+00
    93     5531.4573    9.29152684  2.969297E+08  4.787959E+09  5.881431E+28
        5.788922E+00  2.629353E+01  8.712405E+00  0.9909149785 -2.041674E+00
        3.116192E+18 -4.003840E+00 -1.967708E+00 -4.747099E-03  0.000000E+00
    94     5456.2426    9.29157783  2.969123E+08  4.831574E+09  5.567349E+28
        5.763501E+00  2.629354E+01  8.712406E+00  0.9911451022 -2.052816E+00
        2.053880E+18 -4.003840E+00 -1.969036E+00 -4.732658E-03  0.000000E+00
    95     5372.5250    9.29162479  2.968962E+08  4.874575E+09  5.232878E+28
        5.736974E+00  2.629354E+01  8.712406E+00  0.9913752573 -2.064254E+00
        1.330209E+18 -4.003840E+00 -1.969382E+00 -4.728906E-03  0.000000E+00
    96     5276.8769    9.29167125  2.968804E+08  4.919283E+09  4.869543E+28
        5.707858E+00  2.629354E+01  8.712406E+00  0.9916297578 -2.077262E+00
        8.275118E+17 -4.003840E+00 -1.969739E+00 -4.725030E-03  0.000000E+00
    97     5177.8767    9.29171433  2.968656E+08  4.962908E+09  4.513819E+28
        5.677799E+00  2.629354E+01  8.712406E+00  0.9919003013 -2.091531E+00
        5.086360E+17 -4.003840E+00 -1.970118E+00 -4.720918E-03  0.000000E+00
    98     5081.1114    9.29175291  2.968524E+08  5.004155E+09  4.185367E+28
        5.647835E+00  2.629354E+01  8.712406E+00  0.9921775025 -2.106655E+00
        3.144135E+17 -4.003840E+00 -1.970528E+00 -4.716486E-03  0.000000E+00
    99     4981.0263    9.29178997  2.968398E+08  5.044748E+09  3.864889E+28
        5.616742E+00  2.629354E+01  8.712406E+00  0.9924667871 -2.123020E+00
        1.918031E+17 -4.003840E+00 -1.970987E+00 -4.711522E-03  0.000000E+00
   100     4881.9766    9.29182558  2.968276E+08  5.082764E+09  3.566225E+28
        5.586045E+00  2.629354E+01  8.712406E+00  0.9927484425 -2.139569E+00
        1.183876E+17 -4.003840E+00 -1.971728E+00 -4.703520E-03  0.000000E+00
   101     4830.8298    9.29184690  2.968203E+08  5.101766E+09  3.418941E+28
        5.569801E+00  2.629354E+01  8.712408E+00  0.9933455335 -2.176887E+00
        9.191305E+16 -4.003840E+00 -1.972590E+00 -4.694232E-03  0.000000E+00
   102     4780.5815    9.29186635  2.968137E+08  5.119551E+09  3.278749E+28
        5.553400E+00  2.629354E+01  8.712408E+00  0.9940494375 -2.225442E+00
        7.012024E+16 -4.003840E+00 -1.972723E+00 -4.692797E-03  0.000000E+00
   103     4736.9627    9.29188282  2.968081E+08  5.134191E+09  3.160594E+28
        5.538757E+00  2.629354E+01  8.712409E+00  0.9947210253 -2.277450E+00
        5.572846E+16 -4.003840E+00 -1.972844E+00 -4.691501E-03  0.000000E+00
   104     4693.9373    9.29189823  2.968028E+08  5.147639E+09  3.047211E+28
        5.524036E+00  2.629354E+01  8.712410E+00  0.9954054953 -2.337761E+00
        4.406237E+16 -4.003840E+00 -1.972925E+00 -4.690630E-03  0.000000E+00
   105     4645.6396    9.29191446  2.967972E+08  5.161359E+09  2.923608E+28
        5.507482E+00  2.629354E+01  8.712410E+00  0.9960775213 -2.406439E+00
        3.411533E+16 -4.003840E+00 -1.972925E+00 -4.690629E-03  0.000000E+00
   106     4596.7884    9.29193029  2.967918E+08  5.173774E+09  2.802460E+28
        5.490982E+00  2.629354E+01  8.712411E+00  0.9966556654 -2.475690E+00
        2.648623E+16 -4.003840E+00 -1.972925E+00 -4.690627E-03  0.000000E+00
   107     4551.4576    9.29194532  2.967867E+08  5.184023E+09  2.693446E+28
        5.476129E+00  2.629354E+01  8.712411E+00  0.9971070718 -2.538662E+00
        2.112315E+16 -4.003840E+00 -1.972925E+00 -4.690627E-03  0.000000E+00
   108     4506.2351    9.29196073  2.967814E+08  5.193177E+09  2.587893E+28
        5.461756E+00  2.629354E+01  8.712411E+00  0.9974890332 -2.600159E+00
        1.699214E+16 -4.003840E+00 -1.972925E+00 -4.690627E-03  0.000000E+00
   109     4454.8806    9.29197852  2.967754E+08  5.202539E+09  2.471823E+28
        5.445747E+00  2.629354E+01  8.712411E+00  0.9978584603 -2.669274E+00
        1.335655E+16 -4.003840E+00 -1.972925E+00 -4.690627E-03  0.000000E+00
   110     4404.1590    9.29199563  2.967695E+08  5.211000E+09  2.361065E+28
        5.430041E+00  2.629354E+01  8.712411E+00  0.9981706864 -2.737712E+00
        1.056234E+16 -4.003840E+00 -1.972925E+00 -4.690627E-03  0.000000E+00
   111     4352.9213    9.29201117  2.967642E+08  5.218923E+09  2.253013E+28
        5.414121E+00  2.629354E+01  8.712412E+00  0.9984428904 -2.807681E+00
        8.311088E+15 -4.003840E+00 -1.972925E+00 -4.690627E-03  0.000000E+00
   112     4300.7177    9.29202457  2.967596E+08  5.226417E+09  2.146796E+28
        5.397831E+00  2.629354E+01  8.712412E+00  0.9986814005 -2.879887E+00
        6.534728E+15 -4.003840E+00 -1.972925E+00 -4.690627E-03  0.000000E+00
   113     4247.3421    9.29203629  2.967556E+08  5.233499E+09  2.042134E+28
        5.381161E+00  2.629354E+01  8.712412E+00  0.9988892278 -2.954375E+00
        5.116989E+15 -4.003840E+00 -1.972925E+00 -4.690627E-03  0.000000E+00
   114     4193.2851    9.29204705  2.967519E+08  5.240098E+09  1.940091E+28
        5.364323E+00  2.629354E+01  8.712412E+00  0.9990671177 -3.030173E+00
        4.002633E+15 -4.003840E+00 -1.972925E+00 -4.690627E-03  0.000000E+00
   115     4139.0363    9.29205735  2.967484E+08  5.246211E+09  1.841583E+28
        5.347490E+00  2.629354E+01  8.712412E+00  0.9992174619 -3.106494E+00
        3.135336E+15 -4.003840E+00 -1.972925E+00 -4.690627E-03  0.000000E+00
   116     4080.7362    9.29206783  2.967448E+08  5.252305E+09  1.739954E+28
        5.329385E+00  2.629354E+01  8.712412E+00  0.9993530662 -3.189140E+00
        2.414325E+15 -4.003840E+00 -1.972925E+00 -4.690627E-03  0.000000E+00
   117     4020.7320    9.29207777  2.967414E+08  5.258135E+09  1.639813E+28
        5.310680E+00  2.629354E+01  8.712412E+00  0.9994692729 -3.275129E+00
        1.845655E+15 -4.003840E+00 -1.972925E+00 -4.690627E-03  0.000000E+00
   118     3960.2840    9.29208618  2.967386E+08  5.263585E+09  1.543372E+28
        5.291755E+00  2.629354E+01  8.712412E+00  0.9995661775 -3.362688E+00
        1.408380E+15 -4.003840E+00 -1.972925E+00 -4.690627E-03  0.000000E+00
   119     3900.1889    9.29209337  2.967361E+08  5.268617E+09  1.451780E+28
        5.272893E+00  2.629354E+01  8.712412E+00  0.9996455450 -3.450439E+00
        1.075384E+15 -4.003840E+00 -1.972925E+00 -4.690627E-03  0.000000E+00
   120     3836.3358    9.29210024  2.967338E+08  5.273574E+09  1.358995E+28
        5.252900E+00  2.629354E+01  8.712412E+00  0.9997142681 -3.544041E+00
        8.100970E+14 -4.003840E+00 -1.972925E+00 -4.690627E-03  0.000000E+00
   121     3768.1191    9.29210705  2.967314E+08  5.278472E+09  1.264862E+28
        5.231632E+00  2.629354E+01  8.712412E+00  0.9997730336 -3.644039E+00
        6.000506E+14 -4.003840E+00 -1.972925E+00 -4.690627E-03  0.000000E+00
   122     3696.2418    9.29211361  2.967292E+08  5.283224E+09  1.171061E+28
        5.209326E+00  2.629354E+01  8.712412E+00  0.9998215647 -3.748519E+00
        4.384826E+14 -4.003829E+00 -1.972925E+00 -4.690627E-03  0.000000E+00
   123     3623.3389    9.29211530  2.967286E+08  5.287687E+09  1.081365E+28
        5.186812E+00  2.629354E+01  8.712412E+00  0.9998573204 -3.845638E+00
        3.198220E+14 -4.003551E+00 -1.972928E+00 -4.690627E-03  0.000000E+00
   124     3544.6810    9.29212035  2.967269E+08  5.292173E+09  9.904667E+27
        5.162843E+00  2.629354E+01  8.712412E+00  0.9998739464 -3.899445E+00
        2.287912E+14 -4.003444E+00 -1.972929E+00 -4.690627E-03  0.000000E+00
   125     3461.7261    9.29212508  2.967253E+08  5.296642E+09  9.009430E+27
        5.137616E+00  2.629354E+01  8.712412E+00  0.9998837108 -3.934461E+00
        1.609791E+14 -4.003303E+00 -1.972930E+00 -4.690627E-03  0.000000E+00
   126     3374.3172    9.29210145  2.967334E+08  5.301098E+09  8.133805E+27
        5.111004E+00  2.629354E+01  8.712412E+00  0.9998907136 -3.961434E+00
        1.111965E+14 -4.001652E+00 -1.972945E+00 -4.690627E-03  0.000000E+00
   127     3280.8795    9.29203654  2.967555E+08  5.305652E+09  7.270700E+27
        5.082797E+00  2.629354E+01  8.712412E+00  0.9998890263 -3.954780E+00
        7.518061E+13 -3.997826E+00 -1.972981E+00 -4.690627E-03  0.000000E+00
   128     3188.9279    9.29206469  2.967459E+08  5.310003E+09  6.488820E+27
        5.054768E+00  2.629354E+01  8.712412E+00  0.9998892911 -3.955817E+00
        5.096750E+13 -3.998846E+00 -1.972972E+00 -4.690627E-03  0.000000E+00
   129     3083.0442    9.29205771  2.967483E+08  5.314874E+09  5.669084E+27
        5.022204E+00  2.629354E+01  8.712412E+00  0.9998905492 -3.960781E+00
        3.247852E+13 -3.998278E+00 -1.972977E+00 -4.690627E-03  0.000000E+00
   130     2953.4139    9.29198603  2.967728E+08  5.320786E+09  4.774884E+27
        4.981767E+00  2.629354E+01  8.712411E+00  0.9998912073 -3.963400E+00
        1.856846E+13 -3.994626E+00 -1.973012E+00 -4.690627E-03  0.000000E+00
   131     2827.3962    9.29192093  2.967950E+08  5.326601E+09  4.011228E+27
        4.941439E+00  2.629354E+01  8.712411E+00  0.9998923687 -3.968062E+00
        1.063555E+13 -3.991412E+00 -1.973042E+00 -4.690627E-03  0.000000E+00
   132     2659.1807    9.29183610  2.968240E+08  5.334750E+09  3.139113E+27
        4.884647E+00  2.629354E+01  8.712411E+00  0.9998952535 -3.979860E+00
        4.853200E+12 -3.987354E+00 -1.973081E+00 -4.690627E-03  0.000000E+00
   133     2497.6936    9.29176779  2.968474E+08  5.343131E+09  2.443658E+27
        4.828136E+00  2.629354E+01  8.712410E+00  0.9998993904 -3.997360E+00
        2.223115E+12 -3.984371E+00 -1.973110E+00 -4.690627E-03  0.000000E+00
   134     2365.5444    9.29175668  2.968512E+08  5.350602E+09  1.966162E+27
        4.778523E+00  2.629354E+01  8.712410E+00  0.9999040973 -4.018169E+00
        1.120308E+12 -3.984484E+00 -1.973109E+00 -4.690627E-03  0.000000E+00
   135     2239.2140    9.29174320  2.968558E+08  5.358376E+09  1.578668E+27
        4.728076E+00  2.629354E+01  8.712410E+00  0.9999093636 -4.042697E+00
        5.580911E+11 -3.984575E+00 -1.973108E+00 -4.690627E-03  0.000000E+00
   136     2114.4940    9.29172866  2.968607E+08  5.366735E+09  1.255304E+27
        4.675983E+00  2.629354E+01  8.712410E+00  0.9999151934 -4.071570E+00
        2.717651E+11 -3.984623E+00 -1.973108E+00 -4.690627E-03  0.000000E+00
