     1    33970.3020    6.33036183  4.313454E+09  4.000000E+05  1.765490E+34
        8.100640E+00  2.100912E+01  5.036774E+00  0.0000000000  0.000000E+00
        3.513782E+32 -4.001190E+00 -1.991064E+00 -3.055298E-01 -3.055298E-01
     2    33992.4011    6.39093039  4.022915E+09  8.000000E+05  1.539666E+34
        8.104316E+00  2.107680E+01  5.085428E+00  0.0000000000  0.000000E+00
        4.656613E+32 -4.001190E+00 -1.991173E+00 -3.055287E-01 -3.055287E-01
     3    33971.6949    6.44238471  3.791523E+09  1.200000E+06  1.364312E+34
        8.105935E+00  2.113559E+01  5.127743E+00  0.0000000000  0.000000E+00
        5.848731E+32 -4.001190E+00 -1.991266E+00 -3.055277E-01 -3.055277E-01
     4    33900.1794    6.48733389  3.600303E+09  1.600000E+06  1.219842E+34
        8.105947E+00  2.118726E+01  5.165000E+00  0.0000000000  0.000000E+00
        6.883414E+32 -4.001190E+00 -1.991344E+00 -3.055269E-01 -3.055269E-01
     5    33783.8874    6.52724038  3.438633E+09  2.000000E+06  1.097558E+34
        8.104694E+00  2.123309E+01  5.198110E+00  0.0000000000  0.000000E+00
        7.692757E+32 -4.001190E+00 -1.991408E+00 -3.055262E-01 -3.055262E-01
     6    33630.1235    6.56305766  3.299721E+09  2.400000E+06  9.923976E+33
        8.102438E+00  2.127407E+01  5.227767E+00  0.0000000000  0.000000E+00
        8.327008E+32 -4.001190E+00 -1.991460E+00 -3.055257E-01 -3.055257E-01
     7    33580.1667    6.57231263  3.264748E+09  2.506890E+06  9.657134E+33
        8.101701E+00  2.128455E+01  5.235358E+00  0.0000000000  0.000000E+00
        8.477621E+32 -4.001190E+00 -1.991482E+00 -3.055255E-01 -3.055255E-01
     8    33531.5738    6.58080172  3.232996E+09  2.607697E+06  9.415503E+33
        8.100952E+00  2.129417E+01  5.242325E+00  0.0000000000  0.000000E+00
        8.615080E+32 -4.001190E+00 -1.991493E+00 -3.055254E-01 -3.055254E-01
     9    33480.4848    6.58925417  3.201688E+09  2.710787E+06  9.177878E+33
        8.100134E+00  2.130374E+01  5.249261E+00  0.0000000000  0.000000E+00
        8.746718E+32 -4.001190E+00 -1.991505E+00 -3.055252E-01 -3.055252E-01
    10    33426.2688    6.59774743  3.170533E+09  2.817179E+06  8.941980E+33
        8.099239E+00  2.131335E+01  5.256227E+00  0.0000000000  0.000000E+00
        8.873700E+32 -4.001190E+00 -1.991519E+00 -3.055251E-01 -3.055251E-01
    11    33368.7346    6.60627829  3.139546E+09  2.926962E+06  8.707834E+33
        8.098263E+00  2.132300E+01  5.263214E+00  0.0000000000  0.000000E+00
        8.955736E+32 -4.001190E+00 -1.991534E+00 -3.055249E-01 -3.055249E-01
    12    33308.1963    6.61478806  3.108938E+09  3.039473E+06  8.477073E+33
        8.097212E+00  2.133260E+01  5.270172E+00  0.0000000000  0.000000E+00
        9.073531E+32 -4.001190E+00 -1.991549E+00 -3.055248E-01 -3.055248E-01
    13    33244.2323    6.62332427  3.078534E+09  3.155446E+06  8.248414E+33
        8.096077E+00  2.134223E+01  5.277140E+00  0.0000000000  0.000000E+00
        9.185874E+32 -4.001190E+00 -1.991564E+00 -3.055246E-01 -3.055246E-01
    14    33176.9460    6.63185202  3.048457E+09  3.274532E+06  8.022747E+33
        8.094860E+00  2.135183E+01  5.284086E+00  0.0000000000  0.000000E+00
        9.291667E+32 -4.001190E+00 -1.991579E+00 -3.055245E-01 -3.055245E-01
    15    33105.9862    6.64040957  3.018570E+09  3.397391E+06  7.799128E+33
        8.093551E+00  2.136144E+01  5.291044E+00  0.0000000000  0.000000E+00
        9.391851E+32 -4.001190E+00 -1.991595E+00 -3.055243E-01 -3.055243E-01
    16    33031.6257    6.64895397  2.989022E+09  3.523536E+06  7.578711E+33
        8.092153E+00  2.137102E+01  5.297978E+00  0.0000000000  0.000000E+00
        9.484944E+32 -4.001190E+00 -1.991609E+00 -3.055242E-01 -3.055242E-01
    17    32953.8298    6.65748134  2.959820E+09  3.653028E+06  7.361592E+33
        8.090666E+00  2.138057E+01  5.304883E+00  0.0000000000  0.000000E+00
        9.571520E+32 -4.001190E+00 -1.991623E+00 -3.055240E-01 -3.055240E-01
    18    32872.5550    6.66598909  2.930971E+09  3.785944E+06  7.147831E+33
        8.089087E+00  2.139007E+01  5.311757E+00  0.0000000000  0.000000E+00
        9.625155E+32 -4.001190E+00 -1.991637E+00 -3.055239E-01 -3.055239E-01
    19    32788.3627    6.67442060  2.902657E+09  3.921468E+06  6.938855E+33
        8.087426E+00  2.139947E+01  5.318554E+00  0.0000000000  0.000000E+00
        9.699103E+32 -4.001190E+00 -1.991649E+00 -3.055238E-01 -3.055238E-01
    20    32700.8235    6.68281941  2.874725E+09  4.060388E+06  6.733562E+33
        8.085674E+00  2.140881E+01  5.325310E+00  0.0000000000  0.000000E+00
        9.766041E+32 -4.001190E+00 -1.991660E+00 -3.055236E-01 -3.055236E-01
    21    32609.8324    6.69118898  2.847158E+09  4.202888E+06  6.531829E+33
        8.083828E+00  2.141810E+01  5.332027E+00  0.0000000000  0.000000E+00
        9.825370E+32 -4.001190E+00 -1.991670E+00 -3.055235E-01 -3.055235E-01
    22    32514.8840    6.69957255  2.819809E+09  4.349862E+06  6.332654E+33
        8.081875E+00  2.142739E+01  5.338740E+00  0.0000000000  0.000000E+00
        9.857687E+32 -4.001190E+00 -1.991679E+00 -3.055234E-01 -3.055234E-01
    23    32417.2103    6.70786546  2.793015E+09  4.499582E+06  6.138561E+33
        8.079840E+00  2.143655E+01  5.345365E+00  0.0000000000  0.000000E+00
        9.904113E+32 -4.001190E+00 -1.991687E+00 -3.055234E-01 -3.055234E-01
    24    32316.2808    6.71611400  2.766617E+09  4.652982E+06  5.948412E+33
        8.077709E+00  2.144565E+01  5.351940E+00  0.0000000000  0.000000E+00
        9.942378E+32 -4.001190E+00 -1.991694E+00 -3.055233E-01 -3.055233E-01
    25    32211.6158    6.72436030  2.740475E+09  4.811007E+06  5.761284E+33
        8.075469E+00  2.145473E+01  5.358500E+00  0.0000000000  0.000000E+00
        9.973190E+32 -4.001190E+00 -1.991700E+00 -3.055232E-01 -3.055232E-01
    26    32103.8511    6.73255210  2.714751E+09  4.972824E+06  5.578352E+33
        8.073134E+00  2.146373E+01  5.365004E+00  0.0000000000  0.000000E+00
        9.981308E+32 -4.001190E+00 -1.991706E+00 -3.055232E-01 -3.055232E-01
    27    31993.9387    6.74062320  2.689642E+09  5.137211E+06  5.401037E+33
        8.070721E+00  2.147258E+01  5.371400E+00  0.0000000000  0.000000E+00
        9.997801E+32 -4.001190E+00 -1.991711E+00 -3.055231E-01 -3.055231E-01
    28    31881.0198    6.74865058  2.664899E+09  5.305851E+06  5.227665E+33
        8.068207E+00  2.148137E+01  5.377753E+00  0.0000000000  0.000000E+00
        1.000645E+33 -4.001190E+00 -1.991716E+00 -3.055231E-01 -3.055231E-01
    29    31766.2201    6.75656635  2.640723E+09  5.477458E+06  5.059706E+33
        8.065613E+00  2.149003E+01  5.384010E+00  0.0000000000  0.000000E+00
        9.995505E+32 -4.001190E+00 -1.991721E+00 -3.055230E-01 -3.055230E-01
    30    31650.8510    6.76430560  2.617298E+09  5.650671E+06  4.898527E+33
        8.062961E+00  2.149850E+01  5.390127E+00  0.0000000000  0.000000E+00
        9.990339E+32 -4.001190E+00 -1.991725E+00 -3.055230E-01 -3.055230E-01
    31    31534.8777    6.77191404  2.594472E+09  5.826593E+06  4.743294E+33
        8.060237E+00  2.150683E+01  5.396144E+00  0.0000000000  0.000000E+00
        9.977919E+32 -4.001190E+00 -1.991729E+00 -3.055229E-01 -3.055229E-01
    32    31418.6786    6.77940393  2.572196E+09  6.005615E+06  4.593855E+33
        8.057438E+00  2.151504E+01  5.402075E+00  0.0000000000  0.000000E+00
        9.949270E+32 -4.001190E+00 -1.991734E+00 -3.055229E-01 -3.055229E-01
    33    31299.2840    6.78696788  2.549894E+09  6.192451E+06  4.446305E+33
        8.054490E+00  2.152334E+01  5.408070E+00  0.0000000000  0.000000E+00
        9.922954E+32 -4.001190E+00 -1.991739E+00 -3.055228E-01 -3.055228E-01
    34    31172.8186    6.79480536  2.526989E+09  6.392418E+06  4.296635E+33
        8.051310E+00  2.153194E+01  5.414275E+00  0.0000000000  0.000000E+00
        9.879585E+32 -4.001190E+00 -1.991744E+00 -3.055228E-01 -3.055228E-01
    35    31036.0581    6.80303718  2.503153E+09  6.609386E+06  4.142462E+33
        8.047834E+00  2.154094E+01  5.420775E+00  0.0000000000  0.000000E+00
        9.834361E+32 -4.001190E+00 -1.991750E+00 -3.055227E-01 -3.055227E-01
    36    30899.2270    6.81103254  2.480218E+09  6.827173E+06  3.995650E+33
        8.044322E+00  2.154967E+01  5.427069E+00  0.0000000000  0.000000E+00
        9.782136E+32 -4.001190E+00 -1.991756E+00 -3.055227E-01 -3.055227E-01
    37    30758.1654    6.81904143  2.457454E+09  7.052620E+06  3.851499E+33
        8.040667E+00  2.155838E+01  5.433356E+00  0.0000000000  0.000000E+00
        9.715146E+32 -4.001190E+00 -1.991762E+00 -3.055226E-01 -3.055226E-01
    38    30614.7914    6.82694944  2.435181E+09  7.282654E+06  3.711977E+33
        8.036921E+00  2.156696E+01  5.439542E+00  0.0000000000  0.000000E+00
        9.647530E+32 -4.001190E+00 -1.991768E+00 -3.055225E-01 -3.055225E-01
    39    30467.9164    6.83482063  2.413213E+09  7.519292E+06  3.575855E+33
        8.033055E+00  2.157547E+01  5.445678E+00  0.0000000000  0.000000E+00
        9.566442E+32 -4.001190E+00 -1.991774E+00 -3.055225E-01 -3.055225E-01
    40    30317.1938    6.84267724  2.391484E+09  7.763446E+06  3.442772E+33
        8.029056E+00  2.158393E+01  5.451781E+00  0.0000000000  0.000000E+00
        9.482971E+32 -4.001190E+00 -1.991781E+00 -3.055224E-01 -3.055224E-01
    41    30162.8144    6.85050710  2.370023E+09  8.015051E+06  3.312912E+33
        8.024929E+00  2.159233E+01  5.457839E+00  0.0000000000  0.000000E+00
        9.391516E+32 -4.001190E+00 -1.991788E+00 -3.055223E-01 -3.055223E-01
    42    30005.0497    6.85829475  2.348868E+09  8.273912E+06  3.186487E+33
        8.020681E+00  2.160066E+01  5.463842E+00  0.0000000000  0.000000E+00
        9.288005E+32 -4.001190E+00 -1.991796E+00 -3.055222E-01 -3.055222E-01
    43    29844.3282    6.86602351  2.328061E+09  8.539716E+06  3.063749E+33
        8.016322E+00  2.160889E+01  5.469772E+00  0.0000000000  0.000000E+00
        9.181501E+32 -4.001190E+00 -1.991805E+00 -3.055222E-01 -3.055222E-01
    44    29680.3515    6.87370827  2.307554E+09  8.813257E+06  2.944404E+33
        8.011842E+00  2.161704E+01  5.475641E+00  0.0000000000  0.000000E+00
        9.067253E+32 -4.001190E+00 -1.991813E+00 -3.055221E-01 -3.055221E-01
    45    29512.0513    6.88139192  2.287231E+09  9.096164E+06  2.827712E+33
        8.007222E+00  2.162514E+01  5.481474E+00  0.0000000000  0.000000E+00
        8.942251E+32 -4.001190E+00 -1.991822E+00 -3.055220E-01 -3.055220E-01
    46    29337.7056    6.88910279  2.267016E+09  9.389573E+06  2.712884E+33
        8.002449E+00  2.163322E+01  5.487282E+00  0.0000000000  0.000000E+00
        8.812176E+32 -4.001190E+00 -1.991832E+00 -3.055219E-01 -3.055219E-01
    47    29167.4061    6.89646005  2.247895E+09  9.679670E+06  2.605918E+33
        7.997751E+00  2.164089E+01  5.492799E+00  0.0000000000  0.000000E+00
        8.678082E+32 -4.001190E+00 -1.991842E+00 -3.055218E-01 -3.055218E-01
    48    28996.2697    6.90371568  2.229196E+09  9.976230E+06  2.503124E+33
        7.992978E+00  2.164844E+01  5.498219E+00  0.0000000000  0.000000E+00
        8.541296E+32 -4.001190E+00 -1.991853E+00 -3.055217E-01 -3.055217E-01
    49    28819.6106    6.91105857  2.210430E+09  1.028736E+07  2.401726E+33
        7.988008E+00  2.165605E+01  5.503678E+00  0.0000000000  0.000000E+00
        8.393946E+32 -4.001190E+00 -1.991865E+00 -3.055215E-01 -3.055215E-01
    50    28639.4668    6.91839074  2.191849E+09  1.060946E+07  2.303024E+33
        7.982907E+00  2.166361E+01  5.509096E+00  0.0000000000  0.000000E+00
        8.242331E+32 -4.001190E+00 -1.991878E+00 -3.055214E-01 -3.055214E-01
    51    28454.8809    6.92574423  2.173371E+09  1.094448E+07  2.206543E+33
        7.977653E+00  2.167116E+01  5.514496E+00  0.0000000000  0.000000E+00
        8.082192E+32 -4.001190E+00 -1.991893E+00 -3.055212E-01 -3.055212E-01
    52    28268.1262    6.93302679  2.155225E+09  1.128863E+07  2.113444E+33
        7.972314E+00  2.167860E+01  5.519806E+00  0.0000000000  0.000000E+00
        7.919260E+32 -4.001190E+00 -1.991909E+00 -3.055211E-01 -3.055211E-01
    53    28077.4486    6.94028227  2.137297E+09  1.164345E+07  2.022916E+33
        7.966874E+00  2.168594E+01  5.525046E+00  0.0000000000  0.000000E+00
        7.750175E+32 -4.001190E+00 -1.991927E+00 -3.055209E-01 -3.055209E-01
    54    27883.8827    6.94745943  2.119709E+09  1.200735E+07  1.935455E+33
        7.961368E+00  2.169316E+01  5.530186E+00  0.0000000000  0.000000E+00
        7.578949E+32 -4.001190E+00 -1.991946E+00 -3.055207E-01 -3.055207E-01
    55    27693.6966    6.95438499  2.102875E+09  1.237214E+07  1.853396E+33
        7.955922E+00  2.170010E+01  5.535119E+00  0.0000000000  0.000000E+00
        7.407454E+32 -4.001190E+00 -1.991967E+00 -3.055205E-01 -3.055205E-01
    56    27501.7347    6.96126281  2.086290E+09  1.274854E+07  1.774218E+33
        7.950384E+00  2.170696E+01  5.539990E+00  0.0000000000  0.000000E+00
        7.233419E+32 -4.001190E+00 -1.991989E+00 -3.055203E-01 -3.055203E-01
    57    27304.4065    6.96819545  2.069704E+09  1.314183E+07  1.696544E+33
        7.944688E+00  2.171382E+01  5.544856E+00  0.0000000000  0.000000E+00
        7.052983E+32 -4.001190E+00 -1.992014E+00 -3.055200E-01 -3.055200E-01
    58    27101.3507    6.97516302  2.053168E+09  1.355218E+07  1.620430E+33
        7.938843E+00  2.172067E+01  5.549706E+00  0.0000000000  0.000000E+00
        6.868405E+32 -4.001190E+00 -1.992041E+00 -3.055197E-01 -3.055197E-01
    59    26901.6181    6.98189209  2.037323E+09  1.396453E+07  1.548999E+33
        7.933068E+00  2.172724E+01  5.554354E+00  0.0000000000  0.000000E+00
        6.685252E+32 -4.001190E+00 -1.992069E+00 -3.055194E-01 -3.055194E-01
    60    26700.8580    6.98854699  2.021774E+09  1.438892E+07  1.480415E+33
        7.927229E+00  2.173371E+01  5.558915E+00  0.0000000000  0.000000E+00
        6.500958E+32 -4.001190E+00 -1.992100E+00 -3.055191E-01 -3.055191E-01
    61    26495.4411    6.99523327  2.006270E+09  1.483177E+07  1.413451E+33
        7.921251E+00  2.174014E+01  5.563449E+00  0.0000000000  0.000000E+00
        6.312270E+32 -4.001190E+00 -1.992134E+00 -3.055188E-01 -3.055188E-01
    62    26284.0781    7.00196070  1.990791E+09  1.529506E+07  1.347845E+33
        7.915123E+00  2.174655E+01  5.567962E+00  0.0000000000  0.000000E+00
        6.119767E+32 -4.001190E+00 -1.992170E+00 -3.055184E-01 -3.055184E-01
    63    26076.0561    7.00846315  1.975943E+09  1.576120E+07  1.286275E+33
        7.909087E+00  2.175270E+01  5.572282E+00  0.0000000000  0.000000E+00
        5.931804E+32 -4.001190E+00 -1.992209E+00 -3.055180E-01 -3.055180E-01
    64    25841.1600    7.01565904  1.959641E+09  1.629939E+07  1.220165E+33
        7.902284E+00  2.175945E+01  5.577013E+00  0.0000000000  0.000000E+00
        5.721202E+32 -4.001190E+00 -1.992254E+00 -3.055175E-01 -3.055175E-01
    65    25624.8955    7.02215439  1.945041E+09  1.680659E+07  1.162314E+33
        7.896023E+00  2.176549E+01  5.581243E+00  0.0000000000  0.000000E+00
        5.529710E+32 -4.001190E+00 -1.992299E+00 -3.055171E-01 -3.055171E-01
    66    25409.1157    7.02852961  1.930818E+09  1.732551E+07  1.107282E+33
        7.889770E+00  2.177137E+01  5.585356E+00  0.0000000000  0.000000E+00
        5.340324E+32 -4.001190E+00 -1.992345E+00 -3.055166E-01 -3.055166E-01
    67    25186.0113    7.03500073  1.916486E+09  1.787477E+07  1.053092E+33
        7.883319E+00  2.177730E+01  5.589491E+00  0.0000000000  0.000000E+00
        5.147700E+32 -4.001190E+00 -1.992396E+00 -3.055161E-01 -3.055161E-01
    68    24946.0888    7.04182699  1.901483E+09  1.848047E+07  9.977285E+32
        7.876400E+00  2.178349E+01  5.593808E+00  0.0000000000  0.000000E+00
        4.943955E+32 -4.001190E+00 -1.992454E+00 -3.055155E-01 -3.055155E-01
    69    24722.6698    7.04807123  1.887863E+09  1.905971E+07  9.487237E+32
        7.869962E+00  2.178911E+01  5.597723E+00  0.0000000000  0.000000E+00
        4.757714E+32 -4.001190E+00 -1.992510E+00 -3.055149E-01 -3.055149E-01
    70    24489.9653    7.05446802  1.874011E+09  1.968007E+07  9.001485E+32
        7.863260E+00  2.179482E+01  5.601698E+00  0.0000000000  0.000000E+00
        4.567103E+32 -4.001190E+00 -1.992577E+00 -3.055142E-01 -3.055142E-01
    71    24249.5181    7.06095649  1.860064E+09  2.033907E+07  8.524825E+32
        7.856351E+00  2.180056E+01  5.605692E+00  0.0000000000  0.000000E+00
        4.374415E+32 -4.001190E+00 -1.992649E+00 -3.055135E-01 -3.055135E-01
    72    24018.5620    7.06707485  1.847007E+09  2.099007E+07  8.089891E+32
        7.849720E+00  2.180593E+01  5.609418E+00  0.0000000000  0.000000E+00
        4.193423E+32 -4.001190E+00 -1.992724E+00 -3.055127E-01 -3.055127E-01
    73    23786.9018    7.07310361  1.834232E+09  2.166229E+07  7.674983E+32
        7.843072E+00  2.181117E+01  5.613047E+00  0.0000000000  0.000000E+00
        4.015577E+32 -4.001190E+00 -1.992803E+00 -3.055119E-01 -3.055119E-01
    74    23554.9799    7.07903851  1.821742E+09  2.235609E+07  7.279842E+32
        7.836414E+00  2.181627E+01  5.616581E+00  0.0000000000  0.000000E+00
        3.841592E+32 -4.001190E+00 -1.992887E+00 -3.055110E-01 -3.055110E-01
    75    23318.6598    7.08498763  1.809307E+09  2.308609E+07  6.896937E+32
        7.829626E+00  2.182134E+01  5.620087E+00  0.0000000000  0.000000E+00
        3.668322E+32 -4.001190E+00 -1.992979E+00 -3.055101E-01 -3.055101E-01
    76    23082.9066    7.09082988  1.797178E+09  2.383910E+07  6.533736E+32
        7.822847E+00  2.182627E+01  5.623496E+00  0.0000000000  0.000000E+00
        3.499730E+32 -4.001190E+00 -1.993076E+00 -3.055091E-01 -3.055091E-01
    77    22848.5814    7.09655708  1.785367E+09  2.461527E+07  6.190267E+32
        7.816085E+00  2.183107E+01  5.626810E+00  0.0000000000  0.000000E+00
        3.336164E+32 -4.001190E+00 -1.993178E+00 -3.055080E-01 -3.055080E-01
    78    22613.8884    7.10221986  1.773765E+09  2.542275E+07  5.862875E+32
        7.809283E+00  2.183579E+01  5.630063E+00  0.0000000000  0.000000E+00
        3.176198E+32 -4.001190E+00 -1.993287E+00 -3.055069E-01 -3.055069E-01
    79    22377.3451    7.10786681  1.762271E+09  2.627084E+07  5.548773E+32
        7.802382E+00  2.184047E+01  5.633284E+00  0.0000000000  0.000000E+00
        3.018745E+32 -4.001190E+00 -1.993406E+00 -3.055057E-01 -3.055057E-01
    80    22142.1351    7.11343747  1.751005E+09  2.715343E+07  5.251339E+32
        7.795444E+00  2.184506E+01  5.636447E+00  0.0000000000  0.000000E+00
        2.865550E+32 -4.001190E+00 -1.993531E+00 -3.055044E-01 -3.055044E-01
    81    21903.9545    7.11904274  1.739741E+09  2.809108E+07  4.964516E+32
        7.788337E+00  2.184967E+01  5.639616E+00  0.0000000000  0.000000E+00
        2.713638E+32 -4.001190E+00 -1.993668E+00 -3.055030E-01 -3.055030E-01
    82    21658.5457    7.12472827  1.728391E+09  2.909205E+07  4.684016E+32
        7.781029E+00  2.185430E+01  5.642802E+00  0.0000000000  0.000000E+00
        2.562830E+32 -4.001190E+00 -1.993819E+00 -3.055015E-01 -3.055015E-01
    83    21414.5497    7.13029007  1.717359E+09  3.012357E+07  4.419521E+32
        7.773769E+00  2.185879E+01  5.645890E+00  0.0000000000  0.000000E+00
        2.418605E+32 -4.001190E+00 -1.993978E+00 -3.054998E-01 -3.054998E-01
    84    21172.7299    7.13571539  1.706665E+09  3.118509E+07  4.170821E+32
        7.766557E+00  2.186313E+01  5.648870E+00  0.0000000000  0.000000E+00
        2.280800E+32 -4.001190E+00 -1.994147E+00 -3.054981E-01 -3.054981E-01
    85    20931.9609    7.14103562  1.696244E+09  3.228386E+07  3.935805E+32
        7.759348E+00  2.186734E+01  5.651760E+00  0.0000000000  0.000000E+00
        2.148588E+32 -4.001190E+00 -1.994327E+00 -3.054963E-01 -3.054963E-01
    86    20691.6297    7.14626644  1.686059E+09  3.342430E+07  3.713145E+32
        7.752124E+00  2.187144E+01  5.654570E+00  0.0000000000  0.000000E+00
        2.021623E+32 -4.001190E+00 -1.994517E+00 -3.054943E-01 -3.054943E-01
    87    20454.3832    7.15137026  1.676181E+09  3.460045E+07  3.504328E+32
        7.744931E+00  2.187540E+01  5.657287E+00  0.0000000000  0.000000E+00
        1.900701E+32 -4.001190E+00 -1.994717E+00 -3.054923E-01 -3.054923E-01
    88    20214.9599    7.15645637  1.666395E+09  3.583894E+07  3.304187E+32
        7.737622E+00  2.187931E+01  5.659968E+00  0.0000000000  0.000000E+00
        1.783408E+32 -4.001190E+00 -1.994933E+00 -3.054901E-01 -3.054901E-01
    89    19976.0315    7.16147106  1.656802E+09  3.713017E+07  3.114550E+32
        7.730273E+00  2.188314E+01  5.662586E+00  0.0000000000  0.000000E+00
        1.671020E+32 -4.001190E+00 -1.995163E+00 -3.054877E-01 -3.054877E-01
    90    19737.7053    7.16641538  1.647397E+09  3.847686E+07  2.934950E+32
        7.722882E+00  2.188687E+01  5.665146E+00  0.0000000000  0.000000E+00
        1.563535E+32 -4.001190E+00 -1.995409E+00 -3.054852E-01 -3.054852E-01
    91    19500.0800    7.17128883  1.638180E+09  3.988140E+07  2.764943E+32
        7.715449E+00  2.189053E+01  5.667648E+00  0.0000000000  0.000000E+00
        1.460927E+32 -4.001190E+00 -1.995673E+00 -3.054825E-01 -3.054825E-01
    92    19322.1905    7.17490643  1.631371E+09  4.097580E+07  2.643313E+32
        7.709826E+00  2.189322E+01  5.669494E+00  0.0000000000  0.000000E+00
        1.386883E+32 -4.001190E+00 -1.995883E+00 -3.054804E-01 -3.054804E-01
    93    19097.3535    7.17943170  1.622894E+09  4.241622E+07  2.496264E+32
        7.702667E+00  2.189657E+01  5.671788E+00  0.0000000000  0.000000E+00
        1.296942E+32 -4.001190E+00 -1.996341E+00 -3.054757E-01 -3.054757E-01
    94    18858.8030    7.18407470  1.614242E+09  4.396706E+07  2.348612E+32
        7.695228E+00  2.189995E+01  5.674101E+00  0.0000000000  0.000000E+00
        1.208468E+32 -4.001190E+00 -1.998130E+00 -3.054575E-01 -3.054575E-01
    95    18580.8302    7.18942407  1.604331E+09  4.592548E+07  2.186079E+32
        7.686211E+00  2.190389E+01  5.676798E+00  0.0000000000  0.000000E+00
        1.107764E+32 -4.001190E+00 -1.995579E+00 -3.054835E-01 -3.054835E-01
    96    18304.5393    7.19478686  1.594456E+09  4.802107E+07  2.033658E+32
        7.676977E+00  2.190776E+01  5.679451E+00  0.0000000000  0.000000E+00
        1.011838E+32 -4.001190E+00 -1.995197E+00 -3.054874E-01 -3.054874E-01
    97    18039.1627    7.19998073  1.584950E+09  5.019570E+07  1.895459E+32
        7.667809E+00  2.191146E+01  5.681984E+00  0.0000000000  0.000000E+00
        9.234811E+31 -4.001190E+00 -1.995197E+00 -3.054874E-01 -3.054874E-01
    98    17784.7204    7.20486511  1.576063E+09  5.237329E+07  1.770731E+32
        7.659012E+00  2.191488E+01  5.684325E+00  0.0000000000  0.000000E+00
        8.448272E+31 -4.001190E+00 -1.995197E+00 -3.054874E-01 -3.054874E-01
    99    17541.6889    7.20950222  1.567671E+09  5.458491E+07  1.658108E+32
        7.650439E+00  2.191809E+01  5.686528E+00  0.0000000000  0.000000E+00
        7.736628E+31 -4.001190E+00 -1.995197E+00 -3.054874E-01 -3.054874E-01
   100    17296.1218    7.21417229  1.559265E+09  5.696862E+07  1.550430E+32
        7.641580E+00  2.192131E+01  5.688729E+00  0.0000000000  0.000000E+00
        7.055006E+31 -4.001190E+00 -1.995197E+00 -3.054874E-01 -3.054874E-01
   101    17048.8472    7.21884461  1.550900E+09  5.952100E+07  1.447988E+32
        7.632489E+00  2.192449E+01  5.690912E+00  0.0000000000  0.000000E+00
        6.409372E+31 -4.001190E+00 -1.995197E+00 -3.054874E-01 -3.054874E-01
   102    16808.4358    7.22334806  1.542880E+09  6.215471E+07  1.353913E+32
        7.623492E+00  2.192754E+01  5.692999E+00  0.0000000000  0.000000E+00
        5.820799E+31 -4.001190E+00 -1.995197E+00 -3.054874E-01 -3.054874E-01
   103    16571.3847    7.22774929  1.535081E+09  6.491446E+07  1.266238E+32
        7.614439E+00  2.193049E+01  5.695023E+00  0.0000000000  0.000000E+00
        5.276164E+31 -4.001190E+00 -1.995197E+00 -3.054874E-01 -3.054874E-01
   104    16339.9202    7.23202455  1.527544E+09  6.779608E+07  1.185236E+32
        7.605358E+00  2.193333E+01  5.696971E+00  0.0000000000  0.000000E+00
        4.774705E+31 -4.001190E+00 -1.995197E+00 -3.054874E-01 -3.054874E-01
   105    16108.0079    7.23628129  1.520076E+09  7.087888E+07  1.108449E+32
        7.596032E+00  2.193613E+01  5.698892E+00  0.0000000000  0.000000E+00
        4.303348E+31 -4.001190E+00 -1.995197E+00 -3.054874E-01 -3.054874E-01
   106    15878.0483    7.24047971  1.512747E+09  7.415058E+07  1.036426E+32
        7.586534E+00  2.193887E+01  5.700772E+00  0.0000000000  0.000000E+00
        3.865642E+31 -4.001190E+00 -1.995197E+00 -3.054874E-01 -3.054874E-01
   107    15649.3548    7.24463269  1.505531E+09  7.763623E+07  9.686850E+31
        7.576829E+00  2.194156E+01  5.702617E+00  0.0000000000  0.000000E+00
        3.459193E+31 -4.001190E+00 -1.995197E+00 -3.054874E-01 -3.054874E-01
   108    15423.0710    7.24871988  1.498463E+09  8.133427E+07  9.053011E+31
        7.566954E+00  2.194419E+01  5.704421E+00  0.0000000000  0.000000E+00
        3.084726E+31 -4.001190E+00 -1.995197E+00 -3.054874E-01 -3.054874E-01
   109    15200.8065    7.25270822  1.491598E+09  8.527641E+07  8.464237E+31
        7.556856E+00  2.194677E+01  5.706193E+00  0.0000000000  0.000000E+00
        2.739281E+31 -4.001190E+00 -1.993140E+00 -3.055084E-01 -3.055084E-01
   110    14972.7608    7.25677930  1.484624E+09  8.957193E+07  7.893284E+31
        7.546308E+00  2.194935E+01  5.707970E+00  0.0000000000  0.000000E+00
        2.415464E+31 -4.001190E+00 -1.993140E+00 -3.055084E-01 -3.055084E-01
   111    14750.7366    7.26070722  1.477925E+09  9.406006E+07  7.368467E+31
        7.535729E+00  2.195182E+01  5.709672E+00  0.0000000000  0.000000E+00
        2.125346E+31 -4.001190E+00 -1.993140E+00 -3.055084E-01 -3.055084E-01
   112    14528.6463    7.26459209  1.471330E+09  9.886912E+07  6.872868E+31
        7.524845E+00  2.195424E+01  5.711333E+00  0.0000000000  0.000000E+00
        1.859748E+31 -4.001190E+00 -1.993140E+00 -3.055084E-01 -3.055084E-01
   113    14308.1498    7.26842366  1.464854E+09  1.040149E+08  6.408255E+31
        7.513672E+00  2.195659E+01  5.712956E+00  0.0000000000  0.000000E+00
        1.618363E+31 -4.001190E+00 -1.993140E+00 -3.055084E-01 -3.055084E-01
   114    14087.8975    7.27218105  1.458530E+09  1.094651E+08  5.970809E+31
        7.502317E+00  2.195887E+01  5.714527E+00  0.0000000000  0.000000E+00
        1.402255E+31 -4.001190E+00 -1.993140E+00 -3.055084E-01 -3.055084E-01
   115    13866.3683    7.27591388  1.452276E+09  1.153330E+08  5.556055E+31
        7.490590E+00  2.196112E+01  5.716079E+00  0.0000000000  0.000000E+00
        1.206700E+31 -4.001190E+00 -1.993140E+00 -3.055084E-01 -3.055084E-01
   116    13646.6149    7.27959529  1.446134E+09  1.216214E+08  5.168136E+31
        7.478537E+00  2.196334E+01  5.717611E+00  0.0000000000  0.000000E+00
        1.031705E+31 -4.001190E+00 -1.993140E+00 -3.055084E-01 -3.055084E-01
   117    13425.2434    7.28321884  1.440113E+09  1.283004E+08  4.800642E+31
        7.466252E+00  2.196551E+01  5.719111E+00  0.0000000000  0.000000E+00
        8.773362E+30 -4.001190E+00 -1.993140E+00 -3.055084E-01 -3.055084E-01
   118    13202.7876    7.28680592  1.434178E+09  1.354817E+08  4.453343E+31
        7.453573E+00  2.196766E+01  5.720597E+00  0.0000000000  0.000000E+00
        7.403511E+30 -4.001190E+00 -1.993140E+00 -3.055084E-01 -3.055084E-01
   119    12981.4589    7.29034124  1.428353E+09  1.432129E+08  4.128405E+31
        7.440479E+00  2.196978E+01  5.722060E+00  0.0000000000  0.000000E+00
        6.196143E+30 -4.001190E+00 -1.993140E+00 -3.055084E-01 -3.055084E-01
   120    12747.7467    7.29397884  1.422383E+09  1.518321E+08  3.807013E+31
        7.426502E+00  2.197193E+01  5.723547E+00  0.0000000000  0.000000E+00
        5.107792E+30 -4.001190E+00 -1.993140E+00 -3.055084E-01 -3.055084E-01
   121    12524.7152    7.29740474  1.416784E+09  1.607226E+08  3.519623E+31
        7.412689E+00  2.197395E+01  5.724947E+00  0.0000000000  0.000000E+00
        4.206592E+30 -4.001190E+00 -1.993140E+00 -3.055084E-01 -3.055084E-01
   122    12290.9579    7.30090781  1.411082E+09  1.705948E+08  3.237909E+31
        7.398005E+00  2.197600E+01  5.726362E+00  0.0000000000  0.000000E+00
        3.410044E+30 -4.001190E+00 -1.993140E+00 -3.055084E-01 -3.055084E-01
   123    12062.6077    7.30427574  1.405621E+09  1.809932E+08  2.980702E+31
        7.383192E+00  2.197795E+01  5.727716E+00  0.0000000000  0.000000E+00
        2.748830E+30 -4.001190E+00 -1.993140E+00 -3.055084E-01 -3.055084E-01
   124    11834.8263    7.30756410  1.400309E+09  1.920370E+08  2.741025E+31
        7.368119E+00  2.197982E+01  5.729019E+00  0.0000000000  0.000000E+00
        2.198966E+30 -4.001190E+00 -1.993140E+00 -3.055084E-01 -3.055084E-01
   125    11632.9042    7.31042967  1.395697E+09  2.024037E+08  2.541865E+31
        7.354525E+00  2.198141E+01  5.730136E+00  0.0000000000  0.000000E+00
        1.791849E+30 -4.001190E+00 -1.993140E+00 -3.055084E-01 -3.055084E-01
   126    11446.0839    7.31306364  1.391471E+09  2.126253E+08  2.368065E+31
        7.341615E+00  2.198286E+01  5.731153E+00  0.0000000000  0.000000E+00
        1.470655E+30 -4.001190E+00 -1.993140E+00 -3.055084E-01 -3.055084E-01
   127    11271.4052    7.31550680  1.387563E+09  2.226498E+08  2.214292E+31
        7.329393E+00  2.198418E+01  5.732078E+00  0.0000000000  0.000000E+00
        1.216394E+30 -4.001190E+00 -1.993140E+00 -3.055084E-01 -3.055084E-01
   128    11153.6782    7.31715327  1.384935E+09  2.297093E+08  2.115187E+31
        7.321009E+00  2.198506E+01  5.732694E+00  0.0000000000  0.000000E+00
        1.066178E+30 -4.001190E+00 -1.993140E+00 -3.055084E-01 -3.055084E-01
   129    11049.7954    7.31860797  1.382618E+09  2.361469E+08  2.030666E+31
        7.313526E+00  2.198582E+01  5.733231E+00  0.0000000000  0.000000E+00
        9.468092E+29 -4.001190E+00 -1.993140E+00 -3.055084E-01 -3.055084E-01
   130    10966.4659    7.31978161  1.380751E+09  2.414726E+08  1.964783E+31
        7.307446E+00  2.198643E+01  5.733658E+00  0.0000000000  0.000000E+00
        8.590594E+29 -4.001190E+00 -1.993140E+00 -3.055084E-01 -3.055084E-01
   131    10886.0811    7.32091837  1.378945E+09  2.467237E+08  1.902819E+31
        7.301548E+00  2.198701E+01  5.734064E+00  0.0000000000  0.000000E+00
        7.812123E+29 -4.001190E+00 -1.993140E+00 -3.055084E-01 -3.055084E-01
   132    10805.1163    7.32207755  1.377106E+09  2.521524E+08  1.841916E+31
        7.295550E+00  2.198759E+01  5.734468E+00  0.0000000000  0.000000E+00
        7.088078E+29 -4.001190E+00 -1.993140E+00 -3.055084E-01 -3.055084E-01
   133    10729.3472    7.32318207  1.375356E+09  2.573611E+08  1.786243E+31
        7.289885E+00  2.198813E+01  5.734842E+00  0.0000000000  0.000000E+00
        6.462060E+29 -4.001190E+00 -1.993140E+00 -3.055084E-01 -3.055084E-01
   134    10654.1939    7.32429654  1.373592E+09  2.626931E+08  1.732269E+31
        7.284178E+00  2.198866E+01  5.735212E+00  0.0000000000  0.000000E+00
        5.883538E+29 -4.001190E+00 -1.993140E+00 -3.055084E-01 -3.055084E-01
   135    10572.8583    7.32551869  1.371661E+09  2.685785E+08  1.675253E+31
        7.277984E+00  2.198922E+01  5.735605E+00  0.0000000000  0.000000E+00
        5.310384E+29 -4.001190E+00 -1.993140E+00 -3.055084E-01 -3.055084E-01
   136    10493.1453    7.32673851  1.369736E+09  2.745019E+08  1.620741E+31
        7.271856E+00  2.198977E+01  5.735987E+00  0.0000000000  0.000000E+00
        4.794791E+29 -4.001190E+00 -1.993140E+00 -3.055084E-01 -3.055084E-01
   137    10414.1350    7.32796195  1.367808E+09  2.805628E+08  1.568052E+31
        7.265693E+00  2.199031E+01  5.736362E+00  0.0000000000  0.000000E+00
        4.323466E+29 -4.001190E+00 -1.993140E+00 -3.055084E-01 -3.055084E-01
   138    10320.9266    7.32942792  1.365501E+09  2.878882E+08  1.507566E+31
        7.258387E+00  2.199093E+01  5.736798E+00  0.0000000000  0.000000E+00
        3.820759E+29 -4.001190E+00 -1.993140E+00 -3.055084E-01 -3.055084E-01
   139    10237.6827    7.33076566  1.363400E+09  2.946484E+08  1.455025E+31
        7.251770E+00  2.199149E+01  5.737184E+00  0.0000000000  0.000000E+00
        3.412995E+29 -4.001190E+00 -1.993140E+00 -3.055084E-01 -3.055084E-01
   140    10158.5261    7.33205999  1.361370E+09  3.012449E+08  1.406346E+31
        7.245425E+00  2.199201E+01  5.737546E+00  0.0000000000  0.000000E+00
        3.060490E+29 -4.001190E+00 -1.993140E+00 -3.055084E-01 -3.055084E-01
   141    10071.1284    7.33350239  1.359111E+09  3.087500E+08  1.354065E+31
        7.238342E+00  2.199258E+01  5.737942E+00  0.0000000000  0.000000E+00
        2.707220E+29 -4.001190E+00 -1.993140E+00 -3.055084E-01 -3.055084E-01
   142     9973.5800    7.33509952  1.356614E+09  3.173508E+08  1.297580E+31
        7.230393E+00  2.199320E+01  5.738376E+00  0.0000000000  0.000000E+00
        2.356361E+29 -4.001190E+00 -1.993140E+00 -3.055084E-01 -3.055084E-01
   143     9877.9677    7.33670030  1.354116E+09  3.260839E+08  1.243941E+31
        7.222492E+00  2.199380E+01  5.738796E+00  0.0000000000  0.000000E+00
        2.050210E+29 -4.001190E+00 -1.993140E+00 -3.055084E-01 -3.055084E-01
   144     9779.9861    7.33835339  1.351541E+09  3.353211E+08  1.190773E+31
        7.214314E+00  2.199440E+01  5.739218E+00  0.0000000000  0.000000E+00
        1.772934E+29 -4.001190E+00 -1.993140E+00 -3.055084E-01 -3.055084E-01
   145     9677.4721    7.34007478  1.348866E+09  3.452895E+08  1.137110E+31
        7.205689E+00  2.199502E+01  5.739649E+00  0.0000000000  0.000000E+00
        1.518927E+29 -4.001190E+00 -1.993140E+00 -3.055084E-01 -3.055084E-01
   146     9572.3645    7.34179780  1.346192E+09  3.558408E+08  1.084198E+31
        7.196778E+00  2.199564E+01  5.740081E+00  0.0000000000  0.000000E+00
        1.292677E+29 -4.001190E+00 -1.993140E+00 -3.055084E-01 -3.055084E-01
   147     9453.8433    7.34374402  1.343179E+09  3.681761E+08  1.026879E+31
        7.186636E+00  2.199632E+01  5.740557E+00  0.0000000000  0.000000E+00
        1.073921E+29 -4.001190E+00 -1.993140E+00 -3.055084E-01 -3.055084E-01
   148     9339.7408    7.34562899  1.340268E+09  3.805007E+08  9.739571E+30
        7.176776E+00  2.199697E+01  5.741008E+00  0.0000000000  0.000000E+00
        8.951200E+28 -4.001190E+00 -1.993140E+00 -3.055084E-01 -3.055084E-01
   149     9225.3140    7.34753062  1.337337E+09  3.933340E+08  9.230463E+30
        7.166787E+00  2.199761E+01  5.741454E+00  0.0000000000  0.000000E+00
        7.429339E+28 -4.001190E+00 -1.993140E+00 -3.055084E-01 -3.055084E-01
   150     9104.5353    7.34950410  1.334302E+09  4.074005E+08  8.716789E+30
        7.156149E+00  2.199827E+01  5.741919E+00  0.0000000000  0.000000E+00
        6.079957E+28 -4.001190E+00 -1.993140E+00 -3.055084E-01 -3.055084E-01
   151     8982.9020    7.35149971  1.331239E+09  4.221646E+08  8.222359E+30
        7.145311E+00  2.199894E+01  5.742384E+00  0.0000000000  0.000000E+00
        4.946746E+28 -4.001190E+00 -1.993140E+00 -3.055084E-01 -3.055084E-01
   152     8855.3109    7.35357249  1.328066E+09  4.383258E+08  7.728092E+30
        7.133813E+00  2.199962E+01  5.742867E+00  0.0000000000  0.000000E+00
        3.965841E+28 -4.001190E+00 -1.993140E+00 -3.055084E-01 -3.055084E-01
   153     8722.8691    7.35566970  1.324864E+09  4.558652E+08  7.240978E+30
        7.121743E+00  2.200032E+01  5.743361E+00  0.0000000000  0.000000E+00
        3.137241E+28 -4.001190E+00 -1.993140E+00 -3.055084E-01 -3.055084E-01
   154     8580.8474    7.35788572  1.321488E+09  4.756317E+08  6.746282E+30
        7.108625E+00  2.200106E+01  5.743882E+00  0.0000000000  0.000000E+00
        2.425255E+28 -4.001190E+00 -1.993140E+00 -3.055084E-01 -3.055084E-01
   155     8436.8165    7.36010543  1.318115E+09  4.967736E+08  6.272469E+30
        7.095119E+00  2.200179E+01  5.744401E+00  0.0000000000  0.000000E+00
        1.855364E+28 -4.001190E+00 -1.993140E+00 -3.055084E-01 -3.055084E-01
   156     8324.7119    7.36181260  1.315527E+09  5.140161E+08  5.922346E+30
        7.084455E+00  2.200235E+01  5.744798E+00  0.0000000000  0.000000E+00
        1.498773E+28 -4.001190E+00 -1.993140E+00 -3.055084E-01 -3.055084E-01
   157     8179.3813    7.36400111  1.312216E+09  5.375689E+08  5.491743E+30
        7.070426E+00  2.200307E+01  5.745302E+00  0.0000000000  0.000000E+00
        1.129078E+28 -4.001190E+00 -1.993140E+00 -3.055084E-01 -3.055084E-01
   158     8107.9847    7.36507196  1.310600E+09  5.495979E+08  5.289434E+30
        7.063436E+00  2.200341E+01  5.745545E+00  0.0000000000  0.000000E+00
        9.795157E+27 -4.001190E+00 -1.993140E+00 -3.055084E-01 -3.055084E-01
   159     7971.6281    7.36711518  1.307520E+09  5.736560E+08  4.919290E+30
        7.049923E+00  2.200405E+01  5.745998E+00  0.0000000000  0.000000E+00
        7.429445E+27 -4.001190E+00 -1.993140E+00 -3.055084E-01 -3.055084E-01
   160     7832.9323    7.36918371  1.304410E+09  5.995560E+08  4.563975E+30
        7.035945E+00  2.200469E+01  5.746445E+00  0.0000000000  0.000000E+00
        5.569022E+27 -4.001190E+00 -1.993140E+00 -3.055084E-01 -3.055084E-01
   161     7697.8117    7.37119617  1.301391E+09  6.262529E+08  4.237429E+30
        7.022104E+00  2.200530E+01  5.746871E+00  0.0000000000  0.000000E+00
        4.177572E+27 -4.001190E+00 -1.993140E+00 -3.055084E-01 -3.055084E-01
   162     7564.4617    7.37318425  1.298416E+09  6.541048E+08  3.933303E+30
        7.008235E+00  2.200589E+01  5.747283E+00  0.0000000000  0.000000E+00
        3.126172E+27 -4.001190E+00 -1.993140E+00 -3.055084E-01 -3.055084E-01
   163     7433.9476    7.37512774  1.295514E+09  6.828862E+08  3.652412E+30
        6.994465E+00  2.200647E+01  5.747681E+00  0.0000000000  0.000000E+00
        2.340722E+27 -4.001190E+00 -1.993140E+00 -3.055084E-01 -3.055084E-01
   164     7306.9485    7.37701276  1.292706E+09  7.124214E+08  3.394384E+30
        6.980884E+00  2.200701E+01  5.748064E+00  0.0000000000  0.000000E+00
        1.757518E+27 -4.001190E+00 -1.993140E+00 -3.055084E-01 -3.055084E-01
   165     7206.4130    7.37849922  1.290495E+09  7.369006E+08  3.200419E+30
        6.970001E+00  2.200744E+01  5.748365E+00  0.0000000000  0.000000E+00
        1.396118E+27 -4.001190E+00 -1.993140E+00 -3.055084E-01 -3.055084E-01
   166     7085.3605    7.38028797  1.287840E+09  7.678700E+08  2.978443E+30
        6.956739E+00  2.200795E+01  5.748722E+00  0.0000000000  0.000000E+00
        1.054038E+27 -4.001190E+00 -1.993140E+00 -3.055084E-01 -3.055084E-01
   167     6967.6726    7.38202108  1.285273E+09  7.996034E+08  2.774338E+30
        6.943672E+00  2.200844E+01  5.749063E+00  0.0000000000  0.000000E+00
        7.988302E+26 -4.001190E+00 -1.993140E+00 -3.055084E-01 -3.055084E-01
   168     6853.5342    7.38369982  1.282792E+09  8.320331E+08  2.586950E+30
        6.930827E+00  2.200890E+01  5.749387E+00  0.0000000000  0.000000E+00
        6.082262E+26 -4.001190E+00 -1.993140E+00 -3.055084E-01 -3.055084E-01
   169     6743.4138    7.38532604  1.280392E+09  8.649994E+08  2.415587E+30
        6.918258E+00  2.200934E+01  5.749692E+00  0.0000000000  0.000000E+00
        4.658790E+26 -4.001190E+00 -1.993140E+00 -3.055084E-01 -3.055084E-01
   170     6637.4163    7.38690205  1.278071E+09  8.984221E+08  2.259039E+30
        6.905982E+00  2.200974E+01  5.749978E+00  0.0000000000  0.000000E+00
        3.592107E+26 -4.001190E+00 -1.993140E+00 -3.055084E-01 -3.055084E-01
   171     6545.8320    7.38828106  1.276044E+09  9.287133E+08  2.130139E+30
        6.895226E+00  2.201008E+01  5.750217E+00  0.0000000000  0.000000E+00
        2.862001E+26 -4.001190E+00 -1.993140E+00 -3.055084E-01 -3.055084E-01
   172     6461.4069    7.38957451  1.274145E+09  9.578997E+08  2.016338E+30
        6.885181E+00  2.201038E+01  5.750431E+00  0.0000000000  0.000000E+00
        2.316150E+26 -4.001190E+00 -1.993140E+00 -3.055084E-01 -3.055084E-01
   173     6368.6645    7.39103924  1.271998E+09  9.915148E+08  1.896635E+30
        6.873997E+00  2.201071E+01  5.750662E+00  0.0000000000  0.000000E+00
        1.830982E+26 -4.001190E+00 -1.993140E+00 -3.055084E-01 -3.055084E-01
   174     6281.3082    7.39248154  1.269888E+09  1.024736E+09  1.788745E+30
        6.863310E+00  2.201101E+01  5.750875E+00  0.0000000000  0.000000E+00
        1.464230E+26 -4.001190E+00 -1.993140E+00 -3.055084E-01 -3.055084E-01
   175     6199.3935    7.39392706  1.267776E+09  1.057387E+09  1.691606E+30
        6.853141E+00  2.201129E+01  5.751073E+00  0.0000000000  0.000000E+00
        1.184513E+26 -4.001190E+00 -1.993140E+00 -3.055084E-01 -3.055084E-01
   176     6126.2475    7.39533592  1.265721E+09  1.087867E+09  1.607947E+30
        6.843928E+00  2.201153E+01  5.751249E+00  0.0000000000  0.000000E+00
        9.786535E+25 -4.001190E+00 -1.993140E+00 -3.055084E-01 -3.055084E-01
   177     6053.3247    7.39689744  1.263448E+09  1.119647E+09  1.527242E+30
        6.834600E+00  2.201178E+01  5.751425E+00  0.0000000000  0.000000E+00
        8.075158E+25 -4.001190E+00 -1.993140E+00 -3.055084E-01 -3.055084E-01
   178     5983.8824    7.39852996  1.261075E+09  1.151239E+09  1.452887E+30
        6.825592E+00  2.201202E+01  5.751593E+00  0.0000000000  0.000000E+00
        6.711673E+25 -4.001190E+00 -1.993140E+00 -3.055084E-01 -3.055084E-01
   179     5917.5276    7.40017088  1.258695E+09  1.182612E+09  1.384267E+30
        6.816893E+00  2.201224E+01  5.751754E+00  0.0000000000  0.000000E+00
        5.622903E+25 -4.001190E+00 -1.993140E+00 -3.055084E-01 -3.055084E-01
   180     5853.4926    7.40182530  1.256300E+09  1.214038E+09  1.320275E+30
        6.808416E+00  2.201246E+01  5.751907E+00  0.0000000000  0.000000E+00
        4.734867E+25 -4.001190E+00 -1.993140E+00 -3.055084E-01 -3.055084E-01
   181     5790.9748    7.40356615  1.253785E+09  1.245960E+09  1.259708E+30
        6.800037E+00  2.201267E+01  5.752056E+00  0.0000000000  0.000000E+00
        4.002239E+25 -4.001190E+00 -1.993140E+00 -3.055084E-01 -3.055084E-01
   182     5728.9724    7.40544637  1.251074E+09  1.278975E+09  1.201407E+30
        6.791609E+00  2.201288E+01  5.752204E+00  0.0000000000  0.000000E+00
        3.383954E+25 -4.001190E+00 -1.993140E+00 -3.055084E-01 -3.055084E-01
   183     5666.8892    7.40744115  1.248204E+09  1.313451E+09  1.144899E+30
        6.783053E+00  2.201309E+01  5.752350E+00  0.0000000000  0.000000E+00
        2.855480E+25 -4.001190E+00 -1.993140E+00 -3.055084E-01 -3.055084E-01
   184     5603.7478    7.40950583  1.245240E+09  1.350004E+09  1.089527E+30
        6.774243E+00  2.201330E+01  5.752498E+00  0.0000000000  0.000000E+00
        2.402890E+25 -4.001190E+00 -1.993140E+00 -3.055084E-01 -3.055084E-01
   185     5540.3001    7.41156376  1.242293E+09  1.388389E+09  1.036093E+30
        6.765265E+00  2.201350E+01  5.752645E+00  0.0000000000  0.000000E+00
        2.016422E+25 -4.001190E+00 -1.993140E+00 -3.055084E-01 -3.055084E-01
   186     5474.1706    7.41376496  1.239149E+09  1.430801E+09  9.825120E+29
        6.755655E+00  2.201372E+01  5.752799E+00  0.0000000000  0.000000E+00
        1.675718E+25 -4.001190E+00 -1.993140E+00 -3.055084E-01 -3.055084E-01
   187     5404.6055    7.41628771  1.235555E+09  1.479597E+09  9.281065E+29
        6.744973E+00  2.201396E+01  5.752965E+00  0.0000000000  0.000000E+00
        1.364647E+25 -4.001190E+00 -1.993140E+00 -3.055084E-01 -3.055084E-01
   188     5328.1414    7.41924598  1.231354E+09  1.540468E+09  8.707360E+29
        6.732159E+00  2.201423E+01  5.753160E+00  0.0000000000  0.000000E+00
        1.068160E+25 -4.001190E+00 -1.993140E+00 -3.055084E-01 -3.055084E-01
   189     5247.5077    7.42243103  1.226847E+09  1.616781E+09  8.132252E+29
        6.716766E+00  2.201455E+01  5.753386E+00  0.0000000000  0.000000E+00
        7.973464E+24 -4.001190E+00 -1.993140E+00 -3.055084E-01 -3.055084E-01
   190     5160.8915    7.42612335  1.221643E+09  1.724986E+09  7.544059E+29
        6.695880E+00  2.201497E+01  5.753682E+00  0.0000000000  0.000000E+00
        5.344849E+24 -4.001190E+00 -1.993140E+00 -3.055084E-01 -3.055084E-01
   191     5073.2497    7.43016482  1.215972E+09  1.873274E+09  6.979264E+29
        6.668208E+00  2.201549E+01  5.754049E+00  0.0000000000  0.000000E+00
        3.160930E+24 -4.001190E+00 -1.993140E+00 -3.055084E-01 -3.055084E-01
   192     4938.7106    7.43553755  1.208474E+09  2.126335E+09  6.190793E+29
        6.621979E+00  2.201623E+01  5.754569E+00  0.0000000000  0.000000E+00
        1.371712E+24 -4.001190E+00 -1.993140E+00 -3.055084E-01 -3.055084E-01
   193     4923.2096    7.43608940  1.207706E+09  2.156693E+09  6.105671E+29
        6.616465E+00  2.201631E+01  5.754626E+00  0.0000000000  0.000000E+00
        1.247088E+24 -4.001190E+00 -1.993140E+00 -3.055084E-01 -3.055084E-01
   194     4892.3075    7.43726300  1.206076E+09  2.217408E+09  5.937745E+29
        6.605482E+00  2.201647E+01  5.754738E+00  0.0000000000  0.000000E+00
        1.034340E+24 -4.006655E+00 -1.993087E+00 -3.055084E-01 -3.055084E-01
   195     4861.7339    7.43829876  1.204638E+09  2.278123E+09  5.776908E+29
        6.594536E+00  2.201664E+01  5.754852E+00  0.0000000000  0.000000E+00
        8.610360E+23 -4.007665E+00 -1.993077E+00 -3.055084E-01 -3.055084E-01
   196     4831.7178    7.43927752  1.203282E+09  2.338839E+09  5.622872E+29
        6.583621E+00  2.201680E+01  5.754968E+00  0.0000000000  0.000000E+00
        7.195718E+23 -4.008440E+00 -1.993069E+00 -3.055084E-01 -3.055084E-01
   197     4802.3928    7.44020013  1.202004E+09  2.399554E+09  5.475958E+29
        6.572737E+00  2.201697E+01  5.755088E+00  0.0000000000  0.000000E+00
        6.031343E+23 -4.009113E+00 -1.993063E+00 -3.055084E-01 -3.055084E-01
   198     4772.7308    7.44107956  1.200788E+09  2.460270E+09  5.331111E+29
        6.561882E+00  2.201715E+01  5.755211E+00  0.0000000000  0.000000E+00
        5.071207E+23 -4.009620E+00 -1.993058E+00 -3.055084E-01 -3.055084E-01
   199     4742.4220    7.44191443  1.199634E+09  2.520985E+09  5.186995E+29
        6.551056E+00  2.201733E+01  5.755335E+00  0.0000000000  0.000000E+00
        4.276463E+23 -4.010067E+00 -1.993054E+00 -3.055084E-01 -3.055084E-01
   200     4711.3999    7.44270926  1.198537E+09  2.581700E+09  5.043362E+29
        6.540254E+00  2.201750E+01  5.755457E+00  0.0000000000  0.000000E+00
        3.615816E+23 -4.010864E+00 -1.993046E+00 -3.055084E-01 -3.055084E-01
   201     4646.4334    7.44415465  1.196544E+09  2.703131E+09  4.755035E+29
        6.518779E+00  2.201783E+01  5.755688E+00  0.0000000000  0.000000E+00
        2.605589E+23 -4.012390E+00 -1.993031E+00 -3.055084E-01 -3.055084E-01
   202     4567.3185    7.44556113  1.194608E+09  2.841909E+09  4.425003E+29
        6.494491E+00  2.201815E+01  5.755916E+00  0.0000000000  0.000000E+00
        1.813073E+23 -4.013547E+00 -1.993020E+00 -3.055084E-01 -3.055084E-01
   203     4482.7007    7.44659784  1.193183E+09  2.979204E+09  4.096289E+29
        6.470848E+00  2.201842E+01  5.756101E+00  0.0000000000  0.000000E+00
        1.282133E+23 -4.003459E+00 -1.993118E+00 -3.055084E-01 -3.055084E-01
   204     4405.0467    7.44754771  1.191879E+09  3.114364E+09  3.811394E+29
        6.448033E+00  2.201865E+01  5.756261E+00  0.0000000000  0.000000E+00
        9.205083E+22 -4.000969E+00 -1.993142E+00 -3.055084E-01 -3.055084E-01
   205     4318.4529    7.44854149  1.190516E+09  3.271107E+09  3.512374E+29
        6.422178E+00  2.201890E+01  5.756437E+00  0.0000000000  0.000000E+00
        6.336168E+22 -3.999288E+00 -1.993159E+00 -3.055084E-01 -3.055084E-01
   206     4245.8348    7.44929875  1.189479E+09  3.400365E+09  3.276296E+29
        6.401302E+00  2.201911E+01  5.756582E+00  0.0000000000  0.000000E+00
        4.693163E+22 -3.998381E+00 -1.993168E+00 -3.055084E-01 -3.055084E-01
   207     4179.4251    7.44991012  1.188642E+09  3.513608E+09  3.071748E+29
        6.383369E+00  2.201928E+01  5.756706E+00  0.0000000000  0.000000E+00
        3.630666E+22 -3.997580E+00 -1.993176E+00 -3.055084E-01 -3.055084E-01
   208     4109.6942    7.45047100  1.187874E+09  3.629803E+09  2.868115E+29
        6.365359E+00  2.201945E+01  5.756828E+00  0.0000000000  0.000000E+00
        2.809194E+22 -3.996475E+00 -1.993186E+00 -3.055084E-01 -3.055084E-01
   209     4046.0439    7.45092196  1.187258E+09  3.736343E+09  2.691720E+29
        6.349207E+00  2.201960E+01  5.756932E+00  0.0000000000  0.000000E+00
        2.234161E+22 -3.995164E+00 -1.993200E+00 -3.055084E-01 -3.055084E-01
   210     3983.2972    7.45132781  1.186703E+09  3.843961E+09  2.526228E+29
        6.333265E+00  2.201973E+01  5.757028E+00  0.0000000000  0.000000E+00
        1.783668E+22 -3.994120E+00 -1.993210E+00 -3.055084E-01 -3.055084E-01
   211     3950.3584    7.45152577  1.186433E+09  3.901611E+09  2.442585E+29
        6.324852E+00  2.201980E+01  5.757075E+00  0.0000000000  0.000000E+00
        1.584382E+22 -3.993414E+00 -1.993217E+00 -3.055084E-01 -3.055084E-01
   212     3916.1244    7.45172147  1.186166E+09  3.962481E+09  2.357946E+29
        6.316088E+00  2.201987E+01  5.757123E+00  0.0000000000  0.000000E+00
        1.403783E+22 -3.992667E+00 -1.993224E+00 -3.055084E-01 -3.055084E-01
   213     3853.2264    7.45207488  1.185683E+09  4.084219E+09  2.208273E+29
        6.315339E+00  2.202000E+01  5.757266E+00  0.0188110572 -8.247355E-03
        1.163889E+22 -3.992494E+00 -1.993226E+00 -3.055084E-01 -3.055084E-01
   214     3797.8095    7.45236871  1.185282E+09  4.205957E+09  2.082541E+29
        6.302273E+00  2.202011E+01  5.757349E+00  0.0512169213 -2.283307E-02
        1.001235E+22 -3.992320E+00 -1.993228E+00 -3.055084E-01 -3.055084E-01
   215     3750.4718    7.45261176  1.184950E+09  4.327696E+09  1.979527E+29
        6.290144E+00  2.202022E+01  5.757428E+00  0.0921423024 -4.198222E-02
        8.784006E+21 -3.992181E+00 -1.993229E+00 -3.055084E-01 -3.055084E-01
   216     3710.1360    7.45281676  1.184671E+09  4.449434E+09  1.894838E+29
        6.278150E+00  2.202033E+01  5.757504E+00  0.1371724348 -6.407599E-02
        7.760150E+21 -3.992032E+00 -1.993231E+00 -3.055085E-01 -3.055085E-01
   217     3674.8995    7.45299602  1.184426E+09  4.571172E+09  1.823120E+29
        6.266413E+00  2.202043E+01  5.757577E+00  0.1836004576 -8.809725E-02
        6.877005E+21 -3.991895E+00 -1.993232E+00 -3.055085E-01 -3.055085E-01
   218     3642.8776    7.45315932  1.184204E+09  4.692911E+09  1.759740E+29
        6.254955E+00  2.202053E+01  5.757650E+00  0.2299414989 -1.134763E-01
        6.082922E+21 -3.991786E+00 -1.993233E+00 -3.055084E-01 -3.055084E-01
   219     3612.5140    7.45331565  1.183990E+09  4.814649E+09  1.701187E+29
        6.243558E+00  2.202064E+01  5.757727E+00  0.2752261633 -1.397975E-01
        5.372391E+21 -3.991654E+00 -1.993235E+00 -3.055084E-01 -3.055084E-01
   220     3566.1375    7.45355685  1.183662E+09  5.008702E+09  1.614600E+29
        6.226250E+00  2.202082E+01  5.757857E+00  0.3449500669 -1.837256E-01
        4.397034E+21 -3.991435E+00 -1.993237E+00 -3.055084E-01 -3.055084E-01
   221     3506.8809    7.45385626  1.183254E+09  5.257389E+09  1.508889E+29
        6.204597E+00  2.202105E+01  5.758019E+00  0.4281877428 -2.427465E-01
        3.373486E+21 -3.991174E+00 -1.993239E+00 -3.055084E-01 -3.055084E-01
   222     3435.3752    7.45418048  1.182812E+09  5.554129E+09  1.388499E+29
        6.179103E+00  2.202126E+01  5.758165E+00  0.5186984885 -3.175828E-01
        2.431348E+21 -3.990973E+00 -1.993241E+00 -3.055084E-01 -3.055084E-01
   223     3351.4305    7.45450686  1.182368E+09  5.899231E+09  1.256734E+29
        6.149477E+00  2.202141E+01  5.758262E+00  0.6119670862 -4.111314E-01
        1.640962E+21 -3.990917E+00 -1.993242E+00 -3.055084E-01 -3.055084E-01
   224     3258.6440    7.45482527  1.181934E+09  6.275787E+09  1.122411E+29
        6.117030E+00  2.202155E+01  5.758341E+00  0.6988656298 -5.212397E-01
        1.053379E+21 -3.990702E+00 -1.993244E+00 -3.055084E-01 -3.055084E-01
   225     3162.0944    7.45512126  1.181532E+09  6.668995E+09  9.945064E+28
        6.082827E+00  2.202170E+01  5.758441E+00  0.7739903823 -6.458731E-01
        6.539219E+20 -3.990224E+00 -1.993249E+00 -3.055084E-01 -3.055084E-01
   226     3062.3596    7.45538910  1.181168E+09  7.079406E+09  8.743094E+28
        6.046788E+00  2.202185E+01  5.758551E+00  0.8364648925 -7.863890E-01
        3.916495E+20 -3.989508E+00 -1.993256E+00 -3.055084E-01 -3.055084E-01
   227     2964.1077    7.45564002  1.180826E+09  7.498395E+09  7.669471E+28
        6.009662E+00  2.202202E+01  5.758673E+00  0.8856105886 -9.416142E-01
        2.281491E+20 -3.988673E+00 -1.993265E+00 -3.055084E-01 -3.055084E-01
   228     2864.8282    7.45587143  1.180512E+09  7.941677E+09  6.688864E+28
        5.970054E+00  2.202223E+01  5.758821E+00  0.9239958618 -1.119163E+00
        1.266696E+20 -3.986252E+00 -1.993289E+00 -3.055084E-01 -3.055084E-01
   229     2767.5650    7.45608281  1.180225E+09  8.413494E+09  5.822883E+28
        5.927428E+00  2.202238E+01  5.758927E+00  0.9528386372 -1.326414E+00
        6.645815E+19 -3.984254E+00 -1.993310E+00 -3.055084E-01 -3.055084E-01
   230     2665.4597    7.45628398  1.179951E+09  8.977225E+09  5.007650E+28
        5.875461E+00  2.202243E+01  5.758954E+00  0.9753175244 -1.607611E+00
        2.982728E+19 -3.983126E+00 -1.993284E+00 -3.055088E-01 -3.055088E-01
   231     2622.6470    7.45638169  1.179818E+09  9.247491E+09  4.692531E+28
        5.849912E+00  2.202247E+01  5.758985E+00  0.9823238588 -1.752613E+00
        1.998936E+19 -3.983327E+00 -1.992733E+00 -3.055144E-01 -3.055144E-01
   232     2518.6516    7.45657877  1.179551E+09  9.694247E+09  3.989543E+28
        5.807393E+00  2.202258E+01  5.759069E+00  0.9856050231 -1.841789E+00
        1.029173E+19 -3.983514E+00 -1.992676E+00 -3.055150E-01 -3.055150E-01
   233     2415.6851    7.45674688  1.179323E+09  1.012563E+10  3.374768E+28
        5.767573E+00  2.202266E+01  5.759130E+00  0.9868761230 -1.881938E+00
        5.531690E+18 -3.983518E+00 -1.991559E+00 -3.055265E-01 -3.055265E-01
   234     2364.2773    7.45681449  1.179231E+09  1.032841E+10  3.096055E+28
        5.749383E+00  2.202268E+01  5.759148E+00  0.9868688096 -1.881696E+00
        4.169356E+18 -3.983525E+00 -1.988726E+00 -3.055558E-01 -3.055558E-01
   235     2318.2317    7.45687689  1.179146E+09  1.051859E+10  2.861409E+28
        5.732757E+00  2.202271E+01  5.759162E+00  0.9869134247 -1.883174E+00
        3.218476E+18 -3.983536E+00 -1.986872E+00 -3.055750E-01 -3.055750E-01
   236     2269.6319    7.45694397  1.179055E+09  1.072808E+10  2.628496E+28
        5.714940E+00  2.202273E+01  5.759177E+00  0.9869992667 -1.886032E+00
        2.439342E+18 -3.983537E+00 -1.985156E+00 -3.055930E-01 -3.055930E-01
   237     2215.7846    7.45701952  1.178952E+09  1.097003E+10  2.387372E+28
        5.694986E+00  2.202276E+01  5.759196E+00  0.9871154997 -1.889932E+00
        1.786560E+18 -3.983537E+00 -1.983375E+00 -3.056116E-01 -3.056116E-01
   238     2180.7697    7.45707628  1.178875E+09  1.123892E+10  2.239713E+28
        5.673009E+00  2.202280E+01  5.759219E+00  0.9872811684 -1.895553E+00
        1.260157E+18 -3.983538E+00 -1.981252E+00 -3.056340E-01 -3.056340E-01
   239     2093.9637    7.45720313  1.178703E+09  1.168508E+10  1.903281E+28
        5.637363E+00  2.202286E+01  5.759255E+00  0.9875407471 -1.904508E+00
        7.207667E+17 -3.983538E+00 -1.979012E+00 -3.056577E-01 -3.056577E-01
   240     2021.7376    7.45730330  1.178567E+09  1.206725E+10  1.653581E+28
        5.608038E+00  2.202290E+01  5.759279E+00  0.9877675256 -1.912486E+00
        4.546107E+17 -3.983538E+00 -1.976497E+00 -3.056844E-01 -3.056844E-01
   241     1949.5380    7.45741517  1.178416E+09  1.256250E+10  1.429358E+28
        5.570592E+00  2.202293E+01  5.759300E+00  0.9881153773 -1.925015E+00
        2.511383E+17 -3.983539E+00 -1.976008E+00 -3.056896E-01 -3.056896E-01
   242     1870.7776    7.45752257  1.178270E+09  1.305632E+10  1.211701E+28
        5.534412E+00  2.202295E+01  5.759312E+00  0.9884195517 -1.936275E+00
        1.417949E+17 -3.983538E+00 -1.975612E+00 -3.056939E-01 -3.056939E-01
   243     1802.8566    7.45760741  1.178155E+09  1.350701E+10  1.044881E+28
        5.502329E+00  2.202296E+01  5.759318E+00  0.9886746920 -1.945950E+00
        8.533199E+16 -3.983539E+00 -1.975280E+00 -3.056974E-01 -3.056974E-01
   244     1709.3554    7.45772344  1.177997E+09  1.417090E+10  8.441809E+27
        5.456676E+00  2.202297E+01  5.759325E+00  0.9890233466 -1.959530E+00
        4.135776E+16 -3.983538E+00 -1.974865E+00 -3.057019E-01 -3.057019E-01
   245     1616.1639    7.45784784  1.177829E+09  1.490642E+10  6.744089E+27
        5.407655E+00  2.202300E+01  5.759343E+00  0.9893812510 -1.973927E+00
        1.894569E+16 -3.983538E+00 -1.974438E+00 -3.057064E-01 -3.057064E-01
   246     1516.0952    7.45796978  1.177663E+09  1.572521E+10  5.221144E+27
        5.354767E+00  2.202302E+01  5.759352E+00  0.9897457714 -1.989097E+00
        8.145197E+15 -3.983539E+00 -1.974010E+00 -3.057110E-01 -3.057110E-01
   247     1434.4929    7.45806028  1.177541E+09  1.651644E+10  4.183722E+27
        5.303891E+00  2.202301E+01  5.759352E+00  0.9900898608 -2.003920E+00
        3.600166E+15 -3.983538E+00 -1.973883E+00 -3.057124E-01 -3.057124E-01
   248     1311.4253    7.45820580  1.177343E+09  1.772465E+10  2.921447E+27
        5.227452E+00  2.202302E+01  5.759356E+00  0.9905341641 -2.023841E+00
        1.052307E+15 -3.983538E+00 -1.973454E+00 -3.057170E-01 -3.057170E-01
   249     1208.0450    7.45833503  1.177168E+09  1.883905E+10  2.102940E+27
        5.156766E+00  2.202303E+01  5.759361E+00  0.9909590874 -2.043788E+00
        3.350309E+14 -3.983538E+00 -1.973346E+00 -3.057182E-01 -3.057182E-01
   250     1118.6279    7.45843561  1.177032E+09  1.985886E+10  1.545740E+27
        5.091038E+00  2.202303E+01  5.759362E+00  0.9913551257 -2.063241E+00
        1.150443E+14 -3.983538E+00 -1.973512E+00 -3.057164E-01 -3.057164E-01
   251     1050.5054    7.45850959  1.176932E+09  2.068200E+10  1.202024E+27
        5.036617E+00  2.202303E+01  5.759362E+00  0.9916718100 -2.079449E+00
        4.729363E+13 -3.983538E+00 -1.973654E+00 -3.057149E-01 -3.057149E-01
   252      992.2314    7.45856983  1.176850E+09  2.140659E+10  9.565585E+26
        4.987514E+00  2.202303E+01  5.759363E+00  0.9919479688 -2.094095E+00
        2.114772E+13 -3.983539E+00 -1.973790E+00 -3.057134E-01 -3.057134E-01
   253      933.5563    7.45862799  1.176771E+09  2.215943E+10  7.494860E+26
        4.934720E+00  2.202303E+01  5.759363E+00  0.9922267229 -2.109396E+00
        8.877049E+12 -3.983539E+00 -1.973939E+00 -3.057118E-01 -3.057118E-01
   254      889.4276    7.45865997  1.176728E+09  2.274253E+10  6.174646E+26
        4.892522E+00  2.202303E+01  5.759363E+00  0.9924348502 -2.121182E+00
        4.427333E+12 -3.983539E+00 -1.974064E+00 -3.057105E-01 -3.057105E-01
   255      846.1887    7.45873236  1.176630E+09  2.332820E+10  5.057850E+26
        4.848706E+00  2.202303E+01  5.759364E+00  0.9926628968 -2.134475E+00
        2.149259E+12 -3.983539E+00 -1.975005E+00 -3.057004E-01 -3.057004E-01
   256      819.5941    7.45886197  1.176454E+09  2.370044E+10  4.450030E+26
        4.819867E+00  2.202304E+01  5.759365E+00  0.9933206021 -2.175263E+00
        1.339108E+12 -3.983539E+00 -1.976181E+00 -3.056878E-01 -3.056878E-01
   257      797.3059    7.45900388  1.176262E+09  2.401360E+10  3.984056E+26
        4.794480E+00  2.202304E+01  5.759366E+00  0.9940857043 -2.228097E+00
        8.853727E+11 -3.983539E+00 -1.976367E+00 -3.056858E-01 -3.056858E-01
   258      779.7988    7.45910621  1.176124E+09  2.426068E+10  3.644632E+26
        4.773316E+00  2.202304E+01  5.759367E+00  0.9951626485 -2.315392E+00
        6.284332E+11 -3.983539E+00 -1.976665E+00 -3.056826E-01 -3.056826E-01
   259      763.0484    7.45916861  1.176039E+09  2.449469E+10  3.340944E+26
        4.751917E+00  2.202304E+01  5.759368E+00  0.9962353464 -2.424275E+00
        4.454068E+11 -3.983539E+00 -1.976735E+00 -3.056819E-01 -3.056819E-01
   260      745.4743    7.45918749  1.176013E+09  2.473106E+10  3.043496E+26
        4.728839E+00  2.202304E+01  5.759369E+00  0.9970900932 -2.536121E+00
        3.067961E+11 -3.983539E+00 -1.976737E+00 -3.056819E-01 -3.056819E-01
   261      727.8584    7.45917081  1.176036E+09  2.496133E+10  2.765962E+26
        4.704985E+00  2.202305E+01  5.759372E+00  0.9977768435 -2.653030E+00
        2.102725E+11 -3.983539E+00 -1.976737E+00 -3.056819E-01 -3.056819E-01
