     1    57652.1166    8.45566962  6.644654E+08  4.000000E+05  3.475548E+33
        7.954470E+00  2.444029E+01  7.362032E+00  0.0000000000  0.000000E+00
        4.766480E+34 -3.996468E+00 -1.986366E+00 -3.055789E-01 -3.055789E-01
     2    54551.0291    8.46319352  6.587346E+08  8.000000E+05  2.738105E+33
        7.908524E+00  2.444592E+01  7.366218E+00  0.0000000000  0.000000E+00
        2.067383E+34 -3.996468E+00 -1.986366E+00 -3.055789E-01 -3.055789E-01
     3    51802.3478    8.46889115  6.544276E+08  1.200000E+06  2.197549E+33
        7.879273E+00  2.444914E+01  7.368617E+00  0.0000000000  0.000000E+00
        1.185411E+34 -3.996468E+00 -1.986366E+00 -3.055789E-01 -3.055789E-01
     4    49575.8967    8.47321187  6.511803E+08  1.600000E+06  1.825166E+33
        7.857812E+00  2.445127E+01  7.370210E+00  0.0000000000  0.000000E+00
        7.814405E+33 -3.996468E+00 -1.986366E+00 -3.055789E-01 -3.055789E-01
     5    47804.0266    8.47653721  6.486921E+08  2.000000E+06  1.565859E+33
        7.840800E+00  2.445284E+01  7.371375E+00  0.0000000000  0.000000E+00
        5.596756E+33 -3.996468E+00 -1.986366E+00 -3.055789E-01 -3.055789E-01
     6    46400.2968    8.47915241  6.467419E+08  2.400000E+06  1.381537E+33
        7.826648E+00  2.445406E+01  7.372288E+00  0.0000000000  0.000000E+00
        4.234403E+33 -3.996468E+00 -1.986366E+00 -3.055789E-01 -3.055789E-01
     7    45529.5221    8.48075352  6.455508E+08  2.680113E+06  1.276000E+33
        7.817547E+00  2.445483E+01  7.372854E+00  0.0000000000  0.000000E+00
        3.535361E+33 -3.996468E+00 -1.986366E+00 -3.055789E-01 -3.055789E-01
     8    44836.5633    8.48204454  6.445921E+08  2.941826E+06  1.196511E+33
        7.809836E+00  2.445545E+01  7.373321E+00  0.0000000000  0.000000E+00
        3.034998E+33 -3.996468E+00 -1.986366E+00 -3.055789E-01 -3.055789E-01
     9    44162.5770    8.48328083  6.436752E+08  3.229168E+06  1.122971E+33
        7.802103E+00  2.445607E+01  7.373778E+00  0.0000000000  0.000000E+00
        2.605752E+33 -3.996468E+00 -1.986366E+00 -3.055789E-01 -3.055789E-01
    10    43546.6848    8.48444308  6.428145E+08  3.544989E+06  1.058788E+33
        7.794319E+00  2.445667E+01  7.374225E+00  0.0000000000  0.000000E+00
        2.236655E+33 -3.996468E+00 -1.986366E+00 -3.055789E-01 -3.055789E-01
    11    42942.2013    8.48558803  6.419677E+08  3.903725E+06  9.985758E+32
        7.786217E+00  2.445728E+01  7.374678E+00  0.0000000000  0.000000E+00
        1.909841E+33 -3.996468E+00 -1.986366E+00 -3.055789E-01 -3.055789E-01
    12    42357.8327    8.48670269  6.411444E+08  4.309133E+06  9.428967E+32
        7.777824E+00  2.445789E+01  7.375134E+00  0.0000000000  0.000000E+00
        1.623597E+33 -3.996468E+00 -1.986366E+00 -3.055789E-01 -3.055789E-01
    13    41777.2533    8.48779432  6.403391E+08  4.769873E+06  8.900145E+32
        7.769084E+00  2.445850E+01  7.375593E+00  0.0000000000  0.000000E+00
        1.372955E+33 -3.996468E+00 -1.986366E+00 -3.055789E-01 -3.055789E-01
    14    41224.9395    8.48886452  6.395507E+08  5.298617E+06  8.417971E+32
        7.759905E+00  2.445913E+01  7.376059E+00  0.0000000000  0.000000E+00
        1.152984E+33 -3.996468E+00 -1.986366E+00 -3.055789E-01 -3.055789E-01
    15    40660.0264    8.48993589  6.387623E+08  5.907727E+06  7.946330E+32
        7.750245E+00  2.445976E+01  7.376532E+00  0.0000000000  0.000000E+00
        9.608389E+32 -3.996468E+00 -1.986366E+00 -3.055789E-01 -3.055789E-01
    16    40140.4782    8.49095539  6.380130E+08  6.590904E+06  7.530202E+32
        7.740348E+00  2.446038E+01  7.376999E+00  0.0000000000  0.000000E+00
        7.981594E+32 -3.996468E+00 -1.986366E+00 -3.055789E-01 -3.055789E-01
    17    39599.1495    8.49201645  6.372341E+08  7.408775E+06  7.114737E+32
        7.729571E+00  2.446103E+01  7.377489E+00  0.0000000000  0.000000E+00
        6.528047E+32 -3.996468E+00 -1.986366E+00 -3.055789E-01 -3.055789E-01
    18    39033.1665    8.49309892  6.364404E+08  8.361401E+06  6.699896E+32
        7.718190E+00  2.446170E+01  7.377989E+00  0.0000000000  0.000000E+00
        5.282087E+32 -3.996468E+00 -1.986366E+00 -3.055789E-01 -3.055789E-01
    19    38502.8385    8.49414247  6.356762E+08  9.430876E+06  6.327911E+32
        7.706603E+00  2.446235E+01  7.378482E+00  0.0000000000  0.000000E+00
        4.257337E+32 -3.996468E+00 -1.986366E+00 -3.055789E-01 -3.055789E-01
    20    37954.5985    8.49519137  6.349091E+08  1.063072E+07  5.960711E+32
        7.694798E+00  2.446300E+01  7.378970E+00  0.0000000000  0.000000E+00
        3.415088E+32 -3.996468E+00 -1.986366E+00 -3.055789E-01 -3.055789E-01
    21    37429.7268    8.49622075  6.341571E+08  1.197609E+07  5.624420E+32
        7.682763E+00  2.446364E+01  7.379457E+00  0.0000000000  0.000000E+00
        2.724089E+32 -3.996468E+00 -1.986366E+00 -3.055789E-01 -3.055789E-01
    22    36879.7068    8.49727303  6.333893E+08  1.348658E+07  5.288210E+32
        7.670455E+00  2.446429E+01  7.379946E+00  0.0000000000  0.000000E+00
        2.157664E+32 -3.996468E+00 -1.986366E+00 -3.055789E-01 -3.055789E-01
    23    36341.0982    8.49832471  6.326228E+08  1.518278E+07  4.973926E+32
        7.657841E+00  2.446494E+01  7.380439E+00  0.0000000000  0.000000E+00
        1.695163E+32 -3.996468E+00 -1.986366E+00 -3.055789E-01 -3.055789E-01
    24    35775.3699    8.49940930  6.318334E+08  1.709136E+07  4.659712E+32
        7.644857E+00  2.446561E+01  7.380940E+00  0.0000000000  0.000000E+00
        1.318975E+32 -3.996468E+00 -1.986366E+00 -3.055789E-01 -3.055789E-01
    25    35196.0902    8.50052033  6.310257E+08  1.923693E+07  4.354008E+32
        7.631469E+00  2.446628E+01  7.381449E+00  0.0000000000  0.000000E+00
        1.015282E+32 -3.996468E+00 -1.986366E+00 -3.055789E-01 -3.055789E-01
    26    34604.4718    8.50165352  6.302030E+08  2.164442E+07  4.057955E+32
        7.617649E+00  2.446696E+01  7.381962E+00  0.0000000000  0.000000E+00
        7.726941E+31 -3.996468E+00 -1.986366E+00 -3.055789E-01 -3.055789E-01
    27    33998.1165    8.50281132  6.293635E+08  2.434072E+07  3.770856E+32
        7.603374E+00  2.446765E+01  7.382478E+00  0.0000000000  0.000000E+00
        5.810319E+31 -3.996468E+00 -1.986366E+00 -3.055789E-01 -3.055789E-01
    28    33377.1943    8.50399179  6.285087E+08  2.735135E+07  3.493328E+32
        7.588637E+00  2.446833E+01  7.382995E+00  0.0000000000  0.000000E+00
        4.316066E+31 -3.996468E+00 -1.986366E+00 -3.055789E-01 -3.055789E-01
    29    32736.2430    8.50519994  6.276351E+08  3.070885E+07  3.223645E+32
        7.573405E+00  2.446902E+01  7.383513E+00  0.0000000000  0.000000E+00
        3.164796E+31 -3.996468E+00 -1.986366E+00 -3.055789E-01 -3.055789E-01
    30    32084.2524    8.50642346  6.267516E+08  3.443204E+07  2.966034E+32
        7.557710E+00  2.446971E+01  7.384028E+00  0.0000000000  0.000000E+00
        2.292735E+31 -3.996468E+00 -1.986366E+00 -3.055789E-01 -3.055789E-01
    31    31419.6943    8.50766207  6.258585E+08  3.854890E+07  2.720055E+32
        7.541551E+00  2.447039E+01  7.384539E+00  0.0000000000  0.000000E+00
        1.641408E+31 -3.996468E+00 -1.986366E+00 -3.055789E-01 -3.055789E-01
    32    30746.0213    8.50890831  6.249612E+08  4.307595E+07  2.487020E+32
        7.524975E+00  2.447106E+01  7.385041E+00  0.0000000000  0.000000E+00
        1.162823E+31 -3.996468E+00 -1.986366E+00 -3.055789E-01 -3.055789E-01
    33    30067.7331    8.51015505  6.240648E+08  4.801711E+07  2.268191E+32
        7.508077E+00  2.447172E+01  7.385534E+00  0.0000000000  0.000000E+00
        8.171206E+30 -3.996468E+00 -1.986366E+00 -3.055789E-01 -3.055789E-01
    34    29387.0140    8.51139963  6.231712E+08  5.338605E+07  2.063736E+32
        7.490909E+00  2.447236E+01  7.386018E+00  0.0000000000  0.000000E+00
        5.705128E+30 -3.996468E+00 -1.986366E+00 -3.055789E-01 -3.055789E-01
    35    28706.6736    8.51263873  6.222829E+08  5.919421E+07  1.873806E+32
        7.473530E+00  2.447300E+01  7.386494E+00  0.0000000000  0.000000E+00
        3.965310E+30 -3.996468E+00 -1.986366E+00 -3.055789E-01 -3.055789E-01
    36    28030.0217    8.51386726  6.214033E+08  6.545091E+07  1.698472E+32
        7.455998E+00  2.447363E+01  7.386961E+00  0.0000000000  0.000000E+00
        2.749032E+30 -3.996468E+00 -1.986366E+00 -3.055789E-01 -3.055789E-01
    37    27360.8642    8.51507688  6.205386E+08  7.215714E+07  1.537709E+32
        7.438393E+00  2.447423E+01  7.387406E+00  0.0000000000  0.000000E+00
        1.905292E+30 -3.996468E+00 -1.986366E+00 -3.055789E-01 -3.055789E-01
    38    26702.6989    8.51626476  6.196905E+08  7.931494E+07  1.391194E+32
        7.420789E+00  2.447481E+01  7.387832E+00  0.0000000000  0.000000E+00
        1.322819E+30 -3.996468E+00 -1.986366E+00 -3.055789E-01 -3.055789E-01
    39    26056.3554    8.51743265  6.188578E+08  8.695316E+07  1.257922E+32
        7.403189E+00  2.447537E+01  7.388249E+00  0.0000000000  0.000000E+00
        9.205155E+29 -3.996468E+00 -1.986366E+00 -3.055789E-01 -3.055789E-01
    40    25423.0932    8.51858211  6.180394E+08  9.510587E+07  1.137007E+32
        7.385586E+00  2.447594E+01  7.388667E+00  0.0000000000  0.000000E+00
        6.422532E+29 -3.996468E+00 -1.986366E+00 -3.055789E-01 -3.055789E-01
    41    24802.5298    8.51971769  6.172319E+08  1.038121E+08  1.027302E+32
        7.367976E+00  2.447652E+01  7.389100E+00  0.0000000000  0.000000E+00
        4.494477E+29 -3.996468E+00 -1.986366E+00 -3.055789E-01 -3.055789E-01
    42    24196.7189    8.52083423  6.164390E+08  1.130866E+08  9.281615E+31
        7.350401E+00  2.447710E+01  7.389545E+00  0.0000000000  0.000000E+00
        3.158676E+29 -3.996468E+00 -1.986366E+00 -3.055789E-01 -3.055789E-01
    43    23605.3108    8.52192454  6.156657E+08  1.229608E+08  8.385833E+31
        7.332864E+00  2.447768E+01  7.389981E+00  0.0000000000  0.000000E+00
        2.230527E+29 -3.996468E+00 -1.986366E+00 -3.055789E-01 -3.055789E-01
    44    23027.4166    8.52298255  6.149162E+08  1.334779E+08  7.575829E+31
        7.315347E+00  2.447821E+01  7.390388E+00  0.0000000000  0.000000E+00
        1.582878E+29 -3.996468E+00 -1.986366E+00 -3.055789E-01 -3.055789E-01
    45    22462.2938    8.52400162  6.141952E+08  1.446804E+08  6.843002E+31
        7.297841E+00  2.447869E+01  7.390749E+00  0.0000000000  0.000000E+00
        1.129134E+29 -3.996468E+00 -1.986366E+00 -3.055789E-01 -3.055789E-01
    46    21910.1159    8.52498088  6.135031E+08  1.565949E+08  6.180586E+31
        7.280375E+00  2.447911E+01  7.391063E+00  0.0000000000  0.000000E+00
        8.103908E+28 -3.996468E+00 -1.986366E+00 -3.055789E-01 -3.055789E-01
    47    21371.7169    8.52592527  6.128364E+08  1.692441E+08  5.582956E+31
        7.262988E+00  2.447948E+01  7.391344E+00  0.0000000000  0.000000E+00
        5.857356E+28 -3.996468E+00 -1.986366E+00 -3.055789E-01 -3.055789E-01
    48    20846.6931    8.52684214  6.121899E+08  1.826863E+08  5.043574E+31
        7.245667E+00  2.447983E+01  7.391603E+00  0.0000000000  0.000000E+00
        4.262868E+28 -3.996468E+00 -1.986366E+00 -3.055789E-01 -3.055789E-01
    49    20335.2862    8.52773799  6.115588E+08  1.969909E+08  4.557168E+31
        7.228390E+00  2.448016E+01  7.391850E+00  0.0000000000  0.000000E+00
        3.122485E+28 -3.996468E+00 -1.986366E+00 -3.055789E-01 -3.055789E-01
    50    19836.8980    8.52861772  6.109397E+08  2.122511E+08  4.118217E+31
        7.211112E+00  2.448048E+01  7.392091E+00  0.0000000000  0.000000E+00
        2.299835E+28 -3.996468E+00 -1.986366E+00 -3.055789E-01 -3.055789E-01
    51    19351.3526    8.52948079  6.103330E+08  2.285178E+08  3.722171E+31
        7.193845E+00  2.448078E+01  7.392318E+00  0.0000000000  0.000000E+00
        1.703518E+28 -3.996468E+00 -1.986366E+00 -3.055789E-01 -3.055789E-01
    52    18878.9681    8.53032932  6.097370E+08  2.458450E+08  3.365236E+31
        7.176600E+00  2.448107E+01  7.392532E+00  0.0000000000  0.000000E+00
        1.269004E+28 -3.996468E+00 -1.986366E+00 -3.055789E-01 -3.055789E-01
    53    18419.3092    8.53116558  6.091502E+08  2.643339E+08  3.043404E+31
        7.159343E+00  2.448135E+01  7.392738E+00  0.0000000000  0.000000E+00
        9.499222E+27 -3.996468E+00 -1.986366E+00 -3.055789E-01 -3.055789E-01
    54    17970.9125    8.53199075  6.085718E+08  2.841014E+08  2.752464E+31
        7.142034E+00  2.448162E+01  7.392941E+00  0.0000000000  0.000000E+00
        7.139222E+27 -3.996468E+00 -1.986366E+00 -3.055789E-01 -3.055789E-01
    55    17532.5769    8.53280004  6.080051E+08  3.052331E+08  2.488942E+31
        7.124668E+00  2.448188E+01  7.393133E+00  0.0000000000  0.000000E+00
        5.385972E+27 -3.996468E+00 -1.986366E+00 -3.055789E-01 -3.055789E-01
    56    17104.5541    8.53358931  6.074528E+08  3.277366E+08  2.250555E+31
        7.107312E+00  2.448213E+01  7.393315E+00  0.0000000000  0.000000E+00
        4.082355E+27 -3.996468E+00 -1.986366E+00 -3.055789E-01 -3.055789E-01
    57    16686.3021    8.53435920  6.069146E+08  3.516681E+08  2.034759E+31
        7.089992E+00  2.448237E+01  7.393493E+00  0.0000000000  0.000000E+00
        3.109182E+27 -3.996468E+00 -1.986366E+00 -3.055789E-01 -3.055789E-01
    58    16277.8286    8.53511259  6.063884E+08  3.771029E+08  1.839523E+31
        7.072720E+00  2.448262E+01  7.393679E+00  0.0000000000  0.000000E+00
        2.378859E+27 -3.996468E+00 -1.986366E+00 -3.055789E-01 -3.055789E-01
    59    15879.2729    8.53585735  6.058687E+08  4.041546E+08  1.663018E+31
        7.055487E+00  2.448290E+01  7.393881E+00  0.0000000000  0.000000E+00
        1.825692E+27 -3.996468E+00 -1.986366E+00 -3.055789E-01 -3.055789E-01
    60    15491.1135    8.53659715  6.053529E+08  4.329401E+08  1.503714E+31
        7.038288E+00  2.448320E+01  7.394109E+00  0.0000000000  0.000000E+00
        1.402854E+27 -3.996468E+00 -1.986366E+00 -3.055789E-01 -3.055789E-01
    61    15113.6814    8.53732624  6.048450E+08  4.635786E+08  1.360150E+31
        7.021109E+00  2.448350E+01  7.394346E+00  0.0000000000  0.000000E+00
        1.084613E+27 -3.996468E+00 -1.986366E+00 -3.055789E-01 -3.055789E-01
    62    14746.4245    8.53803856  6.043492E+08  4.962578E+08  1.230666E+31
        7.003900E+00  2.448380E+01  7.394571E+00  0.0000000000  0.000000E+00
        8.401465E+26 -3.996468E+00 -1.986366E+00 -3.055789E-01 -3.055789E-01
    63    14388.4268    8.53872699  6.038704E+08  5.311865E+08  1.113674E+31
        6.986608E+00  2.448405E+01  7.394762E+00  0.0000000000  0.000000E+00
        6.513186E+26 -3.996468E+00 -1.986366E+00 -3.055789E-01 -3.055789E-01
    64    14038.6961    8.53938399  6.034138E+08  5.685553E+08  1.007755E+31
        6.969198E+00  2.448423E+01  7.394896E+00  0.0000000000  0.000000E+00
        5.050086E+26 -3.996468E+00 -1.986366E+00 -3.055789E-01 -3.055789E-01
    65    13713.5531    8.53998167  6.029987E+08  6.063959E+08  9.163263E+30
        6.952568E+00  2.448435E+01  7.394978E+00  0.0000000000  0.000000E+00
        3.966886E+26 -3.996468E+00 -1.986366E+00 -3.055789E-01 -3.055789E-01
    66    13417.9857    8.54051962  6.026254E+08  6.435441E+08  8.388060E+30
        6.937114E+00  2.448443E+01  7.395035E+00  0.0000000000  0.000000E+00
        3.173709E+26 -3.996468E+00 -1.986366E+00 -3.055789E-01 -3.055789E-01
    67    13203.4799    8.54091068  6.023541E+08  6.721641E+08  7.857327E+30
        6.925715E+00  2.448450E+01  7.395079E+00  0.0000000000  0.000000E+00
        2.694168E+26 -3.996468E+00 -1.986366E+00 -3.055789E-01 -3.055789E-01
    68    13039.4534    8.54121260  6.021448E+08  6.950484E+08  7.468903E+30
        6.916900E+00  2.448456E+01  7.395119E+00  0.0000000000  0.000000E+00
        2.374514E+26 -3.996468E+00 -1.986366E+00 -3.055789E-01 -3.055789E-01
    69    12907.5384    8.54145873  6.019742E+08  7.141190E+08  7.167155E+30
        6.909748E+00  2.448462E+01  7.395160E+00  0.0000000000  0.000000E+00
        2.143794E+26 -3.996468E+00 -1.986366E+00 -3.055789E-01 -3.055789E-01
    70    12798.4775    8.54166529  6.018310E+08  7.303546E+08  6.924681E+30
        6.903794E+00  2.448467E+01  7.395200E+00  0.0000000000  0.000000E+00
        1.969227E+26 -3.996468E+00 -1.986366E+00 -3.055789E-01 -3.055789E-01
    71    12705.5767    8.54184417  6.017071E+08  7.445366E+08  6.723033E+30
        6.898691E+00  2.448472E+01  7.395239E+00  0.0000000000  0.000000E+00
        1.831139E+26 -3.996468E+00 -1.986366E+00 -3.055789E-01 -3.055789E-01
    72    12613.3233    8.54202570  6.015814E+08  7.589613E+08  6.527160E+30
        6.893593E+00  2.448478E+01  7.395283E+00  0.0000000000  0.000000E+00
        1.703048E+26 -3.996468E+00 -1.986366E+00 -3.055789E-01 -3.055789E-01
    73    12526.9570    8.54219920  6.014612E+08  7.727837E+08  6.347680E+30
        6.888791E+00  2.448484E+01  7.395329E+00  0.0000000000  0.000000E+00
        1.590759E+26 -3.996468E+00 -1.986366E+00 -3.055789E-01 -3.055789E-01
    74    12439.9629    8.54237664  6.013383E+08  7.870327E+08  6.170659E+30
        6.883926E+00  2.448490E+01  7.395378E+00  0.0000000000  0.000000E+00
        1.484655E+26 -3.996468E+00 -1.986366E+00 -3.055789E-01 -3.055789E-01
    75    12351.4961    8.54255939  6.012118E+08  8.018703E+08  5.994469E+30
        6.878947E+00  2.448497E+01  7.395430E+00  0.0000000000  0.000000E+00
        1.383528E+26 -3.996468E+00 -1.986366E+00 -3.055789E-01 -3.055789E-01
    76    12261.1228    8.54274822  6.010811E+08  8.174053E+08  5.818414E+30
        6.873827E+00  2.448504E+01  7.395487E+00  0.0000000000  0.000000E+00
        1.286826E+26 -3.996468E+00 -1.986366E+00 -3.055789E-01 -3.055789E-01
    77    12169.5533    8.54294172  6.009473E+08  8.335514E+08  5.644022E+30
        6.869004E+00  2.448512E+01  7.395600E+00  0.0000160572 -6.973607E-06
        1.195306E+26 -3.996468E+00 -1.986366E+00 -3.055789E-01 -3.055789E-01
    78    12079.7832    8.54313248  6.008153E+08  8.498442E+08  5.476914E+30
        6.867406E+00  2.448519E+01  7.395653E+00  0.0008665638 -3.765070E-04
        1.113426E+26 -3.996468E+00 -1.986366E+00 -3.055789E-01 -3.055789E-01
    79    12003.1705    8.54329540  6.007026E+08  8.643367E+08  5.337285E+30
        6.864853E+00  2.448526E+01  7.395699E+00  0.0033601487 -1.461751E-03
        1.050331E+26 -3.996468E+00 -1.986366E+00 -3.055789E-01 -3.055789E-01
    80    11929.0192    8.54345383  6.005930E+08  8.792324E+08  5.204715E+30
        6.861631E+00  2.448532E+01  7.395743E+00  0.0074525248 -3.248711E-03
        9.936585E+25 -3.996468E+00 -1.986366E+00 -3.055789E-01 -3.055789E-01
    81    11862.3843    8.54359747  6.004937E+08  8.936017E+08  5.087710E+30
        6.858245E+00  2.448537E+01  7.395784E+00  0.0126951327 -5.548722E-03
        9.453737E+25 -3.996468E+00 -1.986366E+00 -3.055789E-01 -3.055789E-01
    82    11798.9927    8.54373560  6.003982E+08  9.083380E+08  4.978242E+30
        6.854666E+00  2.448543E+01  7.395824E+00  0.0190809342 -8.366824E-03
        9.010166E+25 -3.996468E+00 -1.986366E+00 -3.055789E-01 -3.055789E-01
    83    11735.0095    8.54387628  6.003010E+08  9.243821E+08  4.869556E+30
        6.850771E+00  2.448549E+01  7.395865E+00  0.0268771296 -1.183232E-02
        8.574038E+25 -3.996468E+00 -1.986366E+00 -3.055789E-01 -3.055789E-01
    84    11666.3613    8.54402807  6.001961E+08  9.429122E+08  4.754945E+30
        6.846343E+00  2.448555E+01  7.395908E+00  0.0365983821 -1.619263E-02
        8.118829E+25 -3.996468E+00 -1.986366E+00 -3.055789E-01 -3.055789E-01
    85    11587.3772    8.54420305  6.000752E+08  9.657791E+08  4.625614E+30
        6.841046E+00  2.448562E+01  7.395958E+00  0.0492058217 -2.191349E-02
        7.608698E+25 -3.996468E+00 -1.986366E+00 -3.055789E-01 -3.055789E-01
    86    11492.9152    8.54441188  5.999310E+08  9.949520E+08  4.474462E+30
        6.834582E+00  2.448570E+01  7.396016E+00  0.0657503686 -2.953706E-02
        7.026029E+25 -3.996468E+00 -1.986366E+00 -3.055789E-01 -3.055789E-01
    87    11371.7865    8.54467934  5.997463E+08  1.034739E+09  4.286149E+30
        6.826248E+00  2.448580E+01  7.396086E+00  0.0885595905 -4.027172E-02
        6.327876E+25 -3.996468E+00 -1.986366E+00 -3.055789E-01 -3.055789E-01
    88    11225.1526    8.54500620  5.995206E+08  1.085961E+09  4.066256E+30
        6.816152E+00  2.448591E+01  7.396169E+00  0.1178154893 -5.444057E-02
        5.559344E+25 -3.996468E+00 -1.986366E+00 -3.055789E-01 -3.055789E-01
    89    11077.5372    8.54534049  5.992899E+08  1.140629E+09  3.853579E+30
        6.805948E+00  2.448603E+01  7.396251E+00  0.1486172895 -6.987517E-02
        4.865283E+25 -3.996468E+00 -1.986366E+00 -3.055789E-01 -3.055789E-01
    90    10909.4922    8.54572629  5.990238E+08  1.206640E+09  3.621794E+30
        6.794250E+00  2.448616E+01  7.396350E+00  0.1849522584 -8.881695E-02
        4.167125E+25 -3.996468E+00 -1.986366E+00 -3.055789E-01 -3.055789E-01
    91    10727.2319    8.54615019  5.987315E+08  1.282628E+09  3.382457E+30
        6.781425E+00  2.448633E+01  7.396465E+00  0.2254065369 -1.109262E-01
        3.507771E+25 -3.996468E+00 -1.986366E+00 -3.055789E-01 -3.055789E-01
    92    10532.2555    8.54660480  5.984182E+08  1.368704E+09  3.139877E+30
        6.767562E+00  2.448651E+01  7.396596E+00  0.2692847320 -1.362518E-01
        2.907731E+25 -3.996468E+00 -1.986366E+00 -3.055789E-01 -3.055789E-01
    93    10316.7415    8.54709843  5.980782E+08  1.469217E+09  2.887378E+30
        6.752110E+00  2.448671E+01  7.396740E+00  0.3177722883 -1.660706E-01
        2.352862E+25 -3.996468E+00 -1.986366E+00 -3.055789E-01 -3.055789E-01
    94    10085.2133    8.54760916  5.977267E+08  1.583082E+09  2.633680E+30
        6.735384E+00  2.448689E+01  7.396871E+00  0.3691329971 -2.000622E-01
        1.868066E+25 -3.996468E+00 -1.986366E+00 -3.055789E-01 -3.055789E-01
    95     9840.0876    8.54811632  5.973778E+08  1.710221E+09  2.384028E+30
        6.717516E+00  2.448700E+01  7.396963E+00  0.4221298271 -2.381697E-01
        1.456163E+25 -3.996468E+00 -1.986366E+00 -3.055789E-01 -3.055789E-01
    96     9590.7070    8.54860897  5.970390E+08  1.847062E+09  2.148945E+30
        6.699093E+00  2.448707E+01  7.397022E+00  0.4743212313 -2.792796E-01
        1.125698E+25 -3.996468E+00 -1.986366E+00 -3.055789E-01 -3.055789E-01
    97     9355.5212    8.54906986  5.967223E+08  1.983970E+09  1.943721E+30
        6.681387E+00  2.448712E+01  7.397072E+00  0.5218783438 -3.204616E-01
        8.772676E+24 -3.996468E+00 -1.986366E+00 -3.055789E-01 -3.055789E-01
    98     9105.9569    8.54957355  5.963764E+08  2.139297E+09  1.742451E+30
        6.662122E+00  2.448721E+01  7.397144E+00  0.5705748933 -3.671126E-01
        6.682436E+24 -3.996468E+00 -1.986366E+00 -3.055789E-01 -3.055789E-01
    99     8928.6637    8.54993875  5.961257E+08  2.256302E+09  1.609307E+30
        6.648047E+00  2.448728E+01  7.397200E+00  0.6040958884 -4.024100E-01
        5.474014E+24 -3.996468E+00 -1.986366E+00 -3.055789E-01 -3.055789E-01
   100     8681.8750    8.55044228  5.957802E+08  2.430481E+09  1.436957E+30
        6.627855E+00  2.448737E+01  7.397263E+00  0.6489712577 -4.546573E-01
        4.104725E+24 -3.996468E+00 -1.986366E+00 -3.055789E-01 -3.055789E-01
   101     8499.1669    8.55081208  5.955266E+08  2.567653E+09  1.318637E+30
        6.612393E+00  2.448743E+01  7.397302E+00  0.6808002496 -4.959375E-01
        3.289504E+24 -3.996468E+00 -1.986366E+00 -3.055789E-01 -3.055789E-01
   102     8265.4335    8.55128940  5.951994E+08  2.754324E+09  1.178162E+30
        6.592054E+00  2.448752E+01  7.397360E+00  0.7194391933 -5.519730E-01
        2.453990E+24 -3.996468E+00 -1.986366E+00 -3.055789E-01 -3.055789E-01
   103     8037.3042    8.55176618  5.948728E+08  2.947146E+09  1.052222E+30
        6.571734E+00  2.448763E+01  7.397443E+00  0.7544435341 -6.098486E-01
        1.827790E+24 -3.996468E+00 -1.986366E+00 -3.055789E-01 -3.055789E-01
   104     7815.7104    8.55223459  5.945521E+08  3.143653E+09  9.398772E+29
        6.551710E+00  2.448777E+01  7.397546E+00  0.7855954855 -6.687661E-01
        1.364814E+24 -3.996468E+00 -1.986366E+00 -3.055789E-01 -3.055789E-01
   105     7602.7863    8.55267880  5.942481E+08  3.341034E+09  8.407061E+29
        6.532257E+00  2.448790E+01  7.397646E+00  0.8127985661 -7.276908E-01
        1.026138E+24 -3.996468E+00 -1.986366E+00 -3.055789E-01 -3.055789E-01
   106     7400.8235    8.55309352  5.939644E+08  3.537425E+09  7.541514E+29
        6.513529E+00  2.448801E+01  7.397728E+00  0.8363036710 -7.859611E-01
        7.783517E+23 -3.996468E+00 -1.986366E+00 -3.055789E-01 -3.055789E-01
   107     7212.7788    8.55347874  5.937011E+08  3.730535E+09  6.797725E+29
        6.495686E+00  2.448809E+01  7.397782E+00  0.8564205389 -8.429077E-01
        5.979031E+23 -3.996468E+00 -1.986366E+00 -3.055789E-01 -3.055789E-01
   108     7037.6188    8.55384802  5.934487E+08  3.921501E+09  6.155833E+29
        6.478559E+00  2.448813E+01  7.397811E+00  0.8737745468 -8.988531E-01
        4.627707E+23 -3.996468E+00 -1.986366E+00 -3.055789E-01 -3.055789E-01
   109     6875.3550    8.55421150  5.932004E+08  4.109848E+09  5.602745E+29
        6.462136E+00  2.448815E+01  7.397826E+00  0.8887490273 -9.536962E-01
        3.620246E+23 -3.996468E+00 -1.986366E+00 -3.055789E-01 -3.055789E-01
   110     6724.4727    8.55456876  5.929565E+08  4.296323E+09  5.122666E+29
        6.446294E+00  2.448817E+01  7.397836E+00  0.9017573057 -1.007700E+00
        2.853038E+23 -3.996468E+00 -1.986366E+00 -3.055789E-01 -3.055789E-01
   111     6583.7762    8.55492128  5.927159E+08  4.480908E+09  4.703388E+29
        6.430983E+00  2.448818E+01  7.397847E+00  0.9130859412 -1.060910E+00
        2.263198E+23 -3.996468E+00 -1.986366E+00 -3.055789E-01 -3.055789E-01
   112     6446.3477    8.55529731  5.924594E+08  4.671324E+09  4.319062E+29
        6.415544E+00  2.448821E+01  7.397867E+00  0.9233618853 -1.115555E+00
        1.791204E+23 -3.996468E+00 -1.986366E+00 -3.055789E-01 -3.055789E-01
   113     6312.1488    8.55569719  5.921867E+08  4.867506E+09  3.966830E+29
        6.399986E+00  2.448825E+01  7.397895E+00  0.9326420291 -1.171611E+00
        1.413538E+23 -3.996468E+00 -1.986366E+00 -3.055789E-01 -3.055789E-01
   114     6180.5618    8.55610902  5.919059E+08  5.072629E+09  3.642794E+29
        6.384061E+00  2.448830E+01  7.397927E+00  0.9411193714 -1.230028E+00
        1.108513E+23 -3.996468E+00 -1.986366E+00 -3.055789E-01 -3.055789E-01
   115     6049.9562    8.55655220  5.916040E+08  5.298370E+09  3.341093E+29
        6.366858E+00  2.448835E+01  7.397962E+00  0.9492229290 -1.294332E+00
        8.516391E+22 -3.996468E+00 -1.986366E+00 -3.055789E-01 -3.055789E-01
   116     5916.9240    8.55707759  5.912463E+08  5.579720E+09  3.053080E+29
        6.345609E+00  2.448840E+01  7.397996E+00  0.9578835269 -1.375548E+00
        6.138242E+22 -3.996468E+00 -1.986366E+00 -3.055789E-01 -3.055789E-01
   117     5770.8923    8.55776113  5.907812E+08  6.015404E+09  2.758307E+29
        6.311959E+00  2.448843E+01  7.398019E+00  0.9689701602 -1.508220E+00
        3.643690E+22 -3.996468E+00 -1.986366E+00 -3.055790E-01 -3.055790E-01
   118     5691.9532    8.55822244  5.904675E+08  6.353703E+09  2.607682E+29
        6.284383E+00  2.448843E+01  7.398023E+00  0.9760415538 -1.620541E+00
        2.371572E+22 -3.996468E+00 -1.986359E+00 -3.055790E-01 -3.055790E-01
   119     5628.4496    8.55862166  5.901962E+08  6.657898E+09  2.490952E+29
        6.257947E+00  2.448844E+01  7.398029E+00  0.9812911587 -1.727953E+00
        1.567544E+22 -3.996468E+00 -1.986258E+00 -3.055801E-01 -3.055801E-01
   120     5570.7997    8.55898534  5.899491E+08  6.934553E+09  2.388453E+29
        6.232168E+00  2.448846E+01  7.398040E+00  0.9848246189 -1.818860E+00
        1.045252E+22 -3.996468E+00 -1.986195E+00 -3.055807E-01 -3.055807E-01
   121     5505.6986    8.55935029  5.897013E+08  7.216485E+09  2.276834E+29
        6.203796E+00  2.448848E+01  7.398054E+00  0.9868238098 -1.880210E+00
        6.678377E+21 -3.996468E+00 -1.982678E+00 -3.056176E-01 -3.056176E-01
   122     5440.1572    8.55965930  5.894915E+08  7.457909E+09  2.168794E+29
        6.177595E+00  2.448850E+01  7.398068E+00  0.9869926654 -1.885812E+00
        4.409247E+21 -3.996468E+00 -1.977156E+00 -3.056760E-01 -3.056760E-01
   123     5374.9464    8.55993708  5.893030E+08  7.678887E+09  2.065339E+29
        6.152231E+00  2.448852E+01  7.398086E+00  0.9871103752 -1.889760E+00
        2.946758E+21 -3.996468E+00 -1.973196E+00 -3.057184E-01 -3.057184E-01
   124     5305.5207    8.56021296  5.891159E+08  7.903175E+09  1.959435E+29
        6.124924E+00  2.448855E+01  7.398108E+00  0.9872307425 -1.893834E+00
        1.908842E+21 -3.996468E+00 -1.968914E+00 -3.057647E-01 -3.057647E-01
   125     5252.5878    8.56041086  5.889817E+08  8.065490E+09  1.881544E+29
        6.104130E+00  2.448858E+01  7.398122E+00  0.9873192905 -1.896856E+00
        1.370972E+21 -3.996468E+00 -1.966490E+00 -3.057911E-01 -3.057911E-01
   126     5182.4336    8.56064609  5.888222E+08  8.261940E+09  1.782054E+29
        6.077464E+00  2.448859E+01  7.398135E+00  0.9874342964 -1.900813E+00
        8.956716E+20 -3.996468E+00 -1.962826E+00 -3.058312E-01 -3.058312E-01
   127     5110.5049    8.56085364  5.886815E+08  8.440563E+09  1.684354E+29
        6.051796E+00  2.448861E+01  7.398144E+00  0.9875464319 -1.904706E+00
        5.942814E+20 -3.996468E+00 -1.959242E+00 -3.058709E-01 -3.058709E-01
   128     5029.7470    8.56105501  5.885450E+08  8.627021E+09  1.579652E+29
        6.023215E+00  2.448862E+01  7.398154E+00  0.9877498529 -1.911859E+00
        3.760103E+20 -3.996468E+00 -1.958323E+00 -3.058811E-01 -3.058811E-01
   129     4949.9549    8.56122810  5.884278E+08  8.785780E+09  1.481183E+29
        5.997511E+00  2.448864E+01  7.398166E+00  0.9879264062 -1.918163E+00
        2.490600E+20 -3.996468E+00 -1.957675E+00 -3.058883E-01 -3.058883E-01
   130     4862.5451    8.56140080  5.883108E+08  8.948119E+09  1.378750E+29
        5.969748E+00  2.448866E+01  7.398180E+00  0.9881073552 -1.924722E+00
        1.594957E+20 -3.996468E+00 -1.957038E+00 -3.058954E-01 -3.058954E-01
   131     4785.7732    8.56154126  5.882157E+08  9.085150E+09  1.293299E+29
        5.945035E+00  2.448867E+01  7.398189E+00  0.9882608323 -1.930363E+00
        1.072059E+20 -3.996468E+00 -1.956535E+00 -3.059011E-01 -3.059011E-01
   132     4704.3711    8.56167529  5.881249E+08  9.224283E+09  1.207154E+29
        5.918461E+00  2.448867E+01  7.398193E+00  0.9884191621 -1.936260E+00
        6.991102E+19 -3.996468E+00 -1.956029E+00 -3.059067E-01 -3.059067E-01
   133     4623.8473    8.56179263  5.880455E+08  9.353583E+09  1.126298E+29
        5.892319E+00  2.448867E+01  7.398192E+00  0.9885692143 -1.941924E+00
        4.588563E+19 -3.996468E+00 -1.955565E+00 -3.059119E-01 -3.059119E-01
   134     4542.4669    8.56189865  5.879737E+08  9.477654E+09  1.048818E+29
        5.865671E+00  2.448867E+01  7.398191E+00  0.9887174649 -1.947593E+00
        2.985547E+19 -3.996468E+00 -1.955118E+00 -3.059169E-01 -3.059169E-01
   135     4459.4054    8.56199925  5.879056E+08  9.592130E+09  9.739585E+28
        5.839662E+00  2.448867E+01  7.398192E+00  0.9888573317 -1.953011E+00
        1.962084E+19 -3.996468E+00 -1.954705E+00 -3.059216E-01 -3.059216E-01
   136     4371.9577    8.56209646  5.878398E+08  9.705096E+09  8.995788E+28
        5.812537E+00  2.448867E+01  7.398192E+00  0.9889995241 -1.958589E+00
        1.265702E+19 -3.996468E+00 -1.954294E+00 -3.059262E-01 -3.059262E-01
   137     4283.1001    8.56218942  5.877769E+08  9.814845E+09  8.284672E+28
        5.784612E+00  2.448868E+01  7.398193E+00  0.9891420040 -1.964250E+00
        8.055110E+18 -3.996468E+00 -1.953889E+00 -3.059307E-01 -3.059307E-01
   138     4202.0254    8.56227211  5.877209E+08  9.913813E+09  7.673517E+28
        5.757843E+00  2.448868E+01  7.398194E+00  0.9892750824 -1.969606E+00
        5.220275E+18 -3.996468E+00 -1.953515E+00 -3.059349E-01 -3.059349E-01
   139     4130.3688    8.56234730  5.876701E+08  1.000346E+10  7.162092E+28
        5.732053E+00  2.448868E+01  7.398194E+00  0.9894004006 -1.974711E+00
        3.435092E+18 -3.996468E+00 -1.953167E+00 -3.059389E-01 -3.059389E-01
   140     4072.7575    8.56240983  5.876277E+08  1.007728E+10  6.769806E+28
        5.709495E+00  2.448868E+01  7.398194E+00  0.9895079015 -1.979138E+00
        2.380991E+18 -3.996468E+00 -1.952877E+00 -3.059421E-01 -3.059421E-01
   141     4012.4151    8.56247372  5.875845E+08  1.015224E+10  6.376489E+28
        5.684984E+00  2.448868E+01  7.398195E+00  0.9896221326 -1.983892E+00
        1.598171E+18 -3.996468E+00 -1.952569E+00 -3.059456E-01 -3.059456E-01
   142     3951.1262    8.56253737  5.875415E+08  1.022014E+10  5.994847E+28
        5.661285E+00  2.448868E+01  7.398195E+00  0.9897427532 -1.988969E+00
        1.086667E+18 -3.996468E+00 -1.954662E+00 -3.059220E-01 -3.059220E-01
   143     3878.4676    8.56259735  5.875009E+08  1.028810E+10  5.565128E+28
        5.636110E+00  2.448868E+01  7.398196E+00  0.9898954037 -1.995481E+00
        7.209698E+17 -3.996468E+00 -1.955582E+00 -3.059117E-01 -3.059117E-01
   144     3792.8250    8.56265515  5.874618E+08  1.035654E+10  5.088947E+28
        5.609294E+00  2.448868E+01  7.398196E+00  0.9900767803 -2.003347E+00
        4.655273E+17 -3.996468E+00 -1.956343E+00 -3.059032E-01 -3.059032E-01
   145     3697.2889    8.56271015  5.874246E+08  1.042583E+10  4.594680E+28
        5.580737E+00  2.448868E+01  7.398197E+00  0.9902831062 -2.012473E+00
        2.919891E+17 -3.996468E+00 -1.957098E+00 -3.058948E-01 -3.058948E-01
   146     3586.9439    8.56276478  5.873877E+08  1.050135E+10  4.069728E+28
        5.548033E+00  2.448868E+01  7.398197E+00  0.9905222201 -2.023293E+00
        1.710181E+17 -3.996468E+00 -1.957999E+00 -3.058847E-01 -3.058847E-01
   147     3474.0120    8.56281882  5.873511E+08  1.057538E+10  3.580456E+28
        5.514114E+00  2.448868E+01  7.398197E+00  0.9907716108 -2.034874E+00
        9.812141E+16 -3.996468E+00 -1.958794E+00 -3.058759E-01 -3.058759E-01
   148     3355.9478    8.56288098  5.873091E+08  1.064885E+10  3.117537E+28
        5.479007E+00  2.448868E+01  7.398197E+00  0.9910217423 -2.046808E+00
        5.515975E+16 -3.996468E+00 -1.959138E+00 -3.058720E-01 -3.058720E-01
   149     3219.0171    8.56294955  5.872627E+08  1.073011E+10  2.638611E+28
        5.438349E+00  2.448868E+01  7.398198E+00  0.9913174157 -2.061351E+00
        2.828163E+16 -3.996468E+00 -1.959501E+00 -3.058680E-01 -3.058680E-01
   150     3078.4867    8.56299660  5.872309E+08  1.081080E+10  2.206909E+28
        5.396514E+00  2.448868E+01  7.398198E+00  0.9916331403 -2.077438E+00
        1.421720E+16 -3.996468E+00 -1.959881E+00 -3.058638E-01 -3.058638E-01
   151     2914.7354    8.56303782  5.872030E+08  1.090327E+10  1.773334E+28
        5.346858E+00  2.448868E+01  7.398198E+00  0.9920145263 -2.097699E+00
        6.307051E+15 -3.996468E+00 -1.960356E+00 -3.058585E-01 -3.058585E-01
   152     2725.3344    8.56308289  5.871726E+08  1.101131E+10  1.355277E+28
        5.287340E+00  2.448868E+01  7.398198E+00  0.9924643425 -2.122879E+00
        2.403236E+15 -3.996468E+00 -1.961139E+00 -3.058499E-01 -3.058499E-01
   153     2620.4612    8.56310572  5.871572E+08  1.107246E+10  1.158343E+28
        5.252952E+00  2.448868E+01  7.398198E+00  0.9930403557 -2.157413E+00
        1.377143E+15 -3.996468E+00 -1.961428E+00 -3.058467E-01 -3.058467E-01
   154     2558.2294    8.56312497  5.871441E+08  1.110822E+10  1.052119E+28
        5.231535E+00  2.448868E+01  7.398199E+00  0.9943411023 -2.247268E+00
        9.698812E+14 -3.996468E+00 -1.963005E+00 -3.058293E-01 -3.058293E-01
   155     2489.9695    8.56314284  5.871321E+08  1.114570E+10  9.442025E+27
        5.207306E+00  2.448868E+01  7.398199E+00  0.9955948236 -2.356037E+00
        6.544979E+14 -3.996468E+00 -1.963379E+00 -3.058252E-01 -3.058252E-01
   156     2425.2228    8.56316000  5.871205E+08  1.117975E+10  8.497251E+27
        5.183679E+00  2.448868E+01  7.398200E+00  0.9965614136 -2.463620E+00
        4.497898E+14 -3.996468E+00 -1.963379E+00 -3.058252E-01 -3.058252E-01
   157     2359.0176    8.56318131  5.871061E+08  1.121326E+10  7.606332E+27
        5.158801E+00  2.448868E+01  7.398200E+00  0.9973591066 -2.578249E+00
        3.043198E+14 -3.996468E+00 -1.963379E+00 -3.058252E-01 -3.058252E-01
   158     2293.2287    8.56320467  5.870903E+08  1.124529E+10  6.792297E+27
        5.133282E+00  2.448868E+01  7.398200E+00  0.9979922771 -2.697296E+00
        2.047967E+14 -3.996468E+00 -1.963379E+00 -3.058252E-01 -3.058252E-01
   159     2231.7112    8.56322499  5.870765E+08  1.127415E+10  6.091985E+27
        5.108676E+00  2.448868E+01  7.398200E+00  0.9984633826 -2.813434E+00
        1.399753E+14 -3.996468E+00 -1.963379E+00 -3.058252E-01 -3.058252E-01
   160     2169.0105    8.56324174  5.870652E+08  1.130264E+10  5.435466E+27
        5.082784E+00  2.448868E+01  7.398200E+00  0.9988426813 -2.936547E+00
        9.453383E+13 -3.996468E+00 -1.963379E+00 -3.058252E-01 -3.058252E-01
   161     2113.9591    8.56325336  5.870574E+08  1.132699E+10  4.904162E+27
        5.059271E+00  2.448868E+01  7.398200E+00  0.9991072979 -3.049293E+00
        6.645239E+13 -3.996468E+00 -1.963379E+00 -3.058252E-01 -3.058252E-01
   162     2056.1910    8.56326299  5.870508E+08  1.135174E+10  4.389577E+27
        5.033764E+00  2.448868E+01  7.398200E+00  0.9993278331 -3.172523E+00
        4.551902E+13 -3.996468E+00 -1.963379E+00 -3.058252E-01 -3.058252E-01
   163     1999.0705    8.56327138  5.870452E+08  1.137555E+10  3.921687E+27
        5.007659E+00  2.448868E+01  7.398200E+00  0.9994983348 -3.299586E+00
        3.102686E+13 -3.996468E+00 -1.963379E+00 -3.058252E-01 -3.058252E-01
   164     1949.1172    8.56327861  5.870403E+08  1.139592E+10  3.544093E+27
        4.983983E+00  2.448868E+01  7.398200E+00  0.9996158979 -3.415553E+00
        2.198582E+13 -3.996468E+00 -1.963379E+00 -3.058252E-01 -3.058252E-01
   165     1896.4993    8.56328648  5.870350E+08  1.141676E+10  3.176553E+27
        4.958087E+00  2.448868E+01  7.398200E+00  0.9997136168 -3.543053E+00
        1.510805E+13 -3.996468E+00 -1.963379E+00 -3.058252E-01 -3.058252E-01
   166     1846.5756    8.56329443  5.870296E+08  1.143605E+10  2.854998E+27
        4.932565E+00  2.448868E+01  7.398200E+00  0.9997858549 -3.669292E+00
        1.048306E+13 -3.996468E+00 -1.963379E+00 -3.058252E-01 -3.058252E-01
   167     1802.5022    8.56330112  5.870251E+08  1.145272E+10  2.591994E+27
        4.909172E+00  2.448868E+01  7.398200E+00  0.9998358203 -3.784681E+00
        7.515079E+12 -3.996464E+00 -1.963379E+00 -3.058252E-01 -3.058252E-01
   168     1760.5762    8.56330269  5.870240E+08  1.146789E+10  2.359112E+27
        4.886627E+00  2.448868E+01  7.398200E+00  0.9998646098 -3.868413E+00
        5.462109E+12 -3.996127E+00 -1.963382E+00 -3.058252E-01 -3.058252E-01
   169     1716.8123    8.56330725  5.870209E+08  1.148288E+10  2.133123E+27
        4.863213E+00  2.448868E+01  7.398200E+00  0.9998786847 -3.916085E+00
        3.927177E+12 -3.996073E+00 -1.963383E+00 -3.058252E-01 -3.058252E-01
   170     1666.5561    8.56330475  5.870226E+08  1.149954E+10  1.894117E+27
        4.835803E+00  2.448868E+01  7.398200E+00  0.9998894588 -3.956476E+00
        2.673743E+12 -3.995496E+00 -1.963388E+00 -3.058252E-01 -3.058252E-01
   171     1626.4203    8.56324702  5.870616E+08  1.151217E+10  1.718367E+27
        4.814212E+00  2.448868E+01  7.398200E+00  0.9998869243 -3.946631E+00
        1.977168E+12 -3.990933E+00 -1.963431E+00 -3.058252E-01 -3.058252E-01
   172     1586.6409    8.56321459  5.870836E+08  1.152456E+10  1.556438E+27
        4.792098E+00  2.448868E+01  7.398200E+00  0.9998855760 -3.941483E+00
        1.452538E+12 -3.988295E+00 -1.963456E+00 -3.058252E-01 -3.058252E-01
   173     1543.8503    8.56322728  5.870750E+08  1.153780E+10  1.395164E+27
        4.767437E+00  2.448868E+01  7.398200E+00  0.9998858499 -3.942524E+00
        1.030626E+12 -3.988867E+00 -1.963450E+00 -3.058252E-01 -3.058252E-01
   174     1495.8924    8.56322118  5.870791E+08  1.155242E+10  1.229736E+27
        4.738854E+00  2.448868E+01  7.398200E+00  0.9998869228 -3.946625E+00
        6.927014E+11 -3.988173E+00 -1.963457E+00 -3.058252E-01 -3.058252E-01
   175     1451.0887    8.56319006  5.871001E+08  1.156582E+10  1.088974E+27
        4.711325E+00  2.448868E+01  7.398200E+00  0.9998874947 -3.948827E+00
        4.728992E+11 -3.985743E+00 -1.963480E+00 -3.058252E-01 -3.058252E-01
   176     1407.9808    8.56315788  5.871219E+08  1.157859E+10  9.652969E+26
        4.683982E+00  2.448868E+01  7.398200E+00  0.9998880621 -3.951023E+00
        3.238123E+11 -3.983291E+00 -1.963503E+00 -3.058252E-01 -3.058252E-01
   177     1367.6948    8.56312795  5.871421E+08  1.159050E+10  8.595294E+26
        4.657465E+00  2.448868E+01  7.398200E+00  0.9998889828 -3.954610E+00
        2.243441E+11 -3.981065E+00 -1.963524E+00 -3.058252E-01 -3.058252E-01
