     1    58754.1757    8.06483342  8.944946E+08  4.000000E+05  6.794036E+33
        7.984943E+00  2.353554E+01  6.735042E+00  0.0000000000  0.000000E+00
        7.948111E+34 -9.997170E+00 -1.998860E+00 -3.054065E-01 -3.054065E-01
     2    55518.6420    8.07990872  8.791036E+08  8.000000E+05  5.231821E+33
        7.902718E+00  2.355202E+01  6.746946E+00  0.0000000000  0.000000E+00
        3.334873E+34 -9.996559E+00 -1.998860E+00 -3.054065E-01 -3.054065E-01
     3    52170.6665    8.09115715  8.677924E+08  1.200000E+06  3.975161E+33
        7.858656E+00  2.356103E+01  6.753382E+00  0.0000000000  0.000000E+00
        1.893884E+34 -9.995635E+00 -1.998860E+00 -3.054065E-01 -3.054065E-01
     4    49209.4805    8.09987771  8.591235E+08  1.600000E+06  3.084066E+33
        7.830122E+00  2.356687E+01  6.757513E+00  0.0000000000  0.000000E+00
        1.242433E+34 -9.994748E+00 -1.998860E+00 -3.054065E-01 -3.054065E-01
     5    46729.0564    8.10677747  8.523259E+08  2.000000E+06  2.468180E+33
        7.809559E+00  2.357102E+01  6.760445E+00  0.0000000000  0.000000E+00
        8.862816E+33 -9.994479E+00 -1.998860E+00 -3.054065E-01 -3.054065E-01
     6    44623.9592    8.11237635  8.468495E+08  2.400000E+06  2.026293E+33
        7.793679E+00  2.357420E+01  6.762687E+00  0.0000000000  0.000000E+00
        6.678305E+33 -9.994257E+00 -1.998860E+00 -3.054065E-01 -3.054065E-01
     7    42804.6491    8.11707199  8.422838E+08  2.800000E+06  1.697063E+33
        7.780211E+00  2.357682E+01  6.764533E+00  0.0000000000  0.000000E+00
        5.179942E+33 -9.993989E+00 -1.998860E+00 -3.054065E-01 -3.054065E-01
     8    40789.6249    8.12211824  8.374045E+08  3.341796E+06  1.383206E+33
        7.765676E+00  2.357957E+01  6.766480E+00  0.0000000000  0.000000E+00
        3.871353E+33 -9.993710E+00 -1.998860E+00 -3.054065E-01 -3.054065E-01
     9    38914.2994    8.12669680  8.330020E+08  3.974790E+06  1.133826E+33
        7.751885E+00  2.358206E+01  6.768239E+00  0.0000000000  0.000000E+00
        2.898568E+33 -9.993464E+00 -1.998860E+00 -3.054065E-01 -3.054065E-01
    10    37186.6835    8.13080793  8.290686E+08  4.714260E+06  9.365871E+32
        7.738443E+00  2.358428E+01  6.769822E+00  0.0000000000  0.000000E+00
        2.169898E+33 -9.993249E+00 -1.998860E+00 -3.054065E-01 -3.054065E-01
    11    35623.9331    8.13446370  8.255865E+08  5.571673E+06  7.821860E+32
        7.725125E+00  2.358628E+01  6.771250E+00  0.0000000000  0.000000E+00
        1.625474E+33 -9.993064E+00 -1.998860E+00 -3.054065E-01 -3.054065E-01
    12    34229.0994    8.13774136  8.224770E+08  6.575652E+06  6.616782E+32
        7.711552E+00  2.358812E+01  6.772565E+00  0.0000000000  0.000000E+00
        1.213834E+33 -9.992904E+00 -1.998860E+00 -3.054065E-01 -3.054065E-01
    13    32915.9111    8.14073308  8.196490E+08  7.778258E+06  5.619488E+32
        7.697237E+00  2.358984E+01  6.773798E+00  0.0000000000  0.000000E+00
        8.972942E+32 -9.992752E+00 -1.998860E+00 -3.054065E-01 -3.054065E-01
    14    32008.4244    8.14285534  8.176487E+08  8.862831E+06  5.000439E+32
        7.685556E+00  2.359108E+01  6.774693E+00  0.0000000000  0.000000E+00
        7.046149E+32 -9.992650E+00 -1.998860E+00 -3.054065E-01 -3.054065E-01
    15    30889.4349    8.14540212  8.152548E+08  1.053667E+07  4.311655E+32
        7.669498E+00  2.359260E+01  6.775791E+00  0.0000000000  0.000000E+00
        5.097860E+32 -9.992520E+00 -1.998860E+00 -3.054065E-01 -3.054065E-01
    16    29853.0884    8.14782410  8.129847E+08  1.264036E+07  3.740583E+32
        7.651750E+00  2.359410E+01  6.776878E+00  0.0000000000  0.000000E+00
        3.595221E+32 -9.992401E+00 -1.998860E+00 -3.054065E-01 -3.054065E-01
    17    28867.5727    8.15016277  8.107987E+08  1.530561E+07  3.253004E+32
        7.632149E+00  2.359561E+01  6.777975E+00  0.0000000000  0.000000E+00
        2.462420E+32 -9.992289E+00 -1.998860E+00 -3.054065E-01 -3.054065E-01
    18    27896.6857    8.15249588  8.086238E+08  1.875965E+07  2.821765E+32
        7.610236E+00  2.359718E+01  6.779119E+00  0.0000000000  0.000000E+00
        1.620762E+32 -9.992183E+00 -1.998860E+00 -3.054065E-01 -3.054065E-01
    19    26936.1206    8.15482868  8.064549E+08  2.323722E+07  2.439595E+32
        7.585944E+00  2.359879E+01  6.780291E+00  0.0000000000  0.000000E+00
        1.020378E+32 -9.992082E+00 -1.998860E+00 -3.054065E-01 -3.054065E-01
    20    25973.7157    8.15717137  8.042827E+08  2.902405E+07  2.097835E+32
        7.559208E+00  2.360041E+01  6.781477E+00  0.0000000000  0.000000E+00
        6.108345E+31 -9.991987E+00 -1.998860E+00 -3.054065E-01 -3.054065E-01
    21    24989.5865    8.15953903  8.020933E+08  3.647829E+07  1.787737E+32
        7.529843E+00  2.360203E+01  6.782661E+00  0.0000000000  0.000000E+00
        3.448237E+31 -9.991893E+00 -1.998860E+00 -3.054065E-01 -3.054065E-01
    22    23984.8818    8.16191100  7.999060E+08  4.582610E+07  1.508848E+32
        7.498280E+00  2.360360E+01  6.783819E+00  0.0000000000  0.000000E+00
        1.843202E+31 -9.991800E+00 -1.998860E+00 -3.054065E-01 -3.054065E-01
    23    22955.9000    8.16429728  7.977114E+08  5.741331E+07  1.259176E+32
        7.464518E+00  2.360517E+01  6.784975E+00  0.0000000000  0.000000E+00
        9.302089E+30 -9.991707E+00 -1.998860E+00 -3.054065E-01 -3.054065E-01
    24    21903.1370    8.16668431  7.955222E+08  7.163154E+07  1.037880E+32
        7.428558E+00  2.360674E+01  6.786129E+00  0.0000000000  0.000000E+00
        4.427381E+30 -9.991612E+00 -1.998860E+00 -3.054065E-01 -3.054065E-01
    25    20843.2189    8.16902351  7.933826E+08  8.872567E+07  8.465292E+31
        7.390884E+00  2.360827E+01  6.787258E+00  0.0000000000  0.000000E+00
        2.008254E+30 -9.991517E+00 -1.998860E+00 -3.054065E-01 -3.054065E-01
    26    19790.8790    8.17127520  7.913285E+08  1.089551E+08  6.845283E+31
        7.351933E+00  2.360975E+01  6.788345E+00  0.0000000000  0.000000E+00
        8.787695E+29 -9.991201E+00 -1.998860E+00 -3.054065E-01 -3.054065E-01
    27    18767.4162    8.17339577  7.893989E+08  1.324262E+08  5.508438E+31
        7.312408E+00  2.361111E+01  6.789346E+00  0.0000000000  0.000000E+00
        3.781277E+29 -9.989988E+00 -1.998860E+00 -3.054065E-01 -3.054065E-01
    28    17788.2676    8.17539653  7.875827E+08  1.593986E+08  4.425317E+31
        7.272635E+00  2.361230E+01  6.790222E+00  0.0000000000  0.000000E+00
        1.619053E+29 -9.988864E+00 -1.998860E+00 -3.054065E-01 -3.054065E-01
    29    16861.4227    8.17732835  7.858330E+08  1.902551E+08  3.556762E+31
        7.232778E+00  2.361334E+01  6.790993E+00  0.0000000000  0.000000E+00
        6.952735E+28 -9.987893E+00 -1.998860E+00 -3.054065E-01 -3.054065E-01
    30    15980.5407    8.17920279  7.841390E+08  2.256217E+08  2.857389E+31
        7.192720E+00  2.361427E+01  6.791677E+00  0.0000000000  0.000000E+00
        3.006900E+28 -9.987056E+00 -1.998860E+00 -3.054065E-01 -3.054065E-01
    31    15145.7689    8.18099074  7.825265E+08  2.658923E+08  2.296047E+31
        7.152732E+00  2.361512E+01  6.792301E+00  0.0000000000  0.000000E+00
        1.327003E+28 -9.986339E+00 -1.998860E+00 -3.054065E-01 -3.054065E-01
    32    14352.3442    8.18268259  7.810038E+08  3.116816E+08  1.844230E+31
        7.112892E+00  2.361597E+01  6.792925E+00  0.0000000000  0.000000E+00
        6.032449E+27 -9.985742E+00 -1.998860E+00 -3.054065E-01 -3.054065E-01
    33    13603.7114    8.18425329  7.795927E+08  3.634629E+08  1.483142E+31
        7.073422E+00  2.361678E+01  6.793514E+00  0.0000000000  0.000000E+00
        2.847531E+27 -9.985254E+00 -1.998860E+00 -3.054065E-01 -3.054065E-01
    34    12932.6151    8.18564149  7.783478E+08  4.189947E+08  1.207564E+31
        7.036127E+00  2.361747E+01  6.794032E+00  0.0000000000  0.000000E+00
        1.446353E+27 -9.985285E+00 -1.998860E+00 -3.054065E-01 -3.054065E-01
    35    12566.1596    8.18640088  7.776676E+08  4.534247E+08  1.074523E+31
        7.014877E+00  2.361785E+01  6.794317E+00  0.0000000000  0.000000E+00
        9.965663E+26 -9.985300E+00 -1.998860E+00 -3.054065E-01 -3.054065E-01
    36    12324.3193    8.18690369  7.772175E+08  4.780123E+08  9.930117E+30
        7.000494E+00  2.361809E+01  6.794496E+00  0.0000000000  0.000000E+00
        7.786993E+26 -9.985310E+00 -1.998860E+00 -3.054065E-01 -3.054065E-01
    37    12124.2851    8.18732204  7.768433E+08  4.996048E+08  9.291992E+30
        6.988384E+00  2.361828E+01  6.794636E+00  0.0000000000  0.000000E+00
        6.347344E+26 -9.985319E+00 -1.998860E+00 -3.054065E-01 -3.054065E-01
    38    11924.8059    8.18774917  7.764614E+08  5.223819E+08  8.686852E+30
        6.976114E+00  2.361845E+01  6.794761E+00  0.0000000000  0.000000E+00
        5.175536E+26 -9.985329E+00 -1.998860E+00 -3.054065E-01 -3.054065E-01
    39    11745.4346    8.18814472  7.761078E+08  5.439660E+08  8.168418E+30
        6.964919E+00  2.361858E+01  6.794858E+00  0.0000000000  0.000000E+00
        4.307084E+26 -9.985338E+00 -1.998860E+00 -3.054065E-01 -3.054065E-01
    40    11562.8247    8.18855509  7.757412E+08  5.671075E+08  7.664909E+30
        6.953365E+00  2.361870E+01  6.794946E+00  0.0000000000  0.000000E+00
        3.572039E+26 -9.985346E+00 -1.998860E+00 -3.054065E-01 -3.054065E-01
    41    11373.8109    8.18898510  7.753573E+08  5.923966E+08  7.168779E+30
        6.941237E+00  2.361882E+01  6.795030E+00  0.0000000000  0.000000E+00
        2.942344E+26 -9.985356E+00 -1.998860E+00 -3.054065E-01 -3.054065E-01
    42    11168.5386    8.18946146  7.749322E+08  6.215470E+08  6.657792E+30
        6.927861E+00  2.361895E+01  6.795121E+00  0.0000000000  0.000000E+00
        2.382427E+26 -9.985365E+00 -1.998860E+00 -3.054065E-01 -3.054065E-01
    43    10960.8113    8.18995097  7.744956E+08  6.529717E+08  6.169161E+30
        6.914097E+00  2.361908E+01  6.795220E+00  0.0000000000  0.000000E+00
        1.922637E+26 -9.985375E+00 -1.998860E+00 -3.054065E-01 -3.054065E-01
    44    10724.5081    8.19051245  7.739951E+08  6.913882E+08  5.646812E+30
        6.898134E+00  2.361927E+01  6.795353E+00  0.0000000000  0.000000E+00
        1.504191E+26 -9.985388E+00 -1.998860E+00 -3.054065E-01 -3.054065E-01
    45    10479.4536    8.19111373  7.734595E+08  7.345514E+08  5.140994E+30
        6.881195E+00  2.361949E+01  6.795513E+00  0.0000000000  0.000000E+00
        1.163210E+26 -9.985405E+00 -1.998860E+00 -3.054065E-01 -3.054065E-01
    46    10224.8930    8.19175441  7.728892E+08  7.834253E+08  4.652506E+30
        6.863145E+00  2.361974E+01  6.795695E+00  0.0000000000  0.000000E+00
        8.874356E+25 -9.985445E+00 -1.998860E+00 -3.054065E-01 -3.054065E-01
    47     9959.8707    8.19241571  7.723010E+08  8.392382E+08  4.182206E+30
        6.843821E+00  2.362000E+01  6.795891E+00  0.0000000000  0.000000E+00
        6.664113E+25 -9.985666E+00 -1.998860E+00 -3.054065E-01 -3.054065E-01
    48     9665.0305    8.19313743  7.716595E+08  9.080665E+08  3.702387E+30
        6.821645E+00  2.362029E+01  6.796105E+00  0.0000000000  0.000000E+00
        4.814518E+25 -9.986129E+00 -1.998860E+00 -3.054065E-01 -3.054065E-01
    49     9339.9896    8.19394202  7.709450E+08  9.932025E+08  3.222922E+30
        6.796369E+00  2.362061E+01  6.796342E+00  0.0000000000  0.000000E+00
        3.336945E+25 -9.986947E+00 -1.998860E+00 -3.054065E-01 -3.054065E-01
    50     9019.2068    8.19472253  7.702526E+08  1.087673E+09  2.797417E+30
        6.770618E+00  2.362092E+01  6.796572E+00  0.0000000000  0.000000E+00
        2.305125E+25 -9.986947E+00 -1.998860E+00 -3.054065E-01 -3.054065E-01
    51     8692.6865    8.19548854  7.695736E+08  1.196157E+09  2.409538E+30
        6.743556E+00  2.362118E+01  6.796771E+00  0.0000000000  0.000000E+00
        1.567748E+25 -9.986947E+00 -1.998860E+00 -3.054065E-01 -3.054065E-01
    52     8380.4145    8.19619171  7.689508E+08  1.313624E+09  2.078149E+30
        6.716743E+00  2.362136E+01  6.796895E+00  0.0000000000  0.000000E+00
        1.072928E+25 -9.986947E+00 -1.998860E+00 -3.054065E-01 -3.054065E-01
    53     8085.6853    8.19683360  7.683828E+08  1.439750E+09  1.798208E+30
        6.690365E+00  2.362147E+01  6.796970E+00  0.0000000000  0.000000E+00
        7.401310E+24 -9.986947E+00 -1.998860E+00 -3.054065E-01 -3.054065E-01
    54     7832.5319    8.19737964  7.678999E+08  1.562843E+09  1.581377E+30
        6.668167E+00  2.362159E+01  6.797110E+00  0.0008731899 -3.793872E-04
        5.313676E+24 -9.986947E+00 -1.998860E+00 -3.054065E-01 -3.054065E-01
    55     7479.7763    8.19816509  7.672058E+08  1.809028E+09  1.312791E+30
        6.637824E+00  2.362189E+01  6.797323E+00  0.0683294539 -3.073763E-02
        3.372959E+24 -9.986947E+00 -1.998860E+00 -3.054065E-01 -3.054065E-01
    56     7221.9311    8.19874625  7.666927E+08  2.061153E+09  1.139393E+30
        6.608596E+00  2.362208E+01  6.797446E+00  0.1617798702 -7.664191E-02
        2.330236E+24 -9.986947E+00 -1.998860E+00 -3.054065E-01 -3.054065E-01
    57     6894.3191    8.19955433  7.659797E+08  2.447150E+09  9.445338E+29
        6.569626E+00  2.362240E+01  6.797671E+00  0.2970522860 -1.530770E-01
        1.396327E+24 -9.986947E+00 -1.998860E+00 -3.054065E-01 -3.054065E-01
    58     6573.3546    8.20050770  7.651394E+08  2.900099E+09  7.788375E+29
        6.528028E+00  2.362276E+01  6.797954E+00  0.4354590981 -2.483046E-01
        7.927029E+23 -9.986947E+00 -1.998860E+00 -3.054065E-01 -3.054065E-01
    59     6295.7622    8.20146511  7.642965E+08  3.401993E+09  6.539348E+29
        6.483828E+00  2.362305E+01  6.798172E+00  0.5655984043 -3.621086E-01
        4.270154E+23 -9.986947E+00 -1.998860E+00 -3.054065E-01 -3.054065E-01
    60     6002.4177    8.20264778  7.632566E+08  4.108495E+09  5.388444E+29
        6.420378E+00  2.362344E+01  6.798426E+00  0.7154947496 -5.459097E-01
        1.732167E+23 -9.986947E+00 -1.998860E+00 -3.054065E-01 -3.054065E-01
    61     5624.1830    8.20390432  7.621532E+08  5.098543E+09  4.141329E+29
        6.322798E+00  2.362364E+01  6.798569E+00  0.8654704980 -8.711825E-01
        4.159060E+22 -9.986947E+00 -1.998860E+00 -3.054065E-01 -3.054065E-01
    62     5394.1790    8.20460391  7.615396E+08  5.752870E+09  3.498677E+29
        6.248959E+00  2.362378E+01  6.798664E+00  0.9294521480 -1.151516E+00
        1.367312E+22 -9.986947E+00 -1.998860E+00 -3.054065E-01 -3.054065E-01
    63     5236.3482    8.20506113  7.611388E+08  6.212732E+09  3.103553E+29
        6.190760E+00  2.362394E+01  6.798769E+00  0.9596337428 -1.393982E+00
        5.589892E+21 -9.986947E+00 -1.998860E+00 -3.054065E-01 -3.054065E-01
    64     5051.8878    8.20545248  7.607960E+08  6.691301E+09  2.686387E+29
        6.122400E+00  2.362406E+01  6.798875E+00  0.9801474049 -1.702183E+00
        1.928328E+21 -9.986947E+00 -1.998861E+00 -3.054064E-01 -3.054064E-01
    65     4806.9107    8.20583093  7.604645E+08  7.163205E+09  2.200086E+29
        6.046989E+00  2.362422E+01  6.798990E+00  0.9876514577 -1.908384E+00
        5.886515E+20 -9.986947E+00 -1.992666E+00 -3.054696E-01 -3.054696E-01
    66     4399.4723    8.20628155  7.600701E+08  7.786976E+09  1.542152E+29
        5.939097E+00  2.362446E+01  6.799150E+00  0.9885523577 -1.941284E+00
        1.065898E+20 -9.986947E+00 -1.988182E+00 -3.055159E-01 -3.055159E-01
    67     4022.3523    8.20650087  7.598782E+08  8.336608E+09  1.077025E+29
        5.838339E+00  2.362446E+01  6.799153E+00  0.9890132371 -1.959130E+00
        2.141905E+19 -9.986947E+00 -1.986053E+00 -3.055381E-01 -3.055381E-01
    68     3653.3775    8.20667414  7.597266E+08  8.841250E+09  7.326733E+28
        5.739936E+00  2.362448E+01  6.799162E+00  0.9893883687 -1.974218E+00
        4.440159E+18 -9.986947E+00 -1.984238E+00 -3.055571E-01 -3.055571E-01
    69     3015.1664    8.20686320  7.595613E+08  9.668668E+09  3.397725E+28
        5.568740E+00  2.362448E+01  6.799168E+00  0.9899941803 -1.999747E+00
        2.827933E+17 -9.986947E+00 -1.982144E+00 -3.055791E-01 -3.055791E-01
    70     2399.4579    8.20698107  7.594582E+08  1.051088E+10  1.362316E+28
        5.387744E+00  2.362449E+01  6.799170E+00  0.9905011429 -2.022329E+00
        1.493810E+16 -9.986947E+00 -1.979712E+00 -3.056048E-01 -3.056048E-01
    71     1863.6782    8.20706615  7.593838E+08  1.138721E+10  4.957056E+27
        5.193500E+00  2.362449E+01  6.799171E+00  0.9916758138 -2.079658E+00
        6.162861E+14 -9.986947E+00 -1.981782E+00 -3.055829E-01 -3.055829E-01
    72     1680.8809    8.20709127  7.593619E+08  1.173774E+10  3.279917E+27
        5.114452E+00  2.362449E+01  6.799171E+00  0.9927128288 -2.137441E+00
        1.698908E+14 -9.986947E+00 -1.981921E+00 -3.055814E-01 -3.055814E-01
    73     1492.9768    8.20712233  7.593347E+08  1.208827E+10  2.041250E+27
        5.020008E+00  2.362449E+01  6.799171E+00  0.9970033168 -2.523359E+00
        3.664926E+13 -9.986946E+00 -1.982478E+00 -3.055756E-01 -3.055756E-01
    74     1301.0270    8.20714616  7.593139E+08  1.243880E+10  1.177078E+27
        4.877866E+00  2.362449E+01  6.799172E+00  0.9993897475 -3.214490E+00
        4.119831E+12 -9.986943E+00 -1.983176E+00 -3.055682E-01 -3.055682E-01
    75     1268.7110    8.20715325  7.593077E+08  1.250891E+10  1.064397E+27
        4.846295E+00  2.362449E+01  6.799172E+00  0.9995741981 -3.370792E+00
        2.586057E+12 -9.986942E+00 -1.983176E+00 -3.055682E-01 -3.055682E-01
    76     1235.0250    8.20718179  7.592828E+08  1.257902E+10  9.557131E+26
        4.810076E+00  2.362449E+01  6.799172E+00  0.9997134822 -3.542848E+00
        1.527827E+12 -9.986940E+00 -1.983176E+00 -3.055682E-01 -3.055682E-01
    77     1198.7704    8.20720395  7.592634E+08  1.264912E+10  8.482939E+26
        4.766967E+00  2.362449E+01  6.799172E+00  0.9998300024 -3.769557E+00
        8.231991E+11 -9.986937E+00 -1.983176E+00 -3.055682E-01 -3.055682E-01
    78     1156.6717    8.20715033  7.593103E+08  1.271923E+10  7.353538E+26
        4.711957E+00  2.362449E+01  6.799172E+00  0.9999128875 -4.059919E+00
        3.776590E+11 -9.986933E+00 -1.983176E+00 -3.055682E-01 -3.055682E-01
    79     1113.6071    8.20699634  7.594449E+08  1.278933E+10  6.320303E+26
        4.624115E+00  2.362449E+01  6.799172E+00  0.9999717875 -4.549558E+00
        1.105035E+11 -9.986930E+00 -1.983176E+00 -3.055682E-01 -3.055682E-01
