     1    58623.4473    7.98186834  9.841476E+08  4.000000E+05  8.151234E+33
        7.994405E+00  2.353099E+01  6.731864E+00  0.0000000000  0.000000E+00
        9.215319E+34 -4.006028E+00 -1.988370E+00 -3.055572E-01 -3.055572E-01
     2    55066.0666    8.00322438  9.602454E+08  8.000000E+05  6.041129E+33
        7.907511E+00  2.354953E+01  6.745218E+00  0.0000000000  0.000000E+00
        3.716073E+34 -4.006028E+00 -1.988370E+00 -3.055572E-01 -3.055572E-01
     3    51500.0982    8.01952212  9.423959E+08  1.200000E+06  4.451603E+33
        7.861824E+00  2.355942E+01  6.752270E+00  0.0000000000  0.000000E+00
        2.066711E+34 -4.006028E+00 -1.988370E+00 -3.055572E-01 -3.055572E-01
     4    48428.1025    8.03211992  9.288262E+08  1.600000E+06  3.381241E+33
        7.832544E+00  2.356573E+01  6.756729E+00  0.0000000000  0.000000E+00
        1.337375E+34 -4.006028E+00 -1.988370E+00 -3.055572E-01 -3.055572E-01
     5    45867.3240    8.04205586  9.182618E+08  2.000000E+06  2.659280E+33
        7.811576E+00  2.357016E+01  6.759851E+00  0.0000000000  0.000000E+00
        9.446070E+33 -4.006028E+00 -1.988370E+00 -3.055572E-01 -3.055572E-01
     6    43737.5766    8.05004510  9.098544E+08  2.400000E+06  2.158639E+33
        7.795455E+00  2.357352E+01  6.762216E+00  0.0000000000  0.000000E+00
        7.064154E+33 -4.006028E+00 -1.988370E+00 -3.055572E-01 -3.055572E-01
     7    42765.5427    8.05362671  9.061103E+08  2.600597E+06  1.956841E+33
        7.788064E+00  2.357501E+01  6.763266E+00  0.0000000000  0.000000E+00
        6.150073E+33 -4.006028E+00 -1.988370E+00 -3.055572E-01 -3.055572E-01
     8    41910.2351    8.05671789  9.028913E+08  2.791946E+06  1.792127E+33
        7.781733E+00  2.357628E+01  6.764156E+00  0.0000000000  0.000000E+00
        5.440892E+33 -4.006028E+00 -1.988370E+00 -3.055572E-01 -3.055572E-01
     9    41125.4199    8.05954149  8.999610E+08  2.984705E+06  1.650845E+33
        7.775937E+00  2.357742E+01  6.764963E+00  0.0000000000  0.000000E+00
        4.848878E+33 -4.006028E+00 -1.988370E+00 -3.055572E-01 -3.055572E-01
    10    40332.9632    8.06235763  8.970479E+08  3.195978E+06  1.517362E+33
        7.770143E+00  2.357855E+01  6.765760E+00  0.0000000000  0.000000E+00
        4.309348E+33 -4.006028E+00 -1.988370E+00 -3.055572E-01 -3.055572E-01
    11    39569.2628    8.06504630  8.942754E+08  3.418520E+06  1.396985E+33
        7.764549E+00  2.357962E+01  6.766517E+00  0.0000000000  0.000000E+00
        3.836202E+33 -4.006028E+00 -1.988370E+00 -3.055572E-01 -3.055572E-01
    12    38824.9813    8.06762177  8.916277E+08  3.654266E+06  1.287151E+33
        7.759091E+00  2.358064E+01  6.767241E+00  0.0000000000  0.000000E+00
        3.417598E+33 -4.006028E+00 -1.988370E+00 -3.055572E-01 -3.055572E-01
    13    38077.2691    8.07021380  8.889709E+08  3.918229E+06  1.183738E+33
        7.753451E+00  2.358167E+01  6.767969E+00  0.0000000000  0.000000E+00
        3.027510E+33 -4.006028E+00 -1.988370E+00 -3.055572E-01 -3.055572E-01
    14    37362.5820    8.07263679  8.864945E+08  4.192253E+06  1.091232E+33
        7.748016E+00  2.358263E+01  6.768647E+00  0.0000000000  0.000000E+00
        2.690283E+33 -4.006028E+00 -1.988370E+00 -3.055572E-01 -3.055572E-01
    15    36647.9992    8.07507245  8.840121E+08  4.501020E+06  1.004465E+33
        7.742323E+00  2.358359E+01  6.769331E+00  0.0000000000  0.000000E+00
        2.374933E+33 -4.006028E+00 -1.988370E+00 -3.055572E-01 -3.055572E-01
    16    35979.5065    8.07733279  8.817146E+08  4.820498E+06  9.283128E+32
        7.736818E+00  2.358448E+01  6.769966E+00  0.0000000000  0.000000E+00
        2.104146E+33 -4.006028E+00 -1.988370E+00 -3.055572E-01 -3.055572E-01
    17    35321.5160    8.07950969  8.795076E+08  5.163169E+06  8.579341E+32
        7.731276E+00  2.358534E+01  6.770580E+00  0.0000000000  0.000000E+00
        1.862597E+33 -4.006028E+00 -1.988370E+00 -3.055572E-01 -3.055572E-01
    18    34666.8033    8.08170811  8.772843E+08  5.554989E+06  7.920514E+32
        7.725328E+00  2.358623E+01  6.771210E+00  0.0000000000  0.000000E+00
        1.634644E+33 -4.006028E+00 -1.988370E+00 -3.055572E-01 -3.055572E-01
    19    34042.9157    8.08375485  8.752195E+08  5.962226E+06  7.330919E+32
        7.719501E+00  2.358705E+01  6.771798E+00  0.0000000000  0.000000E+00
        1.439373E+33 -4.006028E+00 -1.988370E+00 -3.055572E-01 -3.055572E-01
    20    33439.0004    8.08577613  8.731852E+08  6.420383E+06  6.792714E+32
        7.713317E+00  2.358788E+01  6.772394E+00  0.0000000000  0.000000E+00
        1.258884E+33 -4.006028E+00 -1.988370E+00 -3.055572E-01 -3.055572E-01
    21    32844.7124    8.08771155  8.712417E+08  6.907257E+06  6.294433E+32
        7.707103E+00  2.358868E+01  6.772962E+00  0.0000000000  0.000000E+00
        1.101701E+33 -4.006028E+00 -1.988370E+00 -3.055572E-01 -3.055572E-01
    22    32356.4332    8.08934675  8.696031E+08  7.381083E+06  5.906118E+32
        7.701349E+00  2.358937E+01  6.773460E+00  0.0000000000  0.000000E+00
        9.749339E+32 -4.006028E+00 -1.988370E+00 -3.055572E-01 -3.055572E-01
    23    31795.4159    8.09116956  8.677800E+08  7.963835E+06  5.483966E+32
        7.694637E+00  2.359013E+01  6.774006E+00  0.0000000000  0.000000E+00
        8.468709E+32 -4.006028E+00 -1.988370E+00 -3.055572E-01 -3.055572E-01
    24    31329.2189    8.09272758  8.662248E+08  8.540422E+06  5.150827E+32
        7.688323E+00  2.359080E+01  6.774490E+00  0.0000000000  0.000000E+00
        7.429846E+32 -4.006028E+00 -1.988370E+00 -3.055572E-01 -3.055572E-01
    25    30825.1098    8.09440599  8.645526E+08  9.238257E+06  4.808602E+32
        7.681083E+00  2.359153E+01  6.775013E+00  0.0000000000  0.000000E+00
        6.407288E+32 -4.006028E+00 -1.988370E+00 -3.055572E-01 -3.055572E-01
    26    30316.6093    8.09606283  8.629051E+08  1.001261E+07  4.481939E+32
        7.673491E+00  2.359224E+01  6.775531E+00  0.0000000000  0.000000E+00
        5.497065E+32 -4.006028E+00 -1.988370E+00 -3.055572E-01 -3.055572E-01
    27    29824.3573    8.09767707  8.613029E+08  1.087255E+07  4.182285E+32
        7.665538E+00  2.359295E+01  6.776044E+00  0.0000000000  0.000000E+00
        4.691363E+32 -4.006028E+00 -1.988370E+00 -3.055572E-01 -3.055572E-01
    28    29383.9534    8.09915925  8.598344E+08  1.178837E+07  3.927245E+32
        7.657549E+00  2.359363E+01  6.776535E+00  0.0000000000  0.000000E+00
        4.008020E+32 -4.006028E+00 -1.988370E+00 -3.055572E-01 -3.055572E-01
    29    28915.1735    8.10071246  8.582982E+08  1.285684E+07  3.669417E+32
        7.648789E+00  2.359434E+01  6.777049E+00  0.0000000000  0.000000E+00
        3.378652E+32 -4.006028E+00 -1.988370E+00 -3.055572E-01 -3.055572E-01
    30    28470.9177    8.10219795  8.568316E+08  1.402527E+07  3.437274E+32
        7.639803E+00  2.359503E+01  6.777555E+00  0.0000000000  0.000000E+00
        2.839901E+32 -4.006028E+00 -1.988370E+00 -3.055572E-01 -3.055572E-01
    31    28043.4745    8.10365765  8.553928E+08  1.534434E+07  3.224601E+32
        7.630309E+00  2.359574E+01  6.778073E+00  0.0000000000  0.000000E+00
        2.366818E+32 -4.006028E+00 -1.988370E+00 -3.055572E-01 -3.055572E-01
    32    27599.5236    8.10516472  8.539099E+08  1.686995E+07  3.014726E+32
        7.620070E+00  2.359648E+01  6.778613E+00  0.0000000000  0.000000E+00
        1.946623E+32 -4.006028E+00 -1.988370E+00 -3.055572E-01 -3.055572E-01
    33    27159.0862    8.10666817  8.524332E+08  1.860066E+07  2.817077E+32
        7.609271E+00  2.359724E+01  6.779163E+00  0.0000000000  0.000000E+00
        1.585022E+32 -4.006028E+00 -1.988370E+00 -3.055572E-01 -3.055572E-01
    34    26716.6501    8.10817877  8.509520E+08  2.056480E+07  2.628788E+32
        7.597902E+00  2.359800E+01  6.779721E+00  0.0000000000  0.000000E+00
        1.276883E+32 -4.006028E+00 -1.988370E+00 -3.055572E-01 -3.055572E-01
    35    26282.3714    8.10967259  8.494897E+08  2.277485E+07  2.453533E+32
        7.586050E+00  2.359877E+01  6.780281E+00  0.0000000000  0.000000E+00
        1.018847E+32 -4.006028E+00 -1.988370E+00 -3.055572E-01 -3.055572E-01
    36    25842.8444    8.11118101  8.480158E+08  2.528418E+07  2.285528E+32
        7.573593E+00  2.359955E+01  6.780846E+00  0.0000000000  0.000000E+00
        8.029234E+31 -4.006028E+00 -1.988370E+00 -3.055572E-01 -3.055572E-01
    37    25398.7616    8.11270267  8.465314E+08  2.813467E+07  2.124975E+32
        7.560499E+00  2.360033E+01  6.781416E+00  0.0000000000  0.000000E+00
        6.242184E+31 -4.006028E+00 -1.988370E+00 -3.055572E-01 -3.055572E-01
    38    24948.9193    8.11423749  8.450369E+08  3.136219E+07  1.971405E+32
        7.546776E+00  2.360111E+01  6.781986E+00  0.0000000000  0.000000E+00
        4.785324E+31 -4.006028E+00 -1.988370E+00 -3.055572E-01 -3.055572E-01
    39    24493.7967    8.11577909  8.435384E+08  3.498250E+07  1.824953E+32
        7.532511E+00  2.360188E+01  6.782551E+00  0.0000000000  0.000000E+00
        3.621843E+31 -4.006028E+00 -1.988370E+00 -3.055572E-01 -3.055572E-01
    40    24035.7638    8.11731961  8.420437E+08  3.900348E+07  1.686236E+32
        7.517805E+00  2.360263E+01  6.783106E+00  0.0000000000  0.000000E+00
        2.710585E+31 -4.006028E+00 -1.988370E+00 -3.055572E-01 -3.055572E-01
    41    23573.7175    8.11886325  8.405486E+08  4.346111E+07  1.554731E+32
        7.502648E+00  2.360338E+01  6.783657E+00  0.0000000000  0.000000E+00
        2.004734E+31 -4.006028E+00 -1.988370E+00 -3.055572E-01 -3.055572E-01
    42    23106.7124    8.12041321  8.390500E+08  4.839566E+07  1.430032E+32
        7.487018E+00  2.360412E+01  6.784204E+00  0.0000000000  0.000000E+00
        1.464282E+31 -4.006028E+00 -1.988370E+00 -3.055572E-01 -3.055572E-01
    43    22633.8400    8.12197147  8.375461E+08  5.384645E+07  1.311800E+32
        7.470909E+00  2.360487E+01  6.784753E+00  0.0000000000  0.000000E+00
        1.055904E+31 -4.006028E+00 -1.988370E+00 -3.055572E-01 -3.055572E-01
    44    22156.4841    8.12353386  8.360409E+08  5.984572E+07  1.200261E+32
        7.454337E+00  2.360562E+01  6.785302E+00  0.0000000000  0.000000E+00
        7.519598E+30 -4.006028E+00 -1.988370E+00 -3.055572E-01 -3.055572E-01
    45    21676.0999    8.12509185  8.345426E+08  6.640941E+07  1.095567E+32
        7.437369E+00  2.360635E+01  6.785846E+00  0.0000000000  0.000000E+00
        5.295724E+30 -4.006028E+00 -1.988370E+00 -3.055572E-01 -3.055572E-01
    46    21194.7029    8.12663862  8.330578E+08  7.354983E+07  9.978770E+31
        7.420076E+00  2.360708E+01  6.786382E+00  0.0000000000  0.000000E+00
        3.694010E+30 -4.006028E+00 -1.988370E+00 -3.055572E-01 -3.055572E-01
    47    20713.3586    8.12817133  8.315891E+08  8.129160E+07  9.070622E+31
        7.402496E+00  2.360780E+01  6.786910E+00  0.0000000000  0.000000E+00
        2.554728E+30 -4.006028E+00 -1.988370E+00 -3.055572E-01 -3.055572E-01
    48    20233.5518    8.12968435  8.301417E+08  8.965597E+07  8.230201E+31
        7.384669E+00  2.360850E+01  6.787429E+00  0.0000000000  0.000000E+00
        1.753945E+30 -4.006028E+00 -1.988370E+00 -3.055572E-01 -3.055572E-01
    49    19756.4712    8.13117356  8.287197E+08  9.865615E+07  7.455388E+31
        7.366657E+00  2.360919E+01  6.787935E+00  0.0000000000  0.000000E+00
        1.197535E+30 -4.006028E+00 -1.988370E+00 -3.055572E-01 -3.055572E-01
    50    19285.4324    8.13262906  8.273322E+08  1.082733E+08  6.746752E+31
        7.348582E+00  2.360986E+01  6.788425E+00  0.0000000000  0.000000E+00
        8.155926E+29 -4.006028E+00 -1.988370E+00 -3.055572E-01 -3.055572E-01
    51    18821.5829    8.13404761  8.259821E+08  1.185214E+08  6.100751E+31
        7.330487E+00  2.361049E+01  6.788893E+00  0.0000000000  0.000000E+00
        5.549022E+29 -4.006028E+00 -1.988370E+00 -3.055572E-01 -3.055572E-01
    52    18365.2310    8.13543022  8.246683E+08  1.294301E+08  5.512666E+31
        7.312388E+00  2.361110E+01  6.789336E+00  0.0000000000  0.000000E+00
        3.774944E+29 -4.006028E+00 -1.988370E+00 -3.055572E-01 -3.055572E-01
    53    17917.7727    8.13677804  8.233897E+08  1.410262E+08  4.979255E+31
        7.294306E+00  2.361166E+01  6.789750E+00  0.0000000000  0.000000E+00
        2.570441E+29 -4.006028E+00 -1.988370E+00 -3.055572E-01 -3.055572E-01
    54    17481.1968    8.13809325  8.221438E+08  1.533256E+08  4.497775E+31
        7.276286E+00  2.361218E+01  6.790135E+00  0.0000000000  0.000000E+00
        1.754221E+29 -4.006028E+00 -1.988370E+00 -3.055572E-01 -3.055572E-01
    55    17055.1031    8.13938265  8.209243E+08  1.663667E+08  4.062946E+31
        7.258339E+00  2.361267E+01  6.790497E+00  0.0000000000  0.000000E+00
        1.200621E+29 -4.006028E+00 -1.988370E+00 -3.055572E-01 -3.055572E-01
    56    16639.3278    8.14065164  8.197258E+08  1.802073E+08  3.670268E+31
        7.240448E+00  2.361313E+01  6.790838E+00  0.0000000000  0.000000E+00
        8.242256E+28 -4.006028E+00 -1.988370E+00 -3.055572E-01 -3.055572E-01
    57    16232.5603    8.14190414  8.185446E+08  1.949190E+08  3.314746E+31
        7.222584E+00  2.361357E+01  6.791164E+00  0.0000000000  0.000000E+00
        5.675651E+28 -4.006028E+00 -1.988370E+00 -3.055572E-01 -3.055572E-01
    58    15835.5638    8.14313506  8.173854E+08  2.105371E+08  2.993680E+31
        7.204772E+00  2.361398E+01  6.791467E+00  0.0000000000  0.000000E+00
        3.924337E+28 -4.006028E+00 -1.988370E+00 -3.055572E-01 -3.055572E-01
    59    15449.3782    8.14434069  8.162517E+08  2.270712E+08  2.704641E+31
        7.187065E+00  2.361437E+01  6.791751E+00  0.0000000000  0.000000E+00
        2.728864E+28 -4.006028E+00 -1.988370E+00 -3.055572E-01 -3.055572E-01
    60    15073.3032    8.14552461  8.151399E+08  2.446059E+08  2.444080E+31
        7.169436E+00  2.361474E+01  6.792025E+00  0.0000000000  0.000000E+00
        1.908079E+28 -4.006028E+00 -1.988370E+00 -3.055572E-01 -3.055572E-01
    61    14706.2332    8.14668940  8.140475E+08  2.632338E+08  2.208629E+31
        7.151859E+00  2.361511E+01  6.792297E+00  0.0000000000  0.000000E+00
        1.341475E+28 -4.006028E+00 -1.988370E+00 -3.055572E-01 -3.055572E-01
    62    14347.3368    8.14783397  8.129755E+08  2.830330E+08  1.995526E+31
        7.134324E+00  2.361549E+01  6.792572E+00  0.0000000000  0.000000E+00
        9.487079E+27 -4.006028E+00 -1.988370E+00 -3.055572E-01 -3.055572E-01
    63    13996.7942    8.14895170  8.119300E+08  3.040298E+08  1.802889E+31
        7.116875E+00  2.361586E+01  6.792845E+00  0.0000000000  0.000000E+00
        6.758011E+27 -4.006028E+00 -1.988370E+00 -3.055572E-01 -3.055572E-01
    64    13655.0337    8.15003896  8.109143E+08  3.262466E+08  1.629065E+31
        7.099554E+00  2.361622E+01  6.793111E+00  0.0000000000  0.000000E+00
        4.854134E+27 -4.006028E+00 -1.988370E+00 -3.055572E-01 -3.055572E-01
    65    13339.5967    8.15103943  8.099808E+08  3.484303E+08  1.480259E+31
        7.083286E+00  2.361656E+01  6.793353E+00  0.0000000000  0.000000E+00
        3.576548E+27 -4.006028E+00 -1.988370E+00 -3.055572E-01 -3.055572E-01
    66    13056.5704    8.15193370  8.091473E+08  3.698464E+08  1.355779E+31
        7.068447E+00  2.361684E+01  6.793565E+00  0.0000000000  0.000000E+00
        2.717712E+27 -4.006028E+00 -1.988370E+00 -3.055572E-01 -3.055572E-01
    67    12800.1071    8.15274350  8.083933E+08  3.906382E+08  1.250021E+31
        7.054776E+00  2.361710E+01  6.793755E+00  0.0000000000  0.000000E+00
        2.120822E+27 -4.006028E+00 -1.988370E+00 -3.055572E-01 -3.055572E-01
    68    12596.8370    8.15338792  8.077937E+08  4.081375E+08  1.170751E+31
        7.043770E+00  2.361731E+01  6.793907E+00  0.0000000000  0.000000E+00
        1.741891E+27 -4.006028E+00 -1.988370E+00 -3.055572E-01 -3.055572E-01
    69    12435.3385    8.15390246  8.073153E+08  4.227484E+08  1.110540E+31
        7.034904E+00  2.361747E+01  6.794029E+00  0.0000000000  0.000000E+00
        1.489147E+27 -4.006028E+00 -1.988370E+00 -3.055572E-01 -3.055572E-01
    70    12310.3273    8.15430299  8.069431E+08  4.345206E+08  1.065569E+31
        7.027961E+00  2.361759E+01  6.794124E+00  0.0000000000  0.000000E+00
        1.318528E+27 -4.006028E+00 -1.988370E+00 -3.055572E-01 -3.055572E-01
    71    12203.1758    8.15464865  8.066221E+08  4.449592E+08  1.028133E+31
        7.021951E+00  2.361770E+01  6.794204E+00  0.0000000000  0.000000E+00
        1.187578E+27 -4.006028E+00 -1.988370E+00 -3.055572E-01 -3.055572E-01
    72    12108.5421    8.15495631  8.063364E+08  4.544617E+08  9.959039E+30
        7.016593E+00  2.361779E+01  6.794274E+00  0.0000000000  0.000000E+00
        1.082489E+27 -4.006028E+00 -1.988370E+00 -3.055572E-01 -3.055572E-01
    73    12015.0122    8.15526365  8.060512E+08  4.641328E+08  9.648049E+30
        7.011251E+00  2.361788E+01  6.794343E+00  0.0000000000  0.000000E+00
        9.874889E+26 -4.006028E+00 -1.988370E+00 -3.055572E-01 -3.055572E-01
    74    11931.7917    8.15554216  8.057927E+08  4.729798E+08  9.377494E+30
        7.006456E+00  2.361796E+01  6.794403E+00  0.0000000000  0.000000E+00
        9.097336E+26 -4.006028E+00 -1.988370E+00 -3.055572E-01 -3.055572E-01
    75    11852.5019    8.15581241  8.055421E+08  4.816322E+08  9.125024E+30
        7.001848E+00  2.361804E+01  6.794460E+00  0.0000000000  0.000000E+00
        8.411282E+26 -4.006028E+00 -1.988370E+00 -3.055572E-01 -3.055572E-01
    76    11775.0071    8.15608028  8.052937E+08  4.903068E+08  8.883226E+30
        6.997308E+00  2.361811E+01  6.794514E+00  0.0000000000  0.000000E+00
        7.788750E+26 -4.006028E+00 -1.988370E+00 -3.055572E-01 -3.055572E-01
    77    11694.8305    8.15636082  8.050336E+08  4.995193E+08  8.638159E+30
        6.992571E+00  2.361819E+01  6.794569E+00  0.0000000000  0.000000E+00
        7.191100E+26 -4.006028E+00 -1.988370E+00 -3.055572E-01 -3.055572E-01
    78    11613.6028    8.15664792  8.047676E+08  5.091049E+08  8.395107E+30
        6.987731E+00  2.361826E+01  6.794623E+00  0.0000000000  0.000000E+00
        6.630437E+26 -4.006028E+00 -1.988370E+00 -3.055572E-01 -3.055572E-01
    79    11531.0752    8.15694244  8.044947E+08  5.191131E+08  8.153481E+30
        6.982770E+00  2.361833E+01  6.794675E+00  0.0000000000  0.000000E+00
        6.103677E+26 -4.006028E+00 -1.988370E+00 -3.055572E-01 -3.055572E-01
    80    11446.8055    8.15724510  8.042145E+08  5.296214E+08  7.912221E+30
        6.977659E+00  2.361840E+01  6.794726E+00  0.0000000000  0.000000E+00
        5.607156E+26 -4.006028E+00 -1.988370E+00 -3.055572E-01 -3.055572E-01
    81    11359.7271    8.15755878  8.039241E+08  5.407952E+08  7.668653E+30
        6.972331E+00  2.361846E+01  6.794775E+00  0.0000000000  0.000000E+00
        5.134820E+26 -4.006028E+00 -1.988370E+00 -3.055572E-01 -3.055572E-01
    82    11269.5982    8.15788474  8.036225E+08  5.527084E+08  7.422587E+30
        6.966765E+00  2.361853E+01  6.794823E+00  0.0000000000  0.000000E+00
        4.686198E+26 -4.006028E+00 -1.988370E+00 -3.055572E-01 -3.055572E-01
    83    11177.3998    8.15822126  8.033112E+08  5.652693E+08  7.177086E+30
        6.961019E+00  2.361859E+01  6.794869E+00  0.0000000000  0.000000E+00
        4.266488E+26 -4.006028E+00 -1.988370E+00 -3.055572E-01 -3.055572E-01
    84    11085.3991    8.15856036  8.029976E+08  5.781913E+08  6.938271E+30
        6.955235E+00  2.361865E+01  6.794913E+00  0.0000000000  0.000000E+00
        3.883959E+26 -4.006028E+00 -1.988370E+00 -3.055572E-01 -3.055572E-01
    85    10991.2251    8.15890670  8.026775E+08  5.918293E+08  6.700142E+30
        6.949263E+00  2.361871E+01  6.794956E+00  0.0000000000  0.000000E+00
        3.526966E+26 -4.006028E+00 -1.988370E+00 -3.055572E-01 -3.055572E-01
    86    10890.1215    8.15927603  8.023362E+08  6.069458E+08  6.451507E+30
        6.942799E+00  2.361878E+01  6.795001E+00  0.0000000000  0.000000E+00
        3.179381E+26 -4.006028E+00 -1.988370E+00 -3.055572E-01 -3.055572E-01
    87    10798.7126    8.15961043  8.020274E+08  6.210351E+08  6.232809E+30
        6.936908E+00  2.361883E+01  6.795041E+00  0.0000000000  0.000000E+00
        2.894208E+26 -4.006028E+00 -1.988370E+00 -3.055572E-01 -3.055572E-01
    88    10690.3780    8.16000870  8.016597E+08  6.382953E+08  5.980945E+30
        6.929872E+00  2.361890E+01  6.795088E+00  0.0000000000  0.000000E+00
        2.588676E+26 -4.006028E+00 -1.988370E+00 -3.055572E-01 -3.055572E-01
    89    10581.0706    8.16041423  8.012856E+08  6.563330E+08  5.734697E+30
        6.922712E+00  2.361897E+01  6.795138E+00  0.0000000000  0.000000E+00
        2.312589E+26 -4.006028E+00 -1.988370E+00 -3.055572E-01 -3.055572E-01
    90    10469.6162    8.16082952  8.009025E+08  6.753931E+08  5.491612E+30
        6.915352E+00  2.361904E+01  6.795192E+00  0.0000000000  0.000000E+00
        2.061038E+26 -4.006028E+00 -1.988370E+00 -3.055572E-01 -3.055572E-01
    91    10356.0539    8.16125812  8.005074E+08  6.955453E+08  5.252008E+30
        6.907787E+00  2.361913E+01  6.795251E+00  0.0000000000  0.000000E+00
        1.832424E+26 -4.006028E+00 -1.988370E+00 -3.055572E-01 -3.055572E-01
    92    10242.5363    8.16169097  8.001086E+08  7.164597E+08  5.020482E+30
        6.900160E+00  2.361922E+01  6.795316E+00  0.0000000000  0.000000E+00
        1.628789E+26 -4.006028E+00 -1.988370E+00 -3.055572E-01 -3.055572E-01
    93    10126.0629    8.16213660  7.996982E+08  7.387655E+08  4.791066E+30
        6.892263E+00  2.361931E+01  6.795388E+00  0.0000000000  0.000000E+00
        1.442925E+26 -4.006028E+00 -1.988370E+00 -3.055572E-01 -3.055572E-01
    94    10003.0406    8.16260418  7.992678E+08  7.633177E+08  4.557537E+30
        6.883841E+00  2.361942E+01  6.795468E+00  0.0000000000  0.000000E+00
        1.269050E+26 -4.006028E+00 -1.988370E+00 -3.055572E-01 -3.055572E-01
    95     9874.5710    8.16309314  7.988180E+08  7.901271E+08  4.323009E+30
        6.874948E+00  2.361954E+01  6.795556E+00  0.0000000000  0.000000E+00
        1.109052E+26 -4.006028E+00 -1.988370E+00 -3.055572E-01 -3.055572E-01
    96     9739.9447    8.16360528  7.983472E+08  8.196131E+08  4.087210E+30
        6.865510E+00  2.361967E+01  6.795651E+00  0.0000000000  0.000000E+00
        9.620880E+25 -4.006028E+00 -1.988370E+00 -3.055572E-01 -3.055572E-01
    97     9601.2983    8.16413138  7.978638E+08  8.515953E+08  3.854737E+30
        6.855648E+00  2.361981E+01  6.795752E+00  0.0000000000  0.000000E+00
        8.300629E+25 -4.006028E+00 -1.988370E+00 -3.055572E-01 -3.055572E-01
    98     9455.3818    8.16468569  7.973547E+08  8.872127E+08  3.621070E+30
        6.845091E+00  2.361996E+01  6.795859E+00  0.0000000000  0.000000E+00
        7.093641E+25 -4.006028E+00 -1.988370E+00 -3.055572E-01 -3.055572E-01
    99     9376.2703    8.16498743  7.970778E+08  9.073367E+08  3.498963E+30
        6.839282E+00  2.362004E+01  6.795917E+00  0.0000000000  0.000000E+00
        6.508759E+25 -4.006028E+00 -1.988370E+00 -3.055572E-01 -3.055572E-01
   100     9226.6686    8.16556055  7.965520E+08  9.474546E+08  3.276615E+30
        6.828123E+00  2.362018E+01  6.796026E+00  0.0000000000  0.000000E+00
        5.520381E+25 -4.006028E+00 -1.988370E+00 -3.055572E-01 -3.055572E-01
   101     9075.3042    8.16614112  7.960198E+08  9.907613E+08  3.062739E+30
        6.816580E+00  2.362033E+01  6.796133E+00  0.0000000000  0.000000E+00
        4.660075E+25 -4.006028E+00 -1.988370E+00 -3.055572E-01 -3.055572E-01
   102     8927.9086    8.16671120  7.954975E+08  1.035783E+09  2.864798E+30
        6.805083E+00  2.362047E+01  6.796241E+00  0.0000000000  0.000000E+00
        3.939271E+25 -4.006028E+00 -1.988370E+00 -3.055572E-01 -3.055572E-01
   103     8809.5151    8.16717221  7.950754E+08  1.074047E+09  2.712952E+30
        6.795661E+00  2.362059E+01  6.796330E+00  0.0000000000  0.000000E+00
        3.434389E+25 -4.006028E+00 -1.988370E+00 -3.055572E-01 -3.055572E-01
   104     8664.5115    8.16773755  7.945581E+08  1.123768E+09  2.535392E+30
        6.783907E+00  2.362074E+01  6.796438E+00  0.0000000000  0.000000E+00
        2.896496E+25 -4.006028E+00 -1.988370E+00 -3.055572E-01 -3.055572E-01
   105     8521.6912    8.16829286  7.940503E+08  1.175790E+09  2.369281E+30
        6.772120E+00  2.362087E+01  6.796542E+00  0.0000000000  0.000000E+00
        2.443168E+25 -4.006028E+00 -1.988370E+00 -3.055572E-01 -3.055572E-01
   106     8409.0606    8.16872795  7.936526E+08  1.218899E+09  2.244235E+30
        6.762696E+00  2.362098E+01  6.796619E+00  0.0000000000  0.000000E+00
        2.133338E+25 -4.006028E+00 -1.988370E+00 -3.055572E-01 -3.055572E-01
   107     8269.9209    8.16926048  7.931662E+08  1.274966E+09  2.096772E+30
        6.750919E+00  2.362109E+01  6.796706E+00  0.0000000000  0.000000E+00
        1.802133E+25 -4.006028E+00 -1.988370E+00 -3.055572E-01 -3.055572E-01
   108     8132.8185    8.16977768  7.926940E+08  1.333242E+09  1.958813E+30
        6.739181E+00  2.362119E+01  6.796781E+00  0.0000000000  0.000000E+00
        1.523967E+25 -4.006028E+00 -1.988370E+00 -3.055572E-01 -3.055572E-01
   109     7997.3515    8.17027988  7.922358E+08  1.393949E+09  1.829410E+30
        6.727456E+00  2.362128E+01  6.796840E+00  0.0000000000  0.000000E+00
        1.289751E+25 -4.006028E+00 -1.988370E+00 -3.055572E-01 -3.055572E-01
   110     7865.3124    8.17076298  7.917953E+08  1.456354E+09  1.709650E+30
        6.715900E+00  2.362134E+01  6.796883E+00  0.0000000000  0.000000E+00
        1.094848E+25 -4.006028E+00 -1.988370E+00 -3.055572E-01 -3.055572E-01
   111     7736.3178    8.17123022  7.913695E+08  1.520710E+09  1.598502E+30
        6.704472E+00  2.362139E+01  6.796918E+00  0.0000000000  0.000000E+00
        9.314080E+24 -4.006028E+00 -1.988370E+00 -3.055572E-01 -3.055572E-01
   112     7610.1273    8.17168543  7.909549E+08  1.587295E+09  1.495163E+30
        6.693135E+00  2.362144E+01  6.796948E+00  0.0000000000  0.000000E+00
        7.936933E+24 -4.006028E+00 -1.988370E+00 -3.055572E-01 -3.055572E-01
   113     7487.0322    8.17213089  7.905494E+08  1.656153E+09  1.399311E+30
        6.681890E+00  2.362149E+01  6.796979E+00  0.0000000000  0.000000E+00
        6.775166E+24 -4.006028E+00 -1.988370E+00 -3.055572E-01 -3.055572E-01
   114     7367.0355    8.17256952  7.901502E+08  1.727449E+09  1.310412E+30
        6.670719E+00  2.362154E+01  6.797015E+00  0.0000000000  0.000000E+00
        5.790800E+24 -4.006028E+00 -1.988370E+00 -3.055572E-01 -3.055572E-01
   115     7316.3416    8.17275683  7.899799E+08  1.758794E+09  1.274164E+30
        6.668531E+00  2.362157E+01  6.797098E+00  0.0004301317 -1.868440E-04
        5.419836E+24 -4.006028E+00 -1.988370E+00 -3.055572E-01 -3.055572E-01
   116     7267.7646    8.17293782  7.898153E+08  1.790083E+09  1.240143E+30
        6.666282E+00  2.362160E+01  6.797121E+00  0.0027056827 -1.176656E-03
        5.099467E+24 -4.006028E+00 -1.988370E+00 -3.055572E-01 -3.055572E-01
   117     7208.2513    8.17316204  7.896114E+08  1.831634E+09  1.199400E+30
        6.662057E+00  2.362165E+01  6.797155E+00  0.0087347004 -3.810097E-03
        4.741517E+24 -4.006028E+00 -1.988370E+00 -3.055572E-01 -3.055572E-01
   118     7138.4787    8.17342955  7.893683E+08  1.887232E+09  1.152921E+30
        6.655727E+00  2.362171E+01  6.797199E+00  0.0208118217 -9.133838E-03
        4.350167E+24 -4.006028E+00 -1.988370E+00 -3.055572E-01 -3.055572E-01
   119     7075.3233    8.17367616  7.891442E+08  1.944794E+09  1.112027E+30
        6.649200E+00  2.362177E+01  6.797242E+00  0.0359335108 -1.589301E-02
        4.011298E+24 -4.006028E+00 -1.988370E+00 -3.055572E-01 -3.055572E-01
   120     6998.0726    8.17398373  7.888648E+08  2.024450E+09  1.063497E+30
        6.640635E+00  2.362185E+01  6.797293E+00  0.0588785481 -2.635433E-02
        3.613312E+24 -4.006028E+00 -1.988370E+00 -3.055572E-01 -3.055572E-01
   121     6900.5996    8.17437999  7.885050E+08  2.135986E+09  1.004555E+30
        6.629516E+00  2.362193E+01  6.797348E+00  0.0921292352 -4.197597E-02
        3.149081E+24 -4.006028E+00 -1.988370E+00 -3.055572E-01 -3.055572E-01
   122     6781.0548    8.17488352  7.880480E+08  2.285399E+09  9.356465E+29
        6.615803E+00  2.362201E+01  6.797404E+00  0.1365857076 -6.378077E-02
        2.644741E+24 -4.006028E+00 -1.988370E+00 -3.055572E-01 -3.055572E-01
   123     6653.2901    8.17545892  7.875261E+08  2.457964E+09  8.659508E+29
        6.601078E+00  2.362211E+01  6.797464E+00  0.1866918521 -8.974488E-02
        2.181926E+24 -4.006028E+00 -1.988370E+00 -3.055572E-01 -3.055572E-01
   124     6527.3830    8.17607679  7.869661E+08  2.639558E+09  8.010984E+29
        6.586481E+00  2.362222E+01  6.797540E+00  0.2374059629 -1.177066E-01
        1.797950E+24 -4.006028E+00 -1.988370E+00 -3.055572E-01 -3.055572E-01
   125     6405.9002    8.17671055  7.863921E+08  2.824609E+09  7.420214E+29
        6.572322E+00  2.362235E+01  6.797637E+00  0.2866424187 -1.466927E-01
        1.485312E+24 -4.006028E+00 -1.988370E+00 -3.055572E-01 -3.055572E-01
   126     6289.5404    8.17735378  7.858100E+08  3.010449E+09  6.885384E+29
        6.558683E+00  2.362249E+01  6.797739E+00  0.3334513803 -1.761682E-01
        1.235288E+24 -4.006028E+00 -1.988370E+00 -3.055572E-01 -3.055572E-01
   127     6177.0460    8.17802846  7.851998E+08  3.198335E+09  6.395893E+29
        6.545395E+00  2.362261E+01  6.797833E+00  0.3780260631 -2.062278E-01
        1.029373E+24 -4.006028E+00 -1.988370E+00 -3.055572E-01 -3.055572E-01
   128     6067.3448    8.17873327  7.845630E+08  3.390716E+09  5.943849E+29
        6.532238E+00  2.362271E+01  6.797917E+00  0.4208412037 -2.372023E-01
        8.584159E+23 -4.006028E+00 -1.988370E+00 -3.055572E-01 -3.055572E-01
   129     5959.0581    8.17944695  7.839186E+08  3.592533E+09  5.521662E+29
        6.518855E+00  2.362281E+01  6.797993E+00  0.4628146245 -2.698758E-01
        7.135777E+23 -4.006028E+00 -1.988370E+00 -3.055572E-01 -3.055572E-01
   130     5851.0760    8.18020365  7.832359E+08  3.812910E+09  5.123251E+29
        6.504647E+00  2.362290E+01  6.798064E+00  0.5054617909 -3.058001E-01
        5.848057E+23 -4.006028E+00 -1.988370E+00 -3.055572E-01 -3.055572E-01
   131     5744.1529    8.18106870  7.824563E+08  4.069190E+09  4.749431E+29
        6.488494E+00  2.362300E+01  6.798140E+00  0.5513989246 -3.481397E-01
        4.656485E+23 -4.006028E+00 -1.988370E+00 -3.055572E-01 -3.055572E-01
   132     5629.1052    8.18212762  7.815029E+08  4.422195E+09  4.369544E+29
        6.466494E+00  2.362315E+01  6.798241E+00  0.6094773585 -4.083538E-01
        3.408227E+23 -4.006028E+00 -1.988370E+00 -3.055572E-01 -3.055572E-01
   133     5490.4949    8.18369658  7.800926E+08  5.038279E+09  3.940539E+29
        6.427107E+00  2.362339E+01  6.798396E+00  0.7001031204 -5.230281E-01
        1.937520E+23 -4.006028E+00 -1.988370E+00 -3.055572E-01 -3.055572E-01
   134     5405.3915    8.18482038  7.790839E+08  5.539176E+09  3.692279E+29
        6.392831E+00  2.362351E+01  6.798476E+00  0.7654117551 -6.296938E-01
        1.180132E+23 -4.006028E+00 -1.988370E+00 -3.055572E-01 -3.055572E-01
   135     5324.9848    8.18578991  7.782148E+08  6.007169E+09  3.469684E+29
        6.358321E+00  2.362357E+01  6.798519E+00  0.8195062708 -7.435379E-01
        7.116804E+22 -4.006028E+00 -1.988370E+00 -3.055572E-01 -3.055572E-01
   136     5235.8341    8.18668390  7.774142E+08  6.455763E+09  3.236428E+29
        6.322710E+00  2.362363E+01  6.798562E+00  0.8642877835 -8.673811E-01
        4.197118E+22 -4.006028E+00 -1.988370E+00 -3.055572E-01 -3.055572E-01
   137     5150.1526    8.18745740  7.767222E+08  6.861360E+09  3.024331E+29
        6.288187E+00  2.362369E+01  6.798602E+00  0.8985625526 -9.938017E-01
        2.503029E+22 -4.006028E+00 -1.988370E+00 -3.055572E-01 -3.055572E-01
   138     5058.3659    8.18819928  7.760591E+08  7.272979E+09  2.809623E+29
        6.250517E+00  2.362377E+01  6.798655E+00  0.9273591330 -1.138819E+00
        1.413287E+22 -4.006028E+00 -1.988370E+00 -3.055572E-01 -3.055572E-01
   139     4965.1593    8.18883459  7.754917E+08  7.647087E+09  2.604381E+29
        6.213795E+00  2.362387E+01  6.798721E+00  0.9483756243 -1.287145E+00
        8.056762E+21 -4.006028E+00 -1.988370E+00 -3.055572E-01 -3.055572E-01
   140     4858.9691    8.18939259  7.749936E+08  8.017849E+09  2.385560E+29
        6.174972E+00  2.362396E+01  6.798788E+00  0.9646216424 -1.451262E+00
        4.428668E+21 -4.006028E+00 -1.988370E+00 -3.055572E-01 -3.055572E-01
   141     4742.3096    8.18986736  7.745701E+08  8.387587E+09  2.162213E+29
        6.133778E+00  2.362403E+01  6.798851E+00  0.9767271926 -1.633151E+00
        2.332716E+21 -4.006028E+00 -1.988362E+00 -3.055573E-01 -3.055573E-01
   142     4636.0624    8.19026532  7.742153E+08  8.710735E+09  1.973050E+29
        6.095564E+00  2.362410E+01  6.798912E+00  0.9839193568 -1.793697E+00
        1.282979E+21 -4.006028E+00 -1.988222E+00 -3.055587E-01 -3.055587E-01
   143     4513.8445    8.19070061  7.738274E+08  9.051350E+09  1.771300E+29
        6.052556E+00  2.362419E+01  6.798976E+00  0.9872241701 -1.893611E+00
        6.509320E+20 -4.006028E+00 -1.984686E+00 -3.055956E-01 -3.055956E-01
   144     4377.9591    8.19109436  7.734767E+08  9.377825E+09  1.566025E+29
        6.008961E+00  2.362429E+01  6.799039E+00  0.9874645540 -1.901860E+00
        3.266106E+20 -4.006028E+00 -1.975974E+00 -3.056877E-01 -3.056877E-01
   145     4235.0854    8.19144153  7.731676E+08  9.693966E+09  1.370293E+29
        5.965141E+00  2.362440E+01  6.799113E+00  0.9876246094 -1.907441E+00
        1.629811E+20 -4.006028E+00 -1.969903E+00 -3.057530E-01 -3.057530E-01
   146     4116.2265    8.19168828  7.729480E+08  9.952365E+09  1.222123E+29
        5.928204E+00  2.362445E+01  6.799148E+00  0.9877605594 -1.912238E+00
        9.057413E+19 -4.006028E+00 -1.965898E+00 -3.057966E-01 -3.057966E-01
   147     4000.8869    8.19189196  7.727668E+08  1.020281E+10  1.090284E+29
        5.891058E+00  2.362445E+01  6.799146E+00  0.9878968158 -1.917100E+00
        5.009140E+19 -4.006028E+00 -1.960898E+00 -3.058516E-01 -3.058516E-01
   148     3908.9420    8.19205435  7.726223E+08  1.043044E+10  9.930906E+28
        5.855166E+00  2.362445E+01  6.799143E+00  0.9881163019 -1.925048E+00
        2.821162E+19 -4.006028E+00 -1.959824E+00 -3.058635E-01 -3.058635E-01
   149     3818.6296    8.19221132  7.724827E+08  1.062823E+10  9.041180E+28
        5.822680E+00  2.362445E+01  6.799147E+00  0.9883006744 -1.931839E+00
        1.677000E+19 -4.006028E+00 -1.959017E+00 -3.058725E-01 -3.058725E-01
   150     3725.7937    8.19236010  7.723504E+08  1.082831E+10  8.190708E+28
        5.788110E+00  2.362446E+01  6.799152E+00  0.9884849458 -1.938734E+00
        9.632289E+18 -4.006028E+00 -1.958254E+00 -3.058810E-01 -3.058810E-01
   151     3634.6675    8.19248566  7.722388E+08  1.101069E+10  7.416165E+28
        5.754883E+00  2.362446E+01  6.799154E+00  0.9886515734 -1.945064E+00
        5.650726E+18 -4.006028E+00 -1.957600E+00 -3.058883E-01 -3.058883E-01
   152     3531.2498    8.19260101  7.721362E+08  1.119090E+10  6.605703E+28
        5.720504E+00  2.362446E+01  6.799155E+00  0.9888150310 -1.951365E+00
        3.252905E+18 -4.006028E+00 -1.956990E+00 -3.058951E-01 -3.058951E-01
   153     3396.2069    8.19272072  7.720298E+08  1.139655E+10  5.650178E+28
        5.679648E+00  2.362447E+01  6.799157E+00  0.9889994937 -1.958587E+00
        1.687046E+18 -4.006028E+00 -1.956338E+00 -3.059024E-01 -3.059024E-01
   154     3258.7011    8.19282308  7.719388E+08  1.159305E+10  4.788079E+28
        5.639407E+00  2.362447E+01  6.799158E+00  0.9891724903 -1.965471E+00
        8.828412E+17 -4.006028E+00 -1.955755E+00 -3.059089E-01 -3.059089E-01
   155     3106.7553    8.19292362  7.718495E+08  1.181367E+10  3.954676E+28
        5.592121E+00  2.362447E+01  6.799160E+00  0.9893669940 -1.973344E+00
        4.117799E+17 -4.006028E+00 -1.955115E+00 -3.059160E-01 -3.059160E-01
   156     2950.6726    8.19301271  7.717703E+08  1.202836E+10  3.217197E+28
        5.544761E+00  2.362447E+01  6.799160E+00  0.9895507039 -1.980913E+00
        1.914815E+17 -4.006028E+00 -1.954500E+00 -3.059229E-01 -3.059229E-01
   157     2785.4374    8.19309300  7.716990E+08  1.225400E+10  2.554388E+28
        5.493225E+00  2.362447E+01  6.799161E+00  0.9897409306 -1.988892E+00
        8.303614E+16 -4.006028E+00 -1.953876E+00 -3.059300E-01 -3.059300E-01
   158     2637.8642    8.19316086  7.716387E+08  1.245627E+10  2.054259E+28
        5.445532E+00  2.362447E+01  6.799161E+00  0.9899082131 -1.996032E+00
        3.823860E+16 -4.006028E+00 -1.953341E+00 -3.059360E-01 -3.059360E-01
   159     2491.9732    8.19323581  7.715721E+08  1.265805E+10  1.635852E+28
        5.396392E+00  2.362448E+01  6.799162E+00  0.9901231714 -2.005382E+00
        1.716423E+16 -4.006028E+00 -1.956455E+00 -3.059010E-01 -3.059010E-01
   160     2337.7733    8.19330079  7.715144E+08  1.287562E+10  1.266821E+28
        5.341188E+00  2.362448E+01  6.799163E+00  0.9904754059 -2.021154E+00
        6.960198E+15 -4.006028E+00 -1.957405E+00 -3.058904E-01 -3.058904E-01
   161     2198.0547    8.19335822  7.714634E+08  1.307607E+10  9.899244E+27
        5.288571E+00  2.362448E+01  6.799163E+00  0.9909495227 -2.043329E+00
        2.937288E+15 -4.006028E+00 -1.959587E+00 -3.058662E-01 -3.058662E-01
   162     2070.4000    8.19341013  7.714173E+08  1.326341E+10  7.791359E+27
        5.237616E+00  2.362448E+01  6.799164E+00  0.9914233813 -2.066684E+00
        1.271281E+15 -4.006028E+00 -1.962690E+00 -3.058318E-01 -3.058318E-01
   163     1935.8773    8.19346466  7.713689E+08  1.346688E+10  5.954604E+27
        5.180248E+00  2.362448E+01  6.799164E+00  0.9919518113 -2.094302E+00
        4.952408E+14 -4.006028E+00 -1.963305E+00 -3.058251E-01 -3.058251E-01
   164     1831.5753    8.19351671  7.713226E+08  1.363036E+10  4.770772E+27
        5.132738E+00  2.362448E+01  6.799165E+00  0.9924576217 -2.122492E+00
        2.282238E+14 -4.006028E+00 -1.963854E+00 -3.058190E-01 -3.058190E-01
   165     1778.2437    8.19354836  7.712945E+08  1.371560E+10  4.238606E+27
        5.107132E+00  2.362448E+01  6.799165E+00  0.9931990680 -2.167432E+00
        1.508627E+14 -4.006028E+00 -1.965567E+00 -3.058003E-01 -3.058003E-01
   166     1734.2504    8.19357348  7.712722E+08  1.378582E+10  3.834247E+27
        5.085192E+00  2.362448E+01  6.799165E+00  0.9941017410 -2.229276E+00
        1.047630E+14 -4.006028E+00 -1.966924E+00 -3.057854E-01 -3.057854E-01
   167     1691.0651    8.19359354  7.712544E+08  1.385390E+10  3.466204E+27
        5.062697E+00  2.362448E+01  6.799165E+00  0.9953048645 -2.328352E+00
        7.244233E+13 -4.006028E+00 -1.967168E+00 -3.057828E-01 -3.057828E-01
   168     1644.2546    8.19361095  7.712390E+08  1.392556E+10  3.097930E+27
        5.037383E+00  2.362448E+01  6.799165E+00  0.9964217677 -2.446331E+00
        4.826507E+13 -4.006028E+00 -1.967190E+00 -3.057825E-01 -3.057825E-01
   169     1598.2083    8.19362589  7.712257E+08  1.399418E+10  2.765119E+27
        5.011600E+00  2.362448E+01  6.799165E+00  0.9972950847 -2.567846E+00
        3.203746E+13 -4.006028E+00 -1.967190E+00 -3.057825E-01 -3.057825E-01
   170     1551.8165    8.19364038  7.712128E+08  1.406175E+10  2.457691E+27
        4.984568E+00  2.362448E+01  6.799166E+00  0.9979895626 -2.696709E+00
        2.094768E+13 -4.006028E+00 -1.967190E+00 -3.057825E-01 -3.057825E-01
   171     1508.4974    8.19365530  7.711996E+08  1.412337E+10  2.194468E+27
        4.958241E+00  2.362448E+01  6.799166E+00  0.9984986602 -2.823521E+00
        1.387446E+13 -4.006028E+00 -1.967190E+00 -3.057825E-01 -3.057825E-01
   172     1467.1211    8.19367045  7.711861E+08  1.418101E+10  1.963359E+27
        4.932081E+00  2.362448E+01  6.799166E+00  0.9988799555 -2.950765E+00
        9.292725E+12 -4.006028E+00 -1.967190E+00 -3.057825E-01 -3.057825E-01
   173     1430.2104    8.19368268  7.711753E+08  1.423159E+10  1.773059E+27
        4.907794E+00  2.362448E+01  6.799166E+00  0.9991499413 -3.070551E+00
        6.434749E+12 -4.006028E+00 -1.967190E+00 -3.057825E-01 -3.057825E-01
   174     1391.7249    8.19369484  7.711645E+08  1.428310E+10  1.589736E+27
        4.881378E+00  2.362448E+01  6.799166E+00  0.9993734854 -3.203069E+00
        4.334749E+12 -4.006028E+00 -1.967190E+00 -3.057825E-01 -3.057825E-01
   175     1356.1729    8.19370711  7.711536E+08  1.432955E+10  1.433374E+27
        4.856025E+00  2.362448E+01  6.799166E+00  0.9995312558 -3.329064E+00
        2.980061E+12 -4.006028E+00 -1.967190E+00 -3.057825E-01 -3.057825E-01
   176     1320.7164    8.19372198  7.711404E+08  1.437473E+10  1.289207E+27
        4.829777E+00  2.362448E+01  6.799166E+00  0.9996487680 -3.454406E+00
        2.030584E+12 -4.006028E+00 -1.967190E+00 -3.057825E-01 -3.057825E-01
   177     1291.5895    8.19373633  7.711276E+08  1.441097E+10  1.179147E+27
        4.807368E+00  2.362448E+01  6.799166E+00  0.9997247327 -3.560245E+00
        1.465711E+12 -4.006028E+00 -1.967190E+00 -3.057825E-01 -3.057825E-01
   178     1261.5232    8.19375098  7.711146E+08  1.444757E+10  1.073090E+27
        4.783203E+00  2.362448E+01  6.799166E+00  0.9997928978 -3.683815E+00
        1.035786E+12 -4.006028E+00 -1.967190E+00 -3.057825E-01 -3.057825E-01
   179     1232.6210    8.19376270  7.711042E+08  1.448197E+10  9.780519E+26
        4.758895E+00  2.362448E+01  6.799166E+00  0.9998461362 -3.812864E+00
        7.322227E+11 -4.006022E+00 -1.967190E+00 -3.057825E-01 -3.057825E-01
   180     1208.8588    8.19376136  7.711054E+08  1.450813E+10  9.047888E+26
        4.739369E+00  2.362448E+01  6.799166E+00  0.9998667955 -3.875481E+00
        5.550283E+11 -4.005345E+00 -1.967197E+00 -3.057825E-01 -3.057825E-01
   181     1181.9297    8.19376397  7.711031E+08  1.453546E+10  8.268161E+26
        4.717930E+00  2.362448E+01  6.799166E+00  0.9998761844 -3.907225E+00
        4.100162E+11 -4.005177E+00 -1.967198E+00 -3.057825E-01 -3.057825E-01
   182     1151.2502    8.19376627  7.711011E+08  1.456554E+10  7.442502E+26
        4.693050E+00  2.362448E+01  6.799166E+00  0.9998846037 -3.937808E+00
        2.889673E+11 -4.005016E+00 -1.967200E+00 -3.057825E-01 -3.057825E-01
   183     1122.6656    8.19374508  7.711199E+08  1.459258E+10  6.730740E+26
        4.669557E+00  2.362448E+01  6.799166E+00  0.9998911074 -3.963002E+00
        2.079366E+11 -4.002808E+00 -1.967220E+00 -3.057825E-01 -3.057825E-01
   184     1095.1095    8.19373259  7.711310E+08  1.461706E+10  6.094020E+26
        4.647303E+00  2.362448E+01  6.799166E+00  0.9998894001 -3.956245E+00
        1.523928E+11 -4.001146E+00 -1.967235E+00 -3.057825E-01 -3.057825E-01
