     1    58211.0789    8.25227753  7.706402E+08  4.000000E+05  4.858960E+33
        7.963346E+00  2.389851E+01  6.983316E+00  0.0000000000  0.000000E+00
        6.989984E+34 -9.990659E+00 -1.997203E+00 -3.054233E-01 -3.054233E-01
     2    54913.3966    8.26239014  7.617200E+08  8.000000E+05  3.759424E+33
        7.895532E+00  2.390896E+01  6.990975E+00  0.0000000000  0.000000E+00
        2.819679E+34 -9.989754E+00 -1.997203E+00 -3.054233E-01 -3.054233E-01
     3    51709.0019    8.26984272  7.552123E+08  1.200000E+06  2.905495E+33
        7.857799E+00  2.391462E+01  6.995095E+00  0.0000000000  0.000000E+00
        1.570113E+34 -9.988815E+00 -1.997203E+00 -3.054233E-01 -3.054233E-01
     4    48960.2603    8.27553732  7.502772E+08  1.600000E+06  2.304814E+33
        7.832503E+00  2.391826E+01  6.997732E+00  0.0000000000  0.000000E+00
        1.017770E+34 -9.991382E+00 -1.997203E+00 -3.054233E-01 -3.054233E-01
     5    46681.2099    8.27995754  7.464688E+08  2.000000E+06  1.885424E+33
        7.813717E+00  2.392085E+01  6.999607E+00  0.0000000000  0.000000E+00
        7.202732E+33 -9.991208E+00 -1.997203E+00 -3.054233E-01 -3.054233E-01
     6    44797.9847    8.28347218  7.434544E+08  2.400000E+06  1.586207E+33
        7.798831E+00  2.392284E+01  7.001045E+00  0.0000000000  0.000000E+00
        5.397065E+33 -9.990530E+00 -1.997203E+00 -3.054233E-01 -3.054233E-01
     7    43175.5403    8.28643087  7.409262E+08  2.800000E+06  1.359310E+33
        7.785989E+00  2.392450E+01  7.002249E+00  0.0000000000  0.000000E+00
        4.168781E+33 -9.990800E+00 -1.997203E+00 -3.054233E-01 -3.054233E-01
     8    41400.0933    8.28960415  7.382243E+08  3.347895E+06  1.140773E+33
        7.771641E+00  2.392629E+01  7.003543E+00  0.0000000000  0.000000E+00
        3.095097E+33 -9.993466E+00 -1.997203E+00 -3.054233E-01 -3.054233E-01
     9    40140.8476    8.29184606  7.363213E+08  3.833011E+06  1.002994E+33
        7.760796E+00  2.392757E+01  7.004471E+00  0.0000000000  0.000000E+00
        2.460824E+33 -9.993035E+00 -1.997203E+00 -3.054233E-01 -3.054233E-01
    10    38770.2441    8.29425357  7.342832E+08  4.493752E+06  8.680382E+32
        7.748103E+00  2.392898E+01  7.005494E+00  0.0000000000  0.000000E+00
        1.878996E+33 -9.995159E+00 -1.997203E+00 -3.054233E-01 -3.054233E-01
    11    37395.2822    8.29667517  7.322389E+08  5.367757E+06  7.471199E+32
        7.733727E+00  2.393045E+01  7.006565E+00  0.0000000000  0.000000E+00
        1.386945E+33 -9.994861E+00 -1.997203E+00 -3.054233E-01 -3.054233E-01
    12    36119.8209    8.29892902  7.303414E+08  6.450282E+06  6.469215E+32
        7.718397E+00  2.393187E+01  7.007599E+00  0.0000000000  0.000000E+00
        1.008454E+33 -9.996446E+00 -1.997203E+00 -3.054233E-01 -3.054233E-01
    13    34956.1989    8.30099904  7.286029E+08  7.794047E+06  5.648017E+32
        7.701934E+00  2.393321E+01  7.008587E+00  0.0000000000  0.000000E+00
        7.216326E+32 -9.997651E+00 -1.997203E+00 -3.054233E-01 -3.054233E-01
    14    33843.6477    8.30298759  7.269367E+08  9.522625E+06  4.939913E+32
        7.683681E+00  2.393454E+01  7.009561E+00  0.0000000000  0.000000E+00
        5.022104E+32 -9.998491E+00 -1.997203E+00 -3.054233E-01 -3.054233E-01
    15    32794.5646    8.30489339  7.253435E+08  1.174151E+07  4.336230E+32
        7.663634E+00  2.393585E+01  7.010530E+00  0.0000000000  0.000000E+00
        3.397664E+32 -9.999059E+00 -1.997203E+00 -3.054233E-01 -3.054233E-01
    16    31739.6676    8.30682608  7.237313E+08  1.469043E+07  3.787753E+32
        7.641084E+00  2.393722E+01  7.011541E+00  0.0000000000  0.000000E+00
        2.199136E+32 -9.999415E+00 -1.997203E+00 -3.054233E-01 -3.054233E-01
    17    30693.1488    8.30879087  7.220960E+08  1.856707E+07  3.297411E+32
        7.616179E+00  2.393866E+01  7.012602E+00  0.0000000000  0.000000E+00
        1.360293E+32 -9.999624E+00 -1.997203E+00 -3.054233E-01 -3.054233E-01
    18    29627.8158    8.31080314  7.204251E+08  2.363436E+07  2.849664E+32
        7.588873E+00  2.394014E+01  7.013695E+00  0.0000000000  0.000000E+00
        7.991557E+31 -9.999724E+00 -1.997203E+00 -3.054233E-01 -3.054233E-01
    19    28546.4079    8.31282994  7.187460E+08  3.003655E+07  2.444411E+32
        7.559744E+00  2.394161E+01  7.014781E+00  0.0000000000  0.000000E+00
        4.487875E+31 -9.999750E+00 -1.997203E+00 -3.054233E-01 -3.054233E-01
    20    27430.4688    8.31489276  7.170411E+08  3.811222E+07  2.074142E+32
        7.528413E+00  2.394307E+01  7.015864E+00  0.0000000000  0.000000E+00
        2.383557E+31 -9.999720E+00 -1.997203E+00 -3.054233E-01 -3.054233E-01
    21    26269.2925    8.31699880  7.153046E+08  4.821482E+07  1.736173E+32
        7.494704E+00  2.394453E+01  7.016939E+00  0.0000000000  0.000000E+00
        1.190702E+31 -9.999704E+00 -1.997203E+00 -3.054233E-01 -3.054233E-01
    22    25072.1951    8.31913338  7.135489E+08  6.064424E+07  1.433621E+32
        7.458787E+00  2.394600E+01  7.018028E+00  0.0000000000  0.000000E+00
        5.615141E+30 -9.999555E+00 -1.997203E+00 -3.054233E-01 -3.054233E-01
    23    23858.6968    8.32125696  7.118065E+08  7.566314E+07  1.169845E+32
        7.421026E+00  2.394748E+01  7.019131E+00  0.0000000000  0.000000E+00
        2.524304E+30 -9.999399E+00 -1.997203E+00 -3.054233E-01 -3.054233E-01
    24    22657.4740    8.32330573  7.101295E+08  9.339421E+07  9.469749E+31
        7.382122E+00  2.394890E+01  7.020195E+00  0.0000000000  0.000000E+00
        1.102040E+30 -9.999240E+00 -1.997203E+00 -3.054233E-01 -3.054233E-01
    25    21484.8827    8.32523610  7.085530E+08  1.140349E+08  7.622441E+31
        7.342541E+00  2.395023E+01  7.021179E+00  0.0000000000  0.000000E+00
        4.745839E+29 -9.999073E+00 -1.997203E+00 -3.054233E-01 -3.054233E-01
    26    20360.3173    8.32702453  7.070956E+08  1.376954E+08  6.122262E+31
        7.302869E+00  2.395141E+01  7.022058E+00  0.0000000000  0.000000E+00
        2.053460E+29 -9.998896E+00 -1.997203E+00 -3.054233E-01 -3.054233E-01
    27    19294.1047    8.32870114  7.057320E+08  1.647261E+08  4.918080E+31
        7.263214E+00  2.395243E+01  7.022818E+00  0.0000000000  0.000000E+00
        8.998832E+28 -9.998712E+00 -1.997203E+00 -3.054233E-01 -3.054233E-01
    28    18288.8752    8.33031665  7.044207E+08  1.955839E+08  3.955757E+31
        7.223587E+00  2.395335E+01  7.023497E+00  0.0000000000  0.000000E+00
        4.015801E+28 -9.998525E+00 -1.997203E+00 -3.054233E-01 -3.054233E-01
    29    17334.8091    8.33187974  7.031541E+08  2.309354E+08  3.181228E+31
        7.183817E+00  2.395419E+01  7.024133E+00  0.0000000000  0.000000E+00
        1.831368E+28 -9.998262E+00 -1.997203E+00 -3.054233E-01 -3.054233E-01
    30    16430.7429    8.33337062  7.019483E+08  2.712092E+08  2.558918E+31
        7.144122E+00  2.395498E+01  7.024723E+00  0.0000000000  0.000000E+00
        8.624633E+27 -9.997560E+00 -1.997203E+00 -3.054233E-01 -3.054233E-01
    31    15570.7674    8.33476018  7.008262E+08  3.170352E+08  2.057208E+31
        7.104554E+00  2.395567E+01  7.025223E+00  0.0000000000  0.000000E+00
        4.214188E+27 -9.996870E+00 -1.997203E+00 -3.054233E-01 -3.054233E-01
    32    14760.1623    8.33604282  6.997920E+08  3.688545E+08  1.656227E+31
        7.065368E+00  2.395630E+01  7.025668E+00  0.0000000000  0.000000E+00
        2.139549E+27 -9.996242E+00 -1.997203E+00 -3.054233E-01 -3.054233E-01
    33    13995.8679    8.33726396  6.988089E+08  4.277903E+08  1.335161E+31
        7.026337E+00  2.395696E+01  7.026154E+00  0.0000000000  0.000000E+00
        1.124236E+27 -9.995697E+00 -1.997203E+00 -3.054233E-01 -3.054233E-01
    34    13274.1543    8.33841624  6.978825E+08  4.949285E+08  1.077481E+31
        6.987342E+00  2.395757E+01  7.026612E+00  0.0000000000  0.000000E+00
        6.062909E+26 -9.995679E+00 -1.997203E+00 -3.054233E-01 -3.054233E-01
    35    12864.7452    8.33904362  6.973786E+08  5.383275E+08  9.492036E+30
        6.964285E+00  2.395785E+01  7.026822E+00  0.0000000000  0.000000E+00
        4.251323E+26 -9.995670E+00 -1.997203E+00 -3.054233E-01 -3.054233E-01
    36    12610.8816    8.33942357  6.970736E+08  5.674373E+08  8.757023E+30
        6.949655E+00  2.395800E+01  7.026937E+00  0.0000000000  0.000000E+00
        3.405409E+26 -9.995664E+00 -1.997203E+00 -3.054233E-01 -3.054233E-01
    37    12404.8879    8.33973206  6.968260E+08  5.924884E+08  8.192898E+30
        6.937590E+00  2.395811E+01  7.027027E+00  0.0000000000  0.000000E+00
        2.841002E+26 -9.995660E+00 -1.997203E+00 -3.054233E-01 -3.054233E-01
    38    12211.2559    8.34003180  6.965856E+08  6.173420E+08  7.687901E+30
        6.926083E+00  2.395822E+01  7.027112E+00  0.0000000000  0.000000E+00
        2.393213E+26 -9.995655E+00 -1.997203E+00 -3.054233E-01 -3.054233E-01
    39    12029.4660    8.34032865  6.963476E+08  6.419187E+08  7.235274E+30
        6.915123E+00  2.395833E+01  7.027195E+00  0.0000000000  0.000000E+00
        2.034816E+26 -9.995595E+00 -1.997203E+00 -3.054233E-01 -3.054233E-01
    40    11842.7913    8.34064645  6.960929E+08  6.685287E+08  6.791537E+30
        6.903704E+00  2.395845E+01  7.027287E+00  0.0000000000  0.000000E+00
        1.720147E+26 -9.995574E+00 -1.997203E+00 -3.054233E-01 -3.054233E-01
    41    11648.1252    8.34098906  6.958183E+08  6.978829E+08  6.350871E+30
        6.891609E+00  2.395859E+01  7.027389E+00  0.0000000000  0.000000E+00
        1.441259E+26 -9.995556E+00 -1.997203E+00 -3.054233E-01 -3.054233E-01
    42    11438.0380    8.34136993  6.955133E+08  7.315772E+08  5.899762E+30
        6.878324E+00  2.395874E+01  7.027502E+00  0.0000000000  0.000000E+00
        1.188065E+26 -9.995540E+00 -1.997203E+00 -3.054233E-01 -3.054233E-01
    43    11225.3632    8.34176448  6.951974E+08  7.679878E+08  5.468086E+30
        6.864617E+00  2.395890E+01  7.027619E+00  0.0000000000  0.000000E+00
        9.743827E+25 -9.995525E+00 -1.997203E+00 -3.054233E-01 -3.054233E-01
    44    10986.6922    8.34220815  6.948424E+08  8.119494E+08  5.012541E+30
        6.848896E+00  2.395909E+01  7.027751E+00  0.0000000000  0.000000E+00
        7.771098E+25 -9.995511E+00 -1.997203E+00 -3.054233E-01 -3.054233E-01
    45    10736.6848    8.34268202  6.944635E+08  8.618629E+08  4.566643E+30
        6.832011E+00  2.395928E+01  7.027890E+00  0.0000000000  0.000000E+00
        6.102315E+25 -9.995496E+00 -1.997203E+00 -3.054233E-01 -3.054233E-01
    46    10477.0071    8.34318184  6.940639E+08  9.183108E+08  4.135855E+30
        6.814005E+00  2.395948E+01  7.028035E+00  0.0000000000  0.000000E+00
        4.721462E+25 -9.995479E+00 -1.997203E+00 -3.054233E-01 -3.054233E-01
    47    10206.4951    8.34369952  6.936504E+08  9.825684E+08  3.720534E+30
        6.794744E+00  2.395970E+01  7.028193E+00  0.0000000000  0.000000E+00
        3.593300E+25 -9.995453E+00 -1.997203E+00 -3.054233E-01 -3.054233E-01
    48     9905.5881    8.34425907  6.932037E+08  1.061258E+09  3.296554E+30
        6.772753E+00  2.395994E+01  7.028368E+00  0.0000000000  0.000000E+00
        2.634570E+25 -9.995381E+00 -1.997203E+00 -3.054233E-01 -3.054233E-01
    49     9574.2115    8.34484648  6.927351E+08  1.157722E+09  2.873187E+30
        6.747856E+00  2.396017E+01  7.028536E+00  0.0000000000  0.000000E+00
        1.856386E+25 -9.995235E+00 -1.997203E+00 -3.054233E-01 -3.054233E-01
    50     9303.6344    8.34531280  6.923632E+08  1.251663E+09  2.559151E+30
        6.733791E+00  2.396035E+01  7.028740E+00  0.0187518736 -8.221159E-03
        1.410926E+25 -9.996598E+00 -1.997203E+00 -3.054233E-01 -3.054233E-01
    51     9111.2300    8.34564933  6.920950E+08  1.337627E+09  2.352106E+30
        6.718732E+00  2.396047E+01  7.028825E+00  0.0538818431 -2.405462E-02
        1.157919E+25 -9.996974E+00 -1.997203E+00 -3.054233E-01 -3.054233E-01
    52     8834.5328    8.34612225  6.917183E+08  1.494768E+09  2.076875E+30
        6.693772E+00  2.396061E+01  7.028916E+00  0.1280066892 -5.948685E-02
        8.482076E+24 -9.996974E+00 -1.997203E+00 -3.054233E-01 -3.054233E-01
    53     8425.9499    8.34684488  6.911431E+08  1.777141E+09  1.715651E+30
        6.655345E+00  2.396089E+01  7.029111E+00  0.2553586192 -1.280528E-01
        5.143989E+24 -9.996974E+00 -1.997203E+00 -3.054233E-01 -3.054233E-01
    54     7963.4607    8.34764352  6.905079E+08  2.156889E+09  1.366350E+30
        6.609883E+00  2.396119E+01  7.029335E+00  0.4039385864 -2.247090E-01
        2.778665E+24 -9.996974E+00 -1.997203E+00 -3.054233E-01 -3.054233E-01
    55     7504.6607    8.34845586  6.898624E+08  2.592069E+09  1.075639E+30
        6.562371E+00  2.396152E+01  7.029578E+00  0.5428899775 -3.399793E-01
        1.435381E+24 -9.996974E+00 -1.997203E+00 -3.054233E-01 -3.054233E-01
    56     7077.1864    8.34924558  6.892355E+08  3.054569E+09  8.491711E+29
        6.515243E+00  2.396186E+01  7.029807E+00  0.6587320398 -4.669045E-01
        7.375323E+23 -9.996974E+00 -1.997203E+00 -3.054233E-01 -3.054233E-01
    57     6713.6603    8.34999861  6.886382E+08  3.517284E+09  6.864945E+29
        6.470180E+00  2.396206E+01  7.029945E+00  0.7482228820 -5.989837E-01
        3.872042E+23 -9.996974E+00 -1.997203E+00 -3.054233E-01 -3.054233E-01
    58     6410.3183    8.35076693  6.880293E+08  4.018463E+09  5.695734E+29
        6.421884E+00  2.396222E+01  7.030056E+00  0.8230424044 -7.521308E-01
        1.913304E+23 -9.996974E+00 -1.997203E+00 -3.054233E-01 -3.054233E-01
    59     6036.1792    8.35179751  6.872134E+08  4.816001E+09  4.467342E+29
        6.340811E+00  2.396244E+01  7.030245E+00  0.9078046394 -1.035291E+00
        5.707292E+22 -9.996974E+00 -1.997203E+00 -3.054233E-01 -3.054233E-01
    60     5675.7596    8.35261474  6.865672E+08  5.613538E+09  3.485615E+29
        6.251146E+00  2.396254E+01  7.030311E+00  0.9588292777 -1.385412E+00
        1.450674E+22 -9.996974E+00 -1.997203E+00 -3.054233E-01 -3.054233E-01
    61     5508.8156    8.35301903  6.862477E+08  6.057894E+09  3.090382E+29
        6.195334E+00  2.396262E+01  7.030370E+00  0.9762122742 -1.623647E+00
        6.096078E+21 -9.996974E+00 -1.997188E+00 -3.054233E-01 -3.054233E-01
    62     5360.7644    8.35333353  6.859992E+08  6.457811E+09  2.769310E+29
        6.138916E+00  2.396274E+01  7.030447E+00  0.9858093479 -1.847998E+00
        2.512554E+21 -9.996974E+00 -1.997084E+00 -3.054245E-01 -3.054245E-01
    63     5122.5467    8.35368615  6.857208E+08  6.915708E+09  2.307043E+29
        6.065209E+00  2.396287E+01  7.030536E+00  0.9880326099 -1.922001E+00
        7.828603E+20 -9.996974E+00 -1.986592E+00 -3.055325E-01 -3.055325E-01
    64     4864.4213    8.35396180  6.855032E+08  7.308323E+09  1.874827E+29
        5.996920E+00  2.396295E+01  7.030595E+00  0.9882362147 -1.929453E+00
        2.645916E+20 -9.996974E+00 -1.979606E+00 -3.056059E-01 -3.056059E-01
    65     4668.3441    8.35413876  6.853636E+08  7.611920E+09  1.589684E+29
        5.940308E+00  2.396302E+01  7.030643E+00  0.9884177250 -1.936206E+00
        1.072443E+20 -9.996974E+00 -1.972550E+00 -3.056812E-01 -3.056812E-01
    66     4452.7265    8.35426973  6.852602E+08  7.904840E+09  1.315323E+29
        5.881336E+00  2.396303E+01  7.030645E+00  0.9887356154 -1.948293E+00
        4.175323E+19 -9.996974E+00 -1.971007E+00 -3.056979E-01 -3.056979E-01
    67     4163.0853    8.35441031  6.851493E+08  8.253479E+09  1.004730E+29
        5.805572E+00  2.396303E+01  7.030648E+00  0.9890979038 -1.962490E+00
        1.239174E+19 -9.996974E+00 -1.969563E+00 -3.057135E-01 -3.057135E-01
    68     3834.7429    8.35453762  6.850489E+08  8.625747E+09  7.231121E+28
        5.716237E+00  2.396303E+01  7.030651E+00  0.9894747605 -1.977768E+00
        2.943341E+18 -9.996974E+00 -1.968121E+00 -3.057292E-01 -3.057292E-01
    69     3448.4264    8.35463762  6.849701E+08  9.006784E+09  4.727641E+28
        5.616632E+00  2.396304E+01  7.030654E+00  0.9898473728 -1.993422E+00
        5.888173E+17 -9.996974E+00 -1.966681E+00 -3.057449E-01 -3.057449E-01
    70     3021.6338    8.35471727  6.849073E+08  9.410675E+09  2.786431E+28
        5.503636E+00  2.396304E+01  7.030654E+00  0.9902295882 -2.010087E+00
        9.388839E+16 -9.996974E+00 -1.965331E+00 -3.057596E-01 -3.057596E-01
    71     2555.3950    8.35478837  6.848512E+08  9.865831E+09  1.425089E+28
        5.370331E+00  2.396304E+01  7.030655E+00  0.9906488694 -2.029136E+00
        1.060853E+16 -9.996974E+00 -1.965655E+00 -3.057561E-01 -3.057561E-01
    72     2056.1450    8.35484509  6.848065E+08  1.043052E+10  5.972664E+27
        5.203147E+00  2.396304E+01  7.030656E+00  0.9920852212 -2.101561E+00
        6.844937E+14 -9.996974E+00 -1.966431E+00 -3.057476E-01 -3.057476E-01
    73     1872.2040    8.35486910  6.847875E+08  1.065639E+10  4.105270E+27
        5.130467E+00  2.396304E+01  7.030656E+00  0.9948487281 -2.288086E+00
        2.087614E+14 -9.996974E+00 -1.966521E+00 -3.057466E-01 -3.057466E-01
    74     1677.0447    8.35489748  6.847652E+08  1.088227E+10  2.642891E+27
        5.042890E+00  2.396304E+01  7.030657E+00  0.9979823020 -2.695144E+00
        5.207594E+13 -9.996974E+00 -1.967267E+00 -3.057385E-01 -3.057385E-01
    75     1469.5684    8.35491596  6.847506E+08  1.110814E+10  1.558265E+27
        4.935864E+00  2.396304E+01  7.030657E+00  0.9993845685 -3.210820E+00
        1.024807E+13 -9.996974E+00 -1.967267E+00 -3.057385E-01 -3.057385E-01
    76     1236.4840    8.35498564  6.846957E+08  1.133402E+10  7.808482E+26
        4.781976E+00  2.396304E+01  7.030657E+00  0.9998925525 -3.968804E+00
        1.116174E+12 -9.996972E+00 -1.967267E+00 -3.057385E-01 -3.057385E-01
    77     1198.9226    8.35500476  6.846806E+08  1.137919E+10  6.901732E+26
        4.747376E+00  2.396304E+01  7.030657E+00  0.9999300990 -4.155517E+00
        6.862818E+11 -9.996971E+00 -1.967267E+00 -3.057385E-01 -3.057385E-01
    78     1159.6479    8.35499316  6.846897E+08  1.142437E+10  6.041011E+26
        4.706725E+00  2.396304E+01  7.030657E+00  0.9999567400 -4.363913E+00
        3.887920E+11 -9.996970E+00 -1.967267E+00 -3.057385E-01 -3.057385E-01
    79     1152.1388    8.35498732  6.846943E+08  1.143340E+10  5.886134E+26
        4.698324E+00  2.396304E+01  7.030657E+00  0.9999609631 -4.408525E+00
        3.458339E+11 -9.996970E+00 -1.967267E+00 -3.057385E-01 -3.057385E-01
    80     1144.5742    8.35498045  6.846998E+08  1.144244E+10  5.733154E+26
        4.689627E+00  2.396304E+01  7.030657E+00  0.9999649607 -4.455444E+00
        3.063846E+11 -9.996970E+00 -1.967267E+00 -3.057385E-01 -3.057385E-01
