     1    57773.5714    8.54541137  6.148083E+08  4.000000E+05  3.000639E+33
        7.947254E+00  2.463186E+01  7.498157E+00  0.0000000000  0.000000E+00
        3.463753E+34 -4.004167E+00 -1.989722E+00 -3.055434E-01 -3.055434E-01
     2    55017.5331    8.55113636  6.107693E+08  8.000000E+05  2.435434E+33
        7.911736E+00  2.463610E+01  7.501327E+00  0.0000000000  0.000000E+00
        1.666732E+34 -4.004167E+00 -1.989722E+00 -3.055434E-01 -3.055434E-01
     3    52619.6355    8.55550718  6.077036E+08  1.200000E+06  2.017402E+33
        7.886741E+00  2.463869E+01  7.503282E+00  0.0000000000  0.000000E+00
        1.004180E+34 -4.004167E+00 -1.989722E+00 -3.055434E-01 -3.055434E-01
     4    50700.9201    8.55882696  6.053854E+08  1.600000E+06  1.725618E+33
        7.867311E+00  2.464048E+01  7.504632E+00  0.0000000000  0.000000E+00
        6.817179E+33 -4.004167E+00 -1.989722E+00 -3.055434E-01 -3.055434E-01
     5    49191.7938    8.56138513  6.036050E+08  2.000000E+06  1.520176E+33
        7.851326E+00  2.464182E+01  7.505636E+00  0.0000000000  0.000000E+00
        4.980791E+33 -4.004167E+00 -1.989722E+00 -3.055434E-01 -3.055434E-01
     6    47993.9086    8.56340304  6.022044E+08  2.400000E+06  1.371039E+33
        7.837696E+00  2.464288E+01  7.506432E+00  0.0000000000  0.000000E+00
        3.824437E+33 -4.004167E+00 -1.989722E+00 -3.055434E-01 -3.055434E-01
     7    47186.6495    8.56476691  6.012595E+08  2.711437E+06  1.277079E+33
        7.827924E+00  2.464361E+01  7.506979E+00  0.0000000000  0.000000E+00
        3.167174E+33 -4.004167E+00 -1.989722E+00 -3.055434E-01 -3.055434E-01
     8    46536.0277    8.56587264  6.004946E+08  3.007223E+06  1.205016E+33
        7.819496E+00  2.464421E+01  7.507434E+00  0.0000000000  0.000000E+00
        2.696160E+33 -4.004167E+00 -1.989722E+00 -3.055434E-01 -3.055434E-01
     9    45903.2533    8.56693610  5.997598E+08  3.337405E+06  1.138010E+33
        7.810912E+00  2.464482E+01  7.507884E+00  0.0000000000  0.000000E+00
        2.292024E+33 -4.004167E+00 -1.989722E+00 -3.055434E-01 -3.055434E-01
    10    45320.3729    8.56794719  5.990621E+08  3.706653E+06  1.078785E+33
        7.802146E+00  2.464541E+01  7.508332E+00  0.0000000000  0.000000E+00
        1.944938E+33 -4.004167E+00 -1.989722E+00 -3.055434E-01 -3.055434E-01
    11    44740.2350    8.56896096  5.983633E+08  4.136653E+06  1.022210E+33
        7.792843E+00  2.464603E+01  7.508795E+00  0.0000000000  0.000000E+00
        1.636667E+33 -4.004167E+00 -1.989722E+00 -3.055434E-01 -3.055434E-01
    12    44170.6346    8.56996582  5.976714E+08  4.633706E+06  9.688956E+32
        7.783066E+00  2.464666E+01  7.509270E+00  0.0000000000  0.000000E+00
        1.367423E+33 -4.004167E+00 -1.989722E+00 -3.055434E-01 -3.055434E-01
    13    43589.6654    8.57097394  5.969782E+08  5.211726E+06  9.167870E+32
        7.772754E+00  2.464731E+01  7.509757E+00  0.0000000000  0.000000E+00
        1.132952E+33 -4.004167E+00 -1.989722E+00 -3.055434E-01 -3.055434E-01
    14    43045.2654    8.57195064  5.963072E+08  5.870118E+06  8.698796E+32
        7.762113E+00  2.464796E+01  7.510245E+00  0.0000000000  0.000000E+00
        9.341075E+32 -4.004167E+00 -1.989722E+00 -3.055434E-01 -3.055434E-01
    15    42494.3511    8.57293869  5.956293E+08  6.635405E+06  8.243172E+32
        7.750934E+00  2.464862E+01  7.510741E+00  0.0000000000  0.000000E+00
        7.630738E+32 -4.004167E+00 -1.989722E+00 -3.055434E-01 -3.055434E-01
    16    41939.4995    8.57391063  5.949632E+08  7.495184E+06  7.803521E+32
        7.739582E+00  2.464928E+01  7.511231E+00  0.0000000000  0.000000E+00
        6.213634E+32 -4.004167E+00 -1.989722E+00 -3.055434E-01 -3.055434E-01
    17    41405.5231    8.57486789  5.943078E+08  8.460317E+06  7.397304E+32
        7.728051E+00  2.464992E+01  7.511718E+00  0.0000000000  0.000000E+00
        5.039263E+32 -4.004167E+00 -1.989722E+00 -3.055434E-01 -3.055434E-01
    18    40868.8402    8.57582628  5.936525E+08  9.544539E+06  7.005695E+32
        7.716312E+00  2.465057E+01  7.512205E+00  0.0000000000  0.000000E+00
        4.065451E+32 -4.004167E+00 -1.989722E+00 -3.055434E-01 -3.055434E-01
    19    40310.9297    8.57679581  5.929902E+08  1.076379E+07  6.616125E+32
        7.704328E+00  2.465122E+01  7.512693E+00  0.0000000000  0.000000E+00
        3.259251E+32 -4.004167E+00 -1.989722E+00 -3.055434E-01 -3.055434E-01
    20    39759.7683    8.57777329  5.923232E+08  1.213514E+07  6.247559E+32
        7.692071E+00  2.465188E+01  7.513188E+00  0.0000000000  0.000000E+00
        2.593290E+32 -4.004167E+00 -1.989722E+00 -3.055434E-01 -3.055434E-01
    21    39179.9199    8.57877656  5.916395E+08  1.367789E+07  5.877408E+32
        7.679505E+00  2.465254E+01  7.513690E+00  0.0000000000  0.000000E+00
        2.046046E+32 -4.004167E+00 -1.989722E+00 -3.055434E-01 -3.055434E-01
    22    38599.4757    8.57979840  5.909438E+08  1.541290E+07  5.523769E+32
        7.666596E+00  2.465322E+01  7.514202E+00  0.0000000000  0.000000E+00
        1.598622E+32 -4.004167E+00 -1.989722E+00 -3.055434E-01 -3.055434E-01
    23    37986.2234    8.58085623  5.902246E+08  1.736572E+07  5.168404E+32
        7.653288E+00  2.465391E+01  7.514724E+00  0.0000000000  0.000000E+00
        1.235684E+32 -4.004167E+00 -1.989722E+00 -3.055434E-01 -3.055434E-01
    24    37355.6369    8.58194291  5.894866E+08  1.956003E+07  4.821586E+32
        7.639553E+00  2.465461E+01  7.515255E+00  0.0000000000  0.000000E+00
        9.442847E+31 -4.004167E+00 -1.989722E+00 -3.055434E-01 -3.055434E-01
    25    36704.8189    8.58306073  5.887285E+08  2.202110E+07  4.482702E+32
        7.625364E+00  2.465532E+01  7.515790E+00  0.0000000000  0.000000E+00
        7.127747E+31 -4.004167E+00 -1.989722E+00 -3.055434E-01 -3.055434E-01
    26    36037.8537    8.58420148  5.879558E+08  2.476992E+07  4.154727E+32
        7.610722E+00  2.465603E+01  7.516324E+00  0.0000000000  0.000000E+00
        5.316123E+31 -4.004167E+00 -1.989722E+00 -3.055434E-01 -3.055434E-01
    27    35354.6722    8.58536469  5.871689E+08  2.782967E+07  3.838229E+32
        7.595630E+00  2.465674E+01  7.516858E+00  0.0000000000  0.000000E+00
        3.917822E+31 -4.004167E+00 -1.989722E+00 -3.055434E-01 -3.055434E-01
    28    34656.9995    8.58654629  5.863707E+08  3.122373E+07  3.534482E+32
        7.580093E+00  2.465744E+01  7.517390E+00  0.0000000000  0.000000E+00
        2.854023E+31 -4.004167E+00 -1.989722E+00 -3.055434E-01 -3.055434E-01
    29    33941.1427    8.58774834  5.855598E+08  3.498144E+07  3.242394E+32
        7.564095E+00  2.465814E+01  7.517918E+00  0.0000000000  0.000000E+00
        2.054833E+31 -4.004167E+00 -1.989722E+00 -3.055434E-01 -3.055434E-01
    30    33217.4268    8.58895744  5.847452E+08  3.911145E+07  2.966298E+32
        7.547711E+00  2.465883E+01  7.518438E+00  0.0000000000  0.000000E+00
        1.465204E+31 -4.004167E+00 -1.989722E+00 -3.055434E-01 -3.055434E-01
    31    32488.5201    8.59016874  5.839303E+08  4.363601E+07  2.706819E+32
        7.530957E+00  2.465951E+01  7.518946E+00  0.0000000000  0.000000E+00
        1.035374E+31 -4.004167E+00 -1.989722E+00 -3.055434E-01 -3.055434E-01
    32    31757.7010    8.59137629  5.831191E+08  4.855984E+07  2.464496E+32
        7.513921E+00  2.466017E+01  7.519441E+00  0.0000000000  0.000000E+00
        7.268048E+30 -4.004167E+00 -1.989722E+00 -3.055434E-01 -3.055434E-01
    33    31028.3760    8.59257627  5.823141E+08  5.389385E+07  2.239588E+32
        7.496660E+00  2.466081E+01  7.519923E+00  0.0000000000  0.000000E+00
        5.077356E+30 -4.004167E+00 -1.989722E+00 -3.055434E-01 -3.055434E-01
    34    30302.1171    8.59376664  5.815166E+08  5.965197E+07  2.031578E+32
        7.479220E+00  2.466144E+01  7.520393E+00  0.0000000000  0.000000E+00
        3.535876E+30 -4.004167E+00 -1.989722E+00 -3.055434E-01 -3.055434E-01
    35    29581.7528    8.59494308  5.807295E+08  6.584466E+07  1.840182E+32
        7.461653E+00  2.466206E+01  7.520850E+00  0.0000000000  0.000000E+00
        2.459371E+30 -4.004167E+00 -1.989722E+00 -3.055434E-01 -3.055434E-01
    36    28870.2217    8.59609668  5.799587E+08  7.247907E+07  1.664992E+32
        7.444017E+00  2.466263E+01  7.521279E+00  0.0000000000  0.000000E+00
        1.711778E+30 -4.004167E+00 -1.989722E+00 -3.055434E-01 -3.055434E-01
    37    28171.4649    8.59722419  5.792064E+08  7.955158E+07  1.505642E+32
        7.426400E+00  2.466317E+01  7.521680E+00  0.0000000000  0.000000E+00
        1.195039E+30 -4.004167E+00 -1.989722E+00 -3.055434E-01 -3.055434E-01
    38    27486.3874    8.59833145  5.784685E+08  8.708952E+07  1.360967E+32
        7.408810E+00  2.466370E+01  7.522070E+00  0.0000000000  0.000000E+00
        8.373397E+29 -4.004167E+00 -1.989722E+00 -3.055434E-01 -3.055434E-01
    39    26815.7910    8.59942451  5.777410E+08  9.512928E+07  1.229833E+32
        7.391236E+00  2.466424E+01  7.522466E+00  0.0000000000  0.000000E+00
        5.889696E+29 -4.004167E+00 -1.989722E+00 -3.055434E-01 -3.055434E-01
    40    26159.4907    8.60051070  5.770189E+08  1.037112E+08  1.111002E+32
        7.373671E+00  2.466480E+01  7.522886E+00  0.0000000000  0.000000E+00
        4.159828E+29 -4.004167E+00 -1.989722E+00 -3.055434E-01 -3.055434E-01
    41    25519.4663    8.60158727  5.763042E+08  1.128627E+08  1.003708E+32
        7.356132E+00  2.466540E+01  7.523333E+00  0.0000000000  0.000000E+00
        2.952138E+29 -4.004167E+00 -1.989722E+00 -3.055434E-01 -3.055434E-01
    42    24894.6431    8.60264363  5.756037E+08  1.226165E+08  9.067514E+31
        7.338618E+00  2.466599E+01  7.523783E+00  0.0000000000  0.000000E+00
        2.105901E+29 -4.004167E+00 -1.989722E+00 -3.055434E-01 -3.055434E-01
    43    24284.5626    8.60366826  5.749251E+08  1.330075E+08  8.191457E+31
        7.321126E+00  2.466656E+01  7.524211E+00  0.0000000000  0.000000E+00
        1.510485E+29 -4.004167E+00 -1.989722E+00 -3.055434E-01 -3.055434E-01
    44    23688.0680    8.60464995  5.742757E+08  1.440787E+08  7.399065E+31
        7.303639E+00  2.466707E+01  7.524593E+00  0.0000000000  0.000000E+00
        1.089428E+29 -4.004167E+00 -1.989722E+00 -3.055434E-01 -3.055434E-01
    45    23104.7302    8.60558316  5.736590E+08  1.558634E+08  6.682342E+31
        7.286173E+00  2.466750E+01  7.524920E+00  0.0000000000  0.000000E+00
        7.905149E+28 -4.004167E+00 -1.989722E+00 -3.055434E-01 -3.055434E-01
    46    22535.4521    8.60647186  5.730724E+08  1.683778E+08  6.035337E+31
        7.268779E+00  2.466788E+01  7.525208E+00  0.0000000000  0.000000E+00
        5.776882E+28 -4.004167E+00 -1.989722E+00 -3.055434E-01 -3.055434E-01
    47    21980.1164    8.60732418  5.725103E+08  1.816699E+08  5.451349E+31
        7.251458E+00  2.466823E+01  7.525470E+00  0.0000000000  0.000000E+00
        4.251559E+28 -4.004167E+00 -1.989722E+00 -3.055434E-01 -3.055434E-01
    48    21438.6599    8.60815055  5.719659E+08  1.958048E+08  4.924342E+31
        7.234194E+00  2.466856E+01  7.525720E+00  0.0000000000  0.000000E+00
        3.149699E+28 -4.004167E+00 -1.989722E+00 -3.055434E-01 -3.055434E-01
    49    20911.5719    8.60895981  5.714332E+08  2.108641E+08  4.449336E+31
        7.216956E+00  2.466888E+01  7.525966E+00  0.0000000000  0.000000E+00
        2.346844E+28 -4.004167E+00 -1.989722E+00 -3.055434E-01 -3.055434E-01
    50    20399.2863    8.60975514  5.709103E+08  2.269380E+08  4.021731E+31
        7.199707E+00  2.466919E+01  7.526206E+00  0.0000000000  0.000000E+00
        1.756921E+28 -4.004167E+00 -1.989722E+00 -3.055434E-01 -3.055434E-01
    51    19900.5177    8.61054231  5.703931E+08  2.440950E+08  3.635996E+31
        7.182443E+00  2.466949E+01  7.526438E+00  0.0000000000  0.000000E+00
        1.321204E+28 -4.004167E+00 -1.989722E+00 -3.055434E-01 -3.055434E-01
    52    19415.3570    8.61132527  5.698792E+08  2.624227E+08  3.288248E+31
        7.165145E+00  2.466978E+01  7.526658E+00  0.0000000000  0.000000E+00
        9.974102E+27 -4.004167E+00 -1.989722E+00 -3.055434E-01 -3.055434E-01
    53    18942.4127    8.61210402  5.693684E+08  2.820370E+08  2.974030E+31
        7.147771E+00  2.467005E+01  7.526866E+00  0.0000000000  0.000000E+00
        7.552275E+27 -4.004167E+00 -1.989722E+00 -3.055434E-01 -3.055434E-01
    54    18480.0628    8.61287225  5.688651E+08  3.030355E+08  2.689365E+31
        7.130305E+00  2.467030E+01  7.527051E+00  0.0000000000  0.000000E+00
        5.733294E+27 -4.004167E+00 -1.989722E+00 -3.055434E-01 -3.055434E-01
    55    18028.0816    8.61362192  5.683743E+08  3.254359E+08  2.431557E+31
        7.112805E+00  2.467052E+01  7.527207E+00  0.0000000000  0.000000E+00
        4.366901E+27 -4.004167E+00 -1.989722E+00 -3.055434E-01 -3.055434E-01
    56    17586.2814    8.61435292  5.678962E+08  3.492659E+08  2.198120E+31
        7.095324E+00  2.467073E+01  7.527351E+00  0.0000000000  0.000000E+00
        3.339101E+27 -4.004167E+00 -1.989722E+00 -3.055434E-01 -3.055434E-01
    57    17154.4127    8.61506798  5.674289E+08  3.745917E+08  1.986752E+31
        7.077884E+00  2.467095E+01  7.527502E+00  0.0000000000  0.000000E+00
        2.563152E+27 -4.004167E+00 -1.989722E+00 -3.055434E-01 -3.055434E-01
    58    16732.7102    8.61577530  5.669670E+08  4.015131E+08  1.795553E+31
        7.060485E+00  2.467120E+01  7.527683E+00  0.0000000000  0.000000E+00
        1.974144E+27 -4.004167E+00 -1.989722E+00 -3.055434E-01 -3.055434E-01
    59    16321.6518    8.61648586  5.665033E+08  4.301624E+08  1.622852E+31
        7.043114E+00  2.467150E+01  7.527912E+00  0.0000000000  0.000000E+00
        1.518011E+27 -4.004167E+00 -1.989722E+00 -3.055434E-01 -3.055434E-01
    60    15921.7654    8.61719320  5.660422E+08  4.606480E+08  1.467168E+31
        7.025765E+00  2.467184E+01  7.528169E+00  0.0000000000  0.000000E+00
        1.175569E+27 -4.004167E+00 -1.989722E+00 -3.055434E-01 -3.055434E-01
    61    15532.5022    8.61788667  5.655905E+08  4.931443E+08  1.326744E+31
        7.008389E+00  2.467217E+01  7.528423E+00  0.0000000000  0.000000E+00
        9.117776E+26 -4.004167E+00 -1.989722E+00 -3.055434E-01 -3.055434E-01
    62    15152.9725    8.61855482  5.651556E+08  5.278494E+08  1.199899E+31
        6.990930E+00  2.467245E+01  7.528642E+00  0.0000000000  0.000000E+00
        7.075289E+26 -4.004167E+00 -1.989722E+00 -3.055434E-01 -3.055434E-01
    63    14782.0308    8.61918485  5.647458E+08  5.649580E+08  1.085075E+31
        6.973345E+00  2.467265E+01  7.528790E+00  0.0000000000  0.000000E+00
        5.488702E+26 -4.004167E+00 -1.989722E+00 -3.055434E-01 -3.055434E-01
    64    14419.2401    8.61977573  5.643617E+08  6.045684E+08  9.810746E+30
        6.955650E+00  2.467275E+01  7.528865E+00  0.0000000000  0.000000E+00
        4.257534E+26 -4.004167E+00 -1.989722E+00 -3.055434E-01 -3.055434E-01
    65    14064.2832    8.62034142  5.639943E+08  6.467392E+08  8.868236E+30
        6.937907E+00  2.467281E+01  7.528905E+00  0.0000000000  0.000000E+00
        3.304447E+26 -4.004167E+00 -1.989722E+00 -3.055434E-01 -3.055434E-01
    66    13738.1170    8.62086340  5.636555E+08  6.886469E+08  8.064059E+30
        6.921270E+00  2.467287E+01  7.528950E+00  0.0000000000  0.000000E+00
        2.608531E+26 -4.004167E+00 -1.989722E+00 -3.055434E-01 -3.055434E-01
    67    13452.8944    8.62133545  5.633492E+08  7.293536E+08  7.406887E+30
        6.909335E+00  2.467299E+01  7.529104E+00  0.0035736741 -1.554807E-03
        2.121943E+26 -4.004167E+00 -1.989722E+00 -3.055434E-01 -3.055434E-01
    68    13208.7075    8.62176087  5.630734E+08  7.700603E+08  6.876836E+30
        6.899537E+00  2.467317E+01  7.529233E+00  0.0188395438 -8.259964E-03
        1.789971E+26 -4.004167E+00 -1.989722E+00 -3.055434E-01 -3.055434E-01
    69    13001.2343    8.62213776  5.628291E+08  8.107670E+08  6.449244E+30
        6.888762E+00  2.467337E+01  7.529373E+00  0.0410243969 -1.819244E-02
        1.545070E+26 -4.004167E+00 -1.989722E+00 -3.055434E-01 -3.055434E-01
    70    12819.2024    8.62247870  5.626082E+08  8.514738E+08  6.090789E+30
        6.878386E+00  2.467355E+01  7.529507E+00  0.0662845985 -2.978548E-02
        1.350993E+26 -4.004167E+00 -1.989722E+00 -3.055434E-01 -3.055434E-01
    71    12653.6110    8.62279736  5.624018E+08  8.921805E+08  5.777884E+30
        6.868543E+00  2.467372E+01  7.529627E+00  0.0926644725 -4.223208E-02
        1.190690E+26 -4.004167E+00 -1.989722E+00 -3.055434E-01 -3.055434E-01
    72    12499.0916    8.62309773  5.622074E+08  9.328872E+08  5.496982E+30
        6.859192E+00  2.467387E+01  7.529732E+00  0.1192499711 -5.514733E-02
        1.055503E+26 -4.004167E+00 -1.989722E+00 -3.055434E-01 -3.055434E-01
    73    12351.6816    8.62338423  5.620220E+08  9.735940E+08  5.238759E+30
        6.850152E+00  2.467400E+01  7.529822E+00  0.1457468291 -6.841340E-02
        9.382627E+25 -4.004167E+00 -1.989722E+00 -3.055434E-01 -3.055434E-01
    74    12221.9303    8.62363592  5.618591E+08  1.011113E+09  5.019166E+30
        6.842186E+00  2.467410E+01  7.529895E+00  0.1698359576 -8.083608E-02
        8.444327E+25 -4.004167E+00 -1.989722E+00 -3.055434E-01 -3.055434E-01
    75    12079.1195    8.62391194  5.616806E+08  1.054208E+09  4.785611E+30
        6.833370E+00  2.467420E+01  7.529966E+00  0.1969105962 -9.523610E-02
        7.506922E+25 -4.004167E+00 -1.989722E+00 -3.055434E-01 -3.055434E-01
    76    11926.9938    8.62420752  5.614895E+08  1.102180E+09  4.545951E+30
        6.823901E+00  2.467430E+01  7.530037E+00  0.2262252291 -1.113854E-01
        6.606793E+25 -4.004167E+00 -1.989722E+00 -3.055434E-01 -3.055434E-01
    77    11772.2120    8.62451095  5.612934E+08  1.153231E+09  4.311512E+30
        6.814159E+00  2.467440E+01  7.530107E+00  0.2564399521 -1.286840E-01
        5.787451E+25 -4.004167E+00 -1.989722E+00 -3.055434E-01 -3.055434E-01
    78    11604.3001    8.62484069  5.610804E+08  1.211257E+09  4.067648E+30
        6.803449E+00  2.467450E+01  7.530180E+00  0.2895232603 -1.484501E-01
        4.999915E+25 -4.004167E+00 -1.989722E+00 -3.055434E-01 -3.055434E-01
    79    11423.8360    8.62520007  5.608483E+08  1.276757E+09  3.817298E+30
        6.791756E+00  2.467462E+01  7.530262E+00  0.3252689555 -1.708693E-01
        4.255874E+25 -4.004167E+00 -1.989722E+00 -3.055434E-01 -3.055434E-01
    80    11239.3560    8.62557500  5.606062E+08  1.347033E+09  3.573543E+30
        6.779610E+00  2.467475E+01  7.530352E+00  0.3617846160 -1.950327E-01
        3.599815E+25 -4.004167E+00 -1.989722E+00 -3.055434E-01 -3.055434E-01
    81    11048.6082    8.62596806  5.603526E+08  1.423095E+09  3.334038E+30
        6.766877E+00  2.467489E+01  7.530453E+00  0.3992140413 -2.212802E-01
        3.015719E+25 -4.004167E+00 -1.989722E+00 -3.055434E-01 -3.055434E-01
    82    10852.8271    8.62637147  5.600924E+08  1.504543E+09  3.101047E+30
        6.753662E+00  2.467504E+01  7.530562E+00  0.4369657198 -2.494652E-01
        2.506814E+25 -4.004167E+00 -1.989722E+00 -3.055434E-01 -3.055434E-01
    83    10643.6259    8.62679036  5.598223E+08  1.595190E+09  2.866001E+30
        6.739414E+00  2.467519E+01  7.530673E+00  0.4762591750 -2.808836E-01
        2.052049E+25 -4.004167E+00 -1.989722E+00 -3.055434E-01 -3.055434E-01
    84    10417.4553    8.62722362  5.595432E+08  1.697391E+09  2.627430E+30
        6.723870E+00  2.467533E+01  7.530782E+00  0.5172968073 -3.163198E-01
        1.647514E+25 -4.004167E+00 -1.989722E+00 -3.055434E-01 -3.055434E-01
    85    10178.5366    8.62766097  5.592615E+08  1.810396E+09  2.392151E+30
        6.707255E+00  2.467545E+01  7.530883E+00  0.5589105274 -3.554733E-01
        1.301934E+25 -4.004167E+00 -1.989722E+00 -3.055434E-01 -3.055434E-01
    86     9977.2822    8.62802173  5.590293E+08  1.909883E+09  2.206661E+30
        6.693051E+00  2.467554E+01  7.530962E+00  0.5926158773 -3.899959E-01
        1.064404E+25 -4.004167E+00 -1.989722E+00 -3.055434E-01 -3.055434E-01
    87     9720.2272    8.62848496  5.587312E+08  2.044150E+09  1.985770E+30
        6.674560E+00  2.467565E+01  7.531061E+00  0.6338436868 -4.363335E-01
        8.178352E+24 -4.004167E+00 -1.989722E+00 -3.055434E-01 -3.055434E-01
    88     9457.5760    8.62896673  5.584214E+08  2.190709E+09  1.777710E+30
        6.655117E+00  2.467577E+01  7.531158E+00  0.6739789453 -4.867544E-01
        6.191680E+24 -4.004167E+00 -1.989722E+00 -3.055434E-01 -3.055434E-01
    89     9199.7684    8.62943428  5.581209E+08  2.345016E+09  1.589943E+30
        6.635361E+00  2.467586E+01  7.531223E+00  0.7114003745 -5.397042E-01
        4.661667E+24 -4.004167E+00 -1.989722E+00 -3.055434E-01 -3.055434E-01
    90     8947.3020    8.62988341  5.578324E+08  2.507333E+09  1.420997E+30
        6.615275E+00  2.467591E+01  7.531260E+00  0.7460790909 -5.953015E-01
        3.484244E+24 -4.004167E+00 -1.989722E+00 -3.055434E-01 -3.055434E-01
    91     8698.4760    8.63032768  5.575471E+08  2.678587E+09  1.268099E+30
        6.594776E+00  2.467597E+01  7.531297E+00  0.7781478404 -6.539363E-01
        2.583117E+24 -4.004167E+00 -1.989722E+00 -3.055434E-01 -3.055434E-01
    92     8451.1757    8.63078066  5.572564E+08  2.859085E+09  1.128746E+30
        6.573870E+00  2.467606E+01  7.531362E+00  0.8075365428 -7.156517E-01
        1.900428E+24 -4.004167E+00 -1.989722E+00 -3.055434E-01 -3.055434E-01
    93     8207.6194    8.63123437  5.569654E+08  3.045879E+09  1.003097E+30
        6.552944E+00  2.467619E+01  7.531453E+00  0.8337657157 -7.792794E-01
        1.395679E+24 -4.004167E+00 -1.989722E+00 -3.055434E-01 -3.055434E-01
    94     7974.7938    8.63166162  5.566915E+08  3.232788E+09  8.931502E+29
        6.532702E+00  2.467631E+01  7.531543E+00  0.8563450402 -8.426794E-01
        1.033227E+24 -4.004167E+00 -1.989722E+00 -3.055434E-01 -3.055434E-01
    95     7751.9764    8.63205958  5.564365E+08  3.420625E+09  7.967067E+29
        6.513032E+00  2.467642E+01  7.531617E+00  0.8758178315 -9.059408E-01
        7.699244E+23 -4.004167E+00 -1.989722E+00 -3.055434E-01 -3.055434E-01
    96     7540.1999    8.63242822  5.562004E+08  3.609633E+09  7.125436E+29
        6.493876E+00  2.467649E+01  7.531666E+00  0.8926223955 -9.690863E-01
        5.777399E+23 -4.004167E+00 -1.989722E+00 -3.055434E-01 -3.055434E-01
    97     7339.5601    8.63277563  5.559780E+08  3.800623E+09  6.391647E+29
        6.475123E+00  2.467652E+01  7.531689E+00  0.9071850732 -1.032382E+00
        4.353866E+23 -4.004167E+00 -1.989722E+00 -3.055434E-01 -3.055434E-01
    98     7155.0298    8.63310592  5.557666E+08  3.988612E+09  5.768304E+29
        6.457204E+00  2.467653E+01  7.531700E+00  0.9195066346 -1.094240E+00
        3.320465E+23 -4.004167E+00 -1.989722E+00 -3.055434E-01 -3.055434E-01
    99     6977.9459    8.63344463  5.555499E+08  4.181891E+09  5.214036E+29
        6.439290E+00  2.467654E+01  7.531707E+00  0.9304036749 -1.157414E+00
        2.528363E+23 -4.004167E+00 -1.989722E+00 -3.055434E-01 -3.055434E-01
   100     6812.3399    8.63378427  5.553327E+08  4.374520E+09  4.732703E+29
        6.421890E+00  2.467656E+01  7.531720E+00  0.9397478671 -1.220028E+00
        1.939147E+23 -4.004167E+00 -1.989722E+00 -3.055434E-01 -3.055434E-01
   101     6656.1306    8.63412258  5.551165E+08  4.565777E+09  4.309958E+29
        6.405025E+00  2.467659E+01  7.531743E+00  0.9477434845 -1.281860E+00
        1.497407E+23 -4.004167E+00 -1.989722E+00 -3.055434E-01 -3.055434E-01
   102     6507.4165    8.63446994  5.548945E+08  4.755631E+09  3.934348E+29
        6.388675E+00  2.467663E+01  7.531769E+00  0.9545913599 -1.342862E+00
        1.164232E+23 -4.004167E+00 -1.989722E+00 -3.055434E-01 -3.055434E-01
   103     6365.1682    8.63482796  5.546659E+08  4.945484E+09  3.598486E+29
        6.372705E+00  2.467666E+01  7.531795E+00  0.9605042392 -1.403450E+00
        9.102750E+22 -4.004167E+00 -1.989722E+00 -3.055434E-01 -3.055434E-01
   104     6227.5139    8.63518880  5.544355E+08  5.141264E+09  3.294415E+29
        6.356598E+00  2.467670E+01  7.531819E+00  0.9657662589 -1.465546E+00
        7.100285E+22 -4.004167E+00 -1.989722E+00 -3.055434E-01 -3.055434E-01
   105     6091.6412    8.63557694  5.541878E+08  5.358681E+09  3.013482E+29
        6.339034E+00  2.467672E+01  7.531838E+00  0.9707863450 -1.534414E+00
        5.403171E+22 -4.004167E+00 -1.989722E+00 -3.055434E-01 -3.055434E-01
   106     5949.0010    8.63606220  5.538782E+08  5.652657E+09  2.737929E+29
        6.315383E+00  2.467674E+01  7.531850E+00  0.9765072213 -1.629066E+00
        3.738212E+22 -4.004167E+00 -1.989715E+00 -3.055434E-01 -3.055434E-01
   107     5832.8552    8.63653354  5.535778E+08  5.987454E+09  2.527549E+29
        6.287692E+00  2.467675E+01  7.531853E+00  0.9817514903 -1.738773E+00
        2.423293E+22 -4.004167E+00 -1.989564E+00 -3.055450E-01 -3.055450E-01
   108     5752.8503    8.63692707  5.533270E+08  6.292295E+09  2.389535E+29
        6.260992E+00  2.467675E+01  7.531857E+00  0.9851344852 -1.827820E+00
        1.592575E+22 -4.004167E+00 -1.989480E+00 -3.055459E-01 -3.055459E-01
   109     5691.0250    8.63725765  5.531165E+08  6.558407E+09  2.286718E+29
        6.236065E+00  2.467676E+01  7.531864E+00  0.9869737348 -1.885180E+00
        1.074686E+22 -4.004167E+00 -1.985261E+00 -3.055898E-01 -3.055898E-01
   110     5634.9812    8.63756066  5.529235E+08  6.802290E+09  2.196431E+29
        6.211374E+00  2.467677E+01  7.531872E+00  0.9871687407 -1.891731E+00
        7.267022E+21 -4.004167E+00 -1.979279E+00 -3.056527E-01 -3.056527E-01
   111     5574.5051    8.63785885  5.527338E+08  7.046260E+09  2.102203E+29
        6.185018E+00  2.467679E+01  7.531882E+00  0.9872293688 -1.893788E+00
        4.779764E+21 -4.004167E+00 -1.973908E+00 -3.057100E-01 -3.057100E-01
   112     5508.0948    8.63813744  5.525565E+08  7.276882E+09  2.002518E+29
        6.158427E+00  2.467680E+01  7.531895E+00  0.9873400647 -1.897569E+00
        3.131621E+21 -4.004167E+00 -1.969898E+00 -3.057533E-01 -3.057533E-01
   113     5439.0539    8.63839512  5.523926E+08  7.492259E+09  1.902859E+29
        6.131987E+00  2.467683E+01  7.531912E+00  0.9874502610 -1.901365E+00
        2.055059E+21 -4.004167E+00 -1.966272E+00 -3.057927E-01 -3.057927E-01
   114     5389.8790    8.63857114  5.522807E+08  7.639851E+09  1.834227E+29
        6.112932E+00  2.467684E+01  7.531924E+00  0.9875520932 -1.904904E+00
        1.515918E+21 -4.004167E+00 -1.964219E+00 -3.058152E-01 -3.058152E-01
   115     5332.6850    8.63876742  5.521559E+08  7.807876E+09  1.756809E+29
        6.089932E+00  2.467686E+01  7.531934E+00  0.9876496618 -1.908321E+00
        1.049412E+21 -4.004167E+00 -1.961730E+00 -3.058426E-01 -3.058426E-01
   116     5299.0569    8.63887479  5.520876E+08  7.900546E+09  1.712489E+29
        6.076750E+00  2.467686E+01  7.531938E+00  0.9877043349 -1.910248E+00
        8.498158E+20 -4.004167E+00 -1.959323E+00 -3.058693E-01 -3.058693E-01
   117     5232.8414    8.63907037  5.519633E+08  8.063742E+09  1.627752E+29
        6.052321E+00  2.467687E+01  7.531944E+00  0.9878028635 -1.913742E+00
        5.745317E+20 -4.004167E+00 -1.956097E+00 -3.059052E-01 -3.059052E-01
   118     5164.0642    8.63924609  5.518517E+08  8.221521E+09  1.543223E+29
        6.027136E+00  2.467688E+01  7.531950E+00  0.9879075836 -1.917487E+00
        3.834711E+20 -4.004167E+00 -1.952757E+00 -3.059427E-01 -3.059427E-01
   119     5100.6328    8.63938894  5.517609E+08  8.356382E+09  1.468303E+29
        6.004142E+00  2.467689E+01  7.531958E+00  0.9880490166 -1.922596E+00
        2.650614E+20 -4.004167E+00 -1.952077E+00 -3.059504E-01 -3.059504E-01
   120     5026.9668    8.63953458  5.516684E+08  8.490158E+09  1.384834E+29
        5.980144E+00  2.467691E+01  7.531967E+00  0.9881964924 -1.927989E+00
        1.801997E+20 -4.004167E+00 -1.951477E+00 -3.059572E-01 -3.059572E-01
   121     4943.7854    8.63968017  5.515760E+08  8.628659E+09  1.294990E+29
        5.953816E+00  2.467692E+01  7.531976E+00  0.9883531095 -1.933790E+00
        1.179459E+20 -4.004167E+00 -1.950913E+00 -3.059636E-01 -3.059636E-01
   122     4860.6815    8.63981140  5.514926E+08  8.759112E+09  1.209722E+29
        5.927454E+00  2.467692E+01  7.531981E+00  0.9885030403 -1.939417E+00
        7.712931E+19 -4.004167E+00 -1.950410E+00 -3.059693E-01 -3.059693E-01
   123     4781.8993    8.63992456  5.514208E+08  8.877216E+09  1.132884E+29
        5.902117E+00  2.467692E+01  7.531981E+00  0.9886411936 -1.944667E+00
        5.124864E+19 -4.004167E+00 -1.949969E+00 -3.059743E-01 -3.059743E-01
   124     4705.2723    8.64002652  5.513561E+08  8.986351E+09  1.061746E+29
        5.877305E+00  2.467692E+01  7.531980E+00  0.9887715378 -1.949680E+00
        3.432655E+19 -4.004167E+00 -1.949569E+00 -3.059788E-01 -3.059788E-01
   125     4629.3532    8.64012036  5.512965E+08  9.090301E+09  9.946474E+28
        5.852044E+00  2.467692E+01  7.531980E+00  0.9888998615 -1.954672E+00
        2.281826E+19 -4.004167E+00 -1.949187E+00 -3.059832E-01 -3.059832E-01
   126     4553.1359    8.64020701  5.512415E+08  9.184118E+09  9.305585E+28
        5.827979E+00  2.467692E+01  7.531981E+00  0.9890180174 -1.959319E+00
        1.545790E+19 -4.004167E+00 -1.948843E+00 -3.059871E-01 -3.059871E-01
   127     4469.6701    8.64029322  5.511868E+08  9.279505E+09  8.640063E+28
        5.802085E+00  2.467693E+01  7.531981E+00  0.9891414294 -1.964227E+00
        1.016065E+19 -4.004167E+00 -1.948492E+00 -3.059911E-01 -3.059911E-01
   128     4383.1196    8.64037523  5.511348E+08  9.372418E+09  7.988520E+28
        5.775311E+00  2.467693E+01  7.531982E+00  0.9892650699 -1.969201E+00
        6.581026E+18 -4.004167E+00 -1.948146E+00 -3.059950E-01 -3.059950E-01
   129     4300.9285    8.64044931  5.510877E+08  9.457713E+09  7.404706E+28
        5.749208E+00  2.467693E+01  7.531982E+00  0.9893819703 -1.973956E+00
        4.306704E+18 -4.004167E+00 -1.947823E+00 -3.059987E-01 -3.059987E-01
   130     4223.8223    8.64051921  5.510434E+08  9.538200E+09  6.886707E+28
        5.723037E+00  2.467693E+01  7.531982E+00  0.9894958332 -1.978638E+00
        2.813611E+18 -4.004167E+00 -1.947512E+00 -3.060022E-01 -3.060022E-01
   131     4163.7178    8.64057604  5.510073E+08  9.603006E+09  6.502155E+28
        5.700668E+00  2.467693E+01  7.531983E+00  0.9895906994 -1.982578E+00
        1.954542E+18 -4.004167E+00 -1.947259E+00 -3.060051E-01 -3.060051E-01
   132     4102.8615    8.64063434  5.509704E+08  9.669098E+09  6.129448E+28
        5.676264E+00  2.467693E+01  7.531983E+00  0.9896913700 -1.986799E+00
        1.312907E+18 -4.004167E+00 -1.946989E+00 -3.060082E-01 -3.060082E-01
   133     4043.8313    8.64068759  5.509366E+08  9.729153E+09  5.783527E+28
        5.652585E+00  2.467693E+01  7.531983E+00  0.9897864904 -1.990825E+00
        8.919744E+17 -4.004167E+00 -1.946737E+00 -3.060111E-01 -3.060111E-01
   134     3977.8339    8.64073867  5.509042E+08  9.786917E+09  5.414473E+28
        5.628364E+00  2.467693E+01  7.531983E+00  0.9898811438 -1.994869E+00
        6.004342E+17 -4.004167E+00 -1.946490E+00 -3.060139E-01 -3.060139E-01
   135     3901.7585    8.64078754  5.508732E+08  9.843247E+09  5.011437E+28
        5.603317E+00  2.467693E+01  7.531983E+00  0.9899758636 -1.998953E+00
        3.986446E+17 -4.004167E+00 -1.946248E+00 -3.060167E-01 -3.060167E-01
   136     3815.3056    8.64084202  5.508386E+08  9.899806E+09  4.581245E+28
        5.576903E+00  2.467693E+01  7.531984E+00  0.9901073016 -2.004685E+00
        2.587462E+17 -4.004167E+00 -1.949171E+00 -3.059834E-01 -3.059834E-01
   137     3711.1105    8.64089357  5.508060E+08  9.963226E+09  4.100438E+28
        5.545805E+00  2.467693E+01  7.531984E+00  0.9903261065 -2.014399E+00
        1.554291E+17 -4.004167E+00 -1.950402E+00 -3.059694E-01 -3.059694E-01
   138     3600.0747    8.64094740  5.507718E+08  1.002745E+10  3.630838E+28
        5.512510E+00  2.467693E+01  7.531985E+00  0.9906566000 -2.029495E+00
        9.000256E+16 -4.004167E+00 -1.952283E+00 -3.059481E-01 -3.059481E-01
   139     3477.5602    8.64101266  5.507304E+08  1.009462E+10  3.160780E+28
        5.476037E+00  2.467693E+01  7.531985E+00  0.9910143073 -2.046448E+00
        4.942567E+16 -4.004167E+00 -1.953910E+00 -3.059298E-01 -3.059298E-01
   140     3335.9585    8.64108632  5.506837E+08  1.016822E+10  2.676113E+28
        5.434001E+00  2.467693E+01  7.531986E+00  0.9914252596 -2.066779E+00
        2.477305E+16 -4.004167E+00 -1.956487E+00 -3.059009E-01 -3.059009E-01
   141     3183.6759    8.64113426  5.506533E+08  1.024407E+10  2.219675E+28
        5.388955E+00  2.467693E+01  7.531986E+00  0.9918444856 -2.088549E+00
        1.185514E+16 -4.004167E+00 -1.957048E+00 -3.058946E-01 -3.058946E-01
   142     2997.4757    8.64117666  5.506265E+08  1.033459E+10  1.744031E+28
        5.333248E+00  2.467693E+01  7.531986E+00  0.9923772575 -2.117889E+00
        4.803218E+15 -4.004167E+00 -1.957305E+00 -3.058917E-01 -3.058917E-01
   143     2886.2471    8.64120273  5.506099E+08  1.038877E+10  1.499131E+28
        5.299165E+00  2.467693E+01  7.531987E+00  0.9927803469 -2.141484E+00
        2.778800E+15 -4.004167E+00 -1.958596E+00 -3.058774E-01 -3.058774E-01
   144     2813.8137    8.64121987  5.505991E+08  1.042380E+10  1.354159E+28
        5.276277E+00  2.467693E+01  7.531987E+00  0.9936771747 -2.199089E+00
        1.907223E+15 -4.004167E+00 -1.959394E+00 -3.058685E-01 -3.058685E-01
   145     2748.8532    8.64123469  5.505897E+08  1.045404E+10  1.233331E+28
        5.255133E+00  2.467693E+01  7.531987E+00  0.9948306908 -2.286567E+00
        1.351018E+15 -4.004167E+00 -1.959564E+00 -3.058666E-01 -3.058666E-01
   146     2677.8214    8.64125080  5.505795E+08  1.048553E+10  1.110667E+28
        5.231435E+00  2.467693E+01  7.531988E+00  0.9959532400 -2.392893E+00
        9.260853E+14 -4.004167E+00 -1.959656E+00 -3.058656E-01 -3.058656E-01
   147     2607.8970    8.64126617  5.505697E+08  1.051506E+10  9.990882E+27
        5.207474E+00  2.467693E+01  7.531988E+00  0.9968505661 -2.501767E+00
        6.346638E+14 -4.004167E+00 -1.959657E+00 -3.058656E-01 -3.058656E-01
   148     2540.3605    8.64128208  5.505596E+08  1.054234E+10  8.995133E+27
        5.183722E+00  2.467693E+01  7.531988E+00  0.9975506565 -2.610950E+00
        4.381615E+14 -4.004167E+00 -1.959657E+00 -3.058656E-01 -3.058656E-01
   149     2471.1815    8.64130178  5.505472E+08  1.056921E+10  8.054249E+27
        5.158691E+00  2.467693E+01  7.531988E+00  0.9981262184 -2.727281E+00
        2.967355E+14 -4.004167E+00 -1.959657E+00 -3.058656E-01 -3.058656E-01
   150     2402.4443    8.64132327  5.505335E+08  1.059489E+10  7.194462E+27
        5.133031E+00  2.467694E+01  7.531988E+00  0.9985814694 -2.848161E+00
        2.006729E+14 -4.004167E+00 -1.959657E+00 -3.058656E-01 -3.058656E-01
   151     2338.1610    8.64134185  5.505218E+08  1.061801E+10  6.454522E+27
        5.108309E+00  2.467694E+01  7.531988E+00  0.9989170562 -2.965394E+00
        1.382511E+14 -4.004167E+00 -1.959657E+00 -3.058656E-01 -3.058656E-01
   152     2272.7527    8.64135698  5.505122E+08  1.064077E+10  5.761824E+27
        5.082358E+00  2.467694E+01  7.531988E+00  0.9991862667 -3.089518E+00
        9.390404E+13 -4.004167E+00 -1.959657E+00 -3.058656E-01 -3.058656E-01
   153     2215.6889    8.64136734  5.505056E+08  1.066008E+10  5.204464E+27
        5.058963E+00  2.467694E+01  7.531988E+00  0.9993723202 -3.202262E+00
        6.635595E+13 -4.004167E+00 -1.959657E+00 -3.058656E-01 -3.058656E-01
   154     2155.7046    8.64137592  5.505002E+08  1.067972E+10  4.663257E+27
        5.033565E+00  2.467694E+01  7.531988E+00  0.9995273536 -3.325464E+00
        4.577488E+13 -4.004167E+00 -1.959657E+00 -3.058656E-01 -3.058656E-01
   155     2096.2991    8.64138325  5.504955E+08  1.069861E+10  4.170019E+27
        5.007553E+00  2.467694E+01  7.531988E+00  0.9996471786 -3.452445E+00
        3.140040E+13 -4.004167E+00 -1.959657E+00 -3.058656E-01 -3.058656E-01
   156     2044.3968    8.64138954  5.504915E+08  1.071474E+10  3.772068E+27
        4.984006E+00  2.467694E+01  7.531988E+00  0.9997296037 -3.567999E+00
        2.238258E+13 -4.004167E+00 -1.959657E+00 -3.058656E-01 -3.058656E-01
   157     1989.6065    8.64139618  5.504873E+08  1.073126E+10  3.383614E+27
        4.958222E+00  2.467694E+01  7.531988E+00  0.9997981271 -3.694922E+00
        1.548782E+13 -4.004151E+00 -1.959657E+00 -3.058656E-01 -3.058656E-01
   158     1937.4678    8.64140283  5.504831E+08  1.074654E+10  3.042590E+27
        4.932835E+00  2.467694E+01  7.531988E+00  0.9998471563 -3.815753E+00
        1.080194E+13 -4.004138E+00 -1.959657E+00 -3.058656E-01 -3.058656E-01
   159     1891.5269    8.64139794  5.504862E+08  1.075937E+10  2.764143E+27
        4.910469E+00  2.467694E+01  7.531988E+00  0.9998671032 -3.876486E+00
        7.876478E+12 -4.003343E+00 -1.959664E+00 -3.058656E-01 -3.058656E-01
   160     1840.3506    8.64140015  5.504848E+08  1.077298E+10  2.476911E+27
        4.885542E+00  2.467694E+01  7.531988E+00  0.9998757799 -3.905808E+00
        5.548501E+12 -4.003115E+00 -1.959666E+00 -3.058656E-01 -3.058656E-01
   161     1787.5758    8.64140085  5.504844E+08  1.078668E+10  2.204780E+27
        4.859097E+00  2.467694E+01  7.531988E+00  0.9998829540 -3.931644E+00
        3.831417E+12 -4.002805E+00 -1.959669E+00 -3.058656E-01 -3.058656E-01
   162     1731.3804    8.64135961  5.505105E+08  1.080085E+10  1.940522E+27
        4.830366E+00  2.467694E+01  7.531988E+00  0.9998881955 -3.951541E+00
        2.564539E+12 -3.999355E+00 -1.959700E+00 -3.058656E-01 -3.058656E-01
   163     1679.4978    8.64138141  5.504967E+08  1.081363E+10  1.718085E+27
        4.803070E+00  2.467694E+01  7.531988E+00  0.9998887671 -3.953767E+00
        1.754071E+12 -4.000352E+00 -1.959691E+00 -3.058656E-01 -3.058656E-01
   164     1630.4042    8.64139104  5.504906E+08  1.082557E+10  1.525802E+27
        4.776323E+00  2.467694E+01  7.531988E+00  0.9998894619 -3.956488E+00
        1.209791E+12 -4.000659E+00 -1.959688E+00 -3.058656E-01 -3.058656E-01
   165     1578.4872    8.64138877  5.504920E+08  1.083806E+10  1.340552E+27
        4.747042E+00  2.467694E+01  7.531988E+00  0.9998907241 -3.961476E+00
        8.060293E+11 -4.000252E+00 -1.959692E+00 -3.058656E-01 -3.058656E-01
   166     1528.1408    8.64137890  5.504983E+08  1.084999E+10  1.177559E+27
        4.717613E+00  2.467694E+01  7.531988E+00  0.9998926406 -3.969160E+00
        5.362059E+11 -3.999394E+00 -1.959700E+00 -3.058656E-01 -3.058656E-01
   167     1478.7615    8.64134184  5.505218E+08  1.086158E+10  1.032664E+27
        4.687887E+00  2.467694E+01  7.531988E+00  0.9998933115 -3.971882E+00
        3.553752E+11 -3.996711E+00 -1.959725E+00 -3.058656E-01 -3.058656E-01
   168     1429.1633    8.64130733  5.505436E+08  1.087326E+10  9.010073E+26
        4.656801E+00  2.467693E+01  7.531988E+00  0.9998944808 -3.976668E+00
        2.312067E+11 -3.994269E+00 -1.959747E+00 -3.058656E-01 -3.058656E-01
