     1    59778.0279    9.25681259  3.090372E+08  4.000000E+05  8.689711E+32
        7.700224E+00  2.628583E+01  8.706794E+00  0.0000000000  0.000000E+00
        4.291090E+31 -4.005583E+00 -1.991115E+00 -3.055288E-01 -3.055288E-01
     2    59562.0251    9.25700160  3.089700E+08  8.000000E+05  8.561066E+32
        7.697949E+00  2.628600E+01  8.706915E+00  0.0000000000  0.000000E+00
        4.085457E+31 -4.005583E+00 -1.991115E+00 -3.055288E-01 -3.055288E-01
     3    59357.1689    9.25718311  3.089054E+08  1.200000E+06  8.440365E+32
        7.695680E+00  2.628615E+01  8.707035E+00  0.0000000000  0.000000E+00
        3.896825E+31 -4.005583E+00 -1.991115E+00 -3.055288E-01 -3.055288E-01
     4    59160.4217    9.25735898  3.088429E+08  1.600000E+06  8.325641E+32
        7.693416E+00  2.628631E+01  8.707152E+00  0.0000000000  0.000000E+00
        3.721694E+31 -4.005583E+00 -1.991115E+00 -3.055288E-01 -3.055288E-01
     5    58969.5731    9.25753051  3.087819E+08  2.000000E+06  8.215482E+32
        7.691155E+00  2.628646E+01  8.707267E+00  0.0000000000  0.000000E+00
        3.557937E+31 -4.005583E+00 -1.991115E+00 -3.055288E-01 -3.055288E-01
     6    58783.2179    9.25769853  3.087222E+08  2.400000E+06  8.108985E+32
        7.688899E+00  2.628662E+01  8.707381E+00  0.0000000000  0.000000E+00
        3.404114E+31 -4.005583E+00 -1.991115E+00 -3.055288E-01 -3.055288E-01
     7    58599.8632    9.25786403  3.086634E+08  2.800000E+06  8.005233E+32
        7.686647E+00  2.628677E+01  8.707493E+00  0.0000000000  0.000000E+00
        3.258743E+31 -4.005583E+00 -1.991115E+00 -3.055288E-01 -3.055288E-01
     8    58243.4618    9.25818622  3.085489E+08  3.600000E+06  7.806459E+32
        7.682175E+00  2.628706E+01  8.707712E+00  0.0000000000  0.000000E+00
        2.992448E+31 -4.005583E+00 -1.991115E+00 -3.055288E-01 -3.055288E-01
     9    57552.6612    9.25879979  3.083310E+08  5.200000E+06  7.432133E+32
        7.673406E+00  2.628761E+01  8.708131E+00  0.0000000000  0.000000E+00
        2.540875E+31 -4.005583E+00 -1.991115E+00 -3.055288E-01 -3.055288E-01
    10    56283.2177    9.25994046  3.079264E+08  8.400000E+06  6.779955E+32
        7.656700E+00  2.628864E+01  8.708901E+00  0.0000000000  0.000000E+00
        1.869915E+31 -4.005583E+00 -1.991115E+00 -3.055288E-01 -3.055288E-01
    11    54926.2493    9.26114083  3.075011E+08  1.208213E+07  6.132401E+32
        7.638652E+00  2.628972E+01  8.709707E+00  0.0000000000  0.000000E+00
        1.350112E+31 -4.005583E+00 -1.991115E+00 -3.055288E-01 -3.055288E-01
    12    53591.8063    9.26231780  3.070847E+08  1.601260E+07  5.542777E+32
        7.620600E+00  2.629077E+01  8.710498E+00  0.0000000000  0.000000E+00
        9.795429E+30 -4.005583E+00 -1.991115E+00 -3.055288E-01 -3.055288E-01
    13    52274.8209    9.26346609  3.066790E+08  2.021897E+07  5.004443E+32
        7.602481E+00  2.629177E+01  8.711260E+00  0.0000000000  0.000000E+00
        7.132007E+30 -4.005583E+00 -1.991115E+00 -3.055288E-01 -3.055288E-01
    14    50992.8302    9.26457094  3.062892E+08  2.467878E+07  4.519778E+32
        7.584461E+00  2.629272E+01  8.711981E+00  0.0000000000  0.000000E+00
        5.228253E+30 -4.005583E+00 -1.991115E+00 -3.055288E-01 -3.055288E-01
    15    49715.6826    9.26565203  3.059082E+08  2.947514E+07  4.073551E+32
        7.566280E+00  2.629363E+01  8.712671E+00  0.0000000000  0.000000E+00
        3.841047E+30 -4.005583E+00 -1.991115E+00 -3.055288E-01 -3.055288E-01
    16    48486.7150    9.26669323  3.055417E+08  3.456926E+07  3.676626E+32
        7.548152E+00  2.629448E+01  8.713322E+00  0.0000000000  0.000000E+00
        2.835909E+30 -4.005583E+00 -1.991115E+00 -3.055288E-01 -3.055288E-01
    17    47275.9598    9.26771182  3.051836E+08  4.003653E+07  3.315135E+32
        7.529879E+00  2.629531E+01  8.713945E+00  0.0000000000  0.000000E+00
        2.098276E+30 -4.005583E+00 -1.991115E+00 -3.055288E-01 -3.055288E-01
    18    46091.6969    9.26871162  3.048325E+08  4.589947E+07  2.988345E+32
        7.511476E+00  2.629612E+01  8.714550E+00  0.0000000000  0.000000E+00
        1.555603E+30 -4.005583E+00 -1.991115E+00 -3.055288E-01 -3.055288E-01
    19    44933.5080    9.26969348  3.044881E+08  5.219060E+07  2.693019E+32
        7.492917E+00  2.629692E+01  8.715140E+00  0.0000000000  0.000000E+00
        1.154888E+30 -4.005583E+00 -1.991115E+00 -3.055288E-01 -3.055288E-01
    20    43798.7464    9.27065649  3.041507E+08  5.893628E+07  2.425727E+32
        7.474196E+00  2.629770E+01  8.715715E+00  0.0000000000  0.000000E+00
        8.585953E+29 -4.005583E+00 -1.991115E+00 -3.055288E-01 -3.055288E-01
    21    42682.5625    9.27159718  3.038215E+08  6.616970E+07  2.183013E+32
        7.455291E+00  2.629844E+01  8.716268E+00  0.0000000000  0.000000E+00
        6.388420E+29 -4.005583E+00 -1.991115E+00 -3.055288E-01 -3.055288E-01
    22    41585.4556    9.27250419  3.035044E+08  7.389597E+07  1.962968E+32
        7.436260E+00  2.629911E+01  8.716776E+00  0.0000000000  0.000000E+00
        4.761580E+29 -4.005583E+00 -1.991115E+00 -3.055288E-01 -3.055288E-01
    23    40512.2578    9.27337802  3.031992E+08  8.211268E+07  1.764491E+32
        7.417183E+00  2.629974E+01  8.717245E+00  0.0000000000  0.000000E+00
        3.560737E+29 -4.005583E+00 -1.991115E+00 -3.055288E-01 -3.055288E-01
    24    39460.1853    9.27423111  3.029016E+08  9.087433E+07  1.585101E+32
        7.398001E+00  2.630034E+01  8.717700E+00  0.0000000000  0.000000E+00
        2.666232E+29 -4.005583E+00 -1.991115E+00 -3.055288E-01 -3.055288E-01
    25    38427.2901    9.27507234  3.026084E+08  1.002363E+08  1.422782E+32
        7.378663E+00  2.630094E+01  8.718156E+00  0.0000000000  0.000000E+00
        1.998826E+29 -4.005583E+00 -1.991115E+00 -3.055288E-01 -3.055288E-01
    26    37412.4766    9.27590704  3.023177E+08  1.102544E+08  1.275882E+32
        7.359124E+00  2.630156E+01  8.718631E+00  0.0000000000  0.000000E+00
        1.497790E+29 -4.005583E+00 -1.991115E+00 -3.055288E-01 -3.055288E-01
    27    36415.1447    9.27673902  3.020283E+08  1.209741E+08  1.142986E+32
        7.339375E+00  2.630222E+01  8.719129E+00  0.0000000000  0.000000E+00
        1.121926E+29 -4.005583E+00 -1.991115E+00 -3.055288E-01 -3.055288E-01
    28    35434.8633    9.27756457  3.017413E+08  1.324315E+08  1.022846E+32
        7.319425E+00  2.630289E+01  8.719637E+00  0.0000000000  0.000000E+00
        8.402290E+28 -4.005583E+00 -1.991115E+00 -3.055288E-01 -3.055288E-01
    29    34938.9068    9.27798412  3.015956E+08  1.385558E+08  9.658390E+31
        7.310383E+00  2.630323E+01  8.719931E+00  0.0000768077 -3.335844E-05
        7.243119E+28 -4.005583E+00 -1.991115E+00 -3.055288E-01 -3.055288E-01
    30    34364.0757    9.27847001  3.014270E+08  1.461468E+08  9.028181E+31
        7.305434E+00  2.630364E+01  8.720234E+00  0.0044438252 -1.934230E-03
        6.140237E+28 -4.005583E+00 -1.991115E+00 -3.055288E-01 -3.055288E-01
    31    33890.0002    9.27887512  3.012864E+08  1.531384E+08  8.532234E+31
        7.297567E+00  2.630399E+01  8.720497E+00  0.0141503873 -6.189330E-03
        5.383932E+28 -4.005583E+00 -1.991115E+00 -3.055288E-01 -3.055288E-01
    32    33395.0481    9.27930200  3.011384E+08  1.616194E+08  8.036703E+31
        7.287558E+00  2.630438E+01  8.720783E+00  0.0314666370 -1.388541E-02
        4.683907E+28 -4.005583E+00 -1.991115E+00 -3.055288E-01 -3.055288E-01
    33    32750.0067    9.27985823  3.009456E+08  1.748051E+08  7.424017E+31
        7.272336E+00  2.630489E+01  8.721161E+00  0.0637395903 -2.860334E-02
        3.867145E+28 -4.005583E+00 -1.991115E+00 -3.055288E-01 -3.055288E-01
    34    32024.7758    9.28048103  3.007299E+08  1.918811E+08  6.778209E+31
        7.254281E+00  2.630547E+01  8.721595E+00  0.1073744087 -4.933067E-02
        3.079430E+28 -4.005583E+00 -1.991115E+00 -3.055288E-01 -3.055288E-01
    35    31240.6390    9.28115202  3.004976E+08  2.123306E+08  6.128853E+31
        7.234714E+00  2.630613E+01  8.722081E+00  0.1584308418 -7.491019E-02
        2.386749E+28 -4.005583E+00 -1.991115E+00 -3.055288E-01 -3.055288E-01
    36    30384.0372    9.28185149  3.002558E+08  2.367548E+08  5.474974E+31
        7.213306E+00  2.630677E+01  8.722561E+00  0.2162653823 -1.058310E-01
        1.791429E+28 -4.005583E+00 -1.991115E+00 -3.055288E-01 -3.055288E-01
    37    29474.0801    9.28257559  3.000056E+08  2.652501E+08  4.839907E+31
        7.190160E+00  2.630739E+01  8.723034E+00  0.2790442074 -1.420914E-01
        1.305987E+28 -4.005583E+00 -1.991115E+00 -3.055288E-01 -3.055288E-01
    38    28538.1674    9.28336762  2.997321E+08  2.975719E+08  4.246081E+31
        7.165699E+00  2.630811E+01  8.723581E+00  0.3441514513 -1.831964E-01
        9.304205E+27 -4.005583E+00 -1.991115E+00 -3.055288E-01 -3.055288E-01
    39    27587.9562    9.28423257  2.994338E+08  3.336184E+08  3.700813E+31
        7.140121E+00  2.630893E+01  8.724198E+00  0.4096610600 -2.288986E-01
        6.497434E+27 -4.005583E+00 -1.991115E+00 -3.055288E-01 -3.055288E-01
    40    26625.5348    9.28505389  2.991508E+08  3.733308E+08  3.204727E+31
        7.113434E+00  2.630956E+01  8.724670E+00  0.4741421057 -2.791316E-01
        4.453970E+27 -4.005583E+00 -1.991115E+00 -3.055288E-01 -3.055288E-01
    41    25659.9263    9.28574083  2.989143E+08  4.162173E+08  2.760148E+31
        7.086001E+00  2.630983E+01  8.724873E+00  0.5357113350 -3.332119E-01
        3.013143E+27 -4.005583E+00 -1.991115E+00 -3.055288E-01 -3.055288E-01
    42    24704.1062    9.28635615  2.987026E+08  4.618320E+08  2.367947E+31
        7.058242E+00  2.630997E+01  8.724969E+00  0.5929923833 -3.903975E-01
        2.023140E+27 -4.005583E+00 -1.991115E+00 -3.055288E-01 -3.055288E-01
    43    23766.8831    9.28703369  2.984697E+08  5.103616E+08  2.025381E+31
        7.030169E+00  2.631028E+01  8.725202E+00  0.6458420390 -4.508030E-01
        1.347267E+27 -4.005583E+00 -1.991115E+00 -3.055288E-01 -3.055288E-01
    44    22850.4789    9.28773753  2.982279E+08  5.620309E+08  1.727807E+31
        7.001667E+00  2.631068E+01  8.725496E+00  0.6942737888 -5.146673E-01
        8.890665E+26 -4.005583E+00 -1.991115E+00 -3.055288E-01 -3.055288E-01
    45    21954.7014    9.28839147  2.980035E+08  6.170277E+08  1.470179E+31
        6.972617E+00  2.631099E+01  8.725727E+00  0.7383788527 -5.823272E-01
        5.804068E+26 -4.005583E+00 -1.991115E+00 -3.055288E-01 -3.055288E-01
    46    21072.8913    9.28901762  2.977887E+08  6.760103E+08  1.246036E+31
        6.942711E+00  2.631126E+01  8.725932E+00  0.7785205046 -6.546665E-01
        3.730053E+26 -4.005583E+00 -1.991115E+00 -3.055288E-01 -3.055288E-01
    47    20205.6303    9.28963966  2.975756E+08  7.386443E+08  1.051723E+31
        6.912220E+00  2.631155E+01  8.726142E+00  0.8143641724 -7.313382E-01
        2.368147E+26 -4.005583E+00 -1.991115E+00 -3.055288E-01 -3.055288E-01
    48    19349.7936    9.29022194  2.973761E+08  8.047858E+08  8.833545E+30
        6.881263E+00  2.631175E+01  8.726291E+00  0.8458384563 -8.120239E-01
        1.488879E+26 -4.005583E+00 -1.991115E+00 -3.055288E-01 -3.055288E-01
    49    18517.2598    9.29072615  2.972036E+08  8.738964E+08  7.400010E+30
        6.850168E+00  2.631181E+01  8.726334E+00  0.8729698695 -8.960933E-01
        9.316767E+25 -4.005583E+00 -1.991115E+00 -3.055288E-01 -3.055288E-01
    50    17715.4675    9.29122417  2.970332E+08  9.462218E+08  6.192099E+30
        6.818922E+00  2.631191E+01  8.726409E+00  0.8961907175 -9.837638E-01
        5.798800E+25 -4.005583E+00 -1.991115E+00 -3.055288E-01 -3.055288E-01
    51    16934.7847    9.29179876  2.968368E+08  1.023737E+09  5.163826E+30
        6.786736E+00  2.631222E+01  8.726642E+00  0.9163557654 -1.077564E+00
        3.549893E+25 -4.005583E+00 -1.991115E+00 -3.055288E-01 -3.055288E-01
    52    16165.8762    9.29240253  2.966305E+08  1.107379E+09  4.281994E+30
        6.753237E+00  2.631261E+01  8.726932E+00  0.9337703712 -1.178948E+00
        2.123381E+25 -4.005583E+00 -1.991115E+00 -3.055288E-01 -3.055288E-01
    53    15395.7139    9.29292907  2.964507E+08  1.197152E+09  3.518211E+30
        6.718464E+00  2.631283E+01  8.727095E+00  0.9484950064 -1.288151E+00
        1.242257E+25 -4.005583E+00 -1.991115E+00 -3.055288E-01 -3.055288E-01
    54    14877.8265    9.29324050  2.963445E+08  1.260625E+09  3.065978E+30
        6.694496E+00  2.631289E+01  8.727140E+00  0.9569217480 -1.365742E+00
        8.572848E+24 -4.005583E+00 -1.991115E+00 -3.055288E-01 -3.055288E-01
    55    14560.0708    9.29342540  2.962814E+08  1.301056E+09  2.811125E+30
        6.679493E+00  2.631292E+01  8.727157E+00  0.9615673137 -1.415299E+00
        6.791827E+24 -4.005583E+00 -1.991115E+00 -3.055288E-01 -3.055288E-01
    56    14311.8986    9.29357073  2.962318E+08  1.333629E+09  2.623432E+30
        6.667567E+00  2.631293E+01  8.727170E+00  0.9649446468 -1.455246E+00
        5.642932E+24 -4.005583E+00 -1.991115E+00 -3.055288E-01 -3.055288E-01
    57    14067.5083    9.29371728  2.961819E+08  1.366721E+09  2.447953E+30
        6.655603E+00  2.631295E+01  8.727185E+00  0.9680717767 -1.495825E+00
        4.684578E+24 -4.005583E+00 -1.991115E+00 -3.055288E-01 -3.055288E-01
    58    13831.7769    9.29385860  2.961337E+08  1.399704E+09  2.287204E+30
        6.643820E+00  2.631297E+01  8.727195E+00  0.9709116035 -1.536280E+00
        3.898806E+24 -4.005583E+00 -1.991115E+00 -3.055288E-01 -3.055288E-01
    59    13592.2521    9.29400114  2.960851E+08  1.434414E+09  2.132142E+30
        6.631568E+00  2.631298E+01  8.727201E+00  0.9736276617 -1.578851E+00
        3.218040E+24 -4.005583E+00 -1.991115E+00 -3.055288E-01 -3.055288E-01
    60    13342.7399    9.29414935  2.960346E+08  1.471969E+09  1.979166E+30
        6.618472E+00  2.631298E+01  8.727204E+00  0.9762784857 -1.624858E+00
        2.622283E+24 -4.005583E+00 -1.991106E+00 -3.055289E-01 -3.055289E-01
    61    13086.0230    9.29430398  2.959819E+08  1.512119E+09  1.830536E+30
        6.604631E+00  2.631298E+01  8.727206E+00  0.9787853753 -1.673365E+00
        2.111146E+24 -4.005583E+00 -1.991096E+00 -3.055290E-01 -3.055290E-01
    62    12819.6053    9.29446709  2.959263E+08  1.555378E+09  1.685323E+30
        6.589889E+00  2.631299E+01  8.727210E+00  0.9811722573 -1.725202E+00
        1.675439E+24 -4.005583E+00 -1.991095E+00 -3.055290E-01 -3.055290E-01
    63    12558.7604    9.29463038  2.958707E+08  1.598850E+09  1.551702E+30
        6.575189E+00  2.631300E+01  8.727217E+00  0.9831549430 -1.773528E+00
        1.329569E+24 -4.005583E+00 -1.990928E+00 -3.055308E-01 -3.055308E-01
    64    12303.7614    9.29479185  2.958157E+08  1.642060E+09  1.428931E+30
        6.560647E+00  2.631301E+01  8.727225E+00  0.9846544682 -1.814018E+00
        1.057731E+24 -4.005583E+00 -1.990818E+00 -3.055319E-01 -3.055319E-01
    65    12038.2816    9.29495915  2.957587E+08  1.688015E+09  1.309033E+30
        6.545362E+00  2.631302E+01  8.727234E+00  0.9859786245 -1.853209E+00
        8.311354E+23 -4.005583E+00 -1.990787E+00 -3.055322E-01 -3.055322E-01
    66    11716.8647    9.29515622  2.956916E+08  1.744847E+09  1.174197E+30
        6.526723E+00  2.631303E+01  8.727245E+00  0.9871967223 -1.892679E+00
        6.190717E+23 -4.005583E+00 -1.989706E+00 -3.055434E-01 -3.055434E-01
    67    11318.8228    9.29538748  2.956129E+08  1.815794E+09  1.022043E+30
        6.503465E+00  2.631306E+01  8.727262E+00  0.9873624712 -1.898338E+00
        4.279844E+23 -4.005583E+00 -1.983489E+00 -3.056082E-01 -3.056082E-01
    68    10934.3446    9.29561923  2.955340E+08  1.888724E+09  8.896177E+29
        6.480225E+00  2.631310E+01  8.727295E+00  0.9874515909 -1.901411E+00
        2.958658E+23 -4.005583E+00 -1.979540E+00 -3.056498E-01 -3.056498E-01
    69    10526.3444    9.29587375  2.954474E+08  1.972455E+09  7.636391E+29
        6.454341E+00  2.631317E+01  8.727344E+00  0.9875488048 -1.904789E+00
        1.960522E+23 -4.005583E+00 -1.975682E+00 -3.056909E-01 -3.056909E-01
    70    10089.9558    9.29614509  2.953551E+08  2.070725E+09  6.442636E+29
        6.424829E+00  2.631323E+01  8.727392E+00  0.9876615400 -1.908739E+00
        1.224116E+23 -4.005583E+00 -1.971691E+00 -3.057337E-01 -3.057337E-01
    71     9590.3679    9.29643380  2.952570E+08  2.193766E+09  5.254832E+29
        6.389108E+00  2.631326E+01  8.727412E+00  0.9878043304 -1.913794E+00
        6.915953E+22 -4.005583E+00 -1.967898E+00 -3.057748E-01 -3.057748E-01
    72     9133.8719    9.29667352  2.951755E+08  2.311673E+09  4.321134E+29
        6.355769E+00  2.631326E+01  8.727410E+00  0.9879374726 -1.918562E+00
        4.053051E+22 -4.005583E+00 -1.963421E+00 -3.058238E-01 -3.058238E-01
    73     8874.8323    9.29680843  2.951297E+08  2.382049E+09  3.850205E+29
        6.336262E+00  2.631326E+01  8.727412E+00  0.9880560408 -1.922852E+00
        2.962899E+22 -4.005583E+00 -1.962834E+00 -3.058303E-01 -3.058303E-01
    74     8618.6861    9.29693949  2.950851E+08  2.453623E+09  3.423548E+29
        6.316830E+00  2.631326E+01  8.727413E+00  0.9881734862 -1.927143E+00
        2.168169E+22 -4.005583E+00 -1.962333E+00 -3.058358E-01 -3.058358E-01
    75     8232.8009    9.29713757  2.950179E+08  2.570096E+09  2.849079E+29
        6.286113E+00  2.631326E+01  8.727413E+00  0.9883512264 -1.933720E+00
        1.322162E+22 -4.005583E+00 -1.961571E+00 -3.058442E-01 -3.058442E-01
    76     7863.3998    9.29734008  2.949491E+08  2.694190E+09  2.370025E+29
        6.254214E+00  2.631326E+01  8.727414E+00  0.9885250854 -1.940251E+00
        7.903077E+21 -4.005583E+00 -1.960881E+00 -3.058519E-01 -3.058519E-01
    77     7450.7561    9.29758625  2.948655E+08  2.846923E+09  1.909267E+29
        6.215802E+00  2.631327E+01  8.727416E+00  0.9887236420 -1.947831E+00
        4.248714E+21 -4.005583E+00 -1.960159E+00 -3.058599E-01 -3.058599E-01
    78     7093.8800    9.29781112  2.947892E+08  2.987647E+09  1.568108E+29
        6.181239E+00  2.631327E+01  8.727419E+00  0.9888919151 -1.954361E+00
        2.427976E+21 -4.005583E+00 -1.959558E+00 -3.058665E-01 -3.058665E-01
    79     6794.6676    9.29802004  2.947183E+08  3.116327E+09  1.319181E+29
        6.150157E+00  2.631327E+01  8.727422E+00  0.9890365250 -1.960052E+00
        1.466835E+21 -4.005583E+00 -1.959046E+00 -3.058722E-01 -3.058722E-01
    80     6502.9467    9.29825200  2.946396E+08  3.270238E+09  1.106217E+29
        6.113085E+00  2.631328E+01  8.727427E+00  0.9892027678 -1.966688E+00
        8.033341E+20 -4.005583E+00 -1.958475E+00 -3.058786E-01 -3.058786E-01
    81     6382.5006    9.29837972  2.945963E+08  3.361831E+09  1.026208E+29
        6.090269E+00  2.631328E+01  8.727428E+00  0.9893020716 -1.970700E+00
        5.542599E+20 -4.005583E+00 -1.958151E+00 -3.058822E-01 -3.058822E-01
    82     6282.6119    9.29850182  2.945548E+08  3.456726E+09  9.631873E+28
        6.065285E+00  2.631328E+01  8.727428E+00  0.9894068696 -1.974976E+00
        3.689895E+20 -4.005583E+00 -1.957781E+00 -3.058863E-01 -3.058863E-01
    83     6209.1306    9.29860002  2.945216E+08  3.535937E+09  9.187022E+28
        6.043154E+00  2.631328E+01  8.727428E+00  0.9894977700 -1.978718E+00
        2.572259E+20 -4.005583E+00 -1.957470E+00 -3.058898E-01 -3.058898E-01
    84     6142.9647    9.29869751  2.944885E+08  3.614384E+09  8.799666E+28
        6.019695E+00  2.631328E+01  8.727428E+00  0.9895916544 -1.982618E+00
        1.753990E+20 -4.005583E+00 -1.957144E+00 -3.058934E-01 -3.058934E-01
    85     6091.7802    9.29877963  2.944607E+08  3.679411E+09  8.508419E+28
        5.998828E+00  2.631328E+01  8.727429E+00  0.9896735434 -1.986049E+00
        1.247305E+20 -4.005583E+00 -1.956869E+00 -3.058965E-01 -3.058965E-01
    86     6039.0496    9.29886383  2.944321E+08  3.745289E+09  8.216033E+28
        5.976109E+00  2.631328E+01  8.727430E+00  0.9897605880 -1.989725E+00
        8.602460E+19 -4.005583E+00 -1.956575E+00 -3.058997E-01 -3.058997E-01
    87     5982.8825    9.29894459  2.944047E+08  3.807786E+09  7.913141E+28
        5.952972E+00  2.631328E+01  8.727431E+00  0.9898472497 -1.993416E+00
        5.890407E+19 -4.005583E+00 -1.956287E+00 -3.059030E-01 -3.059030E-01
    88     5920.9047    9.29902201  2.943785E+08  3.867743E+09  7.588953E+28
        5.929136E+00  2.631329E+01  8.727431E+00  0.9899344338 -1.997162E+00
        3.986059E+19 -4.005583E+00 -1.956002E+00 -3.059062E-01 -3.059062E-01
    89     5859.7106    9.29910000  2.943521E+08  3.921974E+09  7.278741E+28
        5.906015E+00  2.631329E+01  8.727434E+00  0.9900489675 -2.002132E+00
        2.729468E+19 -4.005583E+00 -1.959705E+00 -3.058649E-01 -3.058649E-01
    90     5793.8865    9.29917188  2.943277E+08  3.976099E+09  6.956001E+28
        5.881345E+00  2.631329E+01  8.727435E+00  0.9902234939 -2.009816E+00
        1.820879E+19 -4.005583E+00 -1.961013E+00 -3.058504E-01 -3.058504E-01
    91     5727.1081    9.29923955  2.943048E+08  4.027350E+09  6.639778E+28
        5.856334E+00  2.631329E+01  8.727436E+00  0.9904262370 -2.018917E+00
        1.207605E+19 -4.005583E+00 -1.962212E+00 -3.058372E-01 -3.058372E-01
    92     5662.4855    9.29930058  2.942841E+08  4.073824E+09  6.344238E+28
        5.832099E+00  2.631329E+01  8.727437E+00  0.9906484166 -2.029115E+00
        8.113357E+18 -4.005583E+00 -1.963518E+00 -3.058228E-01 -3.058228E-01
    93     5595.2705    9.29935874  2.942644E+08  4.118740E+09  6.047519E+28
        5.807157E+00  2.631329E+01  8.727438E+00  0.9908746114 -2.039749E+00
        5.391909E+18 -4.005583E+00 -1.964872E+00 -3.058079E-01 -3.058079E-01
    94     5524.4964    9.29941249  2.942462E+08  4.161361E+09  5.746586E+28
        5.782010E+00  2.631330E+01  8.727439E+00  0.9911013329 -2.050675E+00
        3.575030E+18 -4.005583E+00 -1.966004E+00 -3.057955E-01 -3.057955E-01
    95     5445.2835    9.29946221  2.942293E+08  4.203613E+09  5.423397E+28
        5.755557E+00  2.631330E+01  8.727439E+00  0.9913232488 -2.061643E+00
        2.323542E+18 -4.005583E+00 -1.966342E+00 -3.057918E-01 -3.057918E-01
    96     5355.9531    9.29950998  2.942132E+08  4.245970E+09  5.075615E+28
        5.727586E+00  2.631330E+01  8.727439E+00  0.9915592522 -2.073619E+00
        1.476078E+18 -4.005583E+00 -1.966678E+00 -3.057882E-01 -3.057882E-01
    97     5254.0729    9.29955725  2.941971E+08  4.290326E+09  4.699793E+28
        5.696694E+00  2.631330E+01  8.727439E+00  0.9918273718 -2.087638E+00
        8.966487E+17 -4.005583E+00 -1.967039E+00 -3.057842E-01 -3.057842E-01
    98     5152.6343    9.29959945  2.941829E+08  4.332434E+09  4.346798E+28
        5.665757E+00  2.631330E+01  8.727439E+00  0.9921067863 -2.102746E+00
        5.459266E+17 -4.005583E+00 -1.967424E+00 -3.057800E-01 -3.057800E-01
    99     5049.1522    9.29963920  2.941694E+08  4.373984E+09  4.007618E+28
        5.633617E+00  2.631330E+01  8.727439E+00  0.9924047562 -2.119458E+00
        3.272840E+17 -4.005583E+00 -1.967859E+00 -3.057753E-01 -3.057753E-01
   100     4943.6055    9.29967731  2.941565E+08  4.414066E+09  3.682557E+28
        5.600931E+00  2.631330E+01  8.727439E+00  0.9927049334 -2.136971E+00
        1.954830E+17 -4.005583E+00 -1.968330E+00 -3.057702E-01 -3.057702E-01
   101     4868.1577    9.29970400  2.941474E+08  4.441725E+09  3.462631E+28
        5.577427E+00  2.631330E+01  8.727440E+00  0.9929405352 -2.151228E+00
        1.354239E+17 -4.005583E+00 -1.968876E+00 -3.057642E-01 -3.057642E-01
   102     4819.2766    9.29972385  2.941407E+08  4.458937E+09  3.325486E+28
        5.561722E+00  2.631330E+01  8.727441E+00  0.9937474125 -2.203940E+00
        1.048855E+17 -4.005583E+00 -1.968958E+00 -3.057633E-01 -3.057633E-01
   103     4774.1734    9.29974144  2.941348E+08  4.473899E+09  3.202602E+28
        5.546851E+00  2.631330E+01  8.727442E+00  0.9944977009 -2.259456E+00
        8.314999E+16 -4.005583E+00 -1.968964E+00 -3.057633E-01 -3.057633E-01
   104     4730.8043    9.29975727  2.941294E+08  4.487374E+09  3.087694E+28
        5.532191E+00  2.631330E+01  8.727443E+00  0.9952015507 -2.318899E+00
        6.590823E+16 -4.005583E+00 -1.968981E+00 -3.057631E-01 -3.057631E-01
   105     4682.4962    9.29977367  2.941239E+08  4.501157E+09  2.963382E+28
        5.515642E+00  2.631330E+01  8.727443E+00  0.9958992249 -2.387134E+00
        5.104776E+16 -4.005583E+00 -1.968982E+00 -3.057631E-01 -3.057631E-01
   106     4634.0502    9.29978948  2.941185E+08  4.513629E+09  2.842530E+28
        5.499117E+00  2.631330E+01  8.727444E+00  0.9965018607 -2.456163E+00
        3.962040E+16 -4.005583E+00 -1.968982E+00 -3.057631E-01 -3.057631E-01
   107     4584.4515    9.29980545  2.941131E+08  4.524991E+09  2.722674E+28
        5.482560E+00  2.631330E+01  8.727444E+00  0.9970221051 -2.526091E+00
        3.079057E+16 -4.005583E+00 -1.968982E+00 -3.057631E-01 -3.057631E-01
   108     4540.3376    9.29982026  2.941081E+08  4.533982E+09  2.619292E+28
        5.468325E+00  2.631330E+01  8.727444E+00  0.9974105926 -2.586800E+00
        2.482263E+16 -4.005583E+00 -1.968983E+00 -3.057631E-01 -3.057631E-01
   109     4490.3072    9.29983735  2.941023E+08  4.543103E+09  2.505639E+28
        5.452613E+00  2.631330E+01  8.727444E+00  0.9977839342 -2.654417E+00
        1.959721E+16 -4.005583E+00 -1.968982E+00 -3.057631E-01 -3.057631E-01
   110     4439.3733    9.29985462  2.940964E+08  4.551528E+09  2.393777E+28
        5.436833E+00  2.631330E+01  8.727444E+00  0.9981074782 -2.722959E+00
        1.543571E+16 -4.005583E+00 -1.968983E+00 -3.057631E-01 -3.057631E-01
   111     4388.1407    9.29987097  2.940909E+08  4.559347E+09  2.285088E+28
        5.420965E+00  2.631330E+01  8.727445E+00  0.9983874523 -2.792487E+00
        1.219246E+16 -4.005583E+00 -1.968983E+00 -3.057631E-01 -3.057631E-01
   112     4336.3156    9.29988525  2.940861E+08  4.566697E+09  2.178963E+28
        5.404831E+00  2.631330E+01  8.727445E+00  0.9986316079 -2.863789E+00
        9.606203E+15 -4.005583E+00 -1.968983E+00 -3.057631E-01 -3.057631E-01
   113     4283.2378    9.29989757  2.940819E+08  4.573679E+09  2.074162E+28
        5.388247E+00  2.631330E+01  8.727445E+00  0.9988457184 -2.937688E+00
        7.528515E+15 -4.005583E+00 -1.968983E+00 -3.057631E-01 -3.057631E-01
   114     4229.3769    9.29990861  2.940782E+08  4.580207E+09  1.971735E+28
        5.371439E+00  2.631330E+01  8.727445E+00  0.9990298329 -3.013153E+00
        5.889105E+15 -4.005583E+00 -1.968983E+00 -3.057631E-01 -3.057631E-01
   115     4174.4692    9.29991919  2.940746E+08  4.586336E+09  1.871274E+28
        5.354372E+00  2.631330E+01  8.727445E+00  0.9991878153 -3.090345E+00
        4.595073E+15 -4.005583E+00 -1.968983E+00 -3.057631E-01 -3.057631E-01
   116     4117.0839    9.29992961  2.940711E+08  4.592255E+09  1.770439E+28
        5.336577E+00  2.631330E+01  8.727445E+00  0.9993260693 -3.171385E+00
        3.552593E+15 -4.005583E+00 -1.968983E+00 -3.057631E-01 -3.057631E-01
   117     4057.3204    9.29993986  2.940676E+08  4.597983E+09  1.669817E+28
        5.317994E+00  2.631330E+01  8.727445E+00  0.9994461486 -3.256607E+00
        2.718972E+15 -4.005583E+00 -1.968983E+00 -3.057631E-01 -3.057631E-01
   118     3996.5991    9.29994886  2.940645E+08  4.603391E+09  1.572045E+28
        5.299029E+00  2.631330E+01  8.727445E+00  0.9995472725 -3.344163E+00
        2.069872E+15 -4.005583E+00 -1.968983E+00 -3.057631E-01 -3.057631E-01
   119     3936.5684    9.29995631  2.940620E+08  4.608359E+09  1.479676E+28
        5.280201E+00  2.631330E+01  8.727445E+00  0.9996298217 -3.431589E+00
        1.582497E+15 -4.005583E+00 -1.968983E+00 -3.057631E-01 -3.057631E-01
   120     3874.2214    9.29996324  2.940597E+08  4.613153E+09  1.388117E+28
        5.260642E+00  2.631330E+01  8.727445E+00  0.9997000276 -3.522919E+00
        1.198782E+15 -4.005583E+00 -1.968983E+00 -3.057631E-01 -3.057631E-01
   121     3807.7742    9.29997003  2.940574E+08  4.617890E+09  1.295288E+28
        5.239869E+00  2.631330E+01  8.727445E+00  0.9997603624 -3.620445E+00
        8.935597E+14 -4.005583E+00 -1.968983E+00 -3.057631E-01 -3.057631E-01
   122     3737.3162    9.29997656  2.940552E+08  4.622526E+09  1.202028E+28
        5.217946E+00  2.631330E+01  8.727445E+00  0.9998109865 -3.723507E+00
        6.560845E+14 -4.005574E+00 -1.968983E+00 -3.057631E-01 -3.057631E-01
   123     3665.7088    9.29996622  2.940587E+08  4.626875E+09  1.112544E+28
        5.195808E+00  2.631330E+01  8.727445E+00  0.9998489857 -3.820982E+00
        4.807663E+14 -4.004637E+00 -1.968991E+00 -3.057631E-01 -3.057631E-01
   124     3588.9894    9.29995903  2.940611E+08  4.631208E+09  1.022307E+28
        5.172458E+00  2.631330E+01  8.727445E+00  0.9998660799 -3.873154E+00
        3.466766E+14 -4.003861E+00 -1.968998E+00 -3.057631E-01 -3.057631E-01
   125     3502.6827    9.29996269  2.940599E+08  4.635807E+09  9.274534E+27
        5.146325E+00  2.631330E+01  8.727445E+00  0.9998755945 -3.905161E+00
        2.407184E+14 -4.003663E+00 -1.969000E+00 -3.057631E-01 -3.057631E-01
   126     3411.6549    9.29996704  2.940584E+08  4.640402E+09  8.347279E+27
        5.118622E+00  2.631330E+01  8.727445E+00  0.9998837117 -3.934464E+00
        1.636689E+14 -4.003501E+00 -1.969002E+00 -3.057631E-01 -3.057631E-01
   127     3317.6863    9.29992981  2.940710E+08  4.644919E+09  7.465572E+27
        5.090000E+00  2.631330E+01  8.727445E+00  0.9998911186 -3.963046E+00
        1.099592E+14 -4.001139E+00 -1.969024E+00 -3.057631E-01 -3.057631E-01
   128     3216.6028    9.29995438  2.940627E+08  4.649589E+09  6.596096E+27
        5.059241E+00  2.631330E+01  8.727445E+00  0.9998913305 -3.963892E+00
        7.174408E+13 -4.001920E+00 -1.969016E+00 -3.057631E-01 -3.057631E-01
   129     3106.2165    9.29995221  2.940634E+08  4.654532E+09  5.736226E+27
        5.025359E+00  2.631330E+01  8.727445E+00  0.9998929990 -3.970612E+00
        4.486451E+13 -4.001593E+00 -1.969019E+00 -3.057631E-01 -3.057631E-01
   130     2975.0098    9.29986953  2.940914E+08  4.660356E+09  4.827649E+27
        4.984612E+00  2.631330E+01  8.727445E+00  0.9998927998 -3.969804E+00
        2.552476E+13 -3.997422E+00 -1.969058E+00 -3.057631E-01 -3.057631E-01
   131     2848.6086    9.29980343  2.941138E+08  4.666040E+09  4.058628E+27
        4.944364E+00  2.631330E+01  8.727444E+00  0.9998935989 -3.973054E+00
        1.462959E+13 -3.994174E+00 -1.969089E+00 -3.057631E-01 -3.057631E-01
   132     2684.8131    9.29972224  2.941413E+08  4.673776E+09  3.203211E+27
        4.889448E+00  2.631330E+01  8.727444E+00  0.9998959760 -3.982866E+00
        6.849190E+12 -3.990303E+00 -1.969126E+00 -3.057631E-01 -3.057631E-01
   133     2529.8173    9.29964550  2.941673E+08  4.681592E+09  2.525589E+27
        4.835773E+00  2.631330E+01  8.727444E+00  0.9998995867 -3.998209E+00
        3.262755E+12 -3.986838E+00 -1.969159E+00 -3.057631E-01 -3.057631E-01
   134     2387.1085    9.29958728  2.941870E+08  4.689456E+09  2.002410E+27
        4.782824E+00  2.631330E+01  8.727443E+00  0.9999042299 -4.018770E+00
        1.570066E+12 -3.984555E+00 -1.969181E+00 -3.057631E-01 -3.057631E-01
   135     2249.4503    9.29957370  2.941916E+08  4.697774E+09  1.579005E+27
        4.728219E+00  2.631330E+01  8.727443E+00  0.9999100635 -4.046064E+00
        7.384350E+11 -3.984697E+00 -1.969179E+00 -3.057631E-01 -3.057631E-01
   136     2126.0786    9.29956136  2.941958E+08  4.705897E+09  1.260107E+27
        4.676925E+00  2.631330E+01  8.727443E+00  0.9999160838 -4.076154E+00
        3.635612E+11 -3.984820E+00 -1.969178E+00 -3.057631E-01 -3.057631E-01
