     1    58836.9903    8.83745921  4.710475E+08  4.000000E+05  1.894736E+33
        7.866677E+00  2.529156E+01  7.974444E+00  0.0000000000  0.000000E+00
        4.056041E+33 -3.998666E+00 -1.987367E+00 -3.055683E-01 -3.055683E-01
     2    57677.3399    8.83888699  4.702739E+08  8.000000E+05  1.743974E+33
        7.860731E+00  2.529241E+01  7.975077E+00  0.0000000000  0.000000E+00
        3.134649E+33 -3.998666E+00 -1.987367E+00 -3.055683E-01 -3.055683E-01
     3    56721.1492    8.84006418  4.696369E+08  1.200000E+06  1.626754E+33
        7.854185E+00  2.529316E+01  7.975631E+00  0.0000000000  0.000000E+00
        2.530687E+33 -3.998666E+00 -1.987367E+00 -3.055683E-01 -3.055683E-01
     4    55952.0354    8.84103190  4.691140E+08  1.600000E+06  1.536872E+33
        7.847306E+00  2.529382E+01  7.976128E+00  0.0000000000  0.000000E+00
        2.104671E+33 -3.998666E+00 -1.987367E+00 -3.055683E-01 -3.055683E-01
     5    55322.3035    8.84184539  4.686748E+08  2.000000E+06  1.466094E+33
        7.840317E+00  2.529442E+01  7.976580E+00  0.0000000000  0.000000E+00
        1.788339E+33 -3.998666E+00 -1.987367E+00 -3.055683E-01 -3.055683E-01
     6    54791.8073    8.84254759  4.682961E+08  2.400000E+06  1.408384E+33
        7.833374E+00  2.529497E+01  7.976995E+00  0.0000000000  0.000000E+00
        1.544290E+33 -3.998666E+00 -1.987367E+00 -3.055683E-01 -3.055683E-01
     7    54319.8522    8.84318268  4.679538E+08  2.800000E+06  1.358494E+33
        7.826522E+00  2.529549E+01  7.977385E+00  0.0000000000  0.000000E+00
        1.346835E+33 -3.998666E+00 -1.987367E+00 -3.055683E-01 -3.055683E-01
     8    53710.9509    8.84402136  4.675022E+08  3.410579E+06  1.296093E+33
        7.816484E+00  2.529621E+01  7.977925E+00  0.0000000000  0.000000E+00
        1.116826E+33 -3.998666E+00 -1.987367E+00 -3.055683E-01 -3.055683E-01
     9    53046.5563    8.84494957  4.670029E+08  4.191575E+06  1.230510E+33
        7.804506E+00  2.529702E+01  7.978540E+00  0.0000000000  0.000000E+00
        9.019783E+32 -3.998666E+00 -1.987367E+00 -3.055683E-01 -3.055683E-01
    10    52369.5406    8.84589729  4.664936E+08  5.102026E+06  1.166336E+33
        7.791713E+00  2.529785E+01  7.979168E+00  0.0000000000  0.000000E+00
        7.210875E+32 -3.998666E+00 -1.987367E+00 -3.055683E-01 -3.055683E-01
    11    51711.6347    8.84681057  4.660034E+08  6.087526E+06  1.106493E+33
        7.779094E+00  2.529863E+01  7.979763E+00  0.0000000000  0.000000E+00
        5.783631E+32 -3.998666E+00 -1.987367E+00 -3.055683E-01 -3.055683E-01
    12    51051.6638    8.84771718  4.655172E+08  7.170120E+06  1.048887E+33
        7.766476E+00  2.529940E+01  7.980341E+00  0.0000000000  0.000000E+00
        4.628704E+32 -3.998666E+00 -1.987367E+00 -3.055683E-01 -3.055683E-01
    13    50373.9579    8.84863325  4.650265E+08  8.371753E+06  9.921952E+32
        7.753718E+00  2.530015E+01  7.980912E+00  0.0000000000  0.000000E+00
        3.682325E+32 -3.998666E+00 -1.987367E+00 -3.055683E-01 -3.055683E-01
    14    49673.0991    8.84957046  4.645250E+08  9.714336E+06  9.360966E+32
        7.740711E+00  2.530090E+01  7.981484E+00  0.0000000000  0.000000E+00
        2.904247E+32 -3.998666E+00 -1.987367E+00 -3.055683E-01 -3.055683E-01
    15    48942.5510    8.85053679  4.640085E+08  1.121986E+07  8.802696E+32
        7.727372E+00  2.530165E+01  7.982061E+00  0.0000000000  0.000000E+00
        2.266569E+32 -3.998666E+00 -1.987367E+00 -3.055683E-01 -3.055683E-01
    16    48175.6003    8.85153583  4.634751E+08  1.291030E+07  8.244775E+32
        7.713638E+00  2.530243E+01  7.982649E+00  0.0000000000  0.000000E+00
        1.748422E+32 -3.998666E+00 -1.987367E+00 -3.055683E-01 -3.055683E-01
    17    47379.0652    8.85257113  4.629230E+08  1.480663E+07  7.694509E+32
        7.699470E+00  2.530321E+01  7.983246E+00  0.0000000000  0.000000E+00
        1.332062E+32 -3.998666E+00 -1.987367E+00 -3.055683E-01 -3.055683E-01
    18    46541.6009    8.85363648  4.623556E+08  1.692853E+07  7.147183E+32
        7.684848E+00  2.530400E+01  7.983842E+00  0.0000000000  0.000000E+00
        1.002364E+32 -3.998666E+00 -1.987367E+00 -3.055683E-01 -3.055683E-01
    19    45684.6700    8.85472604  4.617759E+08  1.928782E+07  6.618537E+32
        7.669816E+00  2.530479E+01  7.984437E+00  0.0000000000  0.000000E+00
        7.458464E+31 -3.998666E+00 -1.987367E+00 -3.055683E-01 -3.055683E-01
    20    44788.2339    8.85584582  4.611810E+08  2.190928E+07  6.098402E+32
        7.654340E+00  2.530558E+01  7.985036E+00  0.0000000000  0.000000E+00
        5.487640E+31 -3.998666E+00 -1.987367E+00 -3.055683E-01 -3.055683E-01
    21    43883.9550    8.85698237  4.605780E+08  2.479766E+07  5.605918E+32
        7.638507E+00  2.530638E+01  7.985642E+00  0.0000000000  0.000000E+00
        4.001228E+31 -3.998666E+00 -1.987367E+00 -3.055683E-01 -3.055683E-01
    22    42947.0400    8.85814570  4.599615E+08  2.798442E+07  5.128535E+32
        7.622264E+00  2.530721E+01  7.986263E+00  0.0000000000  0.000000E+00
        2.891668E+31 -3.998666E+00 -1.987367E+00 -3.055683E-01 -3.055683E-01
    23    41998.7930    8.85932765  4.593360E+08  3.146951E+07  4.677628E+32
        7.605732E+00  2.530806E+01  7.986904E+00  0.0000000000  0.000000E+00
        2.077642E+31 -3.998666E+00 -1.987367E+00 -3.055683E-01 -3.055683E-01
    24    41042.8020    8.86051783  4.587071E+08  3.525715E+07  4.254380E+32
        7.588988E+00  2.530893E+01  7.987550E+00  0.0000000000  0.000000E+00
        1.486858E+31 -3.998666E+00 -1.987367E+00 -3.055683E-01 -3.055683E-01
    25    40110.2426    8.86168320  4.580920E+08  3.932512E+07  3.870295E+32
        7.572201E+00  2.530977E+01  7.988176E+00  0.0000000000  0.000000E+00
        1.064345E+31 -3.998666E+00 -1.987367E+00 -3.055683E-01 -3.055683E-01
    26    39170.9205    8.86284197  4.574813E+08  4.375604E+07  3.510906E+32
        7.555113E+00  2.531057E+01  7.988776E+00  0.0000000000  0.000000E+00
        7.582923E+30 -3.998666E+00 -1.987367E+00 -3.055683E-01 -3.055683E-01
    27    38244.6725    8.86396643  4.568894E+08  4.852574E+07  3.182171E+32
        7.537900E+00  2.531130E+01  7.989324E+00  0.0000000000  0.000000E+00
        5.400453E+30 -3.998666E+00 -1.987367E+00 -3.055683E-01 -3.055683E-01
    28    37333.4609    8.86505726  4.563160E+08  5.366280E+07  2.882318E+32
        7.520544E+00  2.531196E+01  7.989823E+00  0.0000000000  0.000000E+00
        3.843785E+30 -3.998666E+00 -1.987367E+00 -3.055683E-01 -3.055683E-01
    29    36437.1949    8.86612027  4.557579E+08  5.918265E+07  2.608949E+32
        7.503083E+00  2.531257E+01  7.990286E+00  0.0000000000  0.000000E+00
        2.737939E+30 -3.998666E+00 -1.987367E+00 -3.055683E-01 -3.055683E-01
    30    35557.3676    8.86716126  4.552120E+08  6.510961E+07  2.360278E+32
        7.485525E+00  2.531316E+01  7.990729E+00  0.0000000000  0.000000E+00
        1.953150E+30 -3.998666E+00 -1.987367E+00 -3.055683E-01 -3.055683E-01
    31    34693.2161    8.86818684  4.546748E+08  7.146951E+07  2.134015E+32
        7.467876E+00  2.531374E+01  7.991165E+00  0.0000000000  0.000000E+00
        1.396530E+30 -3.998666E+00 -1.987367E+00 -3.055683E-01 -3.055683E-01
    32    33844.8925    8.86919448  4.541477E+08  7.828733E+07  1.928342E+32
        7.450145E+00  2.531430E+01  7.991594E+00  0.0000000000  0.000000E+00
        1.001587E+30 -3.998666E+00 -1.987367E+00 -3.055683E-01 -3.055683E-01
    33    33014.0905    8.87018045  4.536324E+08  8.556926E+07  1.741899E+32
        7.432394E+00  2.531485E+01  7.992012E+00  0.0000000000  0.000000E+00
        7.216998E+29 -3.998666E+00 -1.987367E+00 -3.055683E-01 -3.055683E-01
    34    32202.4379    8.87114703  4.531279E+08  9.333164E+07  1.573309E+32
        7.414659E+00  2.531539E+01  7.992423E+00  0.0000000000  0.000000E+00
        5.229267E+29 -3.998666E+00 -1.987367E+00 -3.055683E-01 -3.055683E-01
    35    31409.9752    8.87209947  4.526313E+08  1.016112E+08  1.420944E+32
        7.396926E+00  2.531593E+01  7.992828E+00  0.0000000000  0.000000E+00
        3.809541E+29 -3.998666E+00 -1.987367E+00 -3.055683E-01 -3.055683E-01
    36    30635.9576    8.87304360  4.521396E+08  1.104506E+08  1.283182E+32
        7.379178E+00  2.531646E+01  7.993232E+00  0.0000000000  0.000000E+00
        2.789578E+29 -3.998666E+00 -1.987367E+00 -3.055683E-01 -3.055683E-01
    37    29880.2405    8.87397309  4.516560E+08  1.198878E+08  1.158696E+32
        7.361406E+00  2.531698E+01  7.993620E+00  0.0000000000  0.000000E+00
        2.052786E+29 -3.998666E+00 -1.987367E+00 -3.055683E-01 -3.055683E-01
    38    29143.8891    8.87488047  4.511844E+08  1.299452E+08  1.046443E+32
        7.343636E+00  2.531747E+01  7.993985E+00  0.0000000000  0.000000E+00
        1.518507E+29 -3.998666E+00 -1.987367E+00 -3.055683E-01 -3.055683E-01
    39    28424.9769    8.87576228  4.507266E+08  1.406715E+08  9.450272E+31
        7.325852E+00  2.531795E+01  7.994336E+00  0.0000000000  0.000000E+00
        1.128677E+29 -3.998666E+00 -1.987367E+00 -3.055683E-01 -3.055683E-01
    40    27721.6209    8.87661391  4.502849E+08  1.521185E+08  8.532311E+31
        7.308034E+00  2.531840E+01  7.994676E+00  0.0000000000  0.000000E+00
        8.425944E+28 -3.998666E+00 -1.987367E+00 -3.055683E-01 -3.055683E-01
    41    27032.9098    8.87743677  4.498585E+08  1.643278E+08  7.700883E+31
        7.290196E+00  2.531886E+01  7.995024E+00  0.0000000000  0.000000E+00
        6.318045E+28 -3.998666E+00 -1.987367E+00 -3.055683E-01 -3.055683E-01
    42    26359.5563    8.87822957  4.494481E+08  1.773145E+08  6.949106E+31
        7.272390E+00  2.531933E+01  7.995382E+00  0.0000000000  0.000000E+00
        4.761234E+28 -3.998666E+00 -1.987367E+00 -3.055683E-01 -3.055683E-01
    43    25702.0159    8.87898877  4.490554E+08  1.911031E+08  6.270268E+31
        7.254646E+00  2.531979E+01  7.995741E+00  0.0000000000  0.000000E+00
        3.606504E+28 -3.998666E+00 -1.987367E+00 -3.055683E-01 -3.055683E-01
    44    25060.1646    8.87971634  4.486794E+08  2.057493E+08  5.657511E+31
        7.236954E+00  2.532025E+01  7.996087E+00  0.0000000000  0.000000E+00
        2.744262E+28 -3.998666E+00 -1.987367E+00 -3.055683E-01 -3.055683E-01
    45    24434.1556    8.88041780  4.483172E+08  2.213300E+08  5.104787E+31
        7.219280E+00  2.532067E+01  7.996408E+00  0.0000000000  0.000000E+00
        2.095660E+28 -3.998666E+00 -1.987367E+00 -3.055683E-01 -3.055683E-01
    46    23824.9061    8.88110550  4.479624E+08  2.379334E+08  4.607076E+31
        7.201592E+00  2.532108E+01  7.996707E+00  0.0000000000  0.000000E+00
        1.604621E+28 -3.998666E+00 -1.987367E+00 -3.055683E-01 -3.055683E-01
    47    23232.6640    8.88178736  4.476109E+08  2.556550E+08  4.159248E+31
        7.183856E+00  2.532146E+01  7.996985E+00  0.0000000000  0.000000E+00
        1.230770E+28 -3.998666E+00 -1.987367E+00 -3.055683E-01 -3.055683E-01
    48    22655.6467    8.88246689  4.472609E+08  2.746202E+08  3.755304E+31
        7.166006E+00  2.532181E+01  7.997238E+00  0.0000000000  0.000000E+00
        9.445508E+27 -3.998666E+00 -1.987367E+00 -3.055683E-01 -3.055683E-01
    49    22091.5839    8.88314121  4.469138E+08  2.949398E+08  3.389786E+31
        7.148001E+00  2.532212E+01  7.997464E+00  0.0000000000  0.000000E+00
        7.245295E+27 -3.998666E+00 -1.987367E+00 -3.055683E-01 -3.055683E-01
    50    21538.4287    8.88379334  4.465783E+08  3.167073E+08  3.058221E+31
        7.129818E+00  2.532236E+01  7.997647E+00  0.0000000000  0.000000E+00
        5.556079E+27 -3.998666E+00 -1.987367E+00 -3.055683E-01 -3.055683E-01
    51    20996.1131    8.88441613  4.462583E+08  3.399230E+08  2.757691E+31
        7.111530E+00  2.532254E+01  7.997790E+00  0.0000000000  0.000000E+00
        4.260156E+27 -3.998666E+00 -1.987367E+00 -3.055683E-01 -3.055683E-01
    52    20464.9467    8.88501946  4.459484E+08  3.645977E+08  2.485588E+31
        7.093217E+00  2.532269E+01  7.997921E+00  0.0000000000  0.000000E+00
        3.272884E+27 -3.998666E+00 -1.987367E+00 -3.055683E-01 -3.055683E-01
    53    19944.6119    8.88561694  4.456417E+08  3.908067E+08  2.239193E+31
        7.074912E+00  2.532286E+01  7.998068E+00  0.0000000000  0.000000E+00
        2.516868E+27 -3.998666E+00 -1.987367E+00 -3.055683E-01 -3.055683E-01
    54    19683.2810    8.88592531  4.454836E+08  4.047410E+08  2.122613E+31
        7.069020E+00  2.532298E+01  7.998160E+00  0.0006165714 -2.678561E-04
        2.205554E+27 -3.998666E+00 -1.987367E+00 -3.055683E-01 -3.055683E-01
    55    19367.7342    8.88630716  4.452878E+08  4.232590E+08  1.987990E+31
        7.061453E+00  2.532314E+01  7.998278E+00  0.0084322826 -3.677621E-03
        1.893108E+27 -3.998666E+00 -1.987367E+00 -3.055683E-01 -3.055683E-01
    56    19106.0219    8.88663256  4.451210E+08  4.410404E+08  1.881285E+31
        7.052759E+00  2.532329E+01  7.998393E+00  0.0222987733 -9.793840E-03
        1.668556E+27 -3.998666E+00 -1.987367E+00 -3.055683E-01 -3.055683E-01
    57    18771.8605    8.88706408  4.448999E+08  4.682155E+08  1.751343E+31
        7.039599E+00  2.532353E+01  7.998574E+00  0.0496849149 -2.213238E-02
        1.405048E+27 -3.998666E+00 -1.987367E+00 -3.055683E-01 -3.055683E-01
    58    18333.7007    8.88765654  4.445965E+08  5.103072E+08  1.591293E+31
        7.020997E+00  2.532393E+01  7.998868E+00  0.0957922466 -4.373177E-02
        1.110253E+27 -3.998666E+00 -1.987367E+00 -3.055683E-01 -3.055683E-01
    59    17865.4539    8.88829548  4.442696E+08  5.612231E+08  1.432738E+31
        7.000807E+00  2.532436E+01  7.999194E+00  0.1511990411 -7.119414E-02
        8.529886E+26 -3.998666E+00 -1.987367E+00 -3.055683E-01 -3.055683E-01
    60    17361.1431    8.88894691  4.439365E+08  6.220185E+08  1.275770E+31
        6.978862E+00  2.532473E+01  7.999473E+00  0.2143334337 -1.047617E-01
        6.351592E+26 -3.998666E+00 -1.987367E+00 -3.055683E-01 -3.055683E-01
    61    16829.6943    8.88959538  4.436052E+08  6.926590E+08  1.124904E+31
        6.955292E+00  2.532502E+01  7.999701E+00  0.2827023648 -1.443006E-01
        4.600411E+26 -3.998666E+00 -1.987367E+00 -3.055683E-01 -3.055683E-01
    62    16283.5711    8.89026310  4.432643E+08  7.722347E+08  9.843320E+30
        6.930544E+00  2.532534E+01  7.999944E+00  0.3531082330 -1.891684E-01
        3.264972E+26 -3.998666E+00 -1.987367E+00 -3.055683E-01 -3.055683E-01
    63    15732.1632    8.89096328  4.429071E+08  8.596036E+08  8.562421E+30
        6.905096E+00  2.532572E+01  8.000228E+00  0.4226167434 -2.385358E-01
        2.286002E+26 -3.998666E+00 -1.987367E+00 -3.055683E-01 -3.055683E-01
    64    15181.7439    8.89166037  4.425518E+08  9.539866E+08  7.413655E+30
        6.879201E+00  2.532606E+01  8.000480E+00  0.4892861003 -2.918223E-01
        1.586100E+26 -3.998666E+00 -1.987367E+00 -3.055683E-01 -3.055683E-01
    65    14639.0690    8.89230812  4.422219E+08  1.054796E+09  6.399585E+30
        6.853016E+00  2.532627E+01  8.000636E+00  0.5518441262 -3.485709E-01
        1.093817E+26 -3.998666E+00 -1.987367E+00 -3.055683E-01 -3.055683E-01
    66    14108.6035    8.89291906  4.419110E+08  1.162152E+09  5.513446E+30
        6.826566E+00  2.532642E+01  8.000744E+00  0.6098168953 -4.087315E-01
        7.499387E+25 -3.998666E+00 -1.987367E+00 -3.055683E-01 -3.055683E-01
    67    13808.7801    8.89327453  4.417302E+08  1.226995E+09  5.055369E+30
        6.811098E+00  2.532653E+01  8.000825E+00  0.6412753992 -4.452388E-01
        6.006903E+25 -3.998666E+00 -1.987367E+00 -3.055683E-01 -3.055683E-01
    68    13607.1999    8.89351988  4.416054E+08  1.272502E+09  4.763885E+30
        6.800460E+00  2.532662E+01  8.000890E+00  0.6618407378 -4.708787E-01
        5.150251E+25 -3.998666E+00 -1.987367E+00 -3.055683E-01 -3.055683E-01
    69    13433.2824    8.89373674  4.414952E+08  1.313119E+09  4.522702E+30
        6.791121E+00  2.532671E+01  8.000952E+00  0.6791977839 -4.937626E-01
        4.500990E+25 -3.998666E+00 -1.987367E+00 -3.055683E-01 -3.055683E-01
    70    13249.5703    8.89397308  4.413751E+08  1.357467E+09  4.277994E+30
        6.781096E+00  2.532681E+01  8.001024E+00  0.6971163031 -5.187241E-01
        3.891310E+25 -3.998666E+00 -1.987367E+00 -3.055683E-01 -3.055683E-01
    71    13088.6442    8.89418557  4.412671E+08  1.397469E+09  4.071919E+30
        6.772185E+00  2.532690E+01  8.001091E+00  0.7124162667 -5.412357E-01
        3.419643E+25 -3.998666E+00 -1.987367E+00 -3.055683E-01 -3.055683E-01
    72    12922.0911    8.89440809  4.411541E+08  1.439992E+09  3.866600E+30
        6.762855E+00  2.532700E+01  8.001163E+00  0.7278250228 -5.651518E-01
        2.983985E+25 -3.998666E+00 -1.987367E+00 -3.055683E-01 -3.055683E-01
    73    12750.5254    8.89463801  4.410373E+08  1.484931E+09  3.663367E+30
        6.753144E+00  2.532710E+01  8.001236E+00  0.7431995847 -5.904043E-01
        2.590096E+25 -3.998666E+00 -1.987367E+00 -3.055683E-01 -3.055683E-01
    74    12571.7876    8.89487531  4.409168E+08  1.532919E+09  3.460341E+30
        6.742937E+00  2.532719E+01  8.001307E+00  0.7586452990 -6.173442E-01
        2.228560E+25 -3.998666E+00 -1.987367E+00 -3.055683E-01 -3.055683E-01
    75    12388.6061    8.89511560  4.407949E+08  1.583328E+09  3.261221E+30
        6.732391E+00  2.532728E+01  8.001373E+00  0.7738615877 -6.456257E-01
        1.909298E+25 -3.998666E+00 -1.987367E+00 -3.055683E-01 -3.055683E-01
    76    12205.3579    8.89535329  4.406743E+08  1.635018E+09  3.070824E+30
        6.721754E+00  2.532737E+01  8.001437E+00  0.7884437585 -6.745742E-01
        1.631796E+25 -3.998666E+00 -1.987367E+00 -3.055683E-01 -3.055683E-01
    77    12007.0075    8.89560643  4.405459E+08  1.692509E+09  2.874344E+30
        6.710135E+00  2.532746E+01  8.001501E+00  0.8035221189 -7.066863E-01
        1.374861E+25 -3.998666E+00 -1.987367E+00 -3.055683E-01 -3.055683E-01
    78    11800.0709    8.89586871  4.404128E+08  1.754342E+09  2.679636E+30
        6.697879E+00  2.532755E+01  8.001565E+00  0.8184991061 -7.411212E-01
        1.146173E+25 -3.998666E+00 -1.987367E+00 -3.055683E-01 -3.055683E-01
    79    11589.9337    8.89613534  4.402777E+08  1.819270E+09  2.492267E+30
        6.685267E+00  2.532763E+01  8.001625E+00  0.8329539457 -7.771638E-01
        9.504811E+24 -3.998666E+00 -1.987367E+00 -3.055683E-01 -3.055683E-01
    80    11396.3469    8.89638159  4.401529E+08  1.881194E+09  2.328558E+30
        6.673465E+00  2.532770E+01  8.001677E+00  0.8456353435 -8.114521E-01
        7.971277E+24 -3.998666E+00 -1.987367E+00 -3.055683E-01 -3.055683E-01
    81    11167.6148    8.89666875  4.400074E+08  1.957422E+09  2.145750E+30
        6.659248E+00  2.532778E+01  8.001731E+00  0.8598524422 -8.534145E-01
        6.445752E+24 -3.998666E+00 -1.987367E+00 -3.055683E-01 -3.055683E-01
    82    10924.6025    8.89696322  4.398582E+08  2.042489E+09  1.963656E+30
        6.643752E+00  2.532783E+01  8.001769E+00  0.8741441689 -9.001267E-01
        5.107573E+24 -3.998666E+00 -1.987367E+00 -3.055683E-01 -3.055683E-01
    83    10661.8590    8.89726828  4.397038E+08  2.139765E+09  1.780203E+30
        6.626468E+00  2.532786E+01  8.001789E+00  0.8886544915 -9.533273E-01
        3.936396E+24 -3.998666E+00 -1.987367E+00 -3.055683E-01 -3.055683E-01
    84    10381.2721    8.89758828  4.395418E+08  2.250289E+09  1.598896E+30
        6.607344E+00  2.532787E+01  8.001798E+00  0.9030720409 -1.013551E+00
        2.950127E+24 -3.998666E+00 -1.987367E+00 -3.055683E-01 -3.055683E-01
    85    10086.2548    8.89792962  4.393691E+08  2.373866E+09  1.423627E+30
        6.586548E+00  2.532789E+01  8.001813E+00  0.9169549458 -1.080686E+00
        2.150295E+24 -3.998666E+00 -1.987367E+00 -3.055683E-01 -3.055683E-01
    86     9777.7443    8.89829776  4.391829E+08  2.510285E+09  1.256212E+30
        6.564254E+00  2.532794E+01  8.001850E+00  0.9299475608 -1.154577E+00
        1.530226E+24 -3.998666E+00 -1.987367E+00 -3.055683E-01 -3.055683E-01
    87     9461.9046    8.89867000  4.389948E+08  2.656771E+09  1.100653E+30
        6.541064E+00  2.532800E+01  8.001891E+00  0.9415896698 -1.233510E+00
        1.073512E+24 -3.998666E+00 -1.987367E+00 -3.055683E-01 -3.055683E-01
    88     9158.5661    8.89902009  4.388179E+08  2.804409E+09  9.653748E+29
        6.518454E+00  2.532806E+01  8.001936E+00  0.9512984104 -1.312457E+00
        7.582268E+23 -3.998666E+00 -1.987367E+00 -3.055683E-01 -3.055683E-01
    89     8866.7085    8.89935401  4.386492E+08  2.954848E+09  8.474260E+29
        6.496168E+00  2.532813E+01  8.001992E+00  0.9594640949 -1.392160E+00
        5.375974E+23 -3.998666E+00 -1.987367E+00 -3.055683E-01 -3.055683E-01
    90     8582.6399    8.89968857  4.384803E+08  3.111887E+09  7.433633E+29
        6.473661E+00  2.532825E+01  8.002075E+00  0.9664706887 -1.474575E+00
        3.794173E+23 -3.998666E+00 -1.987367E+00 -3.055679E-01 -3.055679E-01
    91     8306.1115    8.90001914  4.383134E+08  3.277300E+09  6.515953E+29
        6.450694E+00  2.532837E+01  8.002164E+00  0.9724970349 -1.560620E+00
        2.655490E+23 -3.998666E+00 -1.987367E+00 -3.055683E-01 -3.055683E-01
    92     8033.2722    8.90034644  4.381483E+08  3.454497E+09  5.696782E+29
        6.426796E+00  2.532848E+01  8.002246E+00  0.9776925185 -1.651549E+00
        1.829456E+23 -3.998666E+00 -1.987354E+00 -3.055684E-01 -3.055684E-01
    93     7758.6877    8.90066245  4.379889E+08  3.645574E+09  4.953324E+29
        6.401686E+00  2.532854E+01  8.002291E+00  0.9820769206 -1.746587E+00
        1.234157E+23 -3.998666E+00 -1.987300E+00 -3.055690E-01 -3.055690E-01
    94     7494.9068    8.90095683  4.378405E+08  3.836490E+09  4.310367E+29
        6.377153E+00  2.532857E+01  8.002308E+00  0.9850359949 -1.824952E+00
        8.398450E+22 -3.998666E+00 -1.987273E+00 -3.055693E-01 -3.055693E-01
    95     7262.0474    8.90121779  4.377090E+08  4.009981E+09  3.796860E+29
        6.355380E+00  2.532857E+01  8.002313E+00  0.9867550001 -1.877948E+00
        5.963358E+22 -3.998666E+00 -1.986068E+00 -3.055818E-01 -3.055818E-01
    96     7063.9862    8.90144143  4.375963E+08  4.158750E+09  3.397536E+29
        6.336860E+00  2.532858E+01  8.002316E+00  0.9869772931 -1.885299E+00
        4.448847E+22 -3.998666E+00 -1.981671E+00 -3.056280E-01 -3.056280E-01
    97     6872.2713    8.90166869  4.374818E+08  4.310843E+09  3.041856E+29
        6.318482E+00  2.532858E+01  8.002319E+00  0.9870629272 -1.888164E+00
        3.325604E+22 -3.998666E+00 -1.978399E+00 -3.056626E-01 -3.056626E-01
    98     6697.8108    8.90189336  4.373687E+08  4.458774E+09  2.743116E+29
        6.301108E+00  2.532858E+01  8.002320E+00  0.9871379799 -1.890691E+00
        2.524823E+22 -3.998666E+00 -1.975678E+00 -3.056916E-01 -3.056916E-01
    99     6529.9129    8.90212855  4.372502E+08  4.613733E+09  2.476892E+29
        6.283358E+00  2.532858E+01  8.002319E+00  0.9872141286 -1.893270E+00
        1.904605E+22 -3.998666E+00 -1.972711E+00 -3.057234E-01 -3.057234E-01
   100     6359.4894    8.90239092  4.371182E+08  4.793127E+09  2.226918E+29
        6.263189E+00  2.532858E+01  8.002319E+00  0.9872991744 -1.896168E+00
        1.381771E+22 -3.998666E+00 -1.970275E+00 -3.057497E-01 -3.057497E-01
   101     6194.0517    8.90269930  4.369630E+08  5.013648E+09  2.002655E+29
        6.238397E+00  2.532859E+01  8.002321E+00  0.9874065729 -1.899856E+00
        9.304667E+21 -3.998666E+00 -1.966842E+00 -3.057870E-01 -3.057870E-01
   102     6085.1331    8.90294404  4.368399E+08  5.203011E+09  1.864414E+29
        6.216598E+00  2.532859E+01  8.002323E+00  0.9875015816 -1.903145E+00
        6.571002E+21 -3.998666E+00 -1.963673E+00 -3.058217E-01 -3.058217E-01
   103     5972.0907    8.90323818  4.366920E+08  5.443712E+09  1.728516E+29
        6.187407E+00  2.532860E+01  8.002328E+00  0.9877114799 -1.910500E+00
        4.117187E+21 -3.998666E+00 -1.962649E+00 -3.058330E-01 -3.058330E-01
   104     5901.6045    8.90345380  4.365836E+08  5.632949E+09  1.647528E+29
        6.162773E+00  2.532860E+01  8.002334E+00  0.9878829129 -1.916602E+00
        2.773397E+21 -3.998666E+00 -1.961991E+00 -3.058402E-01 -3.058402E-01
   105     5849.2370    8.90362954  4.364953E+08  5.787843E+09  1.589181E+29
        6.141226E+00  2.532861E+01  8.002341E+00  0.9880239970 -1.921688E+00
        1.962047E+21 -3.998666E+00 -1.961445E+00 -3.058463E-01 -3.058463E-01
   106     5794.5802    8.90380924  4.364050E+08  5.945191E+09  1.529976E+29
        6.117658E+00  2.532862E+01  8.002348E+00  0.9881718270 -1.927082E+00
        1.342920E+21 -3.998666E+00 -1.960897E+00 -3.058523E-01 -3.058523E-01
   107     5744.6188    8.90395916  4.363297E+08  6.073916E+09  1.477379E+29
        6.096985E+00  2.532863E+01  8.002353E+00  0.9882968087 -1.931696E+00
        9.626892E+20 -3.998666E+00 -1.960462E+00 -3.058571E-01 -3.058571E-01
   108     5689.2839    8.90411422  4.362518E+08  6.204875E+09  1.420765E+29
        6.074376E+00  2.532863E+01  8.002357E+00  0.9884290199 -1.936630E+00
        6.686617E+20 -3.998666E+00 -1.960009E+00 -3.058622E-01 -3.058622E-01
   109     5633.6797    8.90425731  4.361799E+08  6.324232E+09  1.365581E+29
        6.052252E+00  2.532864E+01  8.002359E+00  0.9885545888 -1.941369E+00
        4.679886E+20 -3.998666E+00 -1.959593E+00 -3.058668E-01 -3.058668E-01
   110     5575.3293    8.90439395  4.361113E+08  6.437628E+09  1.309466E+29
        6.029691E+00  2.532864E+01  8.002361E+00  0.9886793340 -1.946128E+00
        3.250576E+20 -3.998666E+00 -1.959190E+00 -3.058712E-01 -3.058712E-01
   111     5525.1032    8.90450330  4.360564E+08  6.529494E+09  1.262596E+29
        6.010127E+00  2.532864E+01  8.002364E+00  0.9887852577 -1.950211E+00
        2.369261E+20 -3.998666E+00 -1.958861E+00 -3.058749E-01 -3.058749E-01
   112     5470.6384    8.90461530  4.360002E+08  6.622215E+09  1.213229E+29
        5.989061E+00  2.532865E+01  8.002367E+00  0.9888966903 -1.954548E+00
        1.684869E+20 -3.998666E+00 -1.958513E+00 -3.058788E-01 -3.058788E-01
   113     5415.3404    8.90472057  4.359474E+08  6.709924E+09  1.164632E+29
        5.967757E+00  2.532865E+01  8.002371E+00  0.9890071638 -1.958890E+00
        1.193211E+20 -3.998666E+00 -1.958174E+00 -3.058825E-01 -3.058825E-01
   114     5358.2585    8.90481919  4.358979E+08  6.792483E+09  1.116045E+29
        5.946314E+00  2.532866E+01  8.002373E+00  0.9891161922 -1.963219E+00
        8.428028E+19 -3.998666E+00 -1.957844E+00 -3.058862E-01 -3.058862E-01
   115     5300.3001    8.90490707  4.358538E+08  6.867345E+09  1.068319E+29
        5.925545E+00  2.532866E+01  8.002375E+00  0.9892197788 -1.967372E+00
        6.016661E+19 -3.998666E+00 -1.957535E+00 -3.058897E-01 -3.058897E-01
   116     5235.7188    8.90499225  4.358110E+08  6.941388E+09  1.016996E+29
        5.903651E+00  2.532866E+01  8.002375E+00  0.9893270562 -1.971716E+00
        4.216026E+19 -3.998666E+00 -1.957221E+00 -3.058932E-01 -3.058932E-01
   117     5163.6926    8.90507500  4.357695E+08  7.014925E+09  9.619945E+28
        5.880503E+00  2.532866E+01  8.002375E+00  0.9894383521 -1.976268E+00
        2.893636E+19 -3.998666E+00 -1.956901E+00 -3.058967E-01 -3.058967E-01
   118     5086.1143    8.90515376  4.357300E+08  7.086948E+09  9.053089E+28
        5.856327E+00  2.532866E+01  8.002375E+00  0.9895522880 -1.980979E+00
        1.952313E+19 -3.998666E+00 -1.956580E+00 -3.059003E-01 -3.059003E-01
   119     5009.3041    8.90523104  4.356912E+08  7.153696E+09  8.516961E+28
        5.832421E+00  2.532866E+01  8.002376E+00  0.9896737653 -1.986058E+00
        1.322813E+19 -3.998666E+00 -1.958997E+00 -3.058734E-01 -3.058734E-01
   120     4932.1770    8.90530154  4.356559E+08  7.217459E+09  8.003117E+28
        5.808125E+00  2.532866E+01  8.002376E+00  0.9898201727 -1.992260E+00
        8.900476E+18 -3.998666E+00 -1.960195E+00 -3.058601E-01 -3.058601E-01
   121     4856.0940    8.90536747  4.356228E+08  7.277426E+09  7.519465E+28
        5.783806E+00  2.532866E+01  8.002377E+00  0.9899738010 -1.998864E+00
        5.983777E+18 -3.998666E+00 -1.961217E+00 -3.058488E-01 -3.058488E-01
   122     4781.5315    8.90542815  4.355924E+08  7.332459E+09  7.067178E+28
        5.760037E+00  2.532866E+01  8.002377E+00  0.9901522143 -2.006661E+00
        4.057277E+18 -3.998666E+00 -1.961851E+00 -3.058418E-01 -3.058418E-01
   123     4703.9550    8.90548625  4.355632E+08  7.385464E+09  6.618697E+28
        5.735768E+00  2.532866E+01  8.002378E+00  0.9903345548 -2.014778E+00
        2.727418E+18 -3.998666E+00 -1.962510E+00 -3.058345E-01 -3.058345E-01
   124     4621.5414    8.90554285  4.355348E+08  7.437555E+09  6.166101E+28
        5.710538E+00  2.532866E+01  8.002378E+00  0.9905243249 -2.023390E+00
        1.804042E+18 -3.998666E+00 -1.963212E+00 -3.058268E-01 -3.058268E-01
   125     4535.2743    8.90559655  4.355079E+08  7.489300E+09  5.717732E+28
        5.683875E+00  2.532866E+01  8.002379E+00  0.9907241451 -2.032646E+00
        1.165121E+18 -3.998666E+00 -1.963831E+00 -3.058200E-01 -3.058200E-01
   126     4453.5524    8.90564670  4.354828E+08  7.538292E+09  5.316008E+28
        5.657169E+00  2.532867E+01  8.002379E+00  0.9909252662 -2.042166E+00
        7.515637E+17 -3.998666E+00 -1.964679E+00 -3.058107E-01 -3.058107E-01
   127     4385.6206    8.90568786  4.354621E+08  7.580405E+09  4.998532E+28
        5.632808E+00  2.532867E+01  8.002379E+00  0.9911032907 -2.050771E+00
        5.036192E+17 -3.998666E+00 -1.964926E+00 -3.058080E-01 -3.058080E-01
   128     4324.0735    8.90572534  4.354433E+08  7.618705E+09  4.723382E+28
        5.609302E+00  2.532867E+01  8.002379E+00  0.9912736382 -2.059167E+00
        3.422009E+17 -3.998666E+00 -1.965146E+00 -3.058055E-01 -3.058055E-01
   129     4257.7621    8.90576334  4.354243E+08  7.657197E+09  4.439850E+28
        5.584219E+00  2.532867E+01  8.002379E+00  0.9914548512 -2.068280E+00
        2.266883E+17 -3.998666E+00 -1.965369E+00 -3.058031E-01 -3.058031E-01
   130     4181.8803    8.90580157  4.354051E+08  7.695646E+09  4.131340E+28
        5.557770E+00  2.532867E+01  8.002380E+00  0.9916458662 -2.078099E+00
        1.469969E+17 -3.998666E+00 -1.965601E+00 -3.058006E-01 -3.058006E-01
   131     4096.2847    8.90583860  4.353866E+08  7.733541E+09  3.803015E+28
        5.530381E+00  2.532867E+01  8.002380E+00  0.9918428911 -2.088464E+00
        9.401780E+16 -3.998666E+00 -1.965847E+00 -3.057979E-01 -3.057979E-01
   132     4004.0640    8.90587575  4.353680E+08  7.771080E+09  3.471638E+28
        5.502071E+00  2.532867E+01  8.002380E+00  0.9920441727 -2.099315E+00
        5.936077E+16 -3.998666E+00 -1.966107E+00 -3.057950E-01 -3.057950E-01
   133     3894.3362    8.90592294  4.353443E+08  7.813707E+09  3.106111E+28
        5.468641E+00  2.532867E+01  8.002380E+00  0.9922750096 -2.112102E+00
        3.459856E+16 -3.998666E+00 -1.966417E+00 -3.057916E-01 -3.057916E-01
   134     3771.5178    8.90597567  4.353179E+08  7.859132E+09  2.732090E+28
        5.431475E+00  2.532867E+01  8.002380E+00  0.9925394205 -2.127227E+00
        1.907624E+16 -3.998666E+00 -1.967313E+00 -3.057819E-01 -3.057819E-01
   135     3689.3311    8.90600516  4.353031E+08  7.887946E+09  2.501448E+28
        5.406734E+00  2.532867E+01  8.002381E+00  0.9932356450 -2.169774E+00
        1.287267E+16 -3.998666E+00 -1.968362E+00 -3.057704E-01 -3.057704E-01
   136     3621.9168    8.90602337  4.352940E+08  7.910230E+09  2.323467E+28
        5.386486E+00  2.532867E+01  8.002381E+00  0.9939483771 -2.218128E+00
        9.273399E+15 -3.998666E+00 -1.968520E+00 -3.057687E-01 -3.057687E-01
   137     3561.6727    8.90603845  4.352864E+08  7.928892E+09  2.172620E+28
        5.368339E+00  2.532867E+01  8.002381E+00  0.9947784495 -2.282201E+00
        6.911025E+15 -3.998666E+00 -1.968698E+00 -3.057668E-01 -3.057668E-01
   138     3498.5244    8.90605410  4.352786E+08  7.946955E+09  2.022514E+28
        5.349279E+00  2.532867E+01  8.002382E+00  0.9956755269 -2.364067E+00
        5.091384E+15 -3.998666E+00 -1.968868E+00 -3.057649E-01 -3.057649E-01
   139     3429.0128    8.90607060  4.352703E+08  7.965248E+09  1.866431E+28
        5.328281E+00  2.532867E+01  8.002382E+00  0.9965047835 -2.456526E+00
        3.665347E+15 -3.998666E+00 -1.968879E+00 -3.057648E-01 -3.057648E-01
   140     3357.8881    8.90608564  4.352628E+08  7.982501E+09  1.716269E+28
        5.306748E+00  2.532867E+01  8.002382E+00  0.9971981171 -2.552550E+00
        2.625093E+15 -3.998666E+00 -1.968880E+00 -3.057648E-01 -3.057648E-01
   141     3286.1676    8.90609863  4.352562E+08  7.998560E+09  1.574223E+28
        5.284950E+00  2.532867E+01  8.002382E+00  0.9977656836 -2.650855E+00
        1.878563E+15 -3.998666E+00 -1.968880E+00 -3.057648E-01 -3.057648E-01
   142     3214.1330    8.90611033  4.352504E+08  8.013550E+09  1.440626E+28
        5.262950E+00  2.532867E+01  8.002383E+00  0.9982263229 -2.751125E+00
        1.344522E+15 -3.998666E+00 -1.968880E+00 -3.057648E-01 -3.057648E-01
   143     3139.1724    8.90612199  4.352445E+08  8.028148E+09  1.310825E+28
        5.239863E+00  2.532867E+01  8.002383E+00  0.9986113535 -2.857408E+00
        9.470774E+14 -3.998666E+00 -1.968880E+00 -3.057648E-01 -3.057648E-01
   144     3062.8273    8.90613379  4.352386E+08  8.042124E+09  1.187852E+28
        5.216014E+00  2.532867E+01  8.002383E+00  0.9989242452 -2.968287E+00
        6.636585E+14 -3.998666E+00 -1.968880E+00 -3.057648E-01 -3.057648E-01
   145     2989.3737    8.90614556  4.352327E+08  8.054824E+09  1.077907E+28
        5.192684E+00  2.532867E+01  8.002383E+00  0.9991642303 -3.077913E+00
        4.701874E+14 -3.998666E+00 -1.968880E+00 -3.057648E-01 -3.057648E-01
   146     2913.8378    8.90615905  4.352260E+08  8.067242E+09  9.729904E+27
        5.168248E+00  2.532867E+01  8.002383E+00  0.9993596318 -3.193570E+00
        3.287521E+14 -3.998666E+00 -1.968880E+00 -3.057648E-01 -3.057648E-01
   147     2836.7549    8.90617425  4.352184E+08  8.079335E+09  8.740154E+27
        5.142730E+00  2.532867E+01  8.002383E+00  0.9995160025 -3.315157E+00
        2.269619E+14 -3.998666E+00 -1.968880E+00 -3.057648E-01 -3.057648E-01
   148     2763.1981    8.90618789  4.352115E+08  8.090334E+09  7.868035E+27
        5.117790E+00  2.532867E+01  8.002383E+00  0.9996324901 -3.434731E+00
        1.584412E+14 -3.998666E+00 -1.968880E+00 -3.057648E-01 -3.057648E-01
   149     2690.8018    8.90619897  4.352060E+08  8.100712E+09  7.075123E+27
        5.092669E+00  2.532867E+01  8.002383E+00  0.9997219108 -3.555816E+00
        1.104600E+14 -3.998666E+00 -1.968880E+00 -3.057648E-01 -3.057648E-01
   150     2616.7863    8.90620757  4.352017E+08  8.110929E+09  6.328074E+27
        5.066270E+00  2.532867E+01  8.002383E+00  0.9997927931 -3.683596E+00
        7.588363E+13 -3.998657E+00 -1.968880E+00 -3.057648E-01 -3.057648E-01
   151     2546.0414    8.90621016  4.352004E+08  8.120297E+09  5.670975E+27
        5.040333E+00  2.532867E+01  8.002383E+00  0.9998435823 -3.805714E+00
        5.258260E+13 -3.998371E+00 -1.968883E+00 -3.057648E-01 -3.057648E-01
   152     2477.4941    8.90621314  4.351989E+08  8.128954E+09  5.084444E+27
        5.015022E+00  2.532867E+01  8.002383E+00  0.9998700605 -3.886259E+00
        3.682050E+13 -3.998237E+00 -1.968884E+00 -3.057648E-01 -3.057648E-01
   153     2403.8292    8.90615083  4.352301E+08  8.137856E+09  4.506814E+27
        4.987794E+00  2.532867E+01  8.002383E+00  0.9998840662 -3.935790E+00
        2.513818E+13 -3.993891E+00 -1.968925E+00 -3.057648E-01 -3.057648E-01
   154     2331.2323    8.90616266  4.352242E+08  8.146343E+09  3.986444E+27
        4.960639E+00  2.532867E+01  8.002383E+00  0.9998842084 -3.936323E+00
        1.720322E+13 -3.994184E+00 -1.968922E+00 -3.057648E-01 -3.057648E-01
   155     2257.2659    8.90616431  4.352233E+08  8.154905E+09  3.504069E+27
        4.932056E+00  2.532867E+01  8.002383E+00  0.9998846405 -3.937947E+00
        1.155318E+13 -3.993908E+00 -1.968925E+00 -3.057648E-01 -3.057648E-01
   156     2177.3199    8.90615410  4.352285E+08  8.164115E+09  3.033479E+27
        4.899946E+00  2.532867E+01  8.002383E+00  0.9998859359 -3.942851E+00
        7.394456E+12 -3.992922E+00 -1.968934E+00 -3.057648E-01 -3.057648E-01
   157     2102.9281    8.90613842  4.352363E+08  8.172640E+09  2.639765E+27
        4.868828E+00  2.532867E+01  8.002383E+00  0.9998879470 -3.950576E+00
        4.800499E+12 -3.991678E+00 -1.968946E+00 -3.057648E-01 -3.057648E-01
   158     2025.2028    8.90608480  4.352632E+08  8.181572E+09  2.270886E+27
        4.835124E+00  2.532867E+01  8.002383E+00  0.9998884954 -3.952707E+00
        3.009635E+12 -3.988205E+00 -1.968979E+00 -3.057648E-01 -3.057648E-01
   159     1949.5163    8.90603505  4.352881E+08  8.190339E+09  1.950197E+27
        4.800917E+00  2.532867E+01  8.002383E+00  0.9998896041 -3.957047E+00
        1.874666E+12 -3.985103E+00 -1.969008E+00 -3.057648E-01 -3.057648E-01
   160     1877.1272    8.90598700  4.353122E+08  8.198857E+09  1.676463E+27
        4.766884E+00  2.532867E+01  8.002383E+00  0.9998912708 -3.963654E+00
        1.170957E+12 -3.982229E+00 -1.969036E+00 -3.057648E-01 -3.057648E-01
   161     1789.1293    8.90592716  4.353422E+08  8.209476E+09  1.383712E+27
        4.723538E+00  2.532867E+01  8.002382E+00  0.9998940568 -3.974927E+00
        6.432579E+11 -3.978784E+00 -1.969070E+00 -3.057648E-01 -3.057648E-01
   162     1706.3739    8.90588008  4.353658E+08  8.219865E+09  1.145046E+27
        4.680568E+00  2.532867E+01  8.002382E+00  0.9998974151 -3.988916E+00
        3.552722E+11 -3.976220E+00 -1.969095E+00 -3.057648E-01 -3.057648E-01
