     1    58244.4376    8.68623248  5.357027E+08  4.000000E+05  2.353330E+33
        7.918680E+00  2.483547E+01  7.644082E+00  0.0000000000  0.000000E+00
        1.684236E+34 -1.001047E+01 -1.995436E+00 -3.054412E-01 -3.054412E-01
     2    56208.2428    8.68877597  5.341363E+08  8.000000E+05  2.029185E+33
        7.898856E+00  2.483796E+01  7.645933E+00  0.0000000000  0.000000E+00
        1.004706E+34 -1.000998E+01 -1.995436E+00 -3.054412E-01 -3.054412E-01
     3    54435.9721    8.69073983  5.329300E+08  1.200000E+06  1.777058E+33
        7.881807E+00  2.483969E+01  7.647231E+00  0.0000000000  0.000000E+00
        6.797221E+33 -1.000952E+01 -1.995436E+00 -3.054412E-01 -3.054412E-01
     4    53003.6052    8.69225893  5.319987E+08  1.600000E+06  1.591697E+33
        7.866913E+00  2.484098E+01  7.648208E+00  0.0000000000  0.000000E+00
        4.963237E+33 -1.000913E+01 -1.995436E+00 -3.054412E-01 -3.054412E-01
     5    51866.2849    8.69346436  5.312609E+08  2.000000E+06  1.455371E+33
        7.853728E+00  2.484201E+01  7.648985E+00  0.0000000000  0.000000E+00
        3.814069E+33 -1.000880E+01 -1.995436E+00 -3.054412E-01 -3.054412E-01
     6    50947.5861    8.69444465  5.306617E+08  2.400000E+06  1.351909E+33
        7.841924E+00  2.484286E+01  7.649632E+00  0.0000000000  0.000000E+00
        3.040012E+33 -1.000852E+01 -1.995436E+00 -3.054412E-01 -3.054412E-01
     7    50150.7693    8.69528599  5.301479E+08  2.800000E+06  1.266841E+33
        7.830992E+00  2.484361E+01  7.650203E+00  0.0000000000  0.000000E+00
        2.475230E+33 -1.000828E+01 -1.995436E+00 -3.054412E-01 -3.054412E-01
     8    48985.3915    8.69657885  5.293594E+08  3.600000E+06  1.149701E+33
        7.812329E+00  2.484482E+01  7.651123E+00  0.0000000000  0.000000E+00
        1.763999E+33 -1.000792E+01 -1.995436E+00 -3.054412E-01 -3.054412E-01
     9    47732.8173    8.69799144  5.284992E+08  4.789663E+06  1.033176E+33
        7.789661E+00  2.484622E+01  7.652185E+00  0.0000000000  0.000000E+00
        1.180947E+33 -1.000698E+01 -1.995436E+00 -3.054412E-01 -3.054412E-01
    10    46542.0938    8.69937073  5.276606E+08  6.332930E+06  9.309160E+32
        7.765895E+00  2.484761E+01  7.653242E+00  0.0000000000  0.000000E+00
        7.774872E+32 -1.000553E+01 -1.995436E+00 -3.054412E-01 -3.054412E-01
    11    45348.5786    8.70072391  5.268392E+08  8.298794E+06  8.364276E+32
        7.741383E+00  2.484898E+01  7.654274E+00  0.0000000000  0.000000E+00
        5.027604E+32 -1.000414E+01 -1.995436E+00 -3.054412E-01 -3.054412E-01
    12    44113.4594    8.70210486  5.260023E+08  1.081040E+07  7.465814E+32
        7.715872E+00  2.485036E+01  7.655313E+00  0.0000000000  0.000000E+00
        3.158950E+32 -1.000275E+01 -1.995436E+00 -3.054412E-01 -3.054412E-01
    13    42798.8709    8.70355735  5.251234E+08  1.403205E+07  6.592793E+32
        7.688966E+00  2.485180E+01  7.656396E+00  0.0000000000  0.000000E+00
        1.905971E+32 -1.000133E+01 -1.995436E+00 -3.054412E-01 -3.054412E-01
    14    41383.7340    8.70510854  5.241865E+08  1.816383E+07  5.742589E+32
        7.660267E+00  2.485332E+01  7.657534E+00  0.0000000000  0.000000E+00
        1.092737E+32 -9.999812E+00 -1.995436E+00 -3.054412E-01 -3.054412E-01
    15    39849.2804    8.70676358  5.231886E+08  2.343653E+07  4.918310E+32
        7.629411E+00  2.485490E+01  7.658722E+00  0.0000000000  0.000000E+00
        5.907628E+31 -9.998190E+00 -1.995436E+00 -3.054412E-01 -3.054412E-01
    16    38221.2608    8.70849638  5.221459E+08  3.007811E+07  4.145923E+32
        7.596269E+00  2.485651E+01  7.659939E+00  0.0000000000  0.000000E+00
        3.007959E+31 -9.994719E+00 -1.995436E+00 -3.054412E-01 -3.054412E-01
    17    36524.4414    8.71027950  5.210751E+08  3.832041E+07  3.443122E+32
        7.560863E+00  2.485812E+01  7.661163E+00  0.0000000000  0.000000E+00
        1.445818E+31 -9.993816E+00 -1.995436E+00 -3.054412E-01 -3.054412E-01
    18    34791.2786    8.71205470  5.200112E+08  4.835174E+07  2.823088E+32
        7.523477E+00  2.485964E+01  7.662315E+00  0.0000000000  0.000000E+00
        6.636166E+30 -9.992875E+00 -1.995436E+00 -3.054412E-01 -3.054412E-01
    19    33058.6152    8.71378126  5.189786E+08  6.030300E+07  2.292213E+32
        7.484678E+00  2.486105E+01  7.663368E+00  0.0000000000  0.000000E+00
        2.965384E+30 -9.992402E+00 -1.995436E+00 -3.054412E-01 -3.054412E-01
    20    31360.9711    8.71542750  5.179959E+08  7.427211E+07  1.849388E+32
        7.445083E+00  2.486235E+01  7.664335E+00  0.0000000000  0.000000E+00
        1.318544E+30 -9.991458E+00 -1.995436E+00 -3.054412E-01 -3.054412E-01
    21    29725.5159    8.71696222  5.170814E+08  9.037524E+07  1.487486E+32
        7.405200E+00  2.486350E+01  7.665197E+00  0.0000000000  0.000000E+00
        5.942798E+29 -9.990196E+00 -1.995436E+00 -3.054412E-01 -3.054412E-01
    22    28165.4807    8.71844901  5.161971E+08  1.088146E+08  1.194861E+32
        7.365346E+00  2.486475E+01  7.666125E+00  0.0000000000  0.000000E+00
        2.750224E+29 -9.988549E+00 -1.995436E+00 -3.054412E-01 -3.054412E-01
    23    26679.5125    8.71987837  5.153483E+08  1.298975E+08  9.588060E+31
        7.325581E+00  2.486607E+01  7.667105E+00  0.0000000000  0.000000E+00
        1.314609E+29 -9.986846E+00 -1.995436E+00 -3.054412E-01 -3.054412E-01
    24    25268.4227    8.72114593  5.145968E+08  1.538841E+08  7.692441E+31
        7.285990E+00  2.486714E+01  7.667904E+00  0.0000000000  0.000000E+00
        6.511961E+28 -9.986076E+00 -1.995436E+00 -3.054412E-01 -3.054412E-01
    25    23940.4102    8.72228522  5.139223E+08  1.811502E+08  6.182138E+31
        7.246601E+00  2.486797E+01  7.668538E+00  0.0000000000  0.000000E+00
        3.336021E+28 -9.985378E+00 -1.995436E+00 -3.054412E-01 -3.054412E-01
    26    22688.3024    8.72338779  5.132703E+08  2.123338E+08  4.974137E+31
        7.207170E+00  2.486876E+01  7.669142E+00  0.0000000000  0.000000E+00
        1.753854E+28 -9.984750E+00 -1.995436E+00 -3.054412E-01 -3.054412E-01
    27    21497.9564    8.72446140  5.126363E+08  2.481362E+08  3.999676E+31
        7.167508E+00  2.486952E+01  7.669735E+00  0.0000000000  0.000000E+00
        9.403154E+27 -9.984188E+00 -1.995436E+00 -3.054412E-01 -3.054412E-01
    28    20365.3019    8.72544312  5.120572E+08  2.889992E+08  3.213793E+31
        7.127776E+00  2.487011E+01  7.670181E+00  0.0000000000  0.000000E+00
        5.134903E+27 -9.983683E+00 -1.995436E+00 -3.054412E-01 -3.054412E-01
    29    19286.5326    8.72629735  5.115539E+08  3.354631E+08  2.579983E+31
        7.088110E+00  2.487046E+01  7.670420E+00  0.0000000000  0.000000E+00
        2.850088E+27 -9.983225E+00 -1.995436E+00 -3.054412E-01 -3.054412E-01
    30    18269.5175    8.72715809  5.110472E+08  3.881631E+08  2.073231E+31
        7.048687E+00  2.487098E+01  7.670799E+00  0.0000000000  0.000000E+00
        1.597575E+27 -9.982820E+00 -1.995436E+00 -3.054412E-01 -3.054412E-01
    31    17306.7869    8.72807135  5.105102E+08  4.484940E+08  1.666065E+31
        7.009097E+00  2.487178E+01  7.671403E+00  0.0000000000  0.000000E+00
        9.048228E+26 -9.982446E+00 -1.995436E+00 -3.054412E-01 -3.054412E-01
    32    16388.6169    8.72885594  5.100492E+08  5.175469E+08  1.337245E+31
        6.969125E+00  2.487231E+01  7.671808E+00  0.0000000000  0.000000E+00
        5.128880E+26 -9.982079E+00 -1.995436E+00 -3.054412E-01 -3.054412E-01
    33    15584.3518    8.72943648  5.097084E+08  5.963217E+08  1.091983E+31
        6.939473E+00  2.487251E+01  7.672001E+00  0.0338321099 -1.494740E-02
        3.128715E+26 -9.981775E+00 -1.995436E+00 -3.054412E-01 -3.054412E-01
    34    15023.4410    8.72989439  5.094398E+08  6.745204E+08  9.420649E+30
        6.911492E+00  2.487282E+01  7.672235E+00  0.1033330863 -4.736886E-02
        2.180488E+26 -9.981466E+00 -1.995436E+00 -3.054412E-01 -3.054412E-01
    35    14158.2030    8.73071514  5.089586E+08  8.309178E+08  7.416772E+30
        6.864784E+00  2.487356E+01  7.672770E+00  0.2419881580 -1.203240E-01
        1.181405E+26 -9.980471E+00 -1.995436E+00 -3.054412E-01 -3.054412E-01
    36    13611.2286    8.73119862  5.086754E+08  9.454060E+08  6.328317E+30
        6.834265E+00  2.487389E+01  7.673007E+00  0.3335420370 -1.762272E-01
        7.816286E+25 -9.979549E+00 -1.995436E+00 -3.054412E-01 -3.054412E-01
    37    13189.4924    8.73155473  5.084669E+08  1.042211E+09  5.575132E+30
        6.810155E+00  2.487410E+01  7.673157E+00  0.4033793425 -2.243017E-01
        5.604986E+25 -9.978753E+00 -1.995436E+00 -3.054412E-01 -3.054412E-01
    38    12827.3688    8.73187374  5.082802E+08  1.131672E+09  4.983955E+30
        6.788925E+00  2.487427E+01  7.673290E+00  0.4619440389 -2.691726E-01
        4.167687E+25 -9.978060E+00 -1.995436E+00 -3.054412E-01 -3.054412E-01
    39    12496.7876    8.73218774  5.080965E+08  1.218619E+09  4.486456E+30
        6.769105E+00  2.487446E+01  7.673432E+00  0.5136877586 -3.130848E-01
        3.157046E+25 -9.977455E+00 -1.995436E+00 -3.054412E-01 -3.054412E-01
    40    12141.0313    8.73253867  5.078912E+08  1.318033E+09  3.993753E+30
        6.747346E+00  2.487468E+01  7.673600E+00  0.5669539095 -3.634659E-01
        2.321036E+25 -9.976914E+00 -1.995436E+00 -3.054412E-01 -3.054412E-01
    41    11766.9658    8.73290523  5.076769E+08  1.429414E+09  3.520872E+30
        6.723945E+00  2.487492E+01  7.673777E+00  0.6199092196 -4.201127E-01
        1.665915E+25 -9.976418E+00 -1.995436E+00 -3.054412E-01 -3.054412E-01
    42    11335.9109    8.73331982  5.074347E+08  1.567926E+09  3.029727E+30
        6.696102E+00  2.487518E+01  7.673978E+00  0.6768422514 -4.905854E-01
        1.119378E+25 -9.975952E+00 -1.995436E+00 -3.054412E-01 -3.054412E-01
    43    10895.5087    8.73374994  5.071835E+08  1.722769E+09  2.583079E+30
        6.666328E+00  2.487544E+01  7.674170E+00  0.7306408324 -5.696682E-01
        7.282929E+24 -9.975516E+00 -1.995436E+00 -3.054412E-01 -3.054412E-01
    44    10392.9318    8.73420189  5.069196E+08  1.919120E+09  2.136230E+30
        6.630323E+00  2.487561E+01  7.674292E+00  0.7864076082 -6.704142E-01
        4.308599E+24 -9.975085E+00 -1.995436E+00 -3.054412E-01 -3.054412E-01
    45     9804.6930    8.73469007  5.066348E+08  2.178102E+09  1.690221E+30
        6.585248E+00  2.487569E+01  7.674349E+00  0.8430567398 -8.042573E-01
        2.216141E+24 -9.974287E+00 -1.995436E+00 -3.054412E-01 -3.054412E-01
    46     9167.0824    8.73527641  5.062929E+08  2.495467E+09  1.289869E+30
        6.533038E+00  2.487593E+01  7.674521E+00  0.8929177882 -9.702827E-01
        1.015022E+24 -9.974184E+00 -1.995436E+00 -3.054412E-01 -3.054412E-01
    47     8610.3271    8.73574689  5.060188E+08  2.808181E+09  1.002834E+30
        6.484014E+00  2.487610E+01  7.674648E+00  0.9269765408 -1.136538E+00
        4.833584E+23 -9.973756E+00 -1.995436E+00 -3.054412E-01 -3.054412E-01
    48     8010.2300    8.73620927  5.057495E+08  3.198296E+09  7.503575E+29
        6.425668E+00  2.487618E+01  7.674732E+00  0.9550517614 -1.347287E+00
        1.980663E+23 -9.974535E+00 -1.995436E+00 -3.054412E-01 -3.054412E-01
    49     7414.2496    8.73670754  5.054594E+08  3.655421E+09  5.501218E+29
        6.359640E+00  2.487630E+01  7.674815E+00  0.9750034085 -1.602119E+00
        7.124736E+22 -9.974832E+00 -1.995436E+00 -3.054412E-01 -3.054412E-01
    50     6810.4428    8.73726423  5.051356E+08  4.193544E+09  3.911423E+29
        6.282820E+00  2.487634E+01  7.674843E+00  0.9865965324 -1.872783E+00
        2.137988E+22 -9.974832E+00 -1.995295E+00 -3.054426E-01 -3.054426E-01
    51     6468.1127    8.73764593  5.049136E+08  4.573258E+09  3.179523E+29
        6.226247E+00  2.487635E+01  7.674852E+00  0.9879763367 -1.919963E+00
        8.739966E+21 -9.974832E+00 -1.988603E+00 -3.055115E-01 -3.055115E-01
    52     6233.9451    8.73790874  5.047609E+08  4.877791E+09  2.741831E+29
        6.178215E+00  2.487637E+01  7.674866E+00  0.9880970031 -1.924344E+00
        4.073423E+21 -9.974832E+00 -1.981919E+00 -3.055814E-01 -3.055814E-01
    53     6010.0648    8.73814402  5.046242E+08  5.179448E+09  2.367392E+29
        6.126770E+00  2.487640E+01  7.674890E+00  0.9882517173 -1.930026E+00
        1.792358E+21 -9.974832E+00 -1.975489E+00 -3.056496E-01 -3.056496E-01
    54     5771.7014    8.73837018  5.044928E+08  5.478827E+09  2.012532E+29
        6.070470E+00  2.487643E+01  7.674910E+00  0.9885635708 -1.941710E+00
        7.277436E+20 -9.974832E+00 -1.973779E+00 -3.056680E-01 -3.056680E-01
    55     5622.9675    8.73852670  5.044019E+08  5.698315E+09  1.812313E+29
        6.024443E+00  2.487644E+01  7.674919E+00  0.9887904180 -1.950411E+00
        3.473148E+20 -9.974832E+00 -1.972645E+00 -3.056801E-01 -3.056801E-01
    56     5483.8111    8.73865071  5.043299E+08  5.880128E+09  1.638992E+29
        5.981788E+00  2.487646E+01  7.674931E+00  0.9889864959 -1.958074E+00
        1.747617E+20 -9.974832E+00 -1.971704E+00 -3.056903E-01 -3.056903E-01
    57     5344.0029    8.73875455  5.042696E+08  6.038501E+09  1.477780E+29
        5.940608E+00  2.487647E+01  7.674940E+00  0.9891661044 -1.965215E+00
        8.993884E+19 -9.974832E+00 -1.970873E+00 -3.056993E-01 -3.056993E-01
    58     5172.3142    8.73884655  5.042162E+08  6.202366E+09  1.296554E+29
        5.893088E+00  2.487647E+01  7.674942E+00  0.9893633628 -1.973196E+00
        4.173075E+19 -9.974832E+00 -1.969980E+00 -3.057089E-01 -3.057089E-01
    59     4959.7539    8.73892767  5.041691E+08  6.366205E+09  1.096000E+29
        5.840287E+00  2.487647E+01  7.674941E+00  0.9895720074 -1.981799E+00
        1.774852E+19 -9.974832E+00 -1.969072E+00 -3.057188E-01 -3.057188E-01
    60     4753.6928    8.73899329  5.041310E+08  6.509162E+09  9.247593E+28
        5.789636E+00  2.487647E+01  7.674942E+00  0.9897627538 -1.989817E+00
        7.800043E+18 -9.974832E+00 -1.968273E+00 -3.057275E-01 -3.057275E-01
    61     4523.5110    8.73905682  5.040941E+08  6.655944E+09  7.581294E+28
        5.732085E+00  2.487647E+01  7.674943E+00  0.9899687198 -1.998644E+00
        3.057239E+18 -9.974832E+00 -1.967421E+00 -3.057367E-01 -3.057367E-01
    62     4279.4489    8.73911120  5.040626E+08  6.798715E+09  6.072084E+28
        5.670161E+00  2.487648E+01  7.674943E+00  0.9901799523 -2.007886E+00
        1.112813E+18 -9.974832E+00 -1.966629E+00 -3.057454E-01 -3.057454E-01
    63     4051.6454    8.73916093  5.040337E+08  6.927954E+09  4.878231E+28
        5.607973E+00  2.487648E+01  7.674944E+00  0.9904112349 -2.018237E+00
        4.021683E+17 -9.974832E+00 -1.968637E+00 -3.057235E-01 -3.057235E-01
    64     3819.7961    8.73920271  5.040095E+08  7.045497E+09  3.853502E+28
        5.546127E+00  2.487648E+01  7.674945E+00  0.9909057602 -2.041234E+00
        1.457676E+17 -9.974832E+00 -1.971472E+00 -3.056928E-01 -3.056928E-01
    65     3502.7878    8.73924044  5.039876E+08  7.191621E+09  2.724661E+28
        5.463409E+00  2.487648E+01  7.674945E+00  0.9915198187 -2.071595E+00
        3.746175E+16 -9.974832E+00 -1.972091E+00 -3.056861E-01 -3.056861E-01
    66     3021.7137    8.73928225  5.039633E+08  7.406126E+09  1.508789E+28
        5.336514E+00  2.487648E+01  7.674945E+00  0.9929013526 -2.148824E+00
        4.799137E+15 -9.974832E+00 -1.973000E+00 -3.056763E-01 -3.056763E-01
    67     2813.9553    8.73930105  5.039524E+08  7.491928E+09  1.134659E+28
        5.278465E+00  2.487648E+01  7.674946E+00  0.9953684774 -2.334276E+00
        1.870065E+15 -9.974832E+00 -1.974047E+00 -3.056651E-01 -3.056651E-01
    68     2578.9016    8.73932422  5.039390E+08  7.577730E+09  8.004098E+27
        5.208176E+00  2.487648E+01  7.674947E+00  0.9977735515 -2.652387E+00
        6.225225E+14 -9.974832E+00 -1.974520E+00 -3.056600E-01 -3.056600E-01
    69     2317.0367    8.73934813  5.039251E+08  7.663533E+09  5.215322E+27
        5.122382E+00  2.487648E+01  7.674947E+00  0.9991173416 -3.054207E+00
        1.698379E+14 -9.974832E+00 -1.974520E+00 -3.056600E-01 -3.056600E-01
    70     2026.2553    8.73936475  5.039155E+08  7.749335E+09  3.050068E+27
        5.014142E+00  2.487648E+01  7.674947E+00  0.9997354299 -3.577459E+00
        3.517815E+13 -9.974832E+00 -1.974520E+00 -3.056600E-01 -3.056600E-01
    71     1677.6162    8.73937824  5.039076E+08  7.835137E+09  1.433144E+27
        4.858125E+00  2.487648E+01  7.674947E+00  0.9999560490 -4.357031E+00
        3.905374E+12 -9.974832E+00 -1.974520E+00 -3.056600E-01 -3.056600E-01
    72     1611.5875    8.73939011  5.039008E+08  7.852297E+09  1.220459E+27
        4.824238E+00  2.487648E+01  7.674947E+00  0.9999698622 -4.520889E+00
        2.437789E+12 -9.974832E+00 -1.974520E+00 -3.056600E-01 -3.056600E-01
    73     1542.1177    8.73941187  5.038881E+08  7.869458E+09  1.023189E+27
        4.786565E+00  2.487648E+01  7.674947E+00  0.9999803352 -4.706310E+00
        1.445408E+12 -9.974832E+00 -1.974520E+00 -3.056600E-01 -3.056600E-01
    74     1468.6880    8.73942663  5.038796E+08  7.886618E+09  8.417616E+26
        4.744200E+00  2.487648E+01  7.674947E+00  0.9999883484 -4.933614E+00
        8.038276E+11 -9.974832E+00 -1.974520E+00 -3.056600E-01 -3.056600E-01
