     1    59279.7581    8.95347284  4.210170E+08  4.000000E+05  1.559705E+33
        7.818924E+00  2.556294E+01  8.172999E+00  0.0000000000  0.000000E+00
        1.158645E+33 -4.006172E+00 -1.993454E+00 -3.055048E-01 -3.055048E-01
     2    58596.7468    8.95419334  4.206679E+08  8.000000E+05  1.486586E+33
        7.815147E+00  2.556338E+01  8.173325E+00  0.0000000000  0.000000E+00
        9.978948E+32 -4.006172E+00 -1.993454E+00 -3.055048E-01 -3.055048E-01
     3    58032.6680    8.95480617  4.203712E+08  1.200000E+06  1.428149E+33
        7.811177E+00  2.556379E+01  8.173634E+00  0.0000000000  0.000000E+00
        8.766220E+32 -4.006172E+00 -1.993454E+00 -3.055048E-01 -3.055048E-01
     4    57561.0883    8.95533641  4.201147E+08  1.600000E+06  1.380604E+33
        7.807038E+00  2.556417E+01  8.173926E+00  0.0000000000  0.000000E+00
        7.805577E+32 -4.006172E+00 -1.993454E+00 -3.055048E-01 -3.055048E-01
     5    57153.7673    8.95580772  4.198868E+08  2.000000E+06  1.340483E+33
        7.802777E+00  2.556454E+01  8.174204E+00  0.0000000000  0.000000E+00
        7.018271E+32 -4.006172E+00 -1.993454E+00 -3.055048E-01 -3.055048E-01
     6    56791.3563    8.95623640  4.196796E+08  2.400000E+06  1.305516E+33
        7.798447E+00  2.556489E+01  8.174470E+00  0.0000000000  0.000000E+00
        6.356676E+32 -4.006172E+00 -1.993454E+00 -3.055048E-01 -3.055048E-01
     7    56455.1277    8.95663876  4.194852E+08  2.800000E+06  1.273692E+33
        7.794089E+00  2.556523E+01  8.174725E+00  0.0000000000  0.000000E+00
        5.783488E+32 -4.006172E+00 -1.993454E+00 -3.055048E-01 -3.055048E-01
     8    55859.3710    8.95736375  4.191352E+08  3.600000E+06  1.218737E+33
        7.785437E+00  2.556586E+01  8.175201E+00  0.0000000000  0.000000E+00
        4.861258E+32 -4.006172E+00 -1.993454E+00 -3.055048E-01 -3.055048E-01
     9    55052.0942    8.95835484  4.186572E+08  4.828351E+06  1.147176E+33
        7.772716E+00  2.556674E+01  8.175864E+00  0.0000000000  0.000000E+00
        3.816254E+32 -4.006172E+00 -1.993454E+00 -3.055048E-01 -3.055048E-01
    10    54178.4435    8.95942429  4.181421E+08  6.304004E+06  1.073424E+33
        7.758496E+00  2.556768E+01  8.176579E+00  0.0000000000  0.000000E+00
        2.925793E+32 -4.006172E+00 -1.993454E+00 -3.055048E-01 -3.055048E-01
    11    53303.0883    8.96048590  4.176313E+08  7.914444E+06  1.003259E+33
        7.744194E+00  2.556860E+01  8.177280E+00  0.0000000000  0.000000E+00
        2.237962E+32 -4.006172E+00 -1.993454E+00 -3.055048E-01 -3.055048E-01
    12    52416.4420    8.96155011  4.171200E+08  9.675287E+06  9.358571E+32
        7.729794E+00  2.556951E+01  8.177970E+00  0.0000000000  0.000000E+00
        1.703689E+32 -4.006172E+00 -1.993454E+00 -3.055048E-01 -3.055048E-01
    13    51500.5904    8.96263184  4.166008E+08  1.162412E+07  8.699744E+32
        7.715091E+00  2.557042E+01  8.178658E+00  0.0000000000  0.000000E+00
        1.285358E+32 -4.006172E+00 -1.993454E+00 -3.055048E-01 -3.055048E-01
    14    50557.7382    8.96373595  4.160716E+08  1.378799E+07  8.059426E+32
        7.699994E+00  2.557132E+01  8.179339E+00  0.0000000000  0.000000E+00
        9.593246E+31 -4.006172E+00 -1.993454E+00 -3.055048E-01 -3.055048E-01
    15    49579.4357    8.96485472  4.155360E+08  1.618692E+07  7.434317E+32
        7.684479E+00  2.557220E+01  8.180004E+00  0.0000000000  0.000000E+00
        7.085460E+31 -4.006172E+00 -1.993454E+00 -3.055048E-01 -3.055048E-01
    16    48583.2828    8.96598965  4.149934E+08  1.883271E+07  6.836712E+32
        7.668589E+00  2.557307E+01  8.180659E+00  0.0000000000  0.000000E+00
        5.183995E+31 -4.006172E+00 -1.993454E+00 -3.055048E-01 -3.055048E-01
    17    47557.6496    8.96713746  4.144454E+08  2.174324E+07  6.260854E+32
        7.652332E+00  2.557394E+01  8.181309E+00  0.0000000000  0.000000E+00
        3.763075E+31 -4.006172E+00 -1.993454E+00 -3.055048E-01 -3.055048E-01
    18    46517.6537    8.96829496  4.138934E+08  2.492697E+07  5.715652E+32
        7.635772E+00  2.557480E+01  8.181960E+00  0.0000000000  0.000000E+00
        2.715560E+31 -4.006172E+00 -1.993454E+00 -3.055048E-01 -3.055048E-01
    19    45468.1801    8.96946455  4.133365E+08  2.839550E+07  5.203017E+32
        7.618956E+00  2.557568E+01  8.182622E+00  0.0000000000  0.000000E+00
        1.950903E+31 -4.006172E+00 -1.993454E+00 -3.055048E-01 -3.055048E-01
    20    44424.3103    8.97063080  4.127819E+08  3.213918E+07  4.728697E+32
        7.602017E+00  2.557657E+01  8.183287E+00  0.0000000000  0.000000E+00
        1.400609E+31 -4.006172E+00 -1.993454E+00 -3.055048E-01 -3.055048E-01
    21    43389.3342    8.97178452  4.122340E+08  3.617186E+07  4.291775E+32
        7.584972E+00  2.557743E+01  8.183939E+00  0.0000000000  0.000000E+00
        1.005565E+31 -4.006172E+00 -1.993454E+00 -3.055048E-01 -3.055048E-01
    22    42366.0535    8.97291749  4.116966E+08  4.051141E+07  3.890846E+32
        7.567819E+00  2.557826E+01  8.184564E+00  0.0000000000  0.000000E+00
        7.222904E+30 -4.006172E+00 -1.993454E+00 -3.055048E-01 -3.055048E-01
    23    41354.2155    8.97402220  4.111733E+08  4.517831E+07  3.523274E+32
        7.550553E+00  2.557904E+01  8.185147E+00  0.0000000000  0.000000E+00
        5.192857E+30 -4.006172E+00 -1.993454E+00 -3.055048E-01 -3.055048E-01
    24    40360.8314    8.97508974  4.106683E+08  5.018490E+07  3.188895E+32
        7.533202E+00  2.557974E+01  8.185678E+00  0.0000000000  0.000000E+00
        3.740795E+30 -4.006172E+00 -1.993454E+00 -3.055048E-01 -3.055048E-01
    25    39389.8445    8.97612332  4.101799E+08  5.557298E+07  2.886046E+32
        7.515709E+00  2.558039E+01  8.186164E+00  0.0000000000  0.000000E+00
        2.696055E+30 -4.006172E+00 -1.993454E+00 -3.055048E-01 -3.055048E-01
    26    38434.4742    8.97713481  4.097025E+08  6.137607E+07  2.609988E+32
        7.498058E+00  2.558101E+01  8.186621E+00  0.0000000000  0.000000E+00
        1.944736E+30 -4.006172E+00 -1.993454E+00 -3.055048E-01 -3.055048E-01
    27    37497.8460    8.97812958  4.092336E+08  6.760795E+07  2.359311E+32
        7.480295E+00  2.558161E+01  8.187071E+00  0.0000000000  0.000000E+00
        1.406011E+30 -4.006172E+00 -1.993454E+00 -3.055048E-01 -3.055048E-01
    28    36578.7202    8.97911380  4.087701E+08  7.429542E+07  2.131522E+32
        7.462428E+00  2.558222E+01  8.187529E+00  0.0000000000  0.000000E+00
        1.019563E+30 -4.006172E+00 -1.993454E+00 -3.055048E-01 -3.055048E-01
    29    35677.2234    8.98008690  4.083124E+08  8.145875E+07  1.924717E+32
        7.444485E+00  2.558284E+01  8.188001E+00  0.0000000000  0.000000E+00
        7.421916E+29 -4.006172E+00 -1.993454E+00 -3.055048E-01 -3.055048E-01
    30    34795.8565    8.98104548  4.078620E+08  8.910144E+07  1.737617E+32
        7.426534E+00  2.558347E+01  8.188483E+00  0.0000000000  0.000000E+00
        5.431114E+29 -4.006172E+00 -1.993454E+00 -3.055048E-01 -3.055048E-01
    31    33935.5921    8.98198610  4.074206E+08  9.724868E+07  1.568647E+32
        7.408582E+00  2.558409E+01  8.188958E+00  0.0000000000  0.000000E+00
        3.995365E+29 -4.006172E+00 -1.993454E+00 -3.055048E-01 -3.055048E-01
    32    33094.7339    8.98290757  4.069886E+08  1.059383E+08  1.415851E+32
        7.390608E+00  2.558468E+01  8.189409E+00  0.0000000000  0.000000E+00
        2.953476E+29 -4.006172E+00 -1.993454E+00 -3.055048E-01 -3.055048E-01
    33    32273.0291    8.98380333  4.065691E+08  1.152072E+08  1.277748E+32
        7.372598E+00  2.558522E+01  8.189813E+00  0.0000000000  0.000000E+00
        2.192980E+29 -4.006172E+00 -1.993454E+00 -3.055048E-01 -3.055048E-01
    34    31471.1334    8.98466244  4.061672E+08  1.250777E+08  1.153126E+32
        7.354572E+00  2.558568E+01  8.190150E+00  0.0000000000  0.000000E+00
        1.635627E+29 -4.006172E+00 -1.993454E+00 -3.055048E-01 -3.055048E-01
    35    30688.8327    8.98549212  4.057794E+08  1.355917E+08  1.040684E+32
        7.336532E+00  2.558609E+01  8.190450E+00  0.0000000000  0.000000E+00
        1.225039E+29 -4.006172E+00 -1.993454E+00 -3.055048E-01 -3.055048E-01
    36    29924.0971    8.98630043  4.054019E+08  1.468052E+08  9.390166E+31
        7.318461E+00  2.558650E+01  8.190750E+00  0.0000000000  0.000000E+00
        9.208817E+28 -4.006172E+00 -1.993454E+00 -3.055048E-01 -3.055048E-01
    37    29175.3414    8.98709722  4.050302E+08  1.587749E+08  8.469467E+31
        7.300348E+00  2.558696E+01  8.191087E+00  0.0000000000  0.000000E+00
        6.945202E+28 -4.006172E+00 -1.993454E+00 -3.055048E-01 -3.055048E-01
    38    28442.0155    8.98789352  4.046591E+08  1.715454E+08  7.635500E+31
        7.282214E+00  2.558750E+01  8.191498E+00  0.0000000000  0.000000E+00
        5.255608E+28 -4.006172E+00 -1.993454E+00 -3.055048E-01 -3.055048E-01
    39    27725.0231    8.98867520  4.042951E+08  1.851220E+08  6.881799E+31
        7.264115E+00  2.558808E+01  8.191950E+00  0.0000000000  0.000000E+00
        3.992650E+28 -4.006172E+00 -1.993454E+00 -3.055048E-01 -3.055048E-01
    40    27024.1705    8.98942686  4.039453E+08  1.995368E+08  6.201148E+31
        7.246053E+00  2.558867E+01  8.192398E+00  0.0000000000  0.000000E+00
        3.044222E+28 -4.006172E+00 -1.993454E+00 -3.055048E-01 -3.055048E-01
    41    26339.3149    8.99013792  4.036148E+08  2.148464E+08  5.586882E+31
        7.228004E+00  2.558919E+01  8.192797E+00  0.0000000000  0.000000E+00
        2.327961E+28 -4.006172E+00 -1.993454E+00 -3.055048E-01 -3.055048E-01
    42    25670.6939    8.99080449  4.033052E+08  2.311287E+08  5.033099E+31
        7.209923E+00  2.558960E+01  8.193109E+00  0.0000000000  0.000000E+00
        1.782959E+28 -4.006172E+00 -1.993454E+00 -3.055048E-01 -3.055048E-01
    43    25020.1412    8.99143962  4.030104E+08  2.484601E+08  4.535330E+31
        7.191793E+00  2.558992E+01  8.193347E+00  0.0000000000  0.000000E+00
        1.367075E+28 -4.006172E+00 -1.993454E+00 -3.055048E-01 -3.055048E-01
    44    24386.1205    8.99206120  4.027221E+08  2.669782E+08  4.086948E+31
        7.173543E+00  2.559019E+01  8.193542E+00  0.0000000000  0.000000E+00
        1.048815E+28 -4.006172E+00 -1.993454E+00 -3.055048E-01 -3.055048E-01
    45    23765.9571    8.99268408  4.024334E+08  2.868318E+08  3.681516E+31
        7.155107E+00  2.559044E+01  8.193721E+00  0.0000000000  0.000000E+00
        8.032880E+27 -4.006172E+00 -1.993454E+00 -3.055048E-01 -3.055048E-01
    46    23157.2464    8.99331228  4.021424E+08  3.081532E+08  3.313789E+31
        7.136441E+00  2.559070E+01  8.193910E+00  0.0000000000  0.000000E+00
        6.141085E+27 -4.006172E+00 -1.993454E+00 -3.055048E-01 -3.055048E-01
    47    22602.3548    8.99390246  4.018693E+08  3.310343E+08  3.003321E+31
        7.125269E+00  2.559100E+01  8.194214E+00  0.0114576070 -5.004701E-03
        4.832973E+27 -4.006172E+00 -1.993454E+00 -3.055048E-01 -3.055048E-01
    48    22141.8972    8.99440598  4.016364E+08  3.539154E+08  2.762758E+31
        7.111585E+00  2.559130E+01  8.194429E+00  0.0349374713 -1.544455E-02
        3.965839E+27 -4.006172E+00 -1.993454E+00 -3.055048E-01 -3.055048E-01
    49    21749.5776    8.99483532  4.014379E+08  3.767964E+08  2.569552E+31
        7.098334E+00  2.559154E+01  8.194607E+00  0.0639023626 -2.867885E-02
        3.328108E+27 -4.006172E+00 -1.993454E+00 -3.055048E-01 -3.055048E-01
    50    21399.5691    8.99520790  4.012657E+08  3.996775E+08  2.406034E+31
        7.085800E+00  2.559173E+01  8.194740E+00  0.0947331356 -4.322338E-02
        2.829693E+27 -4.006172E+00 -1.993454E+00 -3.055048E-01 -3.055048E-01
    51    21076.2561    8.99554283  4.011110E+08  4.225585E+08  2.262146E+31
        7.073981E+00  2.559186E+01  8.194840E+00  0.1258068065 -5.839258E-02
        2.424486E+27 -4.006172E+00 -1.993454E+00 -3.055048E-01 -3.055048E-01
    52    20772.0049    8.99586000  4.009646E+08  4.454396E+08  2.132766E+31
        7.062777E+00  2.559200E+01  8.194937E+00  0.1564397698 -7.388390E-02
        2.090663E+27 -4.006172E+00 -1.993454E+00 -3.055048E-01 -3.055048E-01
    53    20481.0557    8.99617474  4.008193E+08  4.683206E+08  2.014300E+31
        7.051942E+00  2.559216E+01  8.195053E+00  0.1865489269 -8.966856E-02
        1.809697E+27 -4.006172E+00 -1.993454E+00 -3.055048E-01 -3.055048E-01
    54    19942.0411    8.99679543  4.005330E+08  5.140827E+08  1.807892E+31
        7.031812E+00  2.559255E+01  8.195341E+00  0.2438470762 -1.213904E-01
        1.372830E+27 -4.006172E+00 -1.993454E+00 -3.055048E-01 -3.055048E-01
    55    19322.6711    8.99754518  4.001874E+08  5.718533E+08  1.590790E+31
        7.008164E+00  2.559309E+01  8.195740E+00  0.3107176906 -1.616029E-01
        9.912483E+26 -4.006172E+00 -1.993454E+00 -3.055048E-01 -3.055048E-01
    56    18687.1266    8.99828694  3.998458E+08  6.369717E+08  1.389225E+31
        6.983239E+00  2.559357E+01  8.196099E+00  0.3791649024 -2.070237E-01
        7.001822E+26 -4.006172E+00 -1.993454E+00 -3.055048E-01 -3.055048E-01
    57    18049.0248    8.99898378  3.995252E+08  7.086222E+08  1.207037E+31
        6.957403E+00  2.559395E+01  8.196379E+00  0.4466811961 -2.570246E-01
        4.866915E+26 -4.006172E+00 -1.993454E+00 -3.055048E-01 -3.055048E-01
    58    17413.1386    8.99967821  3.992059E+08  7.865019E+08  1.044046E+31
        6.930847E+00  2.559434E+01  8.196664E+00  0.5117022148 -3.113152E-01
        3.340082E+26 -4.006172E+00 -1.993454E+00 -3.055048E-01 -3.055048E-01
    59    16781.7325    9.00038136  3.988828E+08  8.701061E+08  8.991980E+30
        6.903836E+00  2.559474E+01  8.196962E+00  0.5728590996 -3.694288E-01
        2.272175E+26 -4.006172E+00 -1.993454E+00 -3.055048E-01 -3.055048E-01
    60    16158.2351    9.00104615  3.985777E+08  9.589488E+08  7.716477E+30
        6.876544E+00  2.559504E+01  8.197179E+00  0.6292663877 -4.309380E-01
        1.535956E+26 -4.006172E+00 -1.993454E+00 -3.055048E-01 -3.055048E-01
    61    15548.9973    9.00164182  3.983044E+08  1.052665E+09  6.607805E+30
        6.849111E+00  2.559518E+01  8.197282E+00  0.6804838029 -4.955071E-01
        1.033290E+26 -4.006172E+00 -1.993454E+00 -3.055048E-01 -3.055048E-01
    62    14957.4704    9.00220890  3.980445E+08  1.151693E+09  5.650843E+30
        6.821477E+00  2.559530E+01  8.197371E+00  0.7266580475 -5.632937E-01
        6.905656E+25 -4.006172E+00 -1.993454E+00 -3.055048E-01 -3.055048E-01
    63    14383.4425    9.00279941  3.977739E+08  1.257276E+09  4.825490E+30
        6.793353E+00  2.559552E+01  8.197542E+00  0.7683838133 -6.352311E-01
        4.568965E+25 -4.006172E+00 -1.993454E+00 -3.055048E-01 -3.055048E-01
    64    14066.0526    9.00314226  3.976170E+08  1.319661E+09  4.409976E+30
        6.777170E+00  2.559568E+01  8.197666E+00  0.7900850414 -6.779566E-01
        3.598145E+25 -4.006172E+00 -1.993454E+00 -3.055048E-01 -3.055048E-01
    65    13849.1989    9.00338015  3.975081E+08  1.363914E+09  4.141980E+30
        6.765887E+00  2.559579E+01  8.197756E+00  0.8042633269 -7.083278E-01
        3.045551E+25 -4.006172E+00 -1.993454E+00 -3.055048E-01 -3.055048E-01
    66    13661.8458    9.00358588  3.974139E+08  1.403191E+09  3.920497E+30
        6.756015E+00  2.559589E+01  8.197831E+00  0.8160478447 -7.352951E-01
        2.628436E+25 -4.006172E+00 -1.993454E+00 -3.055048E-01 -3.055048E-01
    67    13479.7958    9.00378498  3.973228E+08  1.442253E+09  3.713965E+30
        6.746329E+00  2.559598E+01  8.197899E+00  0.8270594812 -7.621032E-01
        2.276074E+25 -4.006172E+00 -1.993454E+00 -3.055048E-01 -3.055048E-01
    68    13301.6615    9.00397725  3.972349E+08  1.481301E+09  3.519945E+30
        6.736774E+00  2.559605E+01  8.197956E+00  0.8374025997 -7.888864E-01
        1.973543E+25 -4.006172E+00 -1.993454E+00 -3.055048E-01 -3.055048E-01
    69    13118.4158    9.00417273  3.971455E+08  1.522344E+09  3.328452E+30
        6.726869E+00  2.559612E+01  8.198009E+00  0.8475942200 -8.169986E-01
        1.702090E+25 -4.006172E+00 -1.993454E+00 -3.055048E-01 -3.055048E-01
    70    12925.9143    9.00437577  3.970527E+08  1.566466E+09  3.135876E+30
        6.716378E+00  2.559619E+01  8.198059E+00  0.8578197487 -8.471607E-01
        1.454610E+25 -4.006172E+00 -1.993454E+00 -3.055048E-01 -3.055048E-01
    71    12727.9500    9.00458231  3.969583E+08  1.612972E+09  2.946735E+30
        6.705491E+00  2.559625E+01  8.198106E+00  0.8678242477 -8.788482E-01
        1.234378E+25 -4.006172E+00 -1.993454E+00 -3.055048E-01 -3.055048E-01
    72    12533.3200    9.00478498  3.968657E+08  1.659929E+09  2.769294E+30
        6.694673E+00  2.559631E+01  8.198147E+00  0.8772025291 -9.108106E-01
        1.049284E+25 -4.006172E+00 -1.993454E+00 -3.055048E-01 -3.055048E-01
    73    12333.3602    9.00499225  3.967710E+08  1.709578E+09  2.595511E+30
        6.683423E+00  2.559636E+01  8.198187E+00  0.8863711202 -9.445113E-01
        8.854217E+24 -4.006172E+00 -1.993454E+00 -3.055048E-01 -3.055048E-01
    74    12117.8642    9.00521497  3.966693E+08  1.764892E+09  2.417569E+30
        6.671114E+00  2.559642E+01  8.198226E+00  0.8957520703 -9.819326E-01
        7.351907E+24 -4.006172E+00 -1.993454E+00 -3.055048E-01 -3.055048E-01
    75    11894.1429    9.00544627  3.965636E+08  1.824536E+09  2.242724E+30
        6.658088E+00  2.559647E+01  8.198262E+00  0.9049754738 -1.022164E+00
        6.033882E+24 -4.006172E+00 -1.993454E+00 -3.055048E-01 -3.055048E-01
    76    11694.2177    9.00565022  3.964705E+08  1.879922E+09  2.094710E+30
        6.646194E+00  2.559650E+01  8.198285E+00  0.9127967288 -1.059467E+00
        5.037210E+24 -4.006172E+00 -1.993454E+00 -3.055048E-01 -3.055048E-01
    77    11460.9855    9.00588147  3.963650E+08  1.947422E+09  1.931505E+30
        6.631970E+00  2.559652E+01  8.198300E+00  0.9214351464 -1.104772E+00
        4.054409E+24 -4.006172E+00 -1.993454E+00 -3.055048E-01 -3.055048E-01
    78    11238.3787    9.00609694  3.962667E+08  2.014908E+09  1.784873E+30
        6.618009E+00  2.559653E+01  8.198306E+00  0.9292024957 -1.149982E+00
        3.274730E+24 -4.006172E+00 -1.993454E+00 -3.055048E-01 -3.055048E-01
    79    10964.1190    9.00636013  3.961466E+08  2.102515E+09  1.615937E+30
        6.600276E+00  2.559653E+01  8.198311E+00  0.9381229767 -1.208471E+00
        2.496174E+24 -4.006172E+00 -1.993454E+00 -3.055048E-01 -3.055048E-01
    80    10662.2187    9.00665647  3.960115E+08  2.204262E+09  1.444187E+30
        6.580168E+00  2.559656E+01  8.198327E+00  0.9470645826 -1.276254E+00
        1.832770E+24 -4.006172E+00 -1.993454E+00 -3.055048E-01 -3.055048E-01
    81    10399.5974    9.00691882  3.958919E+08  2.296524E+09  1.306282E+30
        6.562322E+00  2.559659E+01  8.198349E+00  0.9540499287 -1.337714E+00
        1.392460E+24 -4.006172E+00 -1.993454E+00 -3.055048E-01 -3.055048E-01
    82    10069.9483    9.00724387  3.957438E+08  2.417200E+09  1.147505E+30
        6.539615E+00  2.559663E+01  8.198378E+00  0.9617742024 -1.417643E+00
        9.802009E+23 -4.006172E+00 -1.993454E+00 -3.055048E-01 -3.055048E-01
    83     9733.5631    9.00757037  3.955950E+08  2.546217E+09  1.000936E+30
        6.516082E+00  2.559668E+01  8.198415E+00  0.9685569588 -1.502475E+00
        6.804187E+23 -4.006172E+00 -1.993454E+00 -3.055047E-01 -3.055047E-01
    84     9402.8336    9.00789096  3.954491E+08  2.680653E+09  8.710309E+29
        6.492328E+00  2.559674E+01  8.198465E+00  0.9743032706 -1.590122E+00
        4.701517E+23 -4.006172E+00 -1.993454E+00 -3.055048E-01 -3.055048E-01
    85     9078.3200    9.00821645  3.953009E+08  2.822374E+09  7.563016E+29
        6.468053E+00  2.559685E+01  8.198543E+00  0.9791320340 -1.680520E+00
        3.215697E+23 -4.006172E+00 -1.993429E+00 -3.055050E-01 -3.055050E-01
    86     8765.2526    9.00853585  3.951556E+08  2.970418E+09  6.567671E+29
        6.443399E+00  2.559697E+01  8.198627E+00  0.9830166386 -1.769976E+00
        2.185414E+23 -4.006172E+00 -1.993299E+00 -3.055064E-01 -3.055064E-01
    87     8494.9734    9.00880536  3.950330E+08  3.106483E+09  5.790716E+29
        6.421093E+00  2.559705E+01  8.198685E+00  0.9852830093 -1.832181E+00
        1.538438E+23 -4.006172E+00 -1.993215E+00 -3.055072E-01 -3.055072E-01
    88     8204.3618    9.00906402  3.949154E+08  3.260832E+09  5.035061E+29
        6.396255E+00  2.559708E+01  8.198712E+00  0.9868700157 -1.881736E+00
        1.039671E+23 -4.006172E+00 -1.985836E+00 -3.055836E-01 -3.055836E-01
    89     7884.8835    9.00934472  3.947878E+08  3.435716E+09  4.292654E+29
        6.368648E+00  2.559709E+01  8.198721E+00  0.9875213037 -1.903831E+00
        6.720460E+22 -4.006172E+00 -1.984521E+00 -3.055974E-01 -3.055974E-01
    90     7607.9281    9.00957827  3.946816E+08  3.593188E+09  3.718577E+29
        6.344536E+00  2.559710E+01  8.198722E+00  0.9875343739 -1.904286E+00
        4.582533E+22 -4.006172E+00 -1.979352E+00 -3.056518E-01 -3.056518E-01
    91     7347.3207    9.00980810  3.945772E+08  3.749860E+09  3.232938E+29
        6.321340E+00  2.559710E+01  8.198725E+00  0.9875847387 -1.906044E+00
        3.168870E+22 -4.006172E+00 -1.975381E+00 -3.056941E-01 -3.056941E-01
    92     7113.0441    9.01002536  3.944785E+08  3.900913E+09  2.838482E+29
        6.299672E+00  2.559710E+01  8.198725E+00  0.9876640941 -1.908829E+00
        2.243985E+22 -4.006172E+00 -1.972368E+00 -3.057265E-01 -3.057265E-01
    93     6899.4667    9.01023808  3.943819E+08  4.050173E+09  2.511386E+29
        6.278839E+00  2.559710E+01  8.198724E+00  0.9877421904 -1.911587E+00
        1.609410E+22 -4.006172E+00 -1.969627E+00 -3.057561E-01 -3.057561E-01
    94     6693.0899    9.01046991  3.942767E+08  4.208475E+09  2.222932E+29
        6.257212E+00  2.559710E+01  8.198724E+00  0.9878258439 -1.914561E+00
        1.139492E+22 -4.006172E+00 -1.966928E+00 -3.057854E-01 -3.057854E-01
    95     6464.5518    9.01075160  3.941488E+08  4.405600E+09  1.933266E+29
        6.230678E+00  2.559710E+01  8.198726E+00  0.9879363756 -1.918522E+00
        7.450010E+21 -4.006172E+00 -1.963884E+00 -3.058188E-01 -3.058188E-01
    96     6297.4392    9.01099419  3.940388E+08  4.579215E+09  1.740008E+29
        6.207290E+00  2.559710E+01  8.198728E+00  0.9880426628 -1.922366E+00
        5.119284E+21 -4.006172E+00 -1.961777E+00 -3.058420E-01 -3.058420E-01
    97     6174.4165    9.01120874  3.939414E+08  4.742328E+09  1.607180E+29
        6.184787E+00  2.559711E+01  8.198730E+00  0.9881381160 -1.925846E+00
        3.565931E+21 -4.006172E+00 -1.958656E+00 -3.058766E-01 -3.058766E-01
    98     6079.8919    9.01139662  3.938562E+08  4.900316E+09  1.510346E+29
        6.161895E+00  2.559711E+01  8.198733E+00  0.9882272369 -1.929122E+00
        2.467115E+21 -4.006172E+00 -1.955452E+00 -3.059123E-01 -3.059123E-01
    99     6001.0366    9.01157910  3.937735E+08  5.059957E+09  1.432899E+29
        6.137313E+00  2.559712E+01  8.198737E+00  0.9883219844 -1.932631E+00
        1.660024E+21 -4.006172E+00 -1.952203E+00 -3.059489E-01 -3.059489E-01
   100     5945.2918    9.01172768  3.937061E+08  5.189595E+09  1.379922E+29
        6.115935E+00  2.559712E+01  8.198742E+00  0.9884359685 -1.936891E+00
        1.175773E+21 -4.006172E+00 -1.951592E+00 -3.059558E-01 -3.059558E-01
   101     5895.5774    9.01186249  3.936450E+08  5.305946E+09  1.333928E+29
        6.095352E+00  2.559713E+01  8.198745E+00  0.9885485622 -1.941140E+00
        8.433588E+20 -4.006172E+00 -1.951096E+00 -3.059614E-01 -3.059614E-01
   102     5849.5747    9.01198638  3.935889E+08  5.410863E+09  1.292410E+29
        6.075445E+00  2.559713E+01  8.198748E+00  0.9886559441 -1.945232E+00
        6.113101E+20 -4.006172E+00 -1.950670E+00 -3.059662E-01 -3.059662E-01
   103     5799.7216    9.01211494  3.935306E+08  5.517691E+09  1.248542E+29
        6.053622E+00  2.559713E+01  8.198749E+00  0.9887704639 -1.949638E+00
        4.294491E+20 -4.006172E+00 -1.950238E+00 -3.059711E-01 -3.059711E-01
   104     5747.3266    9.01223435  3.934766E+08  5.616045E+09  1.203701E+29
        6.031999E+00  2.559713E+01  8.198750E+00  0.9888804837 -1.953914E+00
        3.025704E+20 -4.006172E+00 -1.949846E+00 -3.059756E-01 -3.059756E-01
   105     5690.6668    9.01234765  3.934252E+08  5.709335E+09  1.156630E+29
        6.009860E+00  2.559714E+01  8.198752E+00  0.9889897019 -1.958201E+00
        2.113405E+20 -4.006172E+00 -1.949475E+00 -3.059798E-01 -3.059798E-01
   106     5632.8145    9.01245323  3.933774E+08  5.794733E+09  1.110039E+29
        5.988137E+00  2.559714E+01  8.198755E+00  0.9890935843 -1.962318E+00
        1.485610E+20 -4.006172E+00 -1.949135E+00 -3.059836E-01 -3.059836E-01
   107     5575.3923    9.01255257  3.933324E+08  5.874478E+09  1.065218E+29
        5.966412E+00  2.559714E+01  8.198757E+00  0.9891944637 -1.966354E+00
        1.043896E+20 -4.006172E+00 -1.948813E+00 -3.059873E-01 -3.059873E-01
   108     5519.2086    9.01264426  3.932909E+08  5.948249E+09  1.022710E+29
        5.944882E+00  2.559715E+01  8.198759E+00  0.9892916005 -1.970275E+00
        7.355807E+19 -4.006172E+00 -1.948510E+00 -3.059907E-01 -3.059907E-01
   109     5463.9401    9.01272747  3.932532E+08  6.015446E+09  9.821679E+28
        5.923860E+00  2.559715E+01  8.198760E+00  0.9893838395 -1.974033E+00
        5.224656E+19 -4.006172E+00 -1.948227E+00 -3.059940E-01 -3.059940E-01
   110     5407.2101    9.01280493  3.932182E+08  6.078366E+09  9.418409E+28
        5.902839E+00  2.559715E+01  8.198760E+00  0.9894736821 -1.977724E+00
        3.709742E+19 -4.006172E+00 -1.947957E+00 -3.059971E-01 -3.059971E-01
   111     5345.3283    9.01287886  3.931847E+08  6.139646E+09  8.993074E+28
        5.881025E+00  2.559715E+01  8.198760E+00  0.9895644961 -1.981487E+00
        2.599395E+19 -4.006172E+00 -1.947688E+00 -3.060001E-01 -3.060001E-01
   112     5279.2964    9.01294732  3.931537E+08  6.197785E+09  8.555519E+28
        5.858999E+00  2.559715E+01  8.198760E+00  0.9896537263 -1.985216E+00
        1.814492E+19 -4.006172E+00 -1.947427E+00 -3.060031E-01 -3.060031E-01
   113     5206.4282    9.01301193  3.931245E+08  6.255110E+09  8.091650E+28
        5.835890E+00  2.559715E+01  8.198760E+00  0.9897448135 -1.989056E+00
        1.243936E+19 -4.006172E+00 -1.947165E+00 -3.060061E-01 -3.060061E-01
   114     5127.1460    9.01307448  3.930962E+08  6.312300E+09  7.608828E+28
        5.811439E+00  2.559715E+01  8.198760E+00  0.9898384752 -1.993041E+00
        8.339477E+18 -4.006172E+00 -1.946899E+00 -3.060091E-01 -3.060091E-01
   115     5044.3197    9.01313552  3.930685E+08  6.368785E+09  7.127946E+28
        5.785817E+00  2.559715E+01  8.198760E+00  0.9899336641 -1.997129E+00
        5.482213E+18 -4.006172E+00 -1.946632E+00 -3.060122E-01 -3.060122E-01
   116     4964.7184    9.01319270  3.930427E+08  6.420703E+09  6.687677E+28
        5.760786E+00  2.559715E+01  8.198760E+00  0.9900237547 -2.001033E+00
        3.637440E+18 -4.006172E+00 -1.946382E+00 -3.060150E-01 -3.060150E-01
   117     4887.1854    9.01324612  3.930185E+08  6.469011E+09  6.278829E+28
        5.736175E+00  2.559715E+01  8.198761E+00  0.9901103240 -2.004818E+00
        2.429090E+18 -4.006172E+00 -1.946161E+00 -3.060176E-01 -3.060176E-01
   118     4805.1359    9.01329799  3.929950E+08  6.517106E+09  5.866975E+28
        5.710340E+00  2.559715E+01  8.198761E+00  0.9901982058 -2.008694E+00
        1.589288E+18 -4.006172E+00 -1.945939E+00 -3.060201E-01 -3.060201E-01
   119     4717.9501    9.01335579  3.929689E+08  6.564262E+09  5.451890E+28
        5.683445E+00  2.559715E+01  8.198762E+00  0.9903339729 -2.014752E+00
        1.022107E+18 -4.006172E+00 -1.949790E+00 -3.059762E-01 -3.059762E-01
   120     4626.0364    9.01340605  3.929461E+08  6.611249E+09  5.038713E+28
        5.655176E+00  2.559715E+01  8.198763E+00  0.9905628562 -2.025159E+00
        6.426178E+17 -4.006172E+00 -1.951340E+00 -3.059586E-01 -3.059586E-01
   121     4535.3535    9.01345545  3.929238E+08  6.657539E+09  4.654560E+28
        5.625659E+00  2.559715E+01  8.198764E+00  0.9909242591 -2.042118E+00
        3.962829E+17 -4.006172E+00 -1.953632E+00 -3.059328E-01 -3.059328E-01
   122     4448.3083    9.01350280  3.929024E+08  6.703099E+09  4.306914E+28
        5.594530E+00  2.559715E+01  8.198765E+00  0.9912955497 -2.060259E+00
        2.384486E+17 -4.006172E+00 -1.955540E+00 -3.059113E-01 -3.059113E-01
   123     4367.2880    9.01354316  3.928841E+08  6.744266E+09  4.001231E+28
        5.564533E+00  2.559715E+01  8.198765E+00  0.9916106795 -2.076273E+00
        1.464828E+17 -4.006172E+00 -1.955931E+00 -3.059070E-01 -3.059070E-01
   124     4284.4485    9.01357867  3.928680E+08  6.781438E+09  3.705873E+28
        5.535817E+00  2.559715E+01  8.198765E+00  0.9919328120 -2.093278E+00
        9.210987E+16 -4.006172E+00 -1.956319E+00 -3.059026E-01 -3.059026E-01
   125     4195.7856    9.01361259  3.928527E+08  6.816225E+09  3.408239E+28
        5.507529E+00  2.559716E+01  8.198765E+00  0.9922764095 -2.112181E+00
        5.847844E+16 -4.006172E+00 -1.956735E+00 -3.058980E-01 -3.058980E-01
   126     4092.8975    9.01365270  3.928346E+08  6.853336E+09  3.085747E+28
        5.475894E+00  2.559716E+01  8.198766E+00  0.9926836867 -2.135708E+00
        3.530782E+16 -4.006172E+00 -1.957253E+00 -3.058922E-01 -3.058922E-01
   127     3999.8933    9.01369163  3.928169E+08  6.885161E+09  2.814437E+28
        5.447447E+00  2.559716E+01  8.198766E+00  0.9930834752 -2.160112E+00
        2.251689E+16 -4.006172E+00 -1.958020E+00 -3.058836E-01 -3.058836E-01
   128     3945.4839    9.01371483  3.928065E+08  6.902803E+09  2.664255E+28
        5.430651E+00  2.559716E+01  8.198766E+00  0.9939069615 -2.215166E+00
        1.709607E+16 -4.006172E+00 -1.958197E+00 -3.058817E-01 -3.058817E-01
   129     3888.2699    9.01373582  3.927970E+08  6.919863E+09  2.512924E+28
        5.412942E+00  2.559716E+01  8.198767E+00  0.9948554550 -2.288653E+00
        1.285143E+16 -4.006172E+00 -1.958214E+00 -3.058815E-01 -3.058815E-01
   130     3830.4528    9.01375311  3.927891E+08  6.935621E+09  2.366665E+28
        5.395108E+00  2.559716E+01  8.198767E+00  0.9956878974 -2.365311E+00
        9.713375E+15 -4.006172E+00 -1.958231E+00 -3.058813E-01 -3.058813E-01
   131     3770.7814    9.01376831  3.927823E+08  6.950469E+09  2.222525E+28
        5.376781E+00  2.559716E+01  8.198767E+00  0.9964106171 -2.444980E+00
        7.301573E+15 -4.006172E+00 -1.958231E+00 -3.058813E-01 -3.058813E-01
   132     3709.4210    9.01378290  3.927757E+08  6.964428E+09  2.081283E+28
        5.357997E+00  2.559716E+01  8.198768E+00  0.9970318716 -2.527517E+00
        5.462741E+15 -4.006172E+00 -1.958231E+00 -3.058813E-01 -3.058813E-01
   133     3644.7910    9.01379798  3.927689E+08  6.977890E+09  1.939912E+28
        5.338296E+00  2.559716E+01  8.198768E+00  0.9975733973 -2.615001E+00
        4.024661E+15 -4.006172E+00 -1.958231E+00 -3.058813E-01 -3.058813E-01
   134     3575.5502    9.01381307  3.927620E+08  6.991116E+09  1.796586E+28
        5.317246E+00  2.559716E+01  8.198768E+00  0.9980478529 -2.709487E+00
        2.923544E+15 -4.006172E+00 -1.958231E+00 -3.058813E-01 -3.058813E-01
   135     3504.5478    9.01382617  3.927561E+08  7.003565E+09  1.658026E+28
        5.295667E+00  2.559716E+01  8.198768E+00  0.9984418082 -2.807379E+00
        2.113011E+15 -4.006172E+00 -1.958231E+00 -3.058813E-01 -3.058813E-01
   136     3434.3856    9.01383713  3.927512E+08  7.014917E+09  1.529145E+28
        5.274303E+00  2.559716E+01  8.198768E+00  0.9987561565 -2.905234E+00
        1.536405E+15 -4.006172E+00 -1.958231E+00 -3.058813E-01 -3.058813E-01
   137     3361.5555    9.01384760  3.927464E+08  7.025862E+09  1.403470E+28
        5.252049E+00  2.559716E+01  8.198769E+00  0.9990184274 -3.008078E+00
        1.103104E+15 -4.006172E+00 -1.958231E+00 -3.058813E-01 -3.058813E-01
   138     3286.1373    9.01385797  3.927417E+08  7.036434E+09  1.281664E+28
        5.228854E+00  2.559716E+01  8.198769E+00  0.9992347848 -3.116216E+00
        7.849223E+14 -4.006172E+00 -1.958231E+00 -3.058813E-01 -3.058813E-01
   139     3210.6375    9.01386823  3.927371E+08  7.046310E+09  1.167848E+28
        5.205420E+00  2.559716E+01  8.198769E+00  0.9994065258 -3.226598E+00
        5.581028E+14 -4.006172E+00 -1.958231E+00 -3.058813E-01 -3.058813E-01
   140     3136.2376    9.01387873  3.927323E+08  7.055455E+09  1.063277E+28
        5.182095E+00  2.559716E+01  8.198769E+00  0.9995398041 -3.337057E+00
        3.984221E+14 -4.006172E+00 -1.958231E+00 -3.058813E-01 -3.058813E-01
   141     3058.6239    9.01389089  3.927268E+08  7.064489E+09  9.618401E+27
        5.157398E+00  2.559716E+01  8.198769E+00  0.9996490168 -3.454714E+00
        2.795298E+14 -4.006172E+00 -1.958231E+00 -3.058813E-01 -3.058813E-01
   142     2989.5192    9.01390204  3.927218E+08  7.072149E+09  8.777945E+27
        5.135021E+00  2.559716E+01  8.198769E+00  0.9997257514 -3.561856E+00
        2.031282E+14 -4.006172E+00 -1.958231E+00 -3.058813E-01 -3.058813E-01
   143     2916.0881    9.01391264  3.927170E+08  7.079887E+09  7.946565E+27
        5.110829E+00  2.559716E+01  8.198769E+00  0.9997901712 -3.678135E+00
        1.440970E+14 -4.006172E+00 -1.958231E+00 -3.058813E-01 -3.058813E-01
   144     2840.3017    9.01392134  3.927131E+08  7.087520E+09  7.151977E+27
        5.085389E+00  2.559716E+01  8.198769E+00  0.9998410700 -3.798794E+00
        1.006061E+14 -4.006174E+00 -1.958231E+00 -3.058813E-01 -3.058813E-01
   145     2773.9981    9.01389678  3.927242E+08  7.093885E+09  6.507548E+27
        5.063070E+00  2.559716E+01  8.198769E+00  0.9998648838 -3.869292E+00
        7.350266E+13 -4.004238E+00 -1.958249E+00 -3.058813E-01 -3.058813E-01
   146     2697.1977    9.01387919  3.927321E+08  7.100885E+09  5.816496E+27
        5.037377E+00  2.559716E+01  8.198769E+00  0.9998716409 -3.891573E+00
        5.124811E+13 -4.002796E+00 -1.958262E+00 -3.058813E-01 -3.058813E-01
   147     2614.6429    9.01387191  3.927354E+08  7.108215E+09  5.136498E+27
        5.009266E+00  2.559716E+01  8.198769E+00  0.9998762471 -3.907445E+00
        3.460923E+13 -4.002117E+00 -1.958268E+00 -3.058813E-01 -3.058813E-01
   148     2521.6254    9.01386444  3.927388E+08  7.116310E+09  4.443726E+27
        4.976707E+00  2.559716E+01  8.198769E+00  0.9998807283 -3.923463E+00
        2.199372E+13 -4.001477E+00 -1.958274E+00 -3.058813E-01 -3.058813E-01
   149     2436.6751    9.01385656  3.927424E+08  7.123607E+09  3.874569E+27
        4.945923E+00  2.559716E+01  8.198769E+00  0.9998846299 -3.937907E+00
        1.434063E+13 -4.000891E+00 -1.958279E+00 -3.058813E-01 -3.058813E-01
   150     2345.9457    9.01384775  3.927463E+08  7.131376E+09  3.328998E+27
        4.911835E+00  2.559716E+01  8.198769E+00  0.9998888888 -3.954242E+00
        8.938578E+12 -4.000258E+00 -1.958285E+00 -3.058813E-01 -3.058813E-01
   151     2251.7874    9.01383759  3.927509E+08  7.139421E+09  2.825930E+27
        4.874969E+00  2.559716E+01  8.198769E+00  0.9998935772 -3.972965E+00
        5.364646E+12 -3.999578E+00 -1.958291E+00 -3.058813E-01 -3.058813E-01
   152     2161.4275    9.01382334  3.927574E+08  7.147225E+09  2.398992E+27
        4.838038E+00  2.559716E+01  8.198768E+00  0.9998981162 -3.991895E+00
        3.218422E+12 -3.998733E+00 -1.958298E+00 -3.058813E-01 -3.058813E-01
   153     2071.0211    9.01376809  3.927824E+08  7.155186E+09  2.022365E+27
        4.799742E+00  2.559716E+01  8.198768E+00  0.9998980809 -3.991744E+00
        1.895470E+12 -3.995572E+00 -1.958327E+00 -3.058813E-01 -3.058813E-01
   154     1985.1247    9.01371785  3.928051E+08  7.163040E+09  1.707351E+27
        4.761720E+00  2.559716E+01  8.198768E+00  0.9998988107 -3.994865E+00
        1.120839E+12 -3.992834E+00 -1.958353E+00 -3.058813E-01 -3.058813E-01
   155     1870.5766    9.01365615  3.928330E+08  7.174106E+09  1.346280E+27
        4.708186E+00  2.559716E+01  8.198768E+00  0.9999011977 -4.005233E+00
        5.349844E+11 -3.989634E+00 -1.958382E+00 -3.058813E-01 -3.058813E-01
