#                                                                                                                          
# Mass= 0.74110 M_sun                                                                                                      
#                                                                                                                          
  Log(L)  Log(Teff)    T_c     Rho_c      12Cc      16Oc           age[Myr]      Log(LHe)   Log(Lnu)   Log(grav)  R/R_sun 
 4.234901  5.257563  7.966519  6.766818  0.369963  0.604503        -0.001618764   3.968694   1.964973   6.058272   0.133248
 4.234799  5.257370  7.966526  6.766834  0.369963  0.604503        -0.001616541   3.971639   1.965069   6.057600   0.133351
 4.234695  5.258101  7.966536  6.766853  0.369963  0.604503        -0.001613874   3.975213   1.965182   6.060630   0.132886
 4.234591  5.258874  7.966546  6.766876  0.369963  0.604503        -0.001610673   3.979914   1.965316   6.063823   0.132399
 4.234499  5.259660  7.966557  6.766899  0.369963  0.604503        -0.001607434   3.984863   1.965449   6.067059   0.131906
 4.234410  5.260441  7.966567  6.766921  0.369963  0.604503        -0.001604212   3.989946   1.965579   6.070273   0.131419
 4.234313  5.261171  7.966577  6.766942  0.369963  0.604503        -0.001601042   3.995027   1.965705   6.073292   0.130963
 4.234196  5.261908  7.966587  6.766963  0.369963  0.604503        -0.001597945   4.000098   1.965825   6.076354   0.130502
 4.234050  5.262892  7.966596  6.766982  0.369963  0.604503        -0.001594945   4.005057   1.965939   6.080438   0.129890
 4.233872  5.263898  7.966604  6.767001  0.369963  0.604503        -0.001592060   4.009832   1.966047   6.084641   0.129263
 4.233658  5.265290  7.966612  6.767018  0.369963  0.604503        -0.001589283   4.014455   1.966148   6.090420   0.128406
 4.233409  5.266873  7.966620  6.767034  0.369963  0.604503        -0.001586623   4.018877   1.966244   6.097002   0.127437
 4.233125  5.268466  7.966627  6.767050  0.369963  0.604503        -0.001584067   4.023109   1.966333   6.103659   0.126464
 4.232806  5.270096  7.966634  6.767065  0.369963  0.604503        -0.001581600   4.027136   1.966418   6.110498   0.125472
 4.232455  5.271688  7.966640  6.767078  0.369963  0.604503        -0.001579217   4.031025   1.966498   6.117215   0.124505
 4.232049  5.273227  7.966646  6.767092  0.369963  0.604503        -0.001576907   4.034765   1.966575   6.123780   0.123568
 4.231644  5.274763  7.966652  6.767104  0.369963  0.604503        -0.001574674   4.038331   1.966647   6.130328   0.122640
 4.231185  5.276269  7.966657  6.767116  0.369963  0.604503        -0.001572480   4.041654   1.966717   6.136810   0.121728
 4.230709  5.277743  7.966662  6.767128  0.369963  0.604503        -0.001570365   4.044920   1.966783   6.143183   0.120838
 4.230213  5.279210  7.966667  6.767139  0.369963  0.604503        -0.001568290   4.048081   1.966847   6.149546   0.119956
 4.229695  5.280613  7.966672  6.767150  0.369963  0.604503        -0.001566249   4.051110   1.966908   6.155676   0.119112
 4.229154  5.282036  7.966677  6.767160  0.369963  0.604503        -0.001564239   4.054083   1.966967   6.161909   0.118261
 4.228592  5.283428  7.966681  6.767170  0.369963  0.604503        -0.001562262   4.056955   1.967024   6.168041   0.117429
 4.228009  5.284784  7.966686  6.767180  0.369963  0.604503        -0.001560313   4.059736   1.967079   6.174046   0.116620
 4.227405  5.286148  7.966690  6.767189  0.369963  0.604503        -0.001558389   4.062445   1.967132   6.180107   0.115809
 4.226782  5.287478  7.966694  6.767199  0.369963  0.604503        -0.001556489   4.065051   1.967183   6.186049   0.115019
 4.226138  5.288787  7.966698  6.767207  0.369963  0.604503        -0.001554608   4.067567   1.967233   6.191928   0.114243
 4.225476  5.290090  7.966701  6.767216  0.369963  0.604503        -0.001552743   4.069998   1.967281   6.197802   0.113473
 4.224787  5.291366  7.966705  6.767225  0.369963  0.604503        -0.001550891   4.072360   1.967329   6.203598   0.112719
 4.224070  5.292619  7.966709  6.767233  0.369963  0.604503        -0.001549057   4.074589   1.967374   6.209326   0.111978
 4.223340  5.293855  7.966712  6.767241  0.369963  0.604503        -0.001547229   4.076767   1.967418   6.215001   0.111249
 4.222589  5.295073  7.966715  6.767249  0.369963  0.604503        -0.001545402   4.078896   1.967462   6.220623   0.110531
 4.221823  5.296289  7.966719  6.767257  0.369963  0.604503        -0.001543584   4.080938   1.967504   6.226251   0.109817
 4.221047  5.297483  7.966722  6.767264  0.369963  0.604503        -0.001541767   4.082914   1.967546   6.231805   0.109117
 4.220260  5.298648  7.966725  6.767272  0.369963  0.604503        -0.001539943   4.084830   1.967586   6.237252   0.108435
 4.219460  5.299824  7.966728  6.767279  0.369963  0.604503        -0.001538108   4.086683   1.967626   6.242755   0.107750
 4.218650  5.300990  7.966731  6.767287  0.369963  0.604503        -0.001536267   4.088476   1.967665   6.248229   0.107073
 4.217826  5.302130  7.966734  6.767294  0.369963  0.604503        -0.001534416   4.090207   1.967704   6.253613   0.106412
 4.216987  5.303265  7.966737  6.767301  0.369963  0.604503        -0.001532554   4.091727   1.967742   6.258994   0.105754
 4.216136  5.304402  7.966740  6.767308  0.369963  0.604503        -0.001530687   4.093277   1.967779   6.264390   0.105099
 4.215273  5.305513  7.966743  6.767315  0.369963  0.604503        -0.001528811   4.094801   1.967816   6.269698   0.104459
 4.214384  5.306610  7.966746  6.767322  0.369963  0.604503        -0.001526919   4.096283   1.967852   6.274975   0.103826
 4.213477  5.307696  7.966749  6.767329  0.369963  0.604503        -0.001525010   4.097695   1.967888   6.280225   0.103201
 4.212560  5.308759  7.966751  6.767336  0.369963  0.604503        -0.001523081   4.099048   1.967923   6.285397   0.102588
 4.211631  5.309829  7.966754  6.767342  0.369963  0.604503        -0.001521128   4.100340   1.967958   6.290604   0.101975
 4.210654  5.310894  7.966757  6.767349  0.369963  0.604503        -0.001519153   4.101560   1.967992   6.295842   0.101362
 4.209716  5.311923  7.966759  6.767356  0.369963  0.604503        -0.001517171   4.102717   1.968026   6.300896   0.100774
 4.208762  5.312955  7.966762  6.767363  0.369963  0.604503        -0.001515134   4.103824   1.968060   6.305975   0.100186
 4.207792  5.313995  7.966765  6.767369  0.369963  0.604503        -0.001513064   4.104863   1.968093   6.311109   0.099596
 4.206783  5.315023  7.966767  6.767376  0.369963  0.604503        -0.001510969   4.105814   1.968127   6.316229   0.099010
 4.205806  5.316023  7.966770  6.767383  0.369963  0.604503        -0.001508859   4.106709   1.968160   6.321204   0.098445
 4.204816  5.317023  7.966773  6.767389  0.369963  0.604503        -0.001506681   4.107547   1.968193   6.326196   0.097881
 4.203798  5.318014  7.966775  6.767396  0.369963  0.604503        -0.001504453   4.108318   1.968226   6.331180   0.097321
 4.202770  5.318994  7.966778  6.767403  0.369963  0.604503        -0.001502181   4.109017   1.968259   6.336125   0.096768
 4.201729  5.319977  7.966780  6.767410  0.369963  0.604503        -0.001499860   4.109616   1.968291   6.341097   0.096216
 4.200683  5.320948  7.966783  6.767417  0.369963  0.604503        -0.001497498   4.110166   1.968324   6.346027   0.095671
 4.199632  5.321904  7.966785  6.767424  0.369963  0.604503        -0.001495079   4.110635   1.968357   6.350905   0.095136
 4.198579  5.322853  7.966788  6.767431  0.369963  0.604503        -0.001492595   4.111026   1.968391   6.355752   0.094606
 4.197522  5.323803  7.966791  6.767438  0.369963  0.604503        -0.001490039   4.111193   1.968424   6.360609   0.094079
 4.196464  5.324748  7.966793  6.767445  0.369963  0.604503        -0.001487407   4.111407   1.968458   6.365448   0.093556
 4.195405  5.325686  7.966796  6.767453  0.369963  0.604503        -0.001484693   4.111553   1.968492   6.370260   0.093039
 4.194330  5.326613  7.966799  6.767461  0.369963  0.604503        -0.001481895   4.111604   1.968527   6.375041   0.092528
 4.193244  5.327534  7.966802  6.767468  0.369963  0.604503        -0.001479004   4.111568   1.968562   6.379810   0.092022
 4.192158  5.328444  7.966805  6.767476  0.369963  0.604503        -0.001476014   4.111444   1.968598   6.384539   0.091522
 4.191074  5.329355  7.966807  6.767485  0.369963  0.604503        -0.001472921   4.111220   1.968635   6.389265   0.091025
 4.189993  5.330267  7.966810  6.767493  0.369963  0.604503        -0.001469713   4.110897   1.968673   6.393995   0.090531
 4.188903  5.331176  7.966814  6.767502  0.369963  0.604503        -0.001466388   4.110471   1.968711   6.398722   0.090040
 4.187828  5.332073  7.966817  6.767511  0.369963  0.604503        -0.001462955   4.109919   1.968751   6.403382   0.089558
 4.186746  5.332969  7.966820  6.767520  0.369963  0.604503        -0.001459375   4.109287   1.968791   6.408049   0.089078
 4.185699  5.333860  7.966823  6.767530  0.369963  0.604503        -0.001455656   4.108554   1.968834   6.412658   0.088607
 4.184614  5.334756  7.966827  6.767540  0.369963  0.604503        -0.001451744   4.107706   1.968878   6.417331   0.088131
 4.183580  5.335635  7.966831  6.767550  0.369963  0.604503        -0.001447700   4.106779   1.968926   6.421878   0.087671
 4.182552  5.336528  7.966835  6.767562  0.369963  0.604503        -0.001443422   4.105683   1.968974   6.426479   0.087208
 4.181540  5.337426  7.966839  6.767573  0.369963  0.604503        -0.001438958   4.104518   1.969024   6.431083   0.086747
 4.180546  5.338321  7.966843  6.767585  0.369963  0.604503        -0.001434309   4.103262   1.969077   6.435658   0.086291
 4.179571  5.339224  7.966848  6.767598  0.369963  0.604503        -0.001429470   4.101921   1.969133   6.440243   0.085837
 4.178616  5.340136  7.966852  6.767611  0.369963  0.604503        -0.001424448   4.100501   1.969190   6.444849   0.085383
 4.177680  5.341052  7.966857  6.767625  0.369963  0.604503        -0.001419248   4.099037   1.969251   6.449448   0.084932
 4.176759  5.341975  7.966862  6.767639  0.369963  0.604503        -0.001413880   4.097315   1.969314   6.454059   0.084482
 4.175854  5.342901  7.966868  6.767654  0.369963  0.604503        -0.001408373   4.095677   1.969380   6.458668   0.084035
 4.174943  5.343832  7.966873  6.767669  0.369963  0.604503        -0.001402730   4.094062   1.969446   6.463305   0.083588
 4.174060  5.344757  7.966879  6.767685  0.369963  0.604503        -0.001396986   4.092494   1.969516   6.467885   0.083148
 4.173180  5.345696  7.966885  6.767701  0.369963  0.604503        -0.001391097   4.090897   1.969588   6.472524   0.082705
 4.172308  5.346640  7.966890  6.767717  0.369963  0.604503        -0.001385138   4.089294   1.969661   6.477172   0.082264
 4.171439  5.347586  7.966897  6.767734  0.369963  0.604503        -0.001379131   4.087742   1.969735   6.481825   0.081824
 4.170572  5.348532  7.966903  6.767751  0.369963  0.604503        -0.001373092   4.086221   1.969810   6.486474   0.081388
 4.169705  5.349481  7.966909  6.767768  0.369963  0.604503        -0.001367040   4.084733   1.969886   6.491136   0.080952
 4.168823  5.350435  7.966915  6.767785  0.369963  0.604503        -0.001360988   4.083252   1.969963   6.495834   0.080515
 4.167945  5.351377  7.966921  6.767801  0.369963  0.604503        -0.001354976   4.081843   1.970040   6.500481   0.080086
 4.167066  5.352320  7.966928  6.767818  0.369963  0.604503        -0.001348961   4.080470   1.970117   6.505133   0.079658
 4.166181  5.353262  7.966934  6.767835  0.369963  0.604503        -0.001342960   4.079126   1.970194   6.509786   0.079232
 4.165283  5.354206  7.966940  6.767853  0.369963  0.604503        -0.001336979   4.077785   1.970271   6.514460   0.078807
 4.164363  5.355137  7.966946  6.767869  0.369963  0.604503        -0.001331042   4.076511   1.970348   6.519103   0.078387
 4.163407  5.356062  7.966953  6.767886  0.369963  0.604503        -0.001325131   4.075257   1.970424   6.523761   0.077968
 4.162473  5.356977  7.966959  6.767903  0.369963  0.604503        -0.001319265   4.074029   1.970500   6.528355   0.077556
 4.161530  5.357896  7.966965  6.767920  0.369963  0.604503        -0.001313369   4.072643   1.970577   6.532975   0.077145
 4.160577  5.358810  7.966971  6.767937  0.369963  0.604503        -0.001307487   4.071380   1.970654   6.537584   0.076737
 4.159615  5.359725  7.966978  6.767954  0.369963  0.604503        -0.001301620   4.070182   1.970730   6.542206   0.076330
 4.158645  5.360636  7.966984  6.767971  0.369963  0.604503        -0.001295773   4.068990   1.970807   6.546818   0.075925
 4.157666  5.361540  7.966990  6.767987  0.369963  0.604503        -0.001289936   4.067826   1.970883   6.551416   0.075524
 4.156678  5.362442  7.966996  6.768004  0.369963  0.604503        -0.001284109   4.066676   1.970959   6.556009   0.075126
 4.155683  5.363340  7.967002  6.768021  0.369963  0.604503        -0.001278290   4.065471   1.971034   6.560595   0.074730
 4.154671  5.364232  7.967009  6.768038  0.369963  0.604503        -0.001272472   4.064318   1.971110   6.565178   0.074337
 4.153637  5.365117  7.967015  6.768055  0.369963  0.604503        -0.001266656   4.063033   1.971186   6.569750   0.073947
 4.152579  5.366003  7.967021  6.768071  0.369963  0.604503        -0.001260841   4.061835   1.971263   6.574351   0.073556
 4.151522  5.366877  7.967027  6.768088  0.369963  0.604503        -0.001255062   4.060677   1.971338   6.578904   0.073172
 4.150462  5.367746  7.967034  6.768105  0.369963  0.604503        -0.001249263   4.059491   1.971413   6.583442   0.072790
 4.149398  5.368615  7.967040  6.768122  0.369963  0.604503        -0.001243434   4.058284   1.971489   6.587980   0.072411
 4.148328  5.369481  7.967046  6.768139  0.369963  0.604503        -0.001237584   4.057022   1.971564   6.592517   0.072034
 4.147251  5.370349  7.967053  6.768156  0.369963  0.604503        -0.001231711   4.055855   1.971642   6.597064   0.071658
 4.146167  5.371211  7.967059  6.768173  0.369963  0.604503        -0.001225821   4.054611   1.971718   6.601597   0.071285
 4.145077  5.372071  7.967065  6.768190  0.369963  0.604503        -0.001219914   4.053391   1.971794   6.606127   0.070914
 4.143956  5.372922  7.967071  6.768207  0.369963  0.604503        -0.001213986   4.052169   1.971870   6.610650   0.070546
 4.142826  5.373769  7.967078  6.768224  0.369963  0.604503        -0.001208037   4.050926   1.971946   6.615171   0.070179
 4.141690  5.374613  7.967084  6.768241  0.369963  0.604503        -0.001202068   4.049625   1.972022   6.619679   0.069816
 4.140544  5.375457  7.967091  6.768258  0.369963  0.604503        -0.001196074   4.048341   1.972099   6.624203   0.069453
 4.139393  5.376298  7.967097  6.768276  0.369963  0.604503        -0.001190070   4.047044   1.972176   6.628718   0.069093
 4.138216  5.377134  7.967103  6.768293  0.369963  0.604503        -0.001184044   4.045674   1.972253   6.633238   0.068735
 4.137064  5.377962  7.967110  6.768310  0.369963  0.604503        -0.001178011   4.044339   1.972329   6.637705   0.068382
 4.135894  5.378798  7.967116  6.768328  0.369963  0.604503        -0.001171906   4.042982   1.972407   6.642217   0.068028
 4.134720  5.379626  7.967123  6.768346  0.369963  0.604503        -0.001165794   4.041610   1.972485   6.646702   0.067678
 4.133525  5.380447  7.967130  6.768364  0.369963  0.604503        -0.001159639   4.040193   1.972564   6.651181   0.067329
 4.132326  5.381268  7.967136  6.768382  0.369963  0.604503        -0.001153445   4.038797   1.972643   6.655666   0.066983
 4.131121  5.382089  7.967143  6.768399  0.369963  0.604503        -0.001147223   4.037381   1.972722   6.660153   0.066638
 4.129912  5.382908  7.967150  6.768418  0.369963  0.604503        -0.001140972   4.035684   1.972801   6.664640   0.066294
 4.128697  5.383725  7.967156  6.768436  0.369963  0.604503        -0.001134698   4.034214   1.972881   6.669122   0.065953
 4.127472  5.384542  7.967163  6.768454  0.369963  0.604503        -0.001128404   4.032758   1.972961   6.673616   0.065613
 4.126211  5.385355  7.967170  6.768472  0.369963  0.604503        -0.001122108   4.031309   1.973041   6.678128   0.065273
 4.124980  5.386158  7.967177  6.768491  0.369963  0.604503        -0.001115835   4.029848   1.973121   6.682571   0.064940
 4.123715  5.386956  7.967184  6.768509  0.369963  0.604503        -0.001109488   4.028297   1.973201   6.687030   0.064607
 4.122442  5.387755  7.967191  6.768528  0.369963  0.604503        -0.001103104   4.026804   1.973282   6.691499   0.064276
 4.121164  5.388553  7.967198  6.768546  0.369963  0.604503        -0.001096695   4.025307   1.973363   6.695969   0.063946
 4.119880  5.389348  7.967204  6.768565  0.369963  0.604503        -0.001090267   4.023791   1.973444   6.700433   0.063618
 4.118576  5.390143  7.967211  6.768584  0.369963  0.604503        -0.001083814   4.022077   1.973526   6.704915   0.063290
 4.117276  5.390931  7.967218  6.768603  0.369963  0.604503        -0.001077368   4.020508   1.973607   6.709366   0.062967
 4.115968  5.391720  7.967225  6.768621  0.369963  0.604503        -0.001070886   4.018838   1.973688   6.713830   0.062644
 4.114647  5.392503  7.967233  6.768640  0.369963  0.604503        -0.001064386   4.017274   1.973771   6.718284   0.062324
 4.113300  5.393279  7.967240  6.768659  0.369963  0.604503        -0.001057859   4.015702   1.973853   6.722734   0.062005
 4.111923  5.394052  7.967247  6.768679  0.369963  0.604503        -0.001051305   4.014120   1.973936   6.727202   0.061687
 4.110571  5.394819  7.967254  6.768698  0.369963  0.604503        -0.001044751   4.012525   1.974018   6.731625   0.061374
 4.109210  5.395591  7.967261  6.768717  0.369963  0.604503        -0.001038132   4.010844   1.974102   6.736075   0.061060
 4.107805  5.396354  7.967268  6.768737  0.369963  0.604503        -0.001031494   4.009062   1.974185   6.740529   0.060748
 4.106445  5.397120  7.967276  6.768756  0.369963  0.604503        -0.001024845   4.007421   1.974270   6.744953   0.060439
 4.105059  5.397888  7.967283  6.768776  0.369963  0.604503        -0.001018144   4.005756   1.974354   6.749410   0.060130
 4.103636  5.398642  7.967291  6.768796  0.369963  0.604503        -0.001011440   4.004026   1.974438   6.753853   0.059823
 4.102200  5.399395  7.967298  6.768816  0.369963  0.604503        -0.001004720   4.002355   1.974522   6.758301   0.059518
 4.100744  5.400145  7.967305  6.768835  0.369963  0.604503        -0.000997992   4.000669   1.974606   6.762755   0.059213
 4.099292  5.400887  7.967313  6.768855  0.369963  0.604503        -0.000991267   3.998973   1.974691   6.767178   0.058912
 4.097839  5.401629  7.967320  6.768874  0.369963  0.604503        -0.000984497   3.997020   1.974772   6.771598   0.058613
 4.096382  5.402371  7.967327  6.768895  0.369963  0.604503        -0.000977685   3.995264   1.974857   6.776020   0.058316
 4.094918  5.403111  7.967335  6.768915  0.369963  0.604503        -0.000970837   3.993501   1.974943   6.780446   0.058019
 4.093414  5.403842  7.967343  6.768935  0.369963  0.604503        -0.000963959   3.991733   1.975028   6.784873   0.057724
 4.091903  5.404569  7.967350  6.768955  0.369963  0.604503        -0.000957057   3.989951   1.975114   6.789292   0.057431
 4.090380  5.405297  7.967358  6.768976  0.369963  0.604503        -0.000950127   3.988079   1.975201   6.793726   0.057139
 4.088850  5.406020  7.967365  6.768996  0.369963  0.604503        -0.000943190   3.986270   1.975287   6.798150   0.056849
 4.087315  5.406741  7.967373  6.769017  0.369963  0.604503        -0.000936228   3.984440   1.975374   6.802568   0.056560
 4.085774  5.407459  7.967381  6.769038  0.369963  0.604503        -0.000929237   3.982521   1.975460   6.806982   0.056274
 4.084209  5.408172  7.967389  6.769058  0.369963  0.604503        -0.000922214   3.980504   1.975548   6.811397   0.055988
 4.082580  5.408877  7.967397  6.769079  0.369963  0.604503        -0.000915162   3.978593   1.975635   6.815848   0.055702
 4.080984  5.409574  7.967404  6.769100  0.369963  0.604503        -0.000908142   3.976693   1.975722   6.820231   0.055422
 4.079381  5.410274  7.967412  6.769121  0.369963  0.604503        -0.000901046   3.974771   1.975810   6.824634   0.055141
 4.077766  5.410975  7.967420  6.769142  0.369963  0.604503        -0.000893912   3.972772   1.975898   6.829052   0.054862
 4.076143  5.411672  7.967428  6.769164  0.369963  0.604503        -0.000886764   3.970831   1.975986   6.833465   0.054584
 4.074500  5.412365  7.967436  6.769185  0.369963  0.604503        -0.000879593   3.968869   1.976075   6.837878   0.054307
 4.072821  5.413047  7.967444  6.769206  0.369963  0.604503        -0.000872402   3.966796   1.976164   6.842284   0.054032
 4.071136  5.413726  7.967452  6.769228  0.369963  0.604503        -0.000865188   3.964642   1.976252   6.846686   0.053759
 4.069444  5.414402  7.967460  6.769249  0.369963  0.604503        -0.000857940   3.962564   1.976341   6.851085   0.053488
 4.067746  5.415078  7.967468  6.769271  0.369963  0.604503        -0.000850656   3.960505   1.976430   6.855486   0.053217
 4.066043  5.415752  7.967477  6.769293  0.369963  0.604503        -0.000843340   3.958436   1.976520   6.859883   0.052949
 4.064312  5.416421  7.967485  6.769315  0.369963  0.604503        -0.000835989   3.956146   1.976610   6.864290   0.052681
 4.062537  5.417080  7.967493  6.769337  0.369963  0.604503        -0.000828622   3.954014   1.976700   6.868703   0.052414
 4.060766  5.417734  7.967501  6.769359  0.369963  0.604503        -0.000821250   3.951885   1.976790   6.873088   0.052150
 4.058992  5.418387  7.967510  6.769381  0.369963  0.604503        -0.000813829   3.949730   1.976881   6.877473   0.051887
 4.057214  5.419039  7.967518  6.769403  0.369963  0.604503        -0.000806362   3.947470   1.976972   6.881862   0.051625
 4.055428  5.419691  7.967526  6.769426  0.369963  0.604503        -0.000798856   3.945272   1.977063   6.886257   0.051365
 4.053602  5.420333  7.967535  6.769448  0.369963  0.604503        -0.000791319   3.943057   1.977155   6.890649   0.051106
 4.051754  5.420971  7.967544  6.769471  0.369963  0.604503        -0.000783753   3.940748   1.977248   6.895050   0.050848
 4.049856  5.421595  7.967552  6.769494  0.369963  0.604503        -0.000776176   3.938490   1.977340   6.899445   0.050591
 4.048013  5.422227  7.967561  6.769516  0.369963  0.604503        -0.000768575   3.936198   1.977432   6.903812   0.050337
 4.046143  5.422859  7.967569  6.769539  0.369963  0.604503        -0.000760902   3.933888   1.977525   6.908211   0.050083
 4.044234  5.423483  7.967578  6.769562  0.369963  0.604503        -0.000753217   3.931473   1.977618   6.912617   0.049830
 4.042301  5.424095  7.967587  6.769585  0.369963  0.604503        -0.000745534   3.929128   1.977711   6.916998   0.049579
 4.040364  5.424706  7.967595  6.769608  0.369963  0.604503        -0.000737812   3.926667   1.977804   6.921378   0.049329
 4.038414  5.425316  7.967604  6.769632  0.369963  0.604503        -0.000730047   3.924068   1.977898   6.925770   0.049081
 4.036433  5.425919  7.967613  6.769656  0.369963  0.604503        -0.000722265   3.921639   1.977993   6.930163   0.048833
 4.034468  5.426519  7.967622  6.769679  0.369963  0.604503        -0.000714467   3.919198   1.978088   6.934527   0.048588
 4.032452  5.427111  7.967631  6.769703  0.369963  0.604503        -0.000706605   3.916613   1.978182   6.938912   0.048344
 4.030427  5.427700  7.967640  6.769726  0.369963  0.604503        -0.000698715   3.914122   1.978277   6.943294   0.048100
 4.028391  5.428288  7.967649  6.769750  0.369963  0.604503        -0.000690797   3.911613   1.978372   6.947680   0.047858
 4.026341  5.428873  7.967658  6.769774  0.369963  0.604503        -0.000682861   3.908992   1.978467   6.952071   0.047617
 4.024249  5.429449  7.967667  6.769798  0.369963  0.604503        -0.000674911   3.906238   1.978561   6.956467   0.047376
 4.022130  5.430011  7.967676  6.769822  0.369963  0.604503        -0.000666960   3.903619   1.978656   6.960833   0.047139
 4.020009  5.430572  7.967685  6.769846  0.369963  0.604503        -0.000658956   3.900905   1.978752   6.965199   0.046902
 4.017882  5.431133  7.967694  6.769870  0.369963  0.604503        -0.000650900   3.898246   1.978848   6.969568   0.046667
 4.015748  5.431693  7.967703  6.769895  0.369963  0.604503        -0.000642798   3.895469   1.978945   6.973942   0.046433
 4.013569  5.432243  7.967712  6.769919  0.369963  0.604503        -0.000634658   3.892754   1.979042   6.978323   0.046199
 4.011364  5.432785  7.967722  6.769944  0.369963  0.604503        -0.000626499   3.890014   1.979139   6.982695   0.045967
 4.009150  5.433324  7.967731  6.769969  0.369963  0.604503        -0.000618305   3.887151   1.979236   6.987066   0.045736
 4.006929  5.433862  7.967740  6.769994  0.369963  0.604503        -0.000610074   3.884349   1.979334   6.991438   0.045507
 4.004678  5.434395  7.967750  6.770019  0.369963  0.604503        -0.000601806   3.881341   1.979431   6.995822   0.045278
 4.002362  5.434913  7.967759  6.770044  0.369963  0.604503        -0.000593527   3.878364   1.979529   7.000210   0.045050
 4.000054  5.435425  7.967769  6.770069  0.369963  0.604503        -0.000585248   3.875474   1.979627   7.004567   0.044824
 3.997745  5.435937  7.967778  6.770094  0.369963  0.604503        -0.000576908   3.872547   1.979725   7.008924   0.044600
 3.995429  5.436449  7.967788  6.770119  0.369963  0.604503        -0.000568509   3.869496   1.979824   7.013288   0.044376
 3.993060  5.436948  7.967798  6.770145  0.369963  0.604503        -0.000560064   3.866497   1.979924   7.017653   0.044154
 3.990640  5.437440  7.967807  6.770171  0.369963  0.604503        -0.000551579   3.863386   1.980024   7.022041   0.043931
 3.988246  5.437930  7.967817  6.770196  0.369963  0.604503        -0.000543099   3.860326   1.980123   7.026393   0.043712
 3.985840  5.438419  7.967827  6.770222  0.369963  0.604503        -0.000534553   3.857126   1.980223   7.030757   0.043493
 3.983387  5.438898  7.967836  6.770248  0.369963  0.604503        -0.000525966   3.853813   1.980324   7.035122   0.043275
 3.980905  5.439369  7.967846  6.770275  0.369963  0.604503        -0.000517344   3.850623   1.980425   7.039488   0.043058
 3.978410  5.439838  7.967856  6.770301  0.369963  0.604503        -0.000508688   3.847320   1.980526   7.043860   0.042842
 3.975905  5.440303  7.967866  6.770327  0.369963  0.604503        -0.000500011   3.844082   1.980627   7.048226   0.042627
 3.973353  5.440756  7.967876  6.770354  0.369963  0.604503        -0.000491299   3.840736   1.980729   7.052589   0.042413
 3.970774  5.441201  7.967886  6.770381  0.369963  0.604503        -0.000482550   3.837456   1.980832   7.056949   0.042201
 3.968184  5.441644  7.967896  6.770407  0.369963  0.604503        -0.000473762   3.834028   1.980934   7.061309   0.041990
 3.965552  5.442079  7.967907  6.770434  0.369963  0.604503        -0.000464930   3.830572   1.981037   7.065683   0.041779
 3.962867  5.442495  7.967917  6.770461  0.369963  0.604503        -0.000456083   3.826974   1.981139   7.070031   0.041570
 3.960215  5.442918  7.967927  6.770488  0.369963  0.604503        -0.000447171   3.823363   1.981243   7.074375   0.041363
 3.957530  5.443338  7.967937  6.770516  0.369963  0.604503        -0.000438189   3.819871   1.981347   7.078742   0.041155
 3.954827  5.443753  7.967948  6.770543  0.369963  0.604503        -0.000429183   3.816335   1.981451   7.083106   0.040949
 3.952047  5.444151  7.967958  6.770570  0.369963  0.604503        -0.000420146   3.812485   1.981555   7.087475   0.040743
 3.949259  5.444543  7.967969  6.770598  0.369963  0.604503        -0.000411091   3.808837   1.981659   7.091834   0.040540
 3.946465  5.444933  7.967979  6.770626  0.369963  0.604503        -0.000401998   3.805157   1.981764   7.096188   0.040337
 3.943633  5.445314  7.967990  6.770654  0.369963  0.604503        -0.000392857   3.801321   1.981870   7.100543   0.040135
 3.940760  5.445684  7.968000  6.770682  0.369963  0.604503        -0.000383670   3.797545   1.981976   7.104894   0.039934
 3.937870  5.446052  7.968011  6.770710  0.369963  0.604503        -0.000374431   3.793721   1.982081   7.109259   0.039734
 3.934971  5.446417  7.968022  6.770738  0.369963  0.604503        -0.000365169   3.789767   1.982188   7.113616   0.039536
 3.931996  5.446761  7.968032  6.770767  0.369963  0.604503        -0.000355867   3.785860   1.982294   7.117967   0.039338
 3.929016  5.447105  7.968043  6.770796  0.369963  0.604503        -0.000346516   3.781660   1.982402   7.122321   0.039141
 3.926030  5.447445  7.968054  6.770824  0.369963  0.604503        -0.000337121   3.777608   1.982509   7.126671   0.038946
 3.922987  5.447773  7.968065  6.770853  0.369963  0.604503        -0.000327673   3.773534   1.982619   7.131024   0.038751
 3.919911  5.448092  7.968076  6.770882  0.369963  0.604503        -0.000318181   3.769403   1.982746   7.135376   0.038557
 3.916823  5.448409  7.968087  6.770911  0.369963  0.604503        -0.000308643   3.765129   1.982854   7.139731   0.038365
 3.913694  5.448714  7.968098  6.770940  0.369963  0.604503        -0.000299064   3.760788   1.982960   7.144082   0.038173
 3.910513  5.449007  7.968109  6.770970  0.369963  0.604503        -0.000289439   3.756382   1.983069   7.148433   0.037982
 3.907324  5.449297  7.968120  6.770999  0.369963  0.604503        -0.000279770   3.752041   1.983179   7.152784   0.037792
 3.904056  5.449571  7.968131  6.771029  0.369963  0.604503        -0.000270052   3.747482   1.983289   7.157147   0.037603
 3.900798  5.449838  7.968143  6.771059  0.369963  0.604503        -0.000260314   3.743099   1.983399   7.161473   0.037416
 3.897509  5.450104  7.968154  6.771089  0.369963  0.604503        -0.000250472   3.738613   1.983509   7.165825   0.037229
 3.894189  5.450362  7.968165  6.771119  0.369963  0.604503        -0.000240589   3.733938   1.983620   7.170176   0.037043
 3.890803  5.450603  7.968177  6.771149  0.369963  0.604503        -0.000230662   3.729133   1.983732   7.174527   0.036858
 3.887410  5.450841  7.968188  6.771180  0.369963  0.604503        -0.000220691   3.724423   1.983844   7.178874   0.036674
 3.883985  5.451072  7.968200  6.771210  0.369963  0.604503        -0.000210668   3.719508   1.983957   7.183223   0.036491
 3.880496  5.451287  7.968212  6.771241  0.369963  0.604503        -0.000200597   3.714661   1.984069   7.187571   0.036309
 3.876998  5.451500  7.968223  6.771272  0.369963  0.604503        -0.000190479   3.709752   1.984183   7.191919   0.036127
 3.873456  5.451701  7.968235  6.771303  0.369963  0.604503        -0.000180312   3.704652   1.984296   7.196269   0.035947
 3.869820  5.451883  7.968247  6.771334  0.369963  0.604503        -0.000170098   3.699597   1.984410   7.200632   0.035767
 3.866224  5.452067  7.968259  6.771366  0.369963  0.604503        -0.000159872   3.694384   1.984524   7.204963   0.035589
 3.862559  5.452237  7.968271  6.771397  0.369963  0.604503        -0.000149559   3.689028   1.984640   7.209310   0.035411
 3.858855  5.452399  7.968283  6.771429  0.369963  0.604503        -0.000139195   3.683648   1.984755   7.213659   0.035234
 3.855142  5.452558  7.968295  6.771461  0.369963  0.604503        -0.000128788   3.678163   1.984871   7.218008   0.035058
 3.851337  5.452693  7.968307  6.771493  0.369963  0.604503        -0.000118337   3.672741   1.984988   7.222356   0.034883
 3.847519  5.452825  7.968319  6.771525  0.369963  0.604503        -0.000107841   3.667249   1.985104   7.226702   0.034709
 3.843663  5.452949  7.968331  6.771558  0.369963  0.604503        -0.000097296   3.661582   1.985222   7.231051   0.034536
 3.839738  5.453054  7.968344  6.771590  0.369963  0.604503        -0.000086706   3.656020   1.985339   7.235395   0.034364
 3.835802  5.453156  7.968356  6.771623  0.369963  0.604503        -0.000076064   3.650250   1.985457   7.239740   0.034192
 3.831785  5.453237  7.968368  6.771655  0.369963  0.604503        -0.000065367   3.644324   1.985575   7.244084   0.034021
 3.827744  5.453313  7.968381  6.771688  0.369963  0.604503        -0.000054618   3.638297   1.985693   7.248426   0.033852
 3.823666  5.453379  7.968393  6.771721  0.369963  0.604503        -0.000043812   3.632315   1.985812   7.252768   0.033683
 3.819519  5.453427  7.968406  6.771754  0.369963  0.604503        -0.000032946   3.626101   1.985931   7.257110   0.033515
 3.815366  5.453475  7.968418  6.771788  0.369963  0.604503        -0.000022021   3.619936   1.986051   7.261453   0.033348
 3.811120  5.453499  7.968431  6.771821  0.369963  0.604503        -0.000011039   3.613583   1.986172   7.265794   0.033182
 3.806859  5.453519  7.968444  6.771855  0.369963  0.604503         0.000000000   3.607227   1.986293   7.270136   0.033016
 3.802506  5.453518  7.968457  6.771889  0.369963  0.604503         0.000011097   3.600700   1.986414   7.274487   0.032851
 3.798146  5.453511  7.968469  6.771923  0.369963  0.604503         0.000022230   3.593913   1.986536   7.278817   0.032688
 3.793746  5.453496  7.968482  6.771958  0.369963  0.604503         0.000033451   3.587123   1.986659   7.283158   0.032525
 3.789266  5.453462  7.968495  6.771992  0.369963  0.604503         0.000044730   3.580346   1.986782   7.287500   0.032363
 3.784776  5.453425  7.968509  6.772027  0.369963  0.604503         0.000056066   3.573483   1.986906   7.291842   0.032201
 3.780181  5.453361  7.968522  6.772062  0.369963  0.604503         0.000067460   3.566403   1.987031   7.296183   0.032041
 3.775582  5.453297  7.968535  6.772097  0.369963  0.604503         0.000078913   3.559372   1.987155   7.300524   0.031881
 3.770885  5.453207  7.968548  6.772132  0.369963  0.604503         0.000090422   3.552139   1.987281   7.304864   0.031722
 3.766169  5.453113  7.968562  6.772167  0.369963  0.604503         0.000101992   3.544884   1.987406   7.309203   0.031564
 3.761367  5.452997  7.968575  6.772203  0.369963  0.604503         0.000113627   3.537403   1.987533   7.313540   0.031407
 3.756537  5.452873  7.968588  6.772239  0.369963  0.604503         0.000125331   3.529900   1.987659   7.317877   0.031250
 3.751629  5.452731  7.968602  6.772275  0.369963  0.604503         0.000137106   3.522190   1.987786   7.322212   0.031095
 3.746686  5.452578  7.968616  6.772311  0.369963  0.604503         0.000148952   3.514360   1.987914   7.326547   0.030940
 3.741667  5.452407  7.968629  6.772347  0.369963  0.604503         0.000160874   3.506469   1.988043   7.330882   0.030786
 3.736609  5.452227  7.968643  6.772384  0.369963  0.604503         0.000172870   3.498387   1.988172   7.335217   0.030633
 3.731473  5.452026  7.968657  6.772421  0.369963  0.604503         0.000184943   3.489905   1.988302   7.339551   0.030480
 3.726301  5.451817  7.968671  6.772458  0.369963  0.604503         0.000197090   3.481501   1.988432   7.343885   0.030329
 3.721018  5.451579  7.968685  6.772495  0.369963  0.604503         0.000209316   3.473171   1.988563   7.348216   0.030178
 3.715734  5.451340  7.968699  6.772532  0.369963  0.604503         0.000221629   3.464631   1.988694   7.352544   0.030028
 3.710275  5.451061  7.968713  6.772570  0.369963  0.604503         0.000234037   3.455908   1.988825   7.356890   0.029878
 3.704888  5.450792  7.968727  6.772607  0.369963  0.604503         0.000246490   3.447025   1.988957   7.361200   0.029730
 3.699369  5.450494  7.968741  6.772645  0.369963  0.604503         0.000259089   3.437809   1.989090   7.365527   0.029582
 3.693803  5.450186  7.968756  6.772684  0.369963  0.604503         0.000271785   3.428522   1.989224   7.369859   0.029435
 3.688175  5.449860  7.968770  6.772722  0.369963  0.604503         0.000284568   3.419157   1.989358   7.374185   0.029289
 3.682486  5.449521  7.968785  6.772761  0.369963  0.604503         0.000297450   3.409643   1.989494   7.378517   0.029143
 3.676706  5.449158  7.968799  6.772800  0.369963  0.604503         0.000310418   3.400038   1.989630   7.382847   0.028998
 3.670866  5.448780  7.968814  6.772839  0.369963  0.604503         0.000323476   3.390252   1.989767   7.387173   0.028854
 3.664988  5.448392  7.968829  6.772879  0.369963  0.604503         0.000336637   3.380318   1.989904   7.391498   0.028711
 3.658986  5.447972  7.968843  6.772919  0.369963  0.604503         0.000349905   3.370165   1.990041   7.395821   0.028568
 3.652921  5.447537  7.968858  6.772959  0.369963  0.604503         0.000363283   3.359809   1.990180   7.400145   0.028426
 3.646824  5.447092  7.968873  6.772999  0.369963  0.604503         0.000376775   3.349313   1.990319   7.404462   0.028286
 3.640626  5.446623  7.968888  6.773039  0.369963  0.604503         0.000390399   3.338582   1.990459   7.408786   0.028145
 3.634385  5.446144  7.968904  6.773080  0.369963  0.604503         0.000404133   3.327676   1.990600   7.413109   0.028005
 3.628030  5.445635  7.968919  6.773121  0.369963  0.604503         0.000417983   3.316575   1.990741   7.417430   0.027866
 3.621613  5.445111  7.968934  6.773163  0.369963  0.604503         0.000431954   3.305292   1.990884   7.421750   0.027728
 3.615144  5.444573  7.968950  6.773204  0.369963  0.604503         0.000446049   3.293806   1.991026   7.426069   0.027591
 3.608546  5.444003  7.968965  6.773246  0.369963  0.604503         0.000460274   3.282117   1.991170   7.430387   0.027454
 3.601894  5.443420  7.968981  6.773288  0.369963  0.604503         0.000474631   3.269914   1.991314   7.434704   0.027318
 3.595141  5.442813  7.968996  6.773331  0.369963  0.604503         0.000489126   3.257814   1.991460   7.439030   0.027182
 3.588315  5.442182  7.969012  6.773373  0.369963  0.604503         0.000503730   3.245502   1.991605   7.443332   0.027048
 3.581419  5.441536  7.969028  6.773416  0.369963  0.604503         0.000518526   3.232965   1.991752   7.447644   0.026914
 3.574457  5.440873  7.969044  6.773460  0.369963  0.604503         0.000533480   3.220202   1.991899   7.451956   0.026780
 3.567371  5.440180  7.969060  6.773503  0.369963  0.604503         0.000548594   3.207215   1.992047   7.456267   0.026648
 3.560207  5.439466  7.969076  6.773547  0.369963  0.604503         0.000563870   3.194020   1.992196   7.460576   0.026516
 3.552971  5.438734  7.969092  6.773592  0.369963  0.604503         0.000579317   3.180573   1.992345   7.464884   0.026385
 3.545603  5.437970  7.969108  6.773636  0.369963  0.604503         0.000594944   3.166699   1.992495   7.469196   0.026254
 3.538179  5.437188  7.969125  6.773681  0.369963  0.604503         0.000610737   3.152732   1.992625   7.473491   0.026125
 3.530662  5.436384  7.969141  6.773726  0.369963  0.604503         0.000626757   3.138528   1.992778   7.477796   0.025995
 3.523062  5.435560  7.969157  6.773772  0.369963  0.604503         0.000642972   3.124077   1.992930   7.482097   0.025867
 3.515318  5.434700  7.969174  6.773818  0.369963  0.604503         0.000659396   3.109399   1.993083   7.486402   0.025739
 3.507493  5.433817  7.969191  6.773864  0.369963  0.604503         0.000676019   3.094476   1.993238   7.490697   0.025612
 3.499572  5.432910  7.969208  6.773911  0.369963  0.604503         0.000692882   3.079272   1.993393   7.494989   0.025486
 3.491601  5.431991  7.969225  6.773959  0.369963  0.604503         0.000709998   3.063776   1.993549   7.499281   0.025360
 3.483521  5.431045  7.969242  6.774006  0.369963  0.604503         0.000727370   3.048015   1.993706   7.503577   0.025235
 3.475338  5.430072  7.969259  6.774054  0.369963  0.604503         0.000744984   3.031951   1.993863   7.507870   0.025111
 3.467030  5.429068  7.969276  6.774103  0.369963  0.604503         0.000762859   3.015337   1.994022   7.512162   0.024987
 3.458629  5.428039  7.969293  6.774152  0.369963  0.604503         0.000781000   2.998707   1.994182   7.516448   0.024864
 3.450128  5.426986  7.969311  6.774201  0.369963  0.604503         0.000799436   2.981733   1.994342   7.520735   0.024742
 3.441520  5.425905  7.969328  6.774251  0.369963  0.604503         0.000818168   2.964625   1.994503   7.525020   0.024620
 3.432814  5.424800  7.969348  6.774306  0.369963  0.604503         0.000837205   2.947267   1.994690   7.529305   0.024499
 3.424008  5.423666  7.969366  6.774357  0.369963  0.604503         0.000856555   2.929455   1.994851   7.533577   0.024378
 3.415106  5.422510  7.969384  6.774408  0.369963  0.604503         0.000876284   2.911360   1.995015   7.537853   0.024259
 3.406051  5.421315  7.969401  6.774460  0.369963  0.604503         0.000896377   2.892946   1.995180   7.542128   0.024140
 3.396897  5.420094  7.969419  6.774512  0.369963  0.604503         0.000916844   2.874273   1.995346   7.546400   0.024021
 3.387635  5.418846  7.969437  6.774565  0.369963  0.604503         0.000937710   2.854965   1.995512   7.550668   0.023903
 3.378261  5.417569  7.969456  6.774618  0.369963  0.604503         0.000958997   2.835562   1.995679   7.554935   0.023786
 3.368783  5.416266  7.969474  6.774672  0.369963  0.604503         0.000980723   2.815624   1.995847   7.559200   0.023670
 3.359179  5.414931  7.969492  6.774727  0.369963  0.604503         0.001002903   2.795600   1.996017   7.563463   0.023554
 3.349464  5.413567  7.969510  6.774782  0.369963  0.604503         0.001025554   2.775133   1.996187   7.567723   0.023439
 3.339632  5.412173  7.969529  6.774838  0.369963  0.604503         0.001048707   2.754192   1.996357   7.571979   0.023324
 3.329681  5.410749  7.969547  6.774894  0.369963  0.604503         0.001072386   2.732953   1.996529   7.576235   0.023210
 3.319662  5.409302  7.969566  6.774951  0.369963  0.604503         0.001096490   2.711914   1.996701   7.580466   0.023097
 3.309506  5.407822  7.969585  6.775008  0.369963  0.604503         0.001121216   2.690089   1.996874   7.584702   0.022985
 3.299626  5.406370  7.969603  6.775064  0.369963  0.604503         0.001145556   2.668448   1.997041   7.588773   0.022878
 3.289806  5.404915  7.969620  6.775120  0.369963  0.604503         0.001170047   2.647079   1.997206   7.592771   0.022772
 3.280089  5.403463  7.969638  6.775175  0.369963  0.604503         0.001194590   2.625958   1.997368   7.596683   0.022670
 3.270401  5.402006  7.969655  6.775231  0.369963  0.604503         0.001219384   2.604849   1.997529   7.600542   0.022570
 3.260777  5.400547  7.969672  6.775285  0.369963  0.604503         0.001244346   2.583853   1.997688   7.604332   0.022471
 3.251186  5.399084  7.969689  6.775340  0.369963  0.604503         0.001269568   2.562876   1.997846   7.608068   0.022375
 3.241640  5.397617  7.969706  6.775395  0.369963  0.604503         0.001295029   2.541852   1.998002   7.611748   0.022280
 3.232190  5.396156  7.969722  6.775449  0.369963  0.604503         0.001320598   2.521049   1.998155   7.615355   0.022188
 3.222756  5.394689  7.969738  6.775503  0.369963  0.604503         0.001346497   2.500250   1.998307   7.618917   0.022097
 3.213358  5.393218  7.969754  6.775558  0.369963  0.604503         0.001372694   2.479492   1.998458   7.622432   0.022008
 3.203996  5.391744  7.969770  6.775612  0.369963  0.604503         0.001399197   2.458784   1.998608   7.625899   0.021920
 3.194664  5.390267  7.969786  6.775666  0.369963  0.604503         0.001426035   2.438120   1.998756   7.629321   0.021834
 3.185354  5.388784  7.969802  6.775720  0.369963  0.604503         0.001453226   2.417455   1.998903   7.632701   0.021749
 3.176083  5.387299  7.969817  6.775774  0.369963  0.604503         0.001480728   2.396836   1.999048   7.636033   0.021666
 3.166855  5.385814  7.969832  6.775829  0.369963  0.604503         0.001508568   2.376226   1.999192   7.639321   0.021584
 3.157678  5.384330  7.969847  6.775883  0.369963  0.604503         0.001536723   2.355659   1.999335   7.642561   0.021504
 3.148548  5.382846  7.969862  6.775937  0.369963  0.604503         0.001565213   2.335103   1.999476   7.645757   0.021425
 3.139474  5.381365  7.969877  6.775990  0.369963  0.604503         0.001594020   2.314579   1.999615   7.648905   0.021347
 3.130453  5.379885  7.969891  6.776044  0.369963  0.604503         0.001623154   2.294078   1.999751   7.652008   0.021271
 3.121490  5.378409  7.969905  6.776098  0.369963  0.604503         0.001652612   2.273653   1.999886   7.655067   0.021196
 3.112560  5.376932  7.969919  6.776151  0.369963  0.604503         0.001682475   2.253229   2.000020   7.658089   0.021123
 3.103669  5.375456  7.969933  6.776205  0.369963  0.604503         0.001712706   2.232895   2.000153   7.661074   0.021050
 3.094791  5.373976  7.969946  6.776259  0.369963  0.604503         0.001743424   2.211634   2.000285   7.664030   0.020979
 3.085942  5.372493  7.969959  6.776313  0.369963  0.604503         0.001774532   2.191169   2.000415   7.666948   0.020908
 3.077129  5.371010  7.969973  6.776367  0.369963  0.604503         0.001806077   2.170788   2.000544   7.669831   0.020839
 3.068361  5.369530  7.969986  6.776421  0.369963  0.604503         0.001838054   2.150455   2.000671   7.672677   0.020771
 3.059640  5.368052  7.969998  6.776475  0.369963  0.604503         0.001870461   2.130179   2.000797   7.675489   0.020704
 3.050917  5.366567  7.970011  6.776529  0.369963  0.604503         0.001903333   2.109931   2.000922   7.678273   0.020638
 3.042274  5.365093  7.970023  6.776583  0.369963  0.604503         0.001936677   2.089701   2.001044   7.681019   0.020572
 3.033680  5.363623  7.970035  6.776637  0.369963  0.604503         0.001970482   2.069505   2.001164   7.683732   0.020508
 3.025114  5.362154  7.970047  6.776691  0.369963  0.604503         0.002004787   2.049435   2.001285   7.686420   0.020445
 3.016491  5.360666  7.970059  6.776746  0.369963  0.604503         0.002039817   2.029217   2.001377   7.689094   0.020382
 3.007929  5.359186  7.970071  6.776800  0.369963  0.604503         0.002075272   2.009087   2.001495   7.691733   0.020320
 2.999398  5.357706  7.970082  6.776855  0.369963  0.604503         0.002111284   1.988936   2.001611   7.694344   0.020259
 2.989395  5.355965  7.970095  6.776920  0.369963  0.604503         0.002154498   1.965212   2.001745   7.697385   0.020188
 2.977643  5.353910  7.970110  6.776996  0.369963  0.604503         0.002206355   1.937384   2.001900   7.700915   0.020107
 2.964057  5.351527  7.970127  6.777085  0.369963  0.604503         0.002268583   1.904853   2.002076   7.704972   0.020013
 2.949927  5.349036  7.970144  6.777179  0.369963  0.604503         0.002335290   1.869997   2.002257   7.709138   0.019917
 2.935643  5.346508  7.970160  6.777275  0.369963  0.604503         0.002404889   1.835511   2.002436   7.713308   0.019822
 2.921222  5.343941  7.970176  6.777372  0.369963  0.604503         0.002477455   1.800648   2.002613   7.717462   0.019727
 2.906672  5.341343  7.970192  6.777472  0.369963  0.604503         0.002553383   1.765293   2.002787   7.721618   0.019633
 2.891941  5.338699  7.970207  6.777574  0.369963  0.604503         0.002632797   1.729462   2.002958   7.725772   0.019539
 2.878246  5.336494  7.969965  6.777795  0.369963  0.604503         0.002656478   1.443553   2.001599   7.730649   0.019430
 2.863136  5.333749  7.969979  6.777900  0.369963  0.604503         0.002696856   1.407314   2.001767   7.734780   0.019338
 2.847868  5.330965  7.969992  6.778007  0.369963  0.604503         0.002784642   1.370982   2.001930   7.738910   0.019246
 2.832453  5.328143  7.970005  6.778116  0.369963  0.604503         0.002877043   1.334158   2.002089   7.743039   0.019155
 2.816881  5.325282  7.970016  6.778228  0.369963  0.604503         0.002974293   1.296810   2.002213   7.747167   0.019064
 2.801136  5.322377  7.970026  6.778343  0.369963  0.604503         0.003076706   1.258932   2.002356   7.751292   0.018974
 2.785263  5.319440  7.970035  6.778460  0.369963  0.604503         0.003184606   1.220484   2.002493   7.755418   0.018884
 2.769175  5.316449  7.970043  6.778580  0.369963  0.604503         0.003298266   1.180766   2.002623   7.759542   0.018794
 2.752932  5.313419  7.970049  6.778704  0.369963  0.604503         0.003418037   1.141238   2.002746   7.763663   0.018705
 2.736551  5.310353  7.970054  6.778831  0.369963  0.604503         0.003544335   1.101204   2.002861   7.767780   0.018617
 2.719979  5.307240  7.970057  6.778962  0.369963  0.604503         0.003677632   1.060567   2.002967   7.771901   0.018529
 2.703262  5.304090  7.970058  6.779096  0.369963  0.604503         0.003818211   1.019477   2.003062   7.776017   0.018441
 2.686353  5.300891  7.970058  6.779233  0.369963  0.604503         0.003966602   0.977068   2.003145   7.780132   0.018354
 2.669236  5.297641  7.970055  6.779375  0.369963  0.604503         0.004123312   0.934757   2.003181   7.784245   0.018267
 2.651967  5.294351  7.970050  6.779520  0.369963  0.604503         0.004288851   0.892128   2.003239   7.788358   0.018181
 2.634526  5.291019  7.970042  6.779670  0.369963  0.604503         0.004463737   0.849058   2.003283   7.792468   0.018095
 2.616866  5.287631  7.970032  6.779824  0.369963  0.604503         0.004648596   0.804731   2.003309   7.796576   0.018010
 2.599010  5.284193  7.970019  6.779982  0.369963  0.604503         0.004844118   0.760660   2.003317   7.800681   0.017925
 2.580980  5.280711  7.970002  6.780145  0.369963  0.604503         0.005051070   0.716226   2.003306   7.804784   0.017840
 2.562759  5.277181  7.969982  6.780313  0.369963  0.604503         0.005270166   0.671456   2.003273   7.808885   0.017756
 2.544348  5.273603  7.969959  6.780486  0.369963  0.604503         0.005502304   0.625403   2.003217   7.812983   0.017673
 2.525723  5.269969  7.969931  6.780664  0.369963  0.604503         0.005748379   0.579814   2.003134   7.817073   0.017590
 2.506888  5.266284  7.969898  6.780849  0.369963  0.604503         0.006009716   0.533815   2.003023   7.821166   0.017507
 2.487833  5.262543  7.969861  6.781039  0.369963  0.604503         0.006287101   0.487462   2.002837   7.825258   0.017425
 2.468588  5.258752  7.969819  6.781235  0.369963  0.604503         0.006581517   0.439809   2.002660   7.829341   0.017343
 2.449129  5.254908  7.969771  6.781438  0.369963  0.604503         0.006894770   0.392606   2.002445   7.833422   0.017262
 2.429444  5.251006  7.969716  6.781649  0.369963  0.604503         0.007228193   0.345064   2.002190   7.837500   0.017181
 2.409562  5.247055  7.969655  6.781866  0.369963  0.604503         0.007583271   0.297213   2.001889   7.841578   0.017100
 2.389458  5.243047  7.969587  6.782092  0.369963  0.604503         0.007961414   0.248948   2.001539   7.845651   0.017020
 2.369123  5.238982  7.969510  6.782326  0.369963  0.604503         0.008364659   0.200235   2.001136   7.849724   0.016941
 2.348566  5.234859  7.969425  6.782568  0.369963  0.604503         0.008794660   0.151319   2.000674   7.853790   0.016862
 2.327801  5.230684  7.969331  6.782820  0.369963  0.604503         0.009253904   0.102057   2.000147   7.857852   0.016783
 2.306811  5.226451  7.969227  6.783082  0.369963  0.604503         0.009744834   0.050755   1.999551   7.861912   0.016705
 2.285629  5.222170  7.969111  6.783355  0.369963  0.604503         0.010269983   0.000685   1.998880   7.865972   0.016627
 2.264248  5.217837  7.968984  6.783639  0.369963  0.604503         0.010831629  -0.049080   1.998123   7.870019   0.016550
 2.242607  5.213437  7.968843  6.783934  0.369963  0.604503         0.011434141  -0.099063   1.997271   7.874062   0.016473
 2.220734  5.208981  7.968687  6.784243  0.369963  0.604503         0.012081198  -0.149240   1.996319   7.878108   0.016396
 2.198663  5.204473  7.968517  6.784567  0.369963  0.604503         0.012775572  -0.199414   1.995257   7.882149   0.016320
 2.176407  5.199918  7.968329  6.784905  0.369963  0.604503         0.013521494  -0.249614   1.994075   7.886184   0.016244
 2.153937  5.195308  7.968123  6.785259  0.369963  0.604503         0.014324146  -0.299875   1.992808   7.890215   0.016169
 2.131259  5.190645  7.967897  6.785631  0.369963  0.604503         0.015188438  -0.350061   1.991348   7.894240   0.016094
 2.108390  5.185933  7.967648  6.786021  0.369963  0.604503         0.016120437  -0.401540   1.989729   7.898262   0.016020
 2.085423  5.181196  7.967375  6.786430  0.369963  0.604503         0.017126367  -0.451619   1.987930   7.902279   0.015946
 2.062246  5.176405  7.967075  6.786860  0.369963  0.604503         0.018213207  -0.501346   1.985977   7.906292   0.015873
 2.038921  5.171576  7.966747  6.787313  0.369963  0.604503         0.019388469  -0.551998   1.983769   7.910303   0.015800
 2.015475  5.166718  7.966387  6.787790  0.369963  0.604503         0.020659961  -0.600519   1.981332   7.914315   0.015727
 1.991881  5.161820  7.965993  6.788293  0.369963  0.604503         0.022035294  -0.649039   1.978684   7.918320   0.015654
 1.968200  5.156901  7.965564  6.788825  0.369963  0.604503         0.023525235  -0.697012   1.975726   7.922325   0.015582
 1.944464  5.151968  7.965094  6.789387  0.369963  0.604503         0.025139292  -0.745714   1.972512   7.926327   0.015511
 1.920618  5.147007  7.964581  6.789979  0.369963  0.604503         0.026888601  -0.792513   1.968969   7.930327   0.015439
 1.896766  5.142043  7.964023  6.790606  0.369963  0.604503         0.028785648  -0.837091   1.965069   7.934326   0.015369
 1.872879  5.137071  7.963414  6.791268  0.369963  0.604503         0.030843406  -0.883055   1.960795   7.938323   0.015298
 1.849019  5.132104  7.962750  6.791966  0.369963  0.604503         0.033075779  -0.927171   1.956079   7.942318   0.015228
 1.825128  5.127133  7.962029  6.792704  0.369963  0.604503         0.035498769  -0.970677   1.950952   7.946323   0.015158
 1.801188  5.122150  7.961248  6.793482  0.369963  0.604503         0.038122320  -1.011143   1.945360   7.950330   0.015088
 1.777348  5.117191  7.960403  6.794301  0.369963  0.604503         0.040960532  -1.053662   1.939275   7.954334   0.015019
 1.753542  5.112242  7.959491  6.795164  0.369963  0.604503         0.044032898  -1.094353   1.932675   7.958344   0.014949
 1.729765  5.107301  7.958508  6.796070  0.369963  0.604503         0.047353520  -1.134209   1.925510   7.962359   0.014880
 1.706093  5.102387  7.957451  6.797018  0.369963  0.604503         0.050937651  -1.170201   1.917758   7.966374   0.014812
 1.682399  5.097469  7.956315  6.798007  0.369963  0.604503         0.054806007  -1.208876   1.909376   7.970396   0.014743
 1.658717  5.092558  7.955102  6.799045  0.369963  0.604503         0.058972944  -1.246924   1.900388   7.974434   0.014675
 1.635153  5.087676  7.953812  6.800124  0.369963  0.604503         0.063443644  -1.280725   1.890755   7.978471   0.014607
 1.611559  5.082788  7.952441  6.801244  0.369963  0.604503         0.068240601  -1.318100   1.880473   7.982512   0.014539
 1.587976  5.077905  7.950987  6.802414  0.369963  0.604503         0.073381251  -1.355163   1.869492   7.986562   0.014472
 1.564370  5.073017  7.949452  6.803635  0.369963  0.604503         0.078878334  -1.392394   1.857836   7.990619   0.014404
 1.540659  5.068106  7.947835  6.804891  0.369963  0.604503         0.084745605  -1.426297   1.845496   7.994685   0.014337
 1.516898  5.063182  7.946137  6.806177  0.369963  0.604503         0.090994111  -1.464178   1.832439   7.998750   0.014270
 1.492953  5.058214  7.944356  6.807492  0.369963  0.604503         0.097649703  -1.502592   1.818666   8.002824   0.014203
 1.468898  5.053216  7.942493  6.808829  0.369963  0.604503         0.104722163  -1.541489   1.804147   8.006887   0.014137
 1.444528  5.048139  7.940535  6.810176  0.369963  0.604503         0.112258896  -1.575514   1.788770   8.010948   0.014071
 1.419778  5.042969  7.938486  6.811542  0.369963  0.604503         0.120292015  -1.617366   1.772555   8.015017   0.014005
 1.394725  5.037730  7.936357  6.812942  0.369963  0.604503         0.128840704  -1.660149   1.755618   8.019116   0.013939
 1.369421  5.032429  7.934164  6.814361  0.369963  0.604503         0.137868311  -1.696887   1.738052   8.023213   0.013874
 1.343864  5.027063  7.931902  6.815795  0.369963  0.604503         0.147407670  -1.742959   1.719837   8.027308   0.013808
 1.318083  5.021642  7.929577  6.817249  0.369963  0.604503         0.157492057  -1.788992   1.700982   8.031403   0.013743
 1.291948  5.016134  7.927186  6.818721  0.369963  0.604503         0.168151955  -1.836240   1.681477   8.035507   0.013679
 1.265458  5.010535  7.924733  6.820198  0.369963  0.604503         0.179396518  -1.876885   1.661330   8.039603   0.013614
 1.238536  5.004831  7.922220  6.821690  0.369963  0.604503         0.191279433  -1.927651   1.640548   8.043708   0.013550
 1.211240  4.999031  7.919648  6.823187  0.369963  0.604503         0.203811561  -1.979261   1.619143   8.047805   0.013486
 1.183513  4.993123  7.917017  6.824692  0.369963  0.604503         0.217055505  -2.032635   1.597085   8.051900   0.013423
 1.155340  4.987104  7.914325  6.826204  0.369963  0.604503         0.231056634  -2.078367   1.574364   8.055995   0.013360
 1.126640  4.980953  7.911575  6.827720  0.369963  0.604503         0.245858190  -2.135773   1.550986   8.060091   0.013297
 1.097438  4.974673  7.908765  6.829231  0.369963  0.604503         0.261505713  -2.195055   1.526926   8.064173   0.013235
 1.067624  4.968240  7.905888  6.830742  0.369963  0.604503         0.278105560  -2.256980   1.502113   8.068256   0.013172
 1.037183  4.961649  7.902947  6.832248  0.369963  0.604503         0.295709518  -2.311351   1.476552   8.072332   0.013111
 1.006029  4.954878  7.899938  6.833750  0.369963  0.604503         0.314411585  -2.378791   1.450192   8.076402   0.013050
 0.974092  4.947907  7.896852  6.835233  0.369963  0.604503         0.334316280  -2.449440   1.422948   8.080454   0.012989
 0.941156  4.940677  7.893670  6.836683  0.369963  0.604503         0.355594705  -2.524505   1.394605   8.084472   0.012929
 0.907074  4.933168  7.890379  6.838134  0.369963  0.604503         0.378539417  -2.592798   1.365070   8.088518   0.012869
 0.872077  4.925436  7.887014  6.839588  0.369963  0.604503         0.403113692  -2.675806   1.334640   8.092585   0.012809
 0.836381  4.917526  7.883594  6.841038  0.369963  0.604503         0.429300341  -2.762273   1.303483   8.096644   0.012749
 0.799895  4.909419  7.880117  6.842485  0.369963  0.604503         0.457259735  -2.852683   1.271556   8.100699   0.012690
 0.762664  4.901123  7.876581  6.843925  0.369963  0.604503         0.487139190  -2.947274   1.238845   8.104746   0.012631
 0.724575  4.892611  7.872981  6.845357  0.369963  0.604503         0.519146002  -3.034211   1.205287   8.108788   0.012572
 0.685612  4.883878  7.869317  6.846778  0.369963  0.604503         0.553471003  -3.138035   1.170859   8.112819   0.012514
 0.646525  4.875092  7.865651  6.848162  0.369963  0.604503         0.589665809  -3.245736   1.136131   8.116760   0.012457
 0.607684  4.866336  7.862004  6.849495  0.369963  0.604503         0.627579694  -3.356859   1.101325   8.120581   0.012402
 0.568902  4.857566  7.858375  6.850772  0.369963  0.604503         0.667297096  -3.471697   1.066416   8.124280   0.012350
 0.529981  4.848724  7.854758  6.851980  0.369963  0.604503         0.708883811  -3.575242   1.031338   8.127834   0.012299
 0.491053  4.839848  7.851167  6.853131  0.369963  0.604503         0.752365461  -3.697922   0.996230   8.131259   0.012251
 0.452177  4.831331  7.847609  6.854280  0.362812  0.611656         0.797906779  -1.465484   0.961186   8.136066   0.012183
 0.449681  4.830790  7.847379  6.854351  0.362812  0.611656         0.800851147  -1.473578   0.958916   8.136397   0.012179
 0.448544  4.830542  7.847273  6.854383  0.362812  0.611656         0.802198054  -1.478724   0.957879   8.136542   0.012177
 0.447225  4.830255  7.847148  6.854422  0.362812  0.611656         0.803814342  -1.484235   0.956637   8.136712   0.012174
 0.445641  4.829908  7.847002  6.854467  0.362812  0.611656         0.805680485  -1.490741   0.955206   8.136911   0.012171
 0.443901  4.829531  7.846844  6.854516  0.362812  0.611656         0.807728486  -1.499333   0.953639   8.137143   0.012168
 0.441933  4.829102  7.846668  6.854570  0.362812  0.611656         0.809997708  -1.507280   0.951906   8.137394   0.012165
 0.439766  4.828628  7.846472  6.854631  0.362812  0.611656         0.812538062  -1.516184   0.949972   8.137664   0.012161
 0.437383  4.828105  7.846253  6.854698  0.362812  0.611656         0.815398051  -1.525242   0.947801   8.137958   0.012157
 0.434749  4.827522  7.846005  6.854774  0.362812  0.611656         0.818629009  -1.536906   0.945357   8.138257   0.012153
 0.431681  4.826836  7.845727  6.854860  0.362812  0.611656         0.822286485  -1.550353   0.942600   8.138582   0.012148
 0.428285  4.826075  7.845418  6.854954  0.362812  0.611656         0.826350821  -1.565415   0.939550   8.138933   0.012143
 0.424511  4.825226  7.845070  6.855061  0.362812  0.611656         0.830964626  -1.581414   0.936104   8.139311   0.012138
 0.420223  4.824257  7.844681  6.855180  0.362812  0.611656         0.836162384  -1.600484   0.932242   8.139726   0.012132
 0.415526  4.823196  7.844248  6.855312  0.362812  0.611656         0.841977090  -1.621525   0.927948   8.140178   0.012126
 0.410307  4.822013  7.843775  6.855455  0.362812  0.611656         0.848364991  -1.644400   0.923258   8.140663   0.012119
 0.404707  4.820743  7.843260  6.855611  0.362812  0.611656         0.855401143  -1.669165   0.918131   8.141186   0.012112
 0.398521  4.819338  7.842695  6.855782  0.362812  0.611656         0.863169307  -1.696678   0.912515   8.141752   0.012104
 0.391789  4.817809  7.842075  6.855970  0.362812  0.611656         0.871787438  -1.727586   0.906338   8.142366   0.012095
 0.384488  4.816148  7.841406  6.856171  0.362812  0.611656         0.881190043  -1.760656   0.899660   8.143023   0.012086
 0.376588  4.814348  7.840684  6.856387  0.362812  0.611656         0.891435346  -1.796265   0.892455   8.143723   0.012076
 0.368041  4.812398  7.839905  6.856619  0.362812  0.611656         0.902642428  -1.834837   0.884655   8.144472   0.012066
 0.358871  4.810306  7.839067  6.856868  0.362812  0.611656         0.914855745  -1.876818   0.876254   8.145271   0.012055
 0.349012  4.808053  7.838169  6.857133  0.362812  0.611656         0.928118576  -1.921373   0.867243   8.146118   0.012043
 0.338480  4.805644  7.837209  6.857416  0.362812  0.611656         0.942527491  -1.969849   0.857583   8.147017   0.012031
 0.327246  4.803073  7.836186  6.857714  0.362812  0.611656         0.958132161  -2.021851   0.847264   8.147965   0.012017
 0.315245  4.800323  7.835098  6.858030  0.362812  0.611656         0.975013764  -2.077628   0.836270   8.148965   0.012004
 0.302475  4.797394  7.833943  6.858363  0.362812  0.611656         0.993260934  -2.137072   0.824575   8.150020   0.011989
 0.288961  4.794291  7.832723  6.858711  0.362812  0.611656         1.012922948  -2.200559   0.812178   8.151121   0.011974
 0.274662  4.791004  7.831435  6.859076  0.362812  0.611656         1.034102806  -2.268096   0.799062   8.152275   0.011958
 0.259490  4.787513  7.830076  6.859457  0.362812  0.611656         1.056939796  -2.340031   0.785183   8.153481   0.011941
 0.243666  4.783867  7.828658  6.859849  0.362812  0.611656         1.081304437  -2.415615   0.770657   8.154722   0.011924
 0.226986  4.780020  7.827169  6.860257  0.362812  0.611656         1.107506788  -2.496188   0.755355   8.156012   0.011907
 0.209584  4.776001  7.825621  6.860676  0.362812  0.611656         1.135437721  -2.581018   0.739387   8.157339   0.011888
 0.191299  4.771773  7.823998  6.861108  0.362812  0.611656         1.165485612  -2.671030   0.722582   8.158711   0.011870
 0.172162  4.767341  7.822301  6.861550  0.362812  0.611656         1.197722725  -2.766179   0.704959   8.160120   0.011850
 0.152103  4.762684  7.820529  6.861997  0.362812  0.611656         1.232307230  -2.867104   0.686472   8.161553   0.011831
 0.131412  4.757874  7.818700  6.862444  0.362812  0.611656         1.269023830  -2.972824   0.667308   8.163002   0.011811
 0.109886  4.752863  7.816805  6.862904  0.362812  0.611656         1.308273782  -3.083680   0.647380   8.164486   0.011791
 0.087583  4.747669  7.814844  6.863377  0.362812  0.611656         1.350267307  -3.199977   0.626665   8.166011   0.011770
 0.064629  4.742317  7.812829  6.863858  0.362812  0.611656         1.394926836  -3.321017   0.605277   8.167558   0.011749
 0.040901  4.736780  7.810751  6.864350  0.362812  0.611656         1.442621071  -3.447384   0.583122   8.169139   0.011728
 0.016503  4.731082  7.808613  6.864850  0.362812  0.611656         1.493479886  -3.579327   0.560232   8.170744   0.011706
-0.008516  4.725234  7.806423  6.865357  0.362812  0.611656         1.547564859  -3.716543   0.536667   8.172371   0.011684
-0.034229  4.719219  7.804168  6.865872  0.362812  0.611656         1.605398317  -3.858280   0.512294   8.174025   0.011662
-0.060448  4.713081  7.801869  6.866390  0.362812  0.611656         1.666713511  -4.005482   0.487321   8.175693   0.011640
-0.087227  4.706808  7.799515  6.866913  0.362812  0.611656         1.732058742  -4.158534   0.461622   8.177378   0.011617
-0.114571  4.700396  7.797103  6.867438  0.362812  0.611656         1.801741619  -4.317084   0.435178   8.179074   0.011595
-0.142514  4.693834  7.794637  6.867962  0.362812  0.611656         1.875957859  -4.480191   0.408016   8.180769   0.011572
-0.170908  4.687157  7.792122  6.868482  0.362812  0.611656         1.954861350  -4.648982   0.380184   8.182457   0.011550
-0.199860  4.680339  7.789546  6.868995  0.362812  0.611656         2.039053386  -4.823910   0.351566   8.184134   0.011527
-0.229277  4.673394  7.786914  6.869491  0.362812  0.611656         2.128622075  -5.004449   0.322211   8.185771   0.011506
-0.259342  4.666290  7.784208  6.869992  0.362812  0.611656         2.224957920  -5.191066   0.291909   8.187420   0.011484
-0.290232  4.658985  7.781408  6.870503  0.362812  0.611656         2.329350071  -5.386098   0.260451   8.189092   0.011462
-0.321929  4.651483  7.778508  6.871022  0.362812  0.611656         2.442773352  -5.588482   0.227749   8.190781   0.011439
-0.354642  4.643734  7.775481  6.871554  0.362812  0.611656         2.567079381  -5.800952   0.193525   8.192499   0.011417
-0.388326  4.635749  7.772324  6.872096  0.362812  0.611656         2.703436893  -6.023431   0.157744   8.194241   0.011394
-0.422963  4.627531  7.769027  6.872650  0.362812  0.611656         2.853327558  -6.255869   0.120330   8.196006   0.011371
-0.457436  4.619344  7.765691  6.873194  0.362812  0.611656         3.012932283  -6.490765   0.082436   8.197732   0.011348
-0.491612  4.611221  7.762317  6.873725  0.362812  0.611656         3.182538008  -6.727117   0.044136   8.199414   0.011326
-0.525542  4.603146  7.758896  6.874242  0.362812  0.611656         3.363135528  -6.965077   0.005349   8.201047   0.011305
-0.559256  4.595108  7.755414  6.874733  0.362812  0.611656         3.555645115  -7.204606  -0.034011   8.202609   0.011285
-0.592680  4.587130  7.751865  6.875208  0.362812  0.611656         3.761304630  -7.445453  -0.073966   8.204120   0.011265
-0.625772  4.579226  7.748248  6.875680  0.362812  0.611656         3.981367690  -7.687001  -0.114503   8.205597   0.011246
-0.658575  4.571388  7.744545  6.876149  0.362812  0.611656         4.217589267  -7.929428  -0.155736   8.207044   0.011227
-0.691052  4.563622  7.740743  6.876616  0.362812  0.611656         4.471821350  -8.172709  -0.197757   8.208460   0.011209
-0.723199  4.555931  7.736825  6.877082  0.362812  0.611656         4.746290284  -8.417194  -0.240674   8.209843   0.011191
-0.755061  4.548304  7.732776  6.877547  0.362812  0.611656         5.043296296  -8.664192  -0.284567   8.211196   0.011174
-0.786641  4.540739  7.728577  6.878009  0.362812  0.611656         5.365554268  -8.915340  -0.329546   8.212515   0.011157
-0.817852  4.533259  7.724211  6.878472  0.362812  0.611656         5.716446162  -9.186591  -0.375720   8.213806   0.011140
-0.848780  4.525840  7.719654  6.878932  0.362812  0.611656         6.099621651  -9.580027  -0.423220   8.215060   0.011124
-0.879326  4.518509  7.714886  6.879392  0.362812  0.611656         6.519342209 -16.114962  -0.472150   8.216283   0.011108
-0.909491  4.511265  7.709882  6.879847  0.362812  0.611656         6.980483014 -16.231844  -0.522660   8.217470   0.011093
-0.939305  4.504098  7.704614  6.880281  0.362812  0.611656         7.488411298 -16.501182  -0.574895   8.218616   0.011079
-0.968684  4.497034  7.699064  6.880712  0.362812  0.611656         8.049791008 -99.000000  -0.628916   8.219738   0.011064
-0.997662  4.490065  7.693201  6.881146  0.362812  0.611656         8.673301224 -99.000000  -0.684934   8.220840   0.011050
-1.026241  4.483190  7.686996  6.881584  0.362812  0.611656         9.368278655 -99.000000  -0.743115   8.221922   0.011037
-1.054427  4.476409  7.680420  6.882027  0.362812  0.611656        10.145696606 -99.000000  -0.803632   8.222984   0.011023
-1.082276  4.469708  7.673451  6.882477  0.362812  0.611656        11.017371592 -99.000000  -0.866600   8.224027   0.011010
-1.109748  4.463095  7.666069  6.882932  0.362812  0.611656        11.997022903 -99.000000  -0.932149   8.225048   0.010997
-1.136845  4.456571  7.658257  6.883393  0.362812  0.611656        13.100151691 -99.000000  -1.000400   8.226049   0.010984
-1.163597  4.450129  7.650010  6.883858  0.362812  0.611656        14.343003865 -99.000000  -1.071407   8.227031   0.010972
-1.190021  4.443763  7.641332  6.884325  0.362812  0.611656        15.743151125 -99.000000  -1.145200   8.227991   0.010960
-1.216146  4.437467  7.632239  6.884794  0.362812  0.611656        17.317558881 -99.000000  -1.221710   8.228932   0.010948
-1.241970  4.431241  7.622762  6.885261  0.362812  0.611656        19.082870058 -99.000000  -1.300838   8.229854   0.010936
-1.267544  4.425073  7.612932  6.885722  0.362812  0.611656        21.055346522 -99.000000  -1.382461   8.230757   0.010925
-1.292853  4.418968  7.602798  6.886177  0.362812  0.611656        23.248386921 -99.000000  -1.466370   8.231644   0.010914
-1.317102  4.413165  7.592812  6.886802  0.362812  0.611656        25.625439554 -99.000000  -1.549544   8.232683   0.010901
-1.341878  4.407144  7.582205  6.887006  0.362812  0.611656        28.239772374 -99.000000  -1.637016   8.233372   0.010892
-1.364771  4.401652  7.572299  6.887618  0.362812  0.611656        30.948694458 -99.000000  -1.719907   8.234299   0.010880
-1.384396  4.396903  7.563628  6.887929  0.362812  0.611657        33.408347409 -99.000000  -1.792317   8.234927   0.010873
-1.406242  4.391613  7.553830  6.888266  0.362812  0.611657        36.359930950 -99.000000  -1.874399   8.235613   0.010864
-1.428998  4.386097  7.543509  6.888602  0.362812  0.611657        39.667705843 -99.000000  -1.961385   8.236305   0.010855
-1.451398  4.380697  7.533301  6.889082  0.362812  0.611657        43.188759612 -99.000000  -2.048371   8.237107   0.010845
-1.474221  4.375162  7.522803  6.889423  0.362812  0.611657        46.978156925 -99.000000  -2.138166   8.237790   0.010837
-1.496642  4.369734  7.512433  6.889793  0.362812  0.611657        50.944637405 -99.000000  -2.227576   8.238498   0.010828
-1.519281  4.364234  7.501919  6.890082  0.362812  0.611657        55.147305778 -99.000000  -2.318669   8.239134   0.010820
-1.541449  4.358887  7.491618  6.890519  0.362811  0.611657        59.540018215 -99.000000  -2.408962   8.239916   0.010810
-1.564174  4.353376  7.481017  6.890839  0.362811  0.611657        64.225454232 -99.000000  -2.502250   8.240598   0.010802
-1.586774  4.347892  7.470479  6.891139  0.362811  0.611657        69.082943243 -99.000000  -2.595477   8.241260   0.010794
-1.609273  4.342444  7.459989  6.891468  0.362811  0.611657        74.148694081 -99.000000  -2.688960   8.241969   0.010785
-1.631912  4.336962  7.449443  6.891795  0.362811  0.611657        79.455441245 -99.000000  -2.783515   8.242681   0.010776
-1.641019  4.334757  7.445206  6.891924  0.362811  0.611657        81.621331899 -99.000000  -2.821622   8.242967   0.010772
-1.645437  4.333687  7.443139  6.891986  0.362811  0.611657        82.686229352 -99.000000  -2.840241   8.243105   0.010771
-1.649869  4.332614  7.441086  6.892048  0.362811  0.611657        83.751760532 -99.000000  -2.858751   8.243243   0.010769
-1.654276  4.331546  7.439021  6.892110  0.362811  0.611657        84.831454350 -99.000000  -2.877385   8.243381   0.010767
-1.658907  4.330424  7.436883  6.892174  0.362811  0.611657        85.958233649 -99.000000  -2.896705   8.243523   0.010765
-1.663519  4.329307  7.434740  6.892238  0.362811  0.611657        87.096622422 -99.000000  -2.916090   8.243666   0.010764
-1.668306  4.328147  7.432517  6.892304  0.362811  0.611657        88.286131757 -99.000000  -2.936204   8.243813   0.010762
-1.673152  4.326973  7.430261  6.892370  0.362811  0.611657        89.503409424 -99.000000  -2.956644   8.243962   0.010760
-1.678217  4.325745  7.427910  6.892439  0.362811  0.611657        90.782268483 -99.000000  -2.977965   8.244116   0.010758
-1.683358  4.324499  7.425520  6.892509  0.362811  0.611657        92.093374758 -99.000000  -2.999665   8.244272   0.010756
-1.688712  4.323201  7.423043  6.892580  0.362811  0.611657        93.463517125 -99.000000  -3.022172   8.244433   0.010754
-1.694169  4.321877  7.420501  6.892653  0.362811  0.611657        94.881833667 -99.000000  -3.045292   8.244598   0.010752
-1.699794  4.320513  7.417893  6.892728  0.362811  0.611657        96.349762736 -99.000000  -3.069037   8.244764   0.010750
-1.705652  4.319092  7.415172  6.892805  0.362811  0.611657        97.894938489 -99.000000  -3.093825   8.244938   0.010748
-1.711722  4.317617  7.412370  6.892881  0.362811  0.611657        99.498694967 -99.000000  -3.119378   8.245110   0.010746
-1.717875  4.316124  7.409508  6.892961  0.362811  0.611657       101.153794738 -99.000000  -3.145487   8.245289   0.010744
-1.724349  4.314552  7.406510  6.893044  0.362811  0.611657       102.905345037 -99.000000  -3.172874   8.245476   0.010741
-1.731025  4.312931  7.403423  6.893127  0.362811  0.611657       104.727420625 -99.000000  -3.201106   8.245668   0.010739
-1.737932  4.311250  7.400231  6.893210  0.362811  0.611657       106.625034865 -99.000000  -3.230327   8.245850   0.010737
-1.744984  4.309537  7.396952  6.893297  0.362811  0.611657       108.597769533 -99.000000  -3.260322   8.246049   0.010734
-1.752402  4.307734  7.393540  6.893388  0.362811  0.611657       110.675884237 -99.000000  -3.291600   8.246257   0.010732
-1.759933  4.305907  7.390058  6.893483  0.362811  0.611657       112.823939982 -99.000000  -3.323530   8.246479   0.010729
-1.767785  4.303998  7.386439  6.893577  0.362811  0.611657       115.080023489 -99.000000  -3.356792   8.246695   0.010726
-1.775779  4.302054  7.382737  6.893673  0.362811  0.611657       117.414007192 -99.000000  -3.390834   8.246915   0.010724
-1.784114  4.300025  7.378908  6.893772  0.362811  0.611657       119.852101615 -99.000000  -3.426055   8.247133   0.010721
-1.792566  4.297969  7.375023  6.893871  0.362811  0.611657       122.357608540 -99.000000  -3.461784   8.247361   0.010718
-1.801248  4.295857  7.371033  6.893972  0.362811  0.611657       124.963882339 -99.000000  -3.498521   8.247594   0.010715
-1.810133  4.293694  7.366942  6.894075  0.362811  0.611657       127.669769301 -99.000000  -3.536216   8.247830   0.010712
-1.819275  4.291469  7.362750  6.894180  0.362811  0.611657       130.478076370 -99.000000  -3.574858   8.248071   0.010709
-1.828562  4.289209  7.358480  6.894286  0.362811  0.611657       133.375789514 -99.000000  -3.614241   8.248317   0.010706
-1.838107  4.286884  7.354109  6.894393  0.362811  0.611657       136.381566899 -99.000000  -3.654572   8.248564   0.010703
-1.847808  4.284521  7.349671  6.894501  0.362811  0.611657       139.473713700 -99.000000  -3.695526   8.248813   0.010700
-1.857706  4.282110  7.345148  6.894610  0.362811  0.611657       142.667931417 -99.000000  -3.737270   8.249066   0.010697
-1.867795  4.279652  7.340545  6.894720  0.362811  0.611657       145.963360772 -99.000000  -3.779757   8.249323   0.010694
-1.878108  4.277139  7.335851  6.894831  0.362811  0.611657       149.371934554 -99.000000  -3.823098   8.249581   0.010691
-1.888613  4.274577  7.331076  6.894943  0.362811  0.611657       152.888137810 -99.000000  -3.867178   8.249841   0.010687
-1.899278  4.271977  7.326223  6.895054  0.362811  0.611658       156.513105650 -99.000000  -3.911970   8.250105   0.010684
-1.910186  4.269316  7.321277  6.895167  0.362811  0.611658       160.262795126 -99.000000  -3.957620   8.250369   0.010681
-1.921285  4.266608  7.316241  6.895281  0.362811  0.611658       164.138453513 -99.000000  -4.004096   8.250638   0.010678
-1.932645  4.263836  7.311096  6.895395  0.362811  0.611658       168.157994532 -99.000000  -4.051556   8.250908   0.010674
-1.944222  4.261010  7.305848  6.895509  0.362811  0.611658       172.322324735 -99.000000  -4.099949   8.251182   0.010671
-1.956143  4.258099  7.300466  6.895624  0.362811  0.611658       176.661248825 -99.000000  -4.149544   8.251458   0.010668
-1.968278  4.255135  7.294993  6.895740  0.362811  0.611658       181.145960702 -99.000000  -4.199945   8.251738   0.010664
-1.980776  4.252082  7.289357  6.895857  0.362811  0.611658       185.842619699 -99.000000  -4.251815   8.252023   0.010661
-1.993607  4.248947  7.283575  6.895976  0.362811  0.611658       190.743405096 -99.000000  -4.304963   8.252312   0.010657
-2.006898  4.245697  7.277603  6.896097  0.362811  0.611658       195.897003306 -99.000000  -4.359799   8.252607   0.010653
-2.020553  4.242359  7.271482  6.896221  0.362811  0.611658       201.275331402 -99.000000  -4.415915   8.252907   0.010650
-2.034637  4.238914  7.265168  6.896346  0.362810  0.611658       206.929609703 -99.000000  -4.473710   8.253212   0.010646
-2.049240  4.235341  7.258651  6.896474  0.362810  0.611658       212.879847382 -99.000000  -4.533240   8.253522   0.010642
-2.064242  4.231669  7.251949  6.896604  0.362810  0.611658       219.123701107 -99.000000  -4.594328   8.253837   0.010638
-2.079851  4.227848  7.244999  6.896737  0.362810  0.611658       225.734727435 -99.000000  -4.657513   8.254161   0.010634
-2.095893  4.223919  7.237860  6.896871  0.362810  0.611658       232.673883606 -99.000000  -4.722233   8.254487   0.010630
-2.112484  4.219854  7.230494  6.897007  0.362810  0.611658       239.993548307 -99.000000  -4.788779   8.254819   0.010626
-2.129659  4.215645  7.222882  6.897145  0.362810  0.611658       247.734296879 -99.000000  -4.857302   8.255157   0.010622
-2.147399  4.211295  7.215030  6.897286  0.362810  0.611658       255.911686139 -99.000000  -4.927703   8.255501   0.010618
-2.165696  4.206809  7.206941  6.897427  0.362810  0.611658       264.546468252 -99.000000  -4.999907   8.255850   0.010614
-2.184557  4.202182  7.198618  6.897568  0.362810  0.611658       273.658898718 -99.000000  -5.073809   8.256203   0.010609
-2.203924  4.197429  7.190096  6.897710  0.362810  0.611658       283.237677058 -99.000000  -5.149063   8.256558   0.010605
-2.223841  4.192540  7.181345  6.897853  0.362810  0.611658       293.344051260 -99.000000  -5.225878   8.256918   0.010601
-2.244202  4.187540  7.172406  6.897997  0.362810  0.611658       303.957597242 -99.000000  -5.303818   8.257282   0.010596
-2.265054  4.182419  7.163270  6.898141  0.362810  0.611658       315.118810916 -99.000000  -5.382903   8.257648   0.010592
-2.286074  4.177254  7.154084  6.898283  0.362810  0.611658       326.668087745 -99.000000  -5.461801   8.258010   0.010587
-2.307531  4.171981  7.144721  6.898426  0.362810  0.611658       338.791976686 -99.000000  -5.541555   8.258373   0.010583
-2.328828  4.166776  7.135448  6.898666  0.362810  0.611658       351.325579978 -99.000000  -5.620144   8.258852   0.010577
-2.351179  4.161253  7.125693  6.898671  0.362810  0.611659       364.578618272 -99.000000  -5.701493   8.259110   0.010574
-2.372417  4.156004  7.116437  6.898685  0.362810  0.611659       377.531670214 -99.000000  -5.778035   8.259352   0.010571
-2.392722  4.151058  7.107650  6.899044  0.362810  0.611659       390.645966586 -99.000000  -5.850939   8.259874   0.010565
-2.414288  4.145738  7.098249  6.899111  0.362810  0.611659       404.662771265 -99.000000  -5.927778   8.260157   0.010561
-2.434282  4.140818  7.089548  6.899226  0.362810  0.611659       418.085113981 -99.000000  -5.999216   8.260473   0.010557
-2.453928  4.135984  7.081001  6.899338  0.362810  0.611659       431.642551115 -99.000000  -6.070865   8.260782   0.010554
-2.472939  4.131318  7.072731  6.899497  0.362809  0.611659       445.195951068 -99.000000  -6.143993   8.261129   0.010549
-2.491645  4.126715  7.064572  6.899600  0.362809  0.611659       458.841706315 -99.000000  -6.221352   8.261423   0.010546
-2.509714  4.122260  7.056672  6.899669  0.362809  0.611659       472.331839605 -99.000000  -6.302573   8.261674   0.010543
-2.527121  4.117977  7.049041  6.899762  0.362809  0.611659       485.742731408 -99.000000  -6.389502   8.261947   0.010540
-2.544163  4.113790  7.041559  6.899877  0.362809  0.611659       499.256319069 -99.000000  -6.485015   8.262241   0.010536
-2.561017  4.109639  7.034143  6.899954  0.362809  0.611659       512.901472175 -99.000000  -6.585085   8.262491   0.010533
-2.577264  4.105641  7.026955  6.900039  0.362809  0.611659       526.457757171 -99.000000  -6.677543   8.262748   0.010530
-2.593289  4.101692  7.019827  6.900103  0.362809  0.611659       540.161070662 -99.000000  -6.760587   8.262978   0.010527
-2.608856  4.097862  7.012864  6.900182  0.362809  0.611659       553.885982514 -99.000000  -6.862579   8.263224   0.010524
-2.624157  4.094098  7.005956  6.900259  0.362809  0.611659       567.801811454 -99.000000  -7.085963   8.263468   0.010521
-2.639229  4.090390  6.999104  6.900334  0.362809  0.611659       581.900907430 -99.000000  -9.056281   8.263709   0.010518
-2.653992  4.086759  6.992306  6.900408  0.362809  0.611659       596.178460658 -99.000000 -99.000000   8.263947   0.010515
-2.668565  4.083175  6.985527  6.900480  0.362809  0.611659       610.709315983 -99.000000 -99.000000   8.264182   0.010512
-2.682897  4.079650  6.978757  6.900551  0.362809  0.611659       625.512737954 -99.000000 -99.000000   8.264415   0.010510
-2.697074  4.076161  6.971957  6.900618  0.362809  0.611659       640.658958515 -99.000000 -99.000000   8.264638   0.010507
-2.711088  4.072715  6.965123  6.900688  0.362809  0.611659       656.188436855 -99.000000 -99.000000   8.264869   0.010504
-2.724955  4.069301  6.958215  6.900751  0.362809  0.611659       672.148091827 -99.000000 -99.000000   8.265079   0.010502
-2.738579  4.065952  6.951310  6.900820  0.362809  0.611660       688.429820545 -99.000000 -99.000000   8.265306   0.010499
-2.752069  4.062636  6.944319  6.900889  0.362809  0.611660       705.214828197 -99.000000 -99.000000   8.265533   0.010496
-2.765490  4.059338  6.937207  6.900958  0.362809  0.611660       722.592105739 -99.000000 -99.000000   8.265760   0.010493
-2.778853  4.056054  6.929977  6.901027  0.362809  0.611660       740.559003245 -99.000000 -99.000000   8.265986   0.010491
-2.792085  4.052802  6.922644  6.901097  0.362809  0.611660       759.085528599 -99.000000 -99.000000   8.266212   0.010488
-2.805246  4.049568  6.915175  6.901166  0.362809  0.611660       778.263530138 -99.000000 -99.000000   8.266436   0.010485
-2.818386  4.046339  6.907569  6.901236  0.362809  0.611660       798.097920631 -99.000000 -99.000000   8.266660   0.010483
-2.831407  4.043139  6.899862  6.901305  0.362809  0.611660       818.506645330 -99.000000 -99.000000   8.266882   0.010480
-2.844364  4.039955  6.892038  6.901374  0.362809  0.611660       839.530071980 -99.000000 -99.000000   8.267102   0.010477
-2.857278  4.036781  6.884033  6.901443  0.362809  0.611660       861.350307902 -99.000000 -99.000000   8.267322   0.010475
-2.869956  4.033665  6.876019  6.901511  0.362809  0.611660       883.496196961 -99.000000 -99.000000   8.267536   0.010472
-2.882601  4.030557  6.867846  6.901580  0.362809  0.611660       906.384493204 -99.000000 -99.000000   8.267749   0.010469
-2.895180  4.027465  6.859571  6.901648  0.362809  0.611660       929.856615730 -99.000000 -99.000000   8.267959   0.010467
-2.907696  4.024388  6.851138  6.901716  0.362809  0.611660       954.075735554 -99.000000 -99.000000   8.268168   0.010464
-2.919986  4.021366  6.842726  6.901784  0.362809  0.611660       978.523717836 -99.000000 -99.000000   8.268371   0.010462
-2.932221  4.018358  6.834212  6.901851  0.362809  0.611660      1003.555426498 -99.000000 -99.000000   8.268572   0.010459
-2.944368  4.015371  6.825608  6.901917  0.362809  0.611660      1029.134349278 -99.000000 -99.000000   8.268770   0.010457
-2.956334  4.012427  6.816995  6.901983  0.362809  0.611660      1055.015008806 -99.000000 -99.000000   8.268963   0.010455
-2.968148  4.009521  6.808364  6.902047  0.362809  0.611660      1081.216036043 -99.000000 -99.000000   8.269151   0.010452
-2.979802  4.006653  6.799742  6.902109  0.362809  0.611660      1107.647696054 -99.000000 -99.000000   8.269333   0.010450
-2.991310  4.003821  6.791109  6.902171  0.362809  0.611660      1134.366175266 -99.000000 -99.000000   8.269512   0.010448
-3.002667  4.001025  6.782492  6.902232  0.362809  0.611660      1161.283108342 -99.000000 -99.000000   8.269685   0.010446
-3.013863  3.998268  6.773908  6.902291  0.362809  0.611660      1188.335030917 -99.000000 -99.000000   8.269853   0.010444
-3.024895  3.995551  6.765355  6.902349  0.362809  0.611660      1215.522040601 -99.000000 -99.000000   8.270017   0.010442
-3.035793  3.992866  6.756838  6.902405  0.362809  0.611660      1242.817523679 -99.000000 -99.000000   8.270175   0.010440
-3.046525  3.990221  6.748385  6.902460  0.362809  0.611660      1270.126463492 -99.000000 -99.000000   8.270329   0.010438
-3.057116  3.987611  6.739997  6.902515  0.362809  0.611660      1297.441094593 -99.000000 -99.000000   8.270478   0.010437
-3.067536  3.985041  6.732352  6.902576  0.362809  0.611660      1324.784643373 -99.000000 -99.000000   8.270621   0.010435
-3.077528  3.982577  6.728071  6.902622  0.362809  0.611660      1352.226668446 -99.000000 -99.000000   8.270755   0.010433
-3.087194  3.980192  6.722279  6.902667  0.362809  0.611660      1380.606249310 -99.000000 -99.000000   8.270882   0.010432
-3.096592  3.977885  6.716081  6.902752  0.362809  0.611660      1410.575696768 -99.000000 -99.000000   8.271053   0.010430
-3.106151  3.975535  6.707672  6.902819  0.362809  0.611660      1443.029407216 -99.000000 -99.000000   8.271211   0.010428
-3.115568  3.973209  6.699881  6.902855  0.362809  0.611660      1477.075940637 -99.000000 -99.000000   8.271322   0.010426
-3.125037  3.970870  6.691507  6.902893  0.362809  0.611660      1512.702840393 -99.000000 -99.000000   8.271438   0.010425
-3.134478  3.968536  6.683381  6.902929  0.362809  0.611660      1549.554425208 -99.000000 -99.000000   8.271542   0.010424
-3.143925  3.966201  6.675121  6.902973  0.362809  0.611660      1587.240387228 -99.000000 -99.000000   8.271647   0.010422
-3.153315  3.963880  6.666981  6.903013  0.362809  0.611660      1625.392803798 -99.000000 -99.000000   8.271755   0.010421
-3.162702  3.961560  6.658815  6.903059  0.362809  0.611660      1663.848085214 -99.000000 -99.000000   8.271861   0.010420
-3.171976  3.959267  6.650817  6.903105  0.362809  0.611660      1702.192456273 -99.000000 -99.000000   8.271964   0.010419
-3.181223  3.956980  6.642832  6.903146  0.362809  0.611660      1740.489665459 -99.000000 -99.000000   8.272064   0.010417
-3.190342  3.954725  6.635024  6.903188  0.362809  0.611660      1778.451186704 -99.000000 -99.000000   8.272161   0.010416
-3.199413  3.952481  6.627264  6.903227  0.362809  0.611660      1816.205954278 -99.000000 -99.000000   8.272255   0.010415
-3.208419  3.950252  6.619565  6.903264  0.362809  0.611660      1853.577937210 -99.000000 -99.000000   8.272347   0.010414
-3.217336  3.948044  6.611971  6.903295  0.362809  0.611660      1890.451638668 -99.000000 -99.000000   8.272433   0.010413
-3.226179  3.945855  6.604450  6.903333  0.362809  0.611660      1926.897638254 -99.000000 -99.000000   8.272520   0.010412
-3.234905  3.943695  6.597057  6.903367  0.362809  0.611660      1962.838599464 -99.000000 -99.000000   8.272603   0.010411
-3.243682  3.941521  6.589623  6.903401  0.362809  0.611660      1998.406850049 -99.000000 -99.000000   8.272684   0.010410
-3.252592  3.939313  6.582073  6.903430  0.362809  0.611660      2033.135393693 -99.000000 -99.000000   8.272763   0.010409
-3.261423  3.937125  6.574630  6.903460  0.362809  0.611660      2066.279643879 -99.000000 -99.000000   8.272841   0.010408
-3.269794  3.935050  6.567671  6.903487  0.362809  0.611660      2097.951424649 -99.000000 -99.000000   8.272912   0.010407
-3.278051  3.933003  6.560846  6.903514  0.362809  0.611660      2129.632925263 -99.000000 -99.000000   8.272981   0.010406
-3.286348  3.930946  6.553987  6.903541  0.362809  0.611660      2161.553016975 -99.000000 -99.000000   8.273050   0.010406
-3.295009  3.928797  6.546796  6.903565  0.362809  0.611660      2193.365900947 -99.000000 -99.000000   8.273118   0.010405
-3.303650  3.926660  6.539688  6.903598  0.362809  0.611660      2223.502221070 -99.000000 -99.000000   8.273211   0.010404
-3.312235  3.924531  6.532656  6.903624  0.362809  0.611660      2252.174618016 -99.000000 -99.000000   8.273277   0.010403
-3.320332  3.922522  6.526062  6.903648  0.362809  0.611660      2279.360799174 -99.000000 -99.000000   8.273338   0.010402
-3.328312  3.920541  6.519582  6.903669  0.362809  0.611660      2306.544705963 -99.000000 -99.000000   8.273395   0.010402
-3.336081  3.918609  6.513254  6.903680  0.362809  0.611660      2333.992179285 -99.000000 -99.000000   8.273438   0.010401
-3.343966  3.916646  6.506835  6.903680  0.362809  0.611660      2362.283950197 -99.000000 -99.000000   8.273467   0.010401
-3.351824  3.914694  6.500450  6.903700  0.362809  0.611660      2390.860126025 -99.000000 -99.000000   8.273520   0.010400
-3.359853  3.912691  6.493922  6.903691  0.362809  0.611660      2419.840968724 -99.000000 -99.000000   8.273537   0.010400
-3.367689  3.910745  6.487554  6.903711  0.362809  0.611660      2448.349474420 -99.000000 -99.000000   8.273588   0.010399
-3.375660  3.908776  6.481109  6.903766  0.362809  0.611660      2477.141867443 -99.000000 -99.000000   8.273683   0.010398
-3.383740  3.906769  6.474587  6.903787  0.362809  0.611660      2505.887383658 -99.000000 -99.000000   8.273735   0.010397
-3.391569  3.904823  6.468251  6.903805  0.362809  0.611660      2533.946131411 -99.000000 -99.000000   8.273782   0.010397
-3.399524  3.902842  6.461838  6.903812  0.362809  0.611660      2562.088352090 -99.000000 -99.000000   8.273812   0.010397
-3.407265  3.900918  6.455583  6.903831  0.362809  0.611660      2589.708026354 -99.000000 -99.000000   8.273858   0.010396
-3.415312  3.898918  6.449155  6.903850  0.362809  0.611660      2617.608737226 -99.000000 -99.000000   8.273904   0.010395
-3.423054  3.896997  6.442942  6.903876  0.362809  0.611660      2644.700227193 -99.000000 -99.000000   8.273962   0.010395
-3.431031  3.895014  6.436592  6.903892  0.362809  0.611660      2672.045885027 -99.000000 -99.000000   8.274004   0.010394
-3.438753  3.893093  6.430399  6.903909  0.362809  0.611660      2698.728294684 -99.000000 -99.000000   8.274046   0.010394
-3.446643  3.891131  6.424126  6.903926  0.362809  0.611660      2725.589958624 -99.000000 -99.000000   8.274088   0.010393
-3.454435  3.889193  6.417930  6.903942  0.362809  0.611660      2752.055223517 -99.000000 -99.000000   8.274128   0.010393
-3.462325  3.887230  6.411705  6.903955  0.362809  0.611660      2778.432914778 -99.000000 -99.000000   8.274165   0.010392
-3.470055  3.885307  6.405568  6.903971  0.362809  0.611660      2804.363364413 -99.000000 -99.000000   8.274204   0.010392
-3.477972  3.883338  6.399345  6.903987  0.362809  0.611660      2830.414423836 -99.000000 -99.000000   8.274242   0.010391
-3.485691  3.881417  6.393229  6.904002  0.362809  0.611660      2855.959553902 -99.000000 -99.000000   8.274278   0.010391
-3.493646  3.879438  6.387015  6.904017  0.362809  0.611660      2881.654195259 -99.000000 -99.000000   8.274315   0.010391
-3.501314  3.877529  6.380945  6.904031  0.362809  0.611660      2906.752399246 -99.000000 -99.000000   8.274350   0.010390
-3.509339  3.875532  6.374719  6.904046  0.362809  0.611660      2932.210221354 -99.000000 -99.000000   8.274386   0.010390
-3.517030  3.873618  6.368660  6.904060  0.362809  0.611660      2956.921791881 -99.000000 -99.000000   8.274419   0.010389
-3.525078  3.871614  6.362451  6.904073  0.362809  0.611660      2981.953256259 -99.000000 -99.000000   8.274453   0.010389
-3.532839  3.869682  6.356394  6.904087  0.362809  0.611660      3006.258106980 -99.000000 -99.000000   8.274485   0.010388
-3.540843  3.867689  6.350230  6.904100  0.362809  0.611660      3030.760281694 -99.000000 -99.000000   8.274518   0.010388
-3.548590  3.865760  6.344162  6.904112  0.362809  0.611660      3054.811515189 -99.000000 -99.000000   8.274548   0.010388
-3.556628  3.863758  6.337972  6.904125  0.362809  0.611660      3079.153688386 -99.000000 -99.000000   8.274580   0.010387
-3.564443  3.861812  6.331881  6.904137  0.362809  0.611660      3103.016960818 -99.000000 -99.000000   8.274609   0.010387
-3.572632  3.859772  6.325657  6.904150  0.362809  0.611660      3127.150132733 -99.000000 -99.000000   8.274640   0.010387
-3.580500  3.857812  6.319590  6.904161  0.362809  0.611660      3150.520683552 -99.000000 -99.000000   8.274668   0.010386
-3.588615  3.855791  6.313404  6.904173  0.362809  0.611660      3174.125371829 -99.000000 -99.000000   8.274697   0.010386
