#                                                                                                                          
# Mass= 0.66409 M_sun                                                                                                      
#                                                                                                                          
  Log(L)  Log(Teff)    T_c     Rho_c      12Cc      16Oc           age[Myr]      Log(LHe)   Log(Lnu)   Log(grav)  R/R_sun 
 4.066798  5.140321  7.935399  6.565014  0.328925  0.645560        -0.004519333   3.809539   1.589212   5.709754   0.188405
 4.066799  5.140658  7.935408  6.565034  0.328925  0.645560        -0.004516051   3.811670   1.589328   5.711099   0.188113
 4.066810  5.141351  7.935419  6.565057  0.328925  0.645560        -0.004512112   3.814501   1.589467   5.713859   0.187516
 4.066844  5.142186  7.935433  6.565084  0.328925  0.645560        -0.004507386   3.818049   1.589632   5.717166   0.186804
 4.066907  5.143194  7.935448  6.565116  0.328925  0.645560        -0.004501714   3.822744   1.589827   5.721135   0.185952
 4.066995  5.144395  7.935466  6.565153  0.328925  0.645560        -0.004495080   3.828568   1.590050   5.725852   0.184945
 4.067078  5.145608  7.935483  6.565188  0.328925  0.645560        -0.004488571   3.834602   1.590265   5.730620   0.183933
 4.067136  5.146838  7.935499  6.565221  0.328925  0.645560        -0.004482243   3.840621   1.590470   5.735481   0.182906
 4.067157  5.148062  7.935514  6.565253  0.328925  0.645560        -0.004476169   3.846600   1.590661   5.740359   0.181882
 4.067130  5.149287  7.935528  6.565282  0.328925  0.645560        -0.004470358   3.852381   1.590840   5.745283   0.180854
 4.067052  5.150510  7.935541  6.565309  0.328925  0.645560        -0.004464823   3.858008   1.591007   5.750254   0.179822
 4.066921  5.151719  7.935553  6.565334  0.328925  0.645560        -0.004459556   3.863349   1.591162   5.755221   0.178796
 4.066739  5.152918  7.935564  6.565358  0.328925  0.645560        -0.004454534   3.868455   1.591307   5.760198   0.177775
 4.066508  5.154110  7.935575  6.565380  0.328925  0.645560        -0.004449734   3.873391   1.591442   5.765198   0.176754
 4.066230  5.155288  7.935584  6.565400  0.328925  0.645560        -0.004445138   3.878104   1.591568   5.770188   0.175742
 4.065909  5.156456  7.935593  6.565419  0.328925  0.645560        -0.004440714   3.882615   1.591686   5.775183   0.174734
 4.065549  5.157614  7.935602  6.565437  0.328925  0.645560        -0.004436450   3.886875   1.591797   5.780176   0.173733
 4.065146  5.158762  7.935610  6.565454  0.328925  0.645560        -0.004432322   3.891029   1.591903   5.785169   0.172737
 4.064707  5.159901  7.935617  6.565471  0.328925  0.645560        -0.004428312   3.894972   1.592003   5.790165   0.171746
 4.064229  5.161031  7.935624  6.565486  0.328925  0.645560        -0.004424417   3.898794   1.592098   5.795162   0.170761
 4.063717  5.162149  7.935631  6.565501  0.328925  0.645560        -0.004420624   3.902470   1.592188   5.800145   0.169784
 4.063174  5.163258  7.935637  6.565515  0.328925  0.645560        -0.004416917   3.906016   1.592274   5.805125   0.168813
 4.062603  5.164360  7.935643  6.565528  0.328925  0.645560        -0.004413281   3.909427   1.592356   5.810102   0.167849
 4.062007  5.165454  7.935649  6.565541  0.328925  0.645560        -0.004409704   3.912733   1.592435   5.815077   0.166890
 4.061389  5.166537  7.935655  6.565553  0.328925  0.645560        -0.004406179   3.915932   1.592511   5.820028   0.165942
 4.060748  5.167620  7.935660  6.565565  0.328925  0.645560        -0.004402694   3.919030   1.592584   5.824997   0.164995
 4.060084  5.168699  7.935665  6.565576  0.328925  0.645560        -0.004399247   3.922027   1.592654   5.829977   0.164052
 4.059399  5.169765  7.935670  6.565587  0.328925  0.645560        -0.004395839   3.924854   1.592722   5.834928   0.163119
 4.058694  5.170828  7.935675  6.565598  0.328925  0.645560        -0.004392453   3.927676   1.592787   5.839885   0.162191
 4.057971  5.171886  7.935679  6.565608  0.328925  0.645560        -0.004389091   3.930349   1.592850   5.844841   0.161268
 4.057229  5.172939  7.935684  6.565618  0.328925  0.645560        -0.004385744   3.932971   1.592911   5.849794   0.160351
 4.056465  5.173864  7.935688  6.565627  0.328925  0.645560        -0.004382406   3.935526   1.592971   5.854258   0.159529
 4.055666  5.174942  7.935692  6.565637  0.328925  0.645560        -0.004378963   3.938083   1.593030   5.859370   0.158593
 4.054914  5.175927  7.935696  6.565646  0.328925  0.645560        -0.004375807   3.940359   1.593083   5.864060   0.157739
 4.054130  5.176902  7.935700  6.565654  0.328925  0.645560        -0.004372649   3.942569   1.593134   5.868744   0.156891
 4.053330  5.177875  7.935703  6.565662  0.328925  0.645560        -0.004369483   3.944713   1.593184   5.873435   0.156046
 4.052516  5.178845  7.935706  6.565671  0.328925  0.645560        -0.004366309   3.946790   1.593233   5.878129   0.155205
 4.051688  5.179808  7.935710  6.565678  0.328925  0.645560        -0.004363126   3.948799   1.593281   5.882811   0.154370
 4.050845  5.180770  7.935713  6.565686  0.328925  0.645560        -0.004359924   3.950748   1.593327   5.887501   0.153539
 4.049989  5.181730  7.935716  6.565694  0.328925  0.645560        -0.004356705   3.952629   1.593373   5.892198   0.152711
 4.049119  5.182685  7.935719  6.565701  0.328925  0.645560        -0.004353469   3.954433   1.593417   5.896887   0.151889
 4.048236  5.183635  7.935722  6.565708  0.328925  0.645560        -0.004350206   3.956130   1.593460   5.901572   0.151072
 4.047340  5.184584  7.935725  6.565715  0.328925  0.645560        -0.004346914   3.957739   1.593502   5.906263   0.150258
 4.046432  5.185528  7.935728  6.565722  0.328925  0.645560        -0.004343591   3.959348   1.593543   5.910948   0.149450
 4.045510  5.186472  7.935730  6.565729  0.328925  0.645560        -0.004340231   3.960901   1.593584   5.915645   0.148644
 4.044569  5.187406  7.935733  6.565736  0.328925  0.645560        -0.004336837   3.962383   1.593623   5.920323   0.147845
 4.043603  5.188334  7.935736  6.565742  0.328925  0.645560        -0.004333396   3.963801   1.593662   5.925001   0.147051
 4.042624  5.189261  7.935738  6.565749  0.328925  0.645560        -0.004329906   3.965148   1.593700   5.929687   0.146260
 4.041635  5.190181  7.935741  6.565755  0.328925  0.645560        -0.004326369   3.966417   1.593738   5.934355   0.145476
 4.040633  5.191100  7.935743  6.565762  0.328925  0.645560        -0.004322770   3.967625   1.593775   5.939034   0.144694
 4.039621  5.192016  7.935745  6.565768  0.328925  0.645560        -0.004319112   3.968758   1.593811   5.943709   0.143918
 4.038599  5.192929  7.935748  6.565774  0.328925  0.645560        -0.004315389   3.969814   1.593846   5.948384   0.143145
 4.037568  5.193837  7.935750  6.565780  0.328925  0.645560        -0.004311595   3.970796   1.593881   5.953045   0.142379
 4.036527  5.194742  7.935752  6.565787  0.328925  0.645560        -0.004307718   3.971654   1.593915   5.957708   0.141617
 4.035476  5.195646  7.935754  6.565793  0.328925  0.645560        -0.004303755   3.972468   1.593950   5.962374   0.140858
 4.034404  5.196540  7.935756  6.565799  0.328925  0.645560        -0.004299704   3.973199   1.593983   5.967023   0.140106
 4.033311  5.197426  7.935758  6.565805  0.328925  0.645560        -0.004295548   3.973841   1.594016   5.971659   0.139360
 4.032208  5.198313  7.935761  6.565811  0.328925  0.645560        -0.004291271   3.974405   1.594049   5.976311   0.138616
 4.031101  5.199196  7.935763  6.565817  0.328925  0.645560        -0.004286885   3.974869   1.594082   5.980951   0.137878
 4.029989  5.200073  7.935765  6.565823  0.328925  0.645560        -0.004282371   3.975247   1.594115   5.985571   0.137146
 4.028870  5.200949  7.935767  6.565830  0.328925  0.645560        -0.004277708   3.975523   1.594148   5.990191   0.136419
 4.027747  5.201823  7.935769  6.565836  0.328925  0.645560        -0.004272887   3.975630   1.594181   5.994813   0.135695
 4.026622  5.202693  7.935771  6.565842  0.328925  0.645560        -0.004267903   3.975703   1.594214   5.999416   0.134977
 4.025493  5.203559  7.935773  6.565849  0.328925  0.645560        -0.004262726   3.975667   1.594247   6.004011   0.134265
 4.024349  5.204419  7.935775  6.565856  0.328925  0.645560        -0.004257341   3.975506   1.594280   6.008594   0.133559
 4.023194  5.205273  7.935777  6.565862  0.328925  0.645560        -0.004251727   3.975214   1.594314   6.013166   0.132857
 4.022043  5.206124  7.935779  6.565870  0.328925  0.645560        -0.004245863   3.974790   1.594349   6.017719   0.132163
 4.020896  5.206974  7.935781  6.565877  0.328925  0.645560        -0.004239715   3.974231   1.594385   6.022264   0.131473
 4.019757  5.207822  7.935784  6.565885  0.328925  0.645560        -0.004233261   3.973513   1.594422   6.026799   0.130788
 4.018630  5.208672  7.935786  6.565893  0.328925  0.645560        -0.004226464   3.972657   1.594462   6.031324   0.130109
 4.017518  5.209519  7.935789  6.565902  0.328925  0.645560        -0.004219293   3.971651   1.594503   6.035827   0.129436
 4.016423  5.210369  7.935791  6.565911  0.328925  0.645560        -0.004211701   3.970484   1.594547   6.040320   0.128768
 4.015351  5.211223  7.935795  6.565921  0.328925  0.645560        -0.004203650   3.969066   1.594594   6.044806   0.128105
 4.014287  5.212072  7.935798  6.565932  0.328925  0.645560        -0.004195103   3.967494   1.594645   6.049269   0.127448
 4.013246  5.212927  7.935801  6.565943  0.328925  0.645560        -0.004186000   3.965836   1.594700   6.053728   0.126796
 4.012240  5.213789  7.935805  6.565956  0.328925  0.645560        -0.004176312   3.964033   1.594760   6.058182   0.126147
 4.011274  5.214663  7.935810  6.565969  0.328925  0.645560        -0.004166003   3.962101   1.594825   6.062644   0.125501
 4.010349  5.215547  7.935815  6.565984  0.328925  0.645560        -0.004155067   3.960057   1.594897   6.067105   0.124858
 4.009468  5.216447  7.935820  6.566000  0.328925  0.645560        -0.004143487   3.957931   1.594974   6.071588   0.124215
 4.008631  5.217366  7.935826  6.566018  0.328925  0.645560        -0.004131315   3.955689   1.595059   6.076098   0.123572
 4.007831  5.218303  7.935832  6.566036  0.328925  0.645560        -0.004118619   3.953512   1.595150   6.080649   0.122926
 4.007064  5.219258  7.935839  6.566056  0.328925  0.645560        -0.004105505   3.951377   1.595246   6.085234   0.122279
 4.006321  5.220228  7.935846  6.566076  0.328925  0.645560        -0.004092090   3.949310   1.595348   6.089858   0.121630
 4.005593  5.221212  7.935854  6.566097  0.328925  0.645560        -0.004078506   3.947263   1.595453   6.094520   0.120979
 4.004872  5.222205  7.935861  6.566119  0.328925  0.645560        -0.004064865   3.945361   1.595562   6.099216   0.120326
 4.004137  5.223203  7.935869  6.566141  0.328925  0.645560        -0.004051282   3.943653   1.595672   6.103942   0.119673
 4.003394  5.224199  7.935877  6.566162  0.328925  0.645560        -0.004037853   3.942063   1.595782   6.108667   0.119024
 4.002643  5.225196  7.935885  6.566184  0.328925  0.645560        -0.004024572   3.940607   1.595892   6.113409   0.118376
 4.001881  5.226191  7.935893  6.566205  0.328925  0.645560        -0.004011476   3.939198   1.596002   6.118150   0.117732
 4.001104  5.227185  7.935900  6.566227  0.328925  0.645560        -0.003998568   3.937934   1.596112   6.122902   0.117090
 4.000310  5.228173  7.935908  6.566248  0.328925  0.645560        -0.003985867   3.936619   1.596220   6.127647   0.116452
 3.999505  5.229155  7.935916  6.566269  0.328925  0.645560        -0.003973337   3.935410   1.596326   6.132379   0.115819
 3.998689  5.230132  7.935923  6.566290  0.328925  0.645560        -0.003960939   3.934335   1.596432   6.137106   0.115190
 3.997859  5.231106  7.935931  6.566310  0.328925  0.645560        -0.003948666   3.933314   1.596538   6.141834   0.114565
 3.997014  5.232076  7.935938  6.566331  0.328925  0.645560        -0.003936510   3.932262   1.596642   6.146555   0.113944
 3.996159  5.233040  7.935946  6.566351  0.328925  0.645560        -0.003924441   3.931302   1.596746   6.151268   0.113327
 3.995294  5.234001  7.935953  6.566371  0.328925  0.645560        -0.003912437   3.930363   1.596850   6.155977   0.112715
 3.994405  5.234956  7.935960  6.566391  0.328925  0.645560        -0.003900488   3.929439   1.596952   6.160685   0.112105
 3.993497  5.235903  7.935968  6.566411  0.328925  0.645560        -0.003888594   3.928332   1.597055   6.165380   0.111501
 3.992579  5.236847  7.935975  6.566431  0.328925  0.645560        -0.003876722   3.927401   1.597156   6.170075   0.110900
 3.991652  5.237790  7.935982  6.566451  0.328925  0.645560        -0.003864878   3.926489   1.597258   6.174772   0.110302
 3.990717  5.238728  7.935990  6.566471  0.328925  0.645560        -0.003853055   3.925582   1.597359   6.179463   0.109708
 3.989771  5.239663  7.935997  6.566491  0.328925  0.645560        -0.003841233   3.924591   1.597460   6.184146   0.109118
 3.988819  5.240594  7.936004  6.566510  0.328925  0.645560        -0.003829400   3.923659   1.597560   6.188823   0.108532
 3.987860  5.241524  7.936011  6.566530  0.328925  0.645560        -0.003817540   3.922728   1.597661   6.193502   0.107949
 3.986887  5.242449  7.936019  6.566550  0.328925  0.645560        -0.003805657   3.921776   1.597762   6.198177   0.107369
 3.985918  5.243374  7.936026  6.566570  0.328925  0.645560        -0.003793725   3.920806   1.597863   6.202845   0.106794
 3.984940  5.244297  7.936033  6.566590  0.328925  0.645560        -0.003781742   3.919548   1.597963   6.207513   0.106222
 3.983939  5.245212  7.936041  6.566610  0.328925  0.645560        -0.003769703   3.918522   1.598064   6.212174   0.105653
 3.982927  5.246122  7.936048  6.566631  0.328925  0.645560        -0.003757602   3.917500   1.598166   6.216829   0.105088
 3.981920  5.247034  7.936056  6.566651  0.328925  0.645560        -0.003745428   3.916463   1.598268   6.221483   0.104527
 3.980905  5.247948  7.936063  6.566672  0.328925  0.645560        -0.003733183   3.915343   1.598371   6.226155   0.103966
 3.979887  5.248860  7.936071  6.566692  0.328925  0.645560        -0.003720906   3.914290   1.598474   6.230821   0.103409
 3.978863  5.249769  7.936078  6.566713  0.328925  0.645560        -0.003708576   3.913224   1.598577   6.235480   0.102856
 3.977834  5.250675  7.936086  6.566734  0.328925  0.645560        -0.003696191   3.912136   1.598681   6.240133   0.102306
 3.976801  5.251581  7.936094  6.566755  0.328925  0.645560        -0.003683733   3.911043   1.598785   6.244791   0.101759
 3.975764  5.252485  7.936101  6.566776  0.328925  0.645560        -0.003671214   3.909842   1.598890   6.249443   0.101216
 3.974717  5.253390  7.936109  6.566797  0.328925  0.645560        -0.003658610   3.908717   1.598995   6.254107   0.100674
 3.973649  5.254284  7.936117  6.566818  0.328925  0.645560        -0.003645969   3.907309   1.599100   6.258756   0.100136
 3.972579  5.255179  7.936125  6.566840  0.328925  0.645560        -0.003633258   3.906133   1.599206   6.263405   0.099602
 3.971503  5.256069  7.936133  6.566861  0.328925  0.645560        -0.003620477   3.904961   1.599312   6.268039   0.099072
 3.970426  5.256963  7.936141  6.566883  0.328925  0.645560        -0.003607598   3.903714   1.599419   6.272693   0.098542
 3.969344  5.257854  7.936149  6.566905  0.328925  0.645560        -0.003594680   3.902531   1.599527   6.277340   0.098016
 3.968260  5.258746  7.936157  6.566927  0.328925  0.645560        -0.003581689   3.901343   1.599635   6.281992   0.097493
 3.967173  5.259635  7.936165  6.566949  0.328925  0.645560        -0.003568638   3.900100   1.599744   6.286634   0.096973
 3.966082  5.260523  7.936173  6.566972  0.328925  0.645560        -0.003555525   3.898894   1.599853   6.291278   0.096456
 3.964986  5.261409  7.936182  6.566994  0.328925  0.645560        -0.003542352   3.897671   1.599962   6.295916   0.095942
 3.963862  5.262284  7.936190  6.567017  0.328925  0.645560        -0.003529099   3.896386   1.600072   6.300542   0.095433
 3.962732  5.263163  7.936198  6.567039  0.328925  0.645560        -0.003515761   3.895144   1.600183   6.305187   0.094924
 3.961598  5.264041  7.936207  6.567062  0.328925  0.645560        -0.003502394   3.893648   1.600293   6.309832   0.094418
 3.960459  5.264914  7.936215  6.567085  0.328925  0.645560        -0.003488993   3.892204   1.600404   6.314465   0.093915
 3.959317  5.265785  7.936224  6.567108  0.328925  0.645560        -0.003475523   3.890922   1.600515   6.319088   0.093417
 3.958173  5.266654  7.936232  6.567132  0.328925  0.645560        -0.003461985   3.889593   1.600628   6.323711   0.092921
 3.957023  5.267523  7.936241  6.567155  0.328925  0.645560        -0.003448384   3.888317   1.600741   6.328335   0.092428
 3.955869  5.268391  7.936250  6.567179  0.328925  0.645560        -0.003434723   3.887029   1.600854   6.332961   0.091937
 3.954705  5.269254  7.936258  6.567202  0.328925  0.645560        -0.003420994   3.885681   1.600967   6.337576   0.091449
 3.953514  5.270111  7.936267  6.567226  0.328925  0.645560        -0.003407198   3.884380   1.601082   6.342197   0.090964
 3.952318  5.270966  7.936276  6.567250  0.328925  0.645560        -0.003393368   3.882991   1.601196   6.346813   0.090482
 3.951116  5.271816  7.936285  6.567274  0.328925  0.645560        -0.003379493   3.881664   1.601310   6.351413   0.090004
 3.949912  5.272663  7.936294  6.567298  0.328925  0.645560        -0.003365541   3.880330   1.601425   6.356006   0.089529
 3.948704  5.273511  7.936303  6.567322  0.328925  0.645560        -0.003351512   3.878816   1.601541   6.360607   0.089057
 3.947494  5.274359  7.936312  6.567347  0.328925  0.645560        -0.003337421   3.877437   1.601657   6.365207   0.088586
 3.946281  5.275202  7.936321  6.567372  0.328925  0.645560        -0.003323256   3.875965   1.601773   6.369793   0.088120
 3.945063  5.276045  7.936331  6.567396  0.328925  0.645560        -0.003309009   3.874598   1.601891   6.374384   0.087655
 3.943813  5.276879  7.936340  6.567421  0.328925  0.645560        -0.003294699   3.873221   1.602009   6.378970   0.087193
 3.942556  5.277711  7.936349  6.567446  0.328925  0.645560        -0.003280339   3.871834   1.602126   6.383555   0.086734
 3.941293  5.278536  7.936358  6.567472  0.328925  0.645560        -0.003265929   3.870334   1.602244   6.388119   0.086280
 3.940028  5.279363  7.936368  6.567497  0.328925  0.645560        -0.003251440   3.868732   1.602363   6.392690   0.085827
 3.938759  5.280190  7.936377  6.567523  0.328925  0.645560        -0.003236879   3.867284   1.602483   6.397266   0.085376
 3.937484  5.281014  7.936387  6.567548  0.328925  0.645560        -0.003222258   3.865851   1.602602   6.401838   0.084928
 3.936205  5.281833  7.936397  6.567574  0.328925  0.645560        -0.003207588   3.864300   1.602723   6.406395   0.084483
 3.934923  5.282651  7.936406  6.567600  0.328925  0.645560        -0.003192838   3.862884   1.602872   6.410949   0.084042
 3.933606  5.283461  7.936416  6.567626  0.328925  0.645560        -0.003178004   3.861466   1.602993   6.415504   0.083602
 3.932282  5.284268  7.936426  6.567652  0.328925  0.645560        -0.003163110   3.860071   1.603114   6.420057   0.083165
 3.930950  5.285071  7.936436  6.567679  0.328925  0.645560        -0.003148173   3.858554   1.603236   6.424599   0.082731
 3.929612  5.285873  7.936445  6.567705  0.328925  0.645560        -0.003133163   3.857222   1.603357   6.429149   0.082299
 3.928265  5.286674  7.936455  6.567731  0.328925  0.645560        -0.003118096   3.855621   1.603477   6.433696   0.081869
 3.926909  5.287469  7.936465  6.567758  0.328925  0.645560        -0.003102968   3.854139   1.603599   6.438236   0.081443
 3.925549  5.288260  7.936475  6.567784  0.328925  0.645560        -0.003087786   3.852535   1.603720   6.442759   0.081019
 3.924167  5.289046  7.936485  6.567811  0.328925  0.645560        -0.003072500   3.850995   1.603843   6.447284   0.080598
 3.922768  5.289827  7.936495  6.567838  0.328925  0.645560        -0.003057125   3.849425   1.603966   6.451807   0.080180
 3.921365  5.290605  7.936505  6.567865  0.328925  0.645560        -0.003041672   3.847752   1.604089   6.456324   0.079764
 3.919954  5.291383  7.936515  6.567893  0.328925  0.645560        -0.003026146   3.846129   1.604213   6.460843   0.079350
 3.918545  5.292159  7.936526  6.567920  0.328925  0.645560        -0.003010542   3.844295   1.604338   6.465356   0.078939
 3.917137  5.292934  7.936536  6.567948  0.328925  0.645560        -0.002994841   3.842512   1.604464   6.469865   0.078530
 3.915724  5.293709  7.936547  6.567976  0.328925  0.645560        -0.002979047   3.840835   1.604591   6.474379   0.078123
 3.914296  5.294475  7.936557  6.568004  0.328925  0.645560        -0.002963194   3.839153   1.604718   6.478869   0.077720
 3.912849  5.295239  7.936568  6.568033  0.328925  0.645560        -0.002947206   3.837381   1.604847   6.483375   0.077318
 3.911396  5.296003  7.936579  6.568062  0.328925  0.645560        -0.002931150   3.835695   1.604976   6.487881   0.076918
 3.909934  5.296764  7.936589  6.568090  0.328925  0.645560        -0.002915049   3.834007   1.605106   6.492387   0.076520
 3.908468  5.297521  7.936600  6.568119  0.328925  0.645560        -0.002898919   3.832218   1.605236   6.496882   0.076125
 3.906997  5.298279  7.936611  6.568149  0.328925  0.645560        -0.002882708   3.830324   1.605366   6.501387   0.075731
 3.905521  5.299035  7.936622  6.568178  0.328925  0.645560        -0.002866450   3.828567   1.605497   6.505884   0.075340
 3.904012  5.299780  7.936633  6.568207  0.328925  0.645560        -0.002850144   3.826837   1.605628   6.510375   0.074952
 3.902489  5.300520  7.936645  6.568237  0.328925  0.645560        -0.002833777   3.824901   1.605760   6.514859   0.074566
 3.900963  5.301261  7.936656  6.568267  0.328925  0.645560        -0.002817336   3.823153   1.605892   6.519346   0.074182
 3.899434  5.301998  7.936667  6.568297  0.328925  0.645560        -0.002800832   3.821412   1.606024   6.523823   0.073800
 3.897895  5.302735  7.936678  6.568327  0.328925  0.645560        -0.002784250   3.819576   1.606157   6.528311   0.073420
 3.896349  5.303466  7.936690  6.568357  0.328925  0.645560        -0.002767641   3.817829   1.606290   6.532782   0.073043
 3.894794  5.304197  7.936701  6.568387  0.328925  0.645560        -0.002750939   3.816037   1.606425   6.537260   0.072667
 3.893205  5.304917  7.936713  6.568418  0.328925  0.645560        -0.002734170   3.814156   1.606559   6.541731   0.072294
 3.891608  5.305637  7.936725  6.568448  0.328925  0.645560        -0.002717341   3.812363   1.606694   6.546205   0.071923
 3.890005  5.306352  7.936736  6.568479  0.328925  0.645560        -0.002700460   3.810559   1.606829   6.550669   0.071554
 3.888407  5.307064  7.936748  6.568510  0.328925  0.645560        -0.002683489   3.808666   1.606965   6.555115   0.071189
 3.886801  5.307779  7.936760  6.568541  0.328925  0.645560        -0.002666373   3.806842   1.607101   6.559580   0.070824
 3.885182  5.308493  7.936772  6.568573  0.328925  0.645560        -0.002649198   3.804977   1.607238   6.564055   0.070460
 3.883525  5.309193  7.936783  6.568604  0.328925  0.645560        -0.002632006   3.802814   1.607375   6.568516   0.070099
 3.881853  5.309888  7.936795  6.568636  0.328925  0.645560        -0.002614752   3.800912   1.607511   6.572965   0.069741
 3.880172  5.310582  7.936807  6.568668  0.328925  0.645560        -0.002597405   3.798913   1.607648   6.577421   0.069384
 3.878485  5.311273  7.936820  6.568700  0.328925  0.645560        -0.002580001   3.796993   1.607786   6.581873   0.069029
 3.876795  5.311960  7.936832  6.568732  0.328925  0.645560        -0.002562525   3.795055   1.607924   6.586311   0.068677
 3.875104  5.312648  7.936844  6.568764  0.328925  0.645560        -0.002544916   3.792984   1.608063   6.590755   0.068327
 3.873374  5.313325  7.936856  6.568796  0.328925  0.645560        -0.002527211   3.790995   1.608202   6.595193   0.067979
 3.871636  5.314003  7.936869  6.568829  0.328925  0.645560        -0.002509406   3.788886   1.608342   6.599641   0.067631
 3.869896  5.314676  7.936881  6.568862  0.328925  0.645560        -0.002491545   3.786704   1.608483   6.604073   0.067287
 3.868150  5.315349  7.936894  6.568895  0.328925  0.645560        -0.002473564   3.784665   1.608624   6.608514   0.066944
 3.866399  5.316020  7.936906  6.568929  0.328925  0.645560        -0.002455515   3.782640   1.608765   6.612948   0.066603
 3.864630  5.316689  7.936919  6.568962  0.328925  0.645560        -0.002437369   3.780450   1.608908   6.617394   0.066263
 3.862829  5.317345  7.936932  6.568996  0.328925  0.645560        -0.002419186   3.778366   1.609050   6.621818   0.065926
 3.861014  5.317999  7.936945  6.569030  0.328925  0.645560        -0.002400884   3.776299   1.609194   6.626247   0.065591
 3.859200  5.318654  7.936958  6.569064  0.328925  0.645560        -0.002382496   3.774228   1.609338   6.630683   0.065257
 3.857363  5.319304  7.936971  6.569098  0.328925  0.645560        -0.002364058   3.772040   1.609482   6.635118   0.064925
 3.855534  5.319952  7.936984  6.569132  0.328925  0.645560        -0.002345563   3.769933   1.609626   6.639541   0.064595
 3.853665  5.320593  7.936997  6.569167  0.328925  0.645560        -0.002326961   3.767691   1.609770   6.643973   0.064266
 3.851775  5.321228  7.937010  6.569201  0.328925  0.645560        -0.002308312   3.765536   1.609915   6.648402   0.063939
 3.849878  5.321860  7.937023  6.569236  0.328925  0.645560        -0.002289610   3.763299   1.610061   6.652828   0.063614
 3.847980  5.322488  7.937037  6.569271  0.328925  0.645560        -0.002270836   3.761117   1.610206   6.657240   0.063292
 3.846078  5.323117  7.937050  6.569306  0.328925  0.645560        -0.002251939   3.758582   1.610352   6.661654   0.062971
 3.844146  5.323739  7.937063  6.569342  0.328925  0.645560        -0.002232940   3.756325   1.610500   6.666078   0.062651
 3.842179  5.324353  7.937077  6.569377  0.328925  0.645560        -0.002213887   3.753983   1.610647   6.670501   0.062333
 3.840215  5.324962  7.937091  6.569413  0.328925  0.645560        -0.002194779   3.751698   1.610795   6.674901   0.062018
 3.838248  5.325571  7.937104  6.569449  0.328925  0.645560        -0.002175524   3.749346   1.610943   6.679300   0.061705
 3.836271  5.326181  7.937118  6.569485  0.328925  0.645560        -0.002156126   3.747044   1.611092   6.683721   0.061391
 3.834266  5.326785  7.937132  6.569521  0.328925  0.645560        -0.002136687   3.744665   1.611242   6.688139   0.061080
 3.832231  5.327375  7.937146  6.569558  0.328925  0.645560        -0.002117196   3.742345   1.611391   6.692536   0.060772
 3.830193  5.327966  7.937160  6.569594  0.328925  0.645560        -0.002097565   3.739885   1.611542   6.696939   0.060464
 3.828147  5.328558  7.937174  6.569631  0.328925  0.645560        -0.002077835   3.737485   1.611693   6.701350   0.060158
 3.826089  5.329147  7.937188  6.569668  0.328925  0.645560        -0.002058043   3.734999   1.611844   6.705765   0.059853
 3.824000  5.329726  7.937202  6.569706  0.328925  0.645560        -0.002038208   3.732589   1.611995   6.710172   0.059550
 3.821893  5.330295  7.937216  6.569743  0.328925  0.645560        -0.002018301   3.729861   1.612147   6.714552   0.059251
 3.819775  5.330866  7.937231  6.569781  0.328925  0.645560        -0.001998209   3.727299   1.612300   6.718955   0.058951
 3.817644  5.331434  7.937245  6.569818  0.328925  0.645560        -0.001978048   3.724719   1.612452   6.723361   0.058653
 3.815504  5.331999  7.937260  6.569856  0.328925  0.645560        -0.001957826   3.722163   1.612606   6.727758   0.058357
 3.813336  5.332553  7.937274  6.569895  0.328925  0.645560        -0.001937500   3.719502   1.612760   6.732143   0.058063
 3.811147  5.333106  7.937289  6.569933  0.328925  0.645560        -0.001917037   3.716917   1.612915   6.736543   0.057769
 3.808942  5.333652  7.937304  6.569972  0.328925  0.645560        -0.001896505   3.714314   1.613070   6.740933   0.057478
 3.806733  5.334202  7.937318  6.570010  0.328925  0.645560        -0.001875861   3.711515   1.613225   6.745340   0.057187
 3.804514  5.334743  7.937333  6.570049  0.328925  0.645560        -0.001855187   3.708869   1.613381   6.749723   0.056899
 3.802245  5.335273  7.937348  6.570088  0.328925  0.645560        -0.001834375   3.706089   1.613536   6.754114   0.056612
 3.799968  5.335803  7.937363  6.570128  0.328925  0.645560        -0.001813478   3.703344   1.613693   6.758510   0.056327
 3.797687  5.336331  7.937378  6.570167  0.328925  0.645560        -0.001792520   3.700611   1.613849   6.762902   0.056043
 3.795407  5.336855  7.937393  6.570206  0.328925  0.645560        -0.001771480   3.697751   1.614006   6.767281   0.055761
 3.793073  5.337369  7.937408  6.570246  0.328925  0.645560        -0.001750301   3.694848   1.614164   6.771672   0.055480
 3.790717  5.337878  7.937424  6.570286  0.328925  0.645560        -0.001729056   3.692069   1.614322   6.776062   0.055200
 3.788356  5.338384  7.937439  6.570326  0.328925  0.645560        -0.001707742   3.689189   1.614480   6.780448   0.054922
 3.785994  5.338888  7.937454  6.570367  0.328925  0.645560        -0.001686335   3.686300   1.614639   6.784824   0.054646
 3.783593  5.339385  7.937470  6.570407  0.328925  0.645560        -0.001664799   3.683335   1.614799   6.789212   0.054370
 3.781157  5.339873  7.937485  6.570448  0.328925  0.645560        -0.001643196   3.680305   1.614960   6.793602   0.054096
 3.778717  5.340358  7.937501  6.570489  0.328925  0.645560        -0.001621544   3.677296   1.615120   6.797983   0.053824
 3.776278  5.340841  7.937517  6.570530  0.328925  0.645560        -0.001599793   3.674246   1.615282   6.802354   0.053554
 3.773799  5.341317  7.937533  6.570572  0.328925  0.645560        -0.001577905   3.671285   1.615444   6.806736   0.053285
 3.771280  5.341782  7.937548  6.570613  0.328925  0.645560        -0.001555935   3.668291   1.615605   6.811116   0.053017
 3.768752  5.342246  7.937564  6.570655  0.328925  0.645560        -0.001533881   3.665211   1.615767   6.815499   0.052750
 3.766231  5.342707  7.937580  6.570697  0.328925  0.645560        -0.001511759   3.661877   1.615930   6.819865   0.052485
 3.763672  5.343162  7.937596  6.570739  0.328925  0.645560        -0.001489488   3.658746   1.616094   6.824242   0.052221
 3.761074  5.343607  7.937613  6.570781  0.328925  0.645560        -0.001467129   3.655507   1.616258   6.828620   0.051959
 3.758463  5.344049  7.937629  6.570824  0.328925  0.645560        -0.001444699   3.652343   1.616423   6.833000   0.051697
 3.755854  5.344488  7.937645  6.570866  0.328925  0.645560        -0.001422198   3.649046   1.616588   6.837365   0.051438
 3.753199  5.344916  7.937662  6.570909  0.328925  0.645560        -0.001399555   3.645840   1.616754   6.841732   0.051180
 3.750519  5.345339  7.937678  6.570953  0.328925  0.645560        -0.001376793   3.642384   1.616920   6.846105   0.050923
 3.747829  5.345762  7.937695  6.570996  0.328925  0.645560        -0.001353948   3.638962   1.617089   6.850485   0.050667
 3.745127  5.346180  7.937711  6.571040  0.328925  0.645560        -0.001331047   3.635618   1.617256   6.854861   0.050413
 3.742374  5.346581  7.937728  6.571084  0.328925  0.645560        -0.001308078   3.632179   1.617424   6.859215   0.050160
 3.739612  5.346981  7.937745  6.571128  0.328925  0.645560        -0.001284938   3.628783   1.617593   6.863580   0.049909
 3.736832  5.347380  7.937762  6.571172  0.328925  0.645560        -0.001261682   3.625292   1.617763   6.867956   0.049658
 3.734017  5.347771  7.937779  6.571217  0.328925  0.645560        -0.001238372   3.621787   1.617933   6.872332   0.049409
 3.731168  5.348145  7.937796  6.571261  0.328925  0.645560        -0.001215004   3.618266   1.618102   6.876679   0.049162
 3.728316  5.348524  7.937813  6.571306  0.328925  0.645560        -0.001191436   3.614554   1.618244   6.881046   0.048915
 3.725459  5.348901  7.937831  6.571351  0.328925  0.645560        -0.001167780   3.610921   1.618417   6.885413   0.048670
 3.722532  5.349263  7.937848  6.571397  0.328925  0.645560        -0.001144031   3.607277   1.618590   6.889787   0.048426
 3.719584  5.349619  7.937866  6.571443  0.328925  0.645560        -0.001120234   3.603298   1.618763   6.894157   0.048183
 3.716651  5.349972  7.937883  6.571489  0.328925  0.645560        -0.001096379   3.599554   1.618937   6.898503   0.047942
 3.713671  5.350318  7.937901  6.571535  0.328925  0.645560        -0.001072324   3.595708   1.619112   6.902870   0.047702
 3.710637  5.350652  7.937919  6.571581  0.328925  0.645560        -0.001048197   3.591920   1.619287   6.907239   0.047462
 3.707598  5.350982  7.937937  6.571628  0.328925  0.645560        -0.001024009   3.588040   1.619462   6.911598   0.047225
 3.704567  5.351311  7.937955  6.571675  0.328925  0.645560        -0.000999711   3.584080   1.619639   6.915942   0.046989
 3.701463  5.351626  7.937973  6.571722  0.328925  0.645560        -0.000975221   3.580044   1.619817   6.920309   0.046754
 3.698345  5.351939  7.937991  6.571769  0.328925  0.645560        -0.000950672   3.575979   1.619996   6.924679   0.046519
 3.695217  5.352249  7.938009  6.571817  0.328925  0.645560        -0.000926083   3.571751   1.620175   6.929045   0.046286
 3.692022  5.352539  7.938028  6.571865  0.328925  0.645560        -0.000901432   3.567601   1.620354   6.933400   0.046054
 3.688832  5.352827  7.938046  6.571912  0.328925  0.645560        -0.000876669   3.563511   1.620534   6.937743   0.045824
 3.685623  5.353116  7.938065  6.571961  0.328925  0.645560        -0.000851716   3.559315   1.620716   6.942107   0.045595
 3.682342  5.353386  7.938083  6.572009  0.328925  0.645560        -0.000826698   3.555120   1.620897   6.946467   0.045367
 3.679046  5.353651  7.938102  6.572058  0.328925  0.645560        -0.000801597   3.550719   1.621079   6.950825   0.045139
 3.675749  5.353916  7.938121  6.572107  0.328925  0.645560        -0.000776407   3.546371   1.621262   6.955182   0.044914
 3.672409  5.354166  7.938140  6.572156  0.328925  0.645560        -0.000751123   3.541909   1.621446   6.959523   0.044690
 3.669023  5.354410  7.938159  6.572206  0.328925  0.645560        -0.000725656   3.537490   1.621631   6.963883   0.044466
 3.665641  5.354654  7.938178  6.572256  0.328925  0.645560        -0.000700118   3.532807   1.621817   6.968243   0.044243
 3.662177  5.354879  7.938198  6.572306  0.328925  0.645560        -0.000674514   3.528200   1.622003   6.972605   0.044022
 3.658703  5.355095  7.938217  6.572356  0.328925  0.645560        -0.000648864   3.523646   1.622189   6.976942   0.043802
 3.655226  5.355314  7.938236  6.572406  0.328925  0.645560        -0.000623015   3.518991   1.622376   6.981298   0.043583
 3.651673  5.355513  7.938256  6.572457  0.328925  0.645560        -0.000597082   3.514283   1.622564   6.985647   0.043366
 3.648108  5.355711  7.938275  6.572508  0.328925  0.645560        -0.000571027   3.509385   1.622753   6.990004   0.043149
 3.644528  5.355906  7.938295  6.572559  0.328925  0.645560        -0.000544900   3.504507   1.622943   6.994361   0.042933
 3.640889  5.356081  7.938315  6.572610  0.328925  0.645560        -0.000518708   3.499567   1.623134   6.998703   0.042719
 3.637235  5.356257  7.938335  6.572662  0.328925  0.645560        -0.000492356   3.494575   1.623325   7.003060   0.042505
 3.633541  5.356422  7.938355  6.572714  0.328925  0.645560        -0.000465945   3.489589   1.623517   7.007413   0.042292
 3.629792  5.356572  7.938375  6.572766  0.328925  0.645560        -0.000439452   3.484287   1.623710   7.011763   0.042081
 3.626032  5.356720  7.938395  6.572818  0.328925  0.645560        -0.000412861   3.479171   1.623903   7.016116   0.041871
 3.622226  5.356852  7.938415  6.572871  0.328925  0.645560        -0.000386182   3.473967   1.624096   7.020450   0.041662
 3.618391  5.356980  7.938436  6.572924  0.328925  0.645560        -0.000359306   3.468696   1.624291   7.024795   0.041454
 3.614529  5.357102  7.938456  6.572977  0.328925  0.645560        -0.000332307   3.463385   1.624486   7.029146   0.041247
 3.610593  5.357205  7.938477  6.573030  0.328925  0.645560        -0.000305222   3.457870   1.624683   7.033494   0.041041
 3.606654  5.357308  7.938498  6.573084  0.328925  0.645560        -0.000278039   3.452325   1.624881   7.037845   0.040836
 3.602697  5.357401  7.938519  6.573138  0.328925  0.645560        -0.000250777   3.446760   1.625079   7.042172   0.040633
 3.598674  5.357484  7.938540  6.573192  0.328925  0.645560        -0.000223284   3.441101   1.625280   7.046528   0.040430
 3.594638  5.357563  7.938561  6.573247  0.328925  0.645560        -0.000195746   3.435151   1.625480   7.050880   0.040228
 3.590507  5.357618  7.938582  6.573302  0.328925  0.645560        -0.000168145   3.429377   1.625682   7.055231   0.040027
 3.586372  5.357670  7.938603  6.573357  0.328925  0.645560        -0.000140471   3.423518   1.625883   7.059577   0.039827
 3.582185  5.357708  7.938625  6.573412  0.328925  0.645560        -0.000112698   3.417619   1.626086   7.063913   0.039629
 3.577987  5.357740  7.938646  6.573467  0.328925  0.645560        -0.000084759   3.411628   1.626290   7.068242   0.039432
 3.573747  5.357766  7.938668  6.573523  0.328925  0.645560        -0.000056613   3.405519   1.626494   7.072585   0.039235
 3.569432  5.357774  7.938690  6.573580  0.328925  0.645560        -0.000028352   3.399385   1.626701   7.076931   0.039039
 3.565114  5.357781  7.938711  6.573636  0.328925  0.645560         0.000000000   3.393028   1.626907   7.081278   0.038845
 3.560710  5.357766  7.938733  6.573693  0.328925  0.645560         0.000028437   3.386612   1.627115   7.085620   0.038651
 3.556301  5.357749  7.938756  6.573750  0.328925  0.645560         0.000056990   3.380142   1.627323   7.089964   0.038458
 3.551846  5.357718  7.938778  6.573807  0.328925  0.645560         0.000085644   3.373589   1.627533   7.094291   0.038267
 3.547342  5.357679  7.938800  6.573865  0.328925  0.645560         0.000114503   3.366943   1.627744   7.098640   0.038076
 3.542785  5.357626  7.938822  6.573922  0.328925  0.645560         0.000143424   3.360214   1.627955   7.102985   0.037886
 3.538185  5.357560  7.938845  6.573981  0.328925  0.645560         0.000172436   3.353122   1.628167   7.107323   0.037697
 3.533550  5.357487  7.938868  6.574039  0.328925  0.645560         0.000201582   3.346161   1.628381   7.111663   0.037509
 3.528839  5.357394  7.938890  6.574098  0.328925  0.645560         0.000230843   3.339152   1.628595   7.116004   0.037322
 3.524140  5.357298  7.938913  6.574157  0.328925  0.645560         0.000260210   3.332045   1.628810   7.120318   0.037137
 3.519345  5.357185  7.938936  6.574216  0.328925  0.645560         0.000289874   3.324803   1.629027   7.124660   0.036952
 3.514537  5.357069  7.938960  6.574276  0.328925  0.645560         0.000319638   3.317352   1.629245   7.129004   0.036768
 3.509627  5.356925  7.938983  6.574336  0.328925  0.645560         0.000349484   3.309893   1.629463   7.133341   0.036585
 3.504717  5.356783  7.939006  6.574396  0.328925  0.645560         0.000379459   3.302432   1.629684   7.137680   0.036402
 3.499717  5.356616  7.939030  6.574457  0.328925  0.645560         0.000409551   3.294619   1.629903   7.142013   0.036221
 3.494757  5.356456  7.939053  6.574518  0.328925  0.645560         0.000439804   3.286746   1.630125   7.146332   0.036042
 3.489679  5.356271  7.939077  6.574579  0.328925  0.645560         0.000470310   3.278759   1.630348   7.150673   0.035862
 3.484584  5.356083  7.939101  6.574641  0.328925  0.645560         0.000500911   3.270686   1.630572   7.155016   0.035683
 3.479377  5.355866  7.939125  6.574702  0.328925  0.645560         0.000531587   3.262499   1.630797   7.159354   0.035505
 3.474159  5.355645  7.939149  6.574764  0.328925  0.645560         0.000562379   3.254281   1.631022   7.163688   0.035328
 3.468848  5.355402  7.939173  6.574827  0.328925  0.645560         0.000593314   3.245664   1.631249   7.168026   0.035152
 3.463558  5.355158  7.939197  6.574889  0.328925  0.645560         0.000624359   3.237103   1.631441   7.172341   0.034978
 3.458168  5.354894  7.939222  6.574952  0.328925  0.645560         0.000655684   3.228386   1.631671   7.176676   0.034804
 3.452726  5.354618  7.939247  6.575016  0.328925  0.645560         0.000687135   3.219658   1.631900   7.181012   0.034631
 3.447224  5.354325  7.939271  6.575079  0.328925  0.645560         0.000718710   3.210728   1.632131   7.185343   0.034459
 3.441663  5.354016  7.939296  6.575143  0.328925  0.645560         0.000750448   3.201689   1.632362   7.189669   0.034287
 3.436064  5.353698  7.939321  6.575207  0.328925  0.645560         0.000782375   3.192486   1.632594   7.193996   0.034117
 3.430386  5.353359  7.939346  6.575272  0.328925  0.645560         0.000814490   3.183140   1.632828   7.198319   0.033948
 3.424684  5.353016  7.939371  6.575337  0.328925  0.645560         0.000846822   3.173625   1.633064   7.202647   0.033779
 3.418904  5.352649  7.939396  6.575402  0.328925  0.645560         0.000879331   3.163956   1.633300   7.206961   0.033612
 3.413079  5.352276  7.939422  6.575468  0.328925  0.645560         0.000912123   3.153863   1.633538   7.211291   0.033444
 3.407174  5.351881  7.939447  6.575534  0.328925  0.645560         0.000945074   3.143970   1.633777   7.215618   0.033278
 3.401201  5.351469  7.939473  6.575600  0.328925  0.645560         0.000978207   3.133788   1.634016   7.219943   0.033113
 3.395202  5.351050  7.939499  6.575667  0.328925  0.645560         0.001011537   3.123494   1.634257   7.224265   0.032949
 3.389092  5.350603  7.939525  6.575734  0.328925  0.645560         0.001045088   3.112869   1.634499   7.228587   0.032785
 3.382957  5.350150  7.939551  6.575802  0.328925  0.645560         0.001078855   3.102114   1.634744   7.232911   0.032622
 3.376750  5.349679  7.939577  6.575870  0.328925  0.645560         0.001112828   3.091210   1.634989   7.237233   0.032460
 3.370498  5.349193  7.939603  6.575938  0.328925  0.645560         0.001147018   3.080141   1.635235   7.241542   0.032300
 3.364175  5.348694  7.939630  6.576007  0.328925  0.645560         0.001181530   3.068801   1.635484   7.245867   0.032139
 3.357740  5.348166  7.939656  6.576076  0.328925  0.645560         0.001216238   3.057575   1.635732   7.250190   0.031980
 3.351267  5.347627  7.939683  6.576146  0.328925  0.645560         0.001251156   3.045950   1.635983   7.254509   0.031821
 3.344744  5.347076  7.939710  6.576216  0.328925  0.645560         0.001286323   3.033920   1.636234   7.258827   0.031663
 3.338114  5.346497  7.939737  6.576286  0.328925  0.645560         0.001321739   3.021781   1.636487   7.263141   0.031506
 3.331433  5.345905  7.939764  6.576357  0.328925  0.645560         0.001357436   3.009506   1.636741   7.267455   0.031350
 3.324705  5.345302  7.939792  6.576428  0.328925  0.645560         0.001393419   2.997133   1.636996   7.271768   0.031195
 3.317861  5.344668  7.939819  6.576499  0.328925  0.645560         0.001429702   2.984572   1.637252   7.276079   0.031041
 3.310997  5.344027  7.939846  6.576571  0.328925  0.645560         0.001466295   2.971821   1.637509   7.280376   0.030887
 3.304064  5.343371  7.939874  6.576643  0.328925  0.645560         0.001503321   2.958821   1.637768   7.284687   0.030734
 3.297018  5.342687  7.939902  6.576716  0.328925  0.645560         0.001540662   2.945965   1.638028   7.288998   0.030582
 3.289892  5.341983  7.939930  6.576790  0.328925  0.645560         0.001578320   2.932639   1.638290   7.293305   0.030431
 3.282712  5.341263  7.939958  6.576863  0.328925  0.645560         0.001616333   2.919110   1.638552   7.297608   0.030281
 3.275462  5.340526  7.939986  6.576937  0.328925  0.645560         0.001654736   2.905379   1.638816   7.301910   0.030131
 3.268105  5.339762  7.940014  6.577012  0.328925  0.645560         0.001693543   2.891425   1.639081   7.306209   0.029982
 3.260687  5.338982  7.940043  6.577087  0.328925  0.645560         0.001732788   2.876916   1.639347   7.310506   0.029834
 3.253208  5.338186  7.940071  6.577163  0.328925  0.645560         0.001772479   2.862517   1.639616   7.314803   0.029687
 3.245658  5.337372  7.940100  6.577239  0.328925  0.645560         0.001812633   2.847933   1.639885   7.319095   0.029541
 3.238034  5.336536  7.940129  6.577316  0.328925  0.645560         0.001853298   2.833141   1.640157   7.323378   0.029395
 3.230317  5.335681  7.940158  6.577394  0.328925  0.645560         0.001894567   2.818102   1.640430   7.327675   0.029250
 3.222524  5.334807  7.940188  6.577472  0.328925  0.645560         0.001936307   2.802921   1.640705   7.331969   0.029106
 3.214659  5.333913  7.940217  6.577551  0.328925  0.645560         0.001978549   2.787351   1.640940   7.336259   0.028963
 3.206688  5.332991  7.940246  6.577630  0.328925  0.645560         0.002021344   2.771786   1.641217   7.340544   0.028820
 3.198633  5.332049  7.940276  6.577710  0.328925  0.645560         0.002064747   2.755855   1.641496   7.344828   0.028678
 3.190503  5.331087  7.940306  6.577791  0.328925  0.645560         0.002108772   2.739868   1.641777   7.349112   0.028537
 3.182304  5.330106  7.940336  6.577872  0.328925  0.645560         0.002153429   2.723580   1.642057   7.353388   0.028397
 3.174017  5.329105  7.940366  6.577953  0.328925  0.645560         0.002198805   2.707123   1.642341   7.357668   0.028258
 3.165637  5.328078  7.940396  6.578036  0.328925  0.645560         0.002244877   2.690486   1.642626   7.361944   0.028119
 3.157165  5.327028  7.940427  6.578119  0.328925  0.645560         0.002291694   2.673227   1.642912   7.366215   0.027981
 3.148606  5.325957  7.940457  6.578203  0.328925  0.645560         0.002339322   2.656092   1.643201   7.370487   0.027844
 3.140007  5.324871  7.940488  6.578288  0.328925  0.645560         0.002387760   2.638750   1.643491   7.374745   0.027707
 3.131294  5.323761  7.940519  6.578374  0.328925  0.645560         0.002437179   2.621143   1.643784   7.379018   0.027571
 3.122502  5.322630  7.940550  6.578461  0.328925  0.645560         0.002487435   2.603312   1.644078   7.383283   0.027436
 3.113614  5.321474  7.940582  6.578548  0.328925  0.645560         0.002538618   2.585240   1.644374   7.387549   0.027302
 3.104636  5.320295  7.940613  6.578636  0.328925  0.645560         0.002590742   2.566911   1.644671   7.391811   0.027168
 3.095554  5.319090  7.940645  6.578725  0.328925  0.645560         0.002643870   2.548312   1.644970   7.396071   0.027035
 3.086393  5.317863  7.940676  6.578815  0.328925  0.645560         0.002698051   2.529453   1.645271   7.400325   0.026903
 3.077128  5.316611  7.940708  6.578906  0.328925  0.645560         0.002753373   2.510311   1.645574   7.404582   0.026772
 3.067771  5.315335  7.940740  6.578998  0.328925  0.645560         0.002809821   2.490910   1.645879   7.408837   0.026641
 3.058330  5.314038  7.940773  6.579091  0.328925  0.645560         0.002867453   2.471252   1.646185   7.413087   0.026511
 3.048790  5.312715  7.940805  6.579185  0.328925  0.645560         0.002926352   2.451322   1.646494   7.417337   0.026382
 3.039155  5.311368  7.940838  6.579280  0.328925  0.645560         0.002986534   2.430567   1.646805   7.421586   0.026253
 3.029433  5.309999  7.940870  6.579376  0.328925  0.645560         0.003048063   2.409971   1.647117   7.425829   0.026125
 3.019608  5.308604  7.940903  6.579473  0.328925  0.645560         0.003111037   2.389077   1.647431   7.430073   0.025998
 3.009775  5.307197  7.940936  6.579570  0.328925  0.645560         0.003174948   2.368099   1.647744   7.434277   0.025872
 3.000041  5.305795  7.940968  6.579667  0.328925  0.645560         0.003239330   2.347183   1.648054   7.438407   0.025749
 2.990346  5.304389  7.941000  6.579763  0.328925  0.645560         0.003304201   2.326348   1.648361   7.442477   0.025629
 2.980689  5.302977  7.941031  6.579859  0.328925  0.645560         0.003369610   2.305566   1.648665   7.446486   0.025511
 2.971080  5.301562  7.941062  6.579955  0.328925  0.645560         0.003435600   2.284817   1.648966   7.450436   0.025395
 2.961524  5.300146  7.941093  6.580050  0.328925  0.645560         0.003502143   2.264150   1.649265   7.454325   0.025282
 2.951997  5.298724  7.941123  6.580145  0.328925  0.645560         0.003569413   2.243513   1.649562   7.458165   0.025170
 2.942512  5.297300  7.941154  6.580240  0.328925  0.645560         0.003637417   2.222913   1.649807   7.461954   0.025061
 2.933061  5.295872  7.941184  6.580335  0.328925  0.645560         0.003706185   2.202322   1.650099   7.465693   0.024953
 2.923664  5.294444  7.941213  6.580430  0.328925  0.645560         0.003775654   2.181790   1.650387   7.469379   0.024847
 2.914292  5.293010  7.941242  6.580525  0.328925  0.645560         0.003845953   2.161261   1.650673   7.473016   0.024743
 2.904967  5.291575  7.941271  6.580619  0.328925  0.645560         0.003916978   2.140792   1.650957   7.476600   0.024642
 2.895678  5.290138  7.941299  6.580713  0.328925  0.645560         0.003988875   2.120354   1.651239   7.480140   0.024541
 2.886430  5.288701  7.941328  6.580808  0.328925  0.645560         0.004061674   2.099933   1.651519   7.483639   0.024443
 2.877215  5.287261  7.941356  6.580902  0.328925  0.645560         0.004135370   2.079531   1.651797   7.487095   0.024346
 2.868040  5.285820  7.941383  6.580996  0.328925  0.645560         0.004209939   2.059179   1.652072   7.490507   0.024250
 2.858899  5.284378  7.941411  6.581090  0.328925  0.645560         0.004285511   2.037838   1.652346   7.493880   0.024156
 2.849809  5.282938  7.941438  6.581185  0.328925  0.645560         0.004361983   2.017389   1.652618   7.497209   0.024064
 2.840739  5.281494  7.941464  6.581279  0.328925  0.645560         0.004439545   1.997049   1.652889   7.500505   0.023973
 2.830074  5.279788  7.941496  6.581390  0.328925  0.645560         0.004532619   1.973098   1.653205   7.504346   0.023867
 2.818279  5.277891  7.941530  6.581514  0.328925  0.645560         0.004637904   1.946555   1.653553   7.508554   0.023752
 2.806401  5.275972  7.941564  6.581640  0.328925  0.645560         0.004746523   1.919739   1.653902   7.512753   0.023637
 2.794413  5.274024  7.941597  6.581767  0.328925  0.645560         0.004858811   1.892549   1.654252   7.516948   0.023523
 2.782260  5.272035  7.941631  6.581897  0.328925  0.645560         0.004975010   1.864989   1.654602   7.521146   0.023410
 2.770011  5.270021  7.941664  6.582028  0.328925  0.645560         0.005095175   1.837089   1.654954   7.525339   0.023297
 2.757705  5.267990  7.941698  6.582162  0.328925  0.645560         0.005219574   1.808859   1.655308   7.529523   0.023185
 2.745247  5.265924  7.941731  6.582297  0.328925  0.645560         0.005348637   1.780184   1.655663   7.533717   0.023073
 2.732626  5.263816  7.941763  6.582435  0.328925  0.645560         0.005482202   1.751230   1.656017   7.537905   0.022962
 2.719893  5.261679  7.941796  6.582575  0.328925  0.645560         0.005620629   1.721832   1.656315   7.542089   0.022852
 2.707054  5.259514  7.941827  6.582717  0.328925  0.645560         0.005764229   1.692156   1.656669   7.546269   0.022742
 2.694091  5.257318  7.941859  6.582861  0.328925  0.645560         0.005913323   1.662007   1.657022   7.550448   0.022633
 2.680991  5.255087  7.941889  6.583008  0.328925  0.645560         0.006068162   1.631469   1.657372   7.554624   0.022525
 2.667786  5.252830  7.941920  6.583157  0.328925  0.645560         0.006229097   1.600661   1.657723   7.558799   0.022417
 2.654474  5.250545  7.941949  6.583308  0.328925  0.645560         0.006396376   1.567978   1.658073   7.562973   0.022309
 2.640993  5.248218  7.941978  6.583463  0.328925  0.645560         0.006570301   1.536131   1.658421   7.567145   0.022202
 2.627419  5.245866  7.942006  6.583619  0.328925  0.645560         0.006751235   1.504028   1.658767   7.571313   0.022096
 2.613715  5.243482  7.942034  6.583779  0.328925  0.645560         0.006939629   1.471491   1.659110   7.575479   0.021990
 2.599846  5.241056  7.942060  6.583941  0.328925  0.645560         0.007135871   1.437962   1.659449   7.579644   0.021885
 2.585876  5.238603  7.942085  6.584106  0.328925  0.645560         0.007340329   1.404756   1.659787   7.583805   0.021780
 2.571760  5.236114  7.942109  6.584274  0.328925  0.645560         0.007553526   1.371233   1.660119   7.587963   0.021676
 2.557512  5.233592  7.942132  6.584445  0.328925  0.645560         0.007775998   1.337377   1.660448   7.592123   0.021573
 2.543139  5.231038  7.942153  6.584620  0.328925  0.645560         0.008008051   1.303389   1.660774   7.596278   0.021470
 2.528618  5.228446  7.942174  6.584798  0.328925  0.645560         0.008250359   1.268946   1.661095   7.600431   0.021367
 2.513987  5.225826  7.942193  6.584979  0.328925  0.645560         0.008503463   1.234193   1.661343   7.604583   0.021266
 2.493035  5.222323  7.941813  6.585437  0.328925  0.645560         0.008563065   0.935987   1.660040   7.611525   0.021096
 2.477958  5.219587  7.941830  6.585625  0.328925  0.645560         0.008836004   0.901728   1.660344   7.615655   0.020996
 2.462762  5.216820  7.941844  6.585817  0.328925  0.645560         0.009122628   0.867166   1.660641   7.619785   0.020897
 2.447426  5.214018  7.941856  6.586014  0.328925  0.645560         0.009423685   0.831334   1.660930   7.623914   0.020798
 2.431950  5.211182  7.941866  6.586215  0.328925  0.645560         0.009739984   0.795967   1.661210   7.628042   0.020699
 2.416349  5.208313  7.941874  6.586421  0.328925  0.645560         0.010072306   0.760357   1.661480   7.632169   0.020601
 2.400572  5.205401  7.941879  6.586632  0.328925  0.645560         0.010421561   0.724471   1.661740   7.636297   0.020503
 2.384703  5.202464  7.941882  6.586848  0.328925  0.645560         0.010788569   0.688281   1.661987   7.640419   0.020406
 2.368633  5.199477  7.941881  6.587070  0.328925  0.645560         0.011174665   0.651768   1.662220   7.644542   0.020309
 2.352440  5.196459  7.941877  6.587297  0.328925  0.645560         0.011580754   0.613880   1.662437   7.648662   0.020213
 2.336097  5.193403  7.941870  6.587529  0.328925  0.645560         0.012008200   0.576566   1.662638   7.652783   0.020118
 2.319576  5.190302  7.941858  6.587768  0.328925  0.645560         0.012458041   0.539036   1.662821   7.656900   0.020023
 2.302925  5.187169  7.941843  6.588013  0.328925  0.645560         0.012931755   0.501247   1.662984   7.661016   0.019928
 2.286113  5.183994  7.941823  6.588264  0.328925  0.645560         0.013430858   0.463176   1.663124   7.665130   0.019834
 2.269120  5.180774  7.941799  6.588522  0.328925  0.645560         0.013956910   0.423734   1.663242   7.669242   0.019740
 2.251993  5.177521  7.941769  6.588787  0.328925  0.645560         0.014511499   0.385006   1.663334   7.673355   0.019647
 2.234724  5.174229  7.941734  6.589059  0.328925  0.645560         0.015096076   0.346007   1.663394   7.677459   0.019554
 2.217233  5.170883  7.941693  6.589338  0.328925  0.645560         0.015713688   0.306735   1.663422   7.681564   0.019462
 2.199569  5.167493  7.941645  6.589625  0.328925  0.645560         0.016365834   0.267211   1.663414   7.685669   0.019370
 2.181759  5.164066  7.941590  6.589919  0.328925  0.645560         0.017054595   0.226271   1.663366   7.689769   0.019279
 2.163785  5.160596  7.941527  6.590222  0.328925  0.645560         0.017782767   0.186142   1.663274   7.693866   0.019188
 2.145624  5.157080  7.941457  6.590534  0.328925  0.645560         0.018553346   0.145801   1.663137   7.697962   0.019098
 2.127273  5.153516  7.941378  6.590855  0.328925  0.645560         0.019368715   0.105238   1.662952   7.702057   0.019008
 2.108750  5.149908  7.941289  6.591187  0.328925  0.645560         0.020231906   0.064431   1.662713   7.706149   0.018919
 2.090053  5.146257  7.941191  6.591529  0.328925  0.645560         0.021146248   0.023438   1.662497   7.710239   0.018830
 2.071186  5.142562  7.941082  6.591882  0.328925  0.645560         0.022115087  -0.017776   1.662138   7.714327   0.018742
 2.052137  5.138821  7.940961  6.592246  0.328925  0.645560         0.023142275  -0.059065   1.661707   7.718411   0.018654
 2.032925  5.135037  7.940828  6.592622  0.328925  0.645560         0.024232379  -0.100529   1.661204   7.722491   0.018566
 2.013539  5.131211  7.940682  6.593011  0.328925  0.645560         0.025390518  -0.144098   1.660620   7.726570   0.018479
 1.994002  5.127345  7.940521  6.593412  0.328925  0.645560         0.026620760  -0.185984   1.660019   7.730644   0.018393
 1.974304  5.123438  7.940344  6.593829  0.328925  0.645560         0.027929674  -0.227888   1.659249   7.734714   0.018307
 1.954439  5.119489  7.940150  6.594260  0.328925  0.645560         0.029323287  -0.269950   1.658376   7.738785   0.018221
 1.934416  5.115501  7.939939  6.594708  0.328925  0.645560         0.030806782  -0.311962   1.657395   7.742855   0.018136
 1.914241  5.111474  7.939707  6.595172  0.328925  0.645560         0.032386234  -0.354097   1.656361   7.746920   0.018051
 1.893906  5.107406  7.939455  6.595653  0.328925  0.645560         0.034069723  -0.398103   1.655143   7.750985   0.017967
 1.873422  5.103301  7.939180  6.596153  0.328925  0.645560         0.035864416  -0.440439   1.653763   7.755048   0.017883
 1.852799  5.099160  7.938881  6.596670  0.328925  0.645560         0.037778461  -0.482407   1.652262   7.759106   0.017800
 1.832038  5.094984  7.938557  6.597209  0.328925  0.645560         0.039821669  -0.524440   1.650594   7.763165   0.017717
 1.811155  5.090777  7.938204  6.597769  0.328925  0.645560         0.042002975  -0.566370   1.648747   7.767220   0.017634
 1.790144  5.086538  7.937822  6.598352  0.328925  0.645560         0.044333470  -0.608184   1.646709   7.771274   0.017552
 1.769028  5.082272  7.937407  6.598958  0.328925  0.645560         0.046823800  -0.649892   1.644464   7.775328   0.017470
 1.747810  5.077981  7.936959  6.599589  0.328925  0.645560         0.049485150  -0.691042   1.641997   7.779380   0.017389
 1.726501  5.073666  7.936476  6.600247  0.328925  0.645560         0.052330612  -0.732285   1.639300   7.783429   0.017308
 1.705084  5.069325  7.935953  6.600933  0.328925  0.645560         0.055374407  -0.775638   1.636316   7.787483   0.017228
 1.683568  5.064959  7.935391  6.601647  0.328925  0.645560         0.058626820  -0.816250   1.633118   7.791533   0.017148
 1.661984  5.060574  7.934784  6.602390  0.328925  0.645560         0.062105202  -0.856863   1.629589   7.795579   0.017068
 1.640317  5.056171  7.934132  6.603166  0.328925  0.645560         0.065828266  -0.897258   1.625781   7.799632   0.016988
 1.618592  5.051752  7.933432  6.603973  0.328925  0.645560         0.069806784  -0.937314   1.621627   7.803683   0.016909
 1.596789  5.047315  7.932681  6.604813  0.328925  0.645560         0.074060091  -0.976761   1.617126   7.807739   0.016831
 1.574954  5.042870  7.931878  6.605687  0.328925  0.645560         0.078601820  -1.016299   1.612260   7.811793   0.016752
 1.552996  5.038392  7.931015  6.606587  0.328925  0.645560         0.083452859  -1.055381   1.606982   7.815839   0.016674
 1.530958  5.033899  7.930095  6.607531  0.328925  0.645560         0.088644531  -1.096514   1.601303   7.819905   0.016596
 1.508975  5.029418  7.929118  6.608511  0.328925  0.645560         0.094173026  -1.134778   1.595246   7.823961   0.016519
 1.486923  5.024921  7.928079  6.609529  0.328925  0.645560         0.100073717  -1.173458   1.588721   7.828029   0.016442
 1.464829  5.020415  7.926976  6.610580  0.328925  0.645560         0.106354036  -1.213566   1.581746   7.832095   0.016365
 1.442652  5.015887  7.925808  6.611669  0.328925  0.645560         0.113039753  -1.249982   1.574301   7.836164   0.016289
 1.420439  5.011352  7.924574  6.612794  0.328925  0.645560         0.120152785  -1.287859   1.566360   7.840237   0.016213
 1.398180  5.006807  7.923274  6.613958  0.328925  0.645560         0.127711879  -1.325722   1.557930   7.844313   0.016137
 1.375871  5.002249  7.921905  6.615157  0.328925  0.645560         0.135737245  -1.363733   1.548981   7.848393   0.016061
 1.353455  4.997666  7.920466  6.616389  0.328925  0.645560         0.144250196  -1.399494   1.539502   7.852476   0.015986
 1.330956  4.993063  7.918958  6.617654  0.328925  0.645560         0.153273870  -1.437680   1.529485   7.856563   0.015911
 1.308395  4.988445  7.917381  6.618953  0.328925  0.645560         0.162827656  -1.477769   1.518918   7.860651   0.015836
 1.285741  4.983804  7.915734  6.620284  0.328925  0.645560         0.172941579  -1.514213   1.507794   7.864743   0.015761
 1.262931  4.979125  7.914017  6.621645  0.328925  0.645560         0.183634631  -1.553228   1.496098   7.868837   0.015687
 1.239934  4.974402  7.912230  6.623033  0.328925  0.645560         0.194935008  -1.592695   1.483824   7.872939   0.015613
 1.216863  4.969658  7.910376  6.624447  0.328925  0.645560         0.206855950  -1.632664   1.470985   7.877036   0.015540
 1.193602  4.964869  7.908452  6.625887  0.328925  0.645560         0.219443495  -1.670102   1.457554   7.881139   0.015467
 1.170135  4.960028  7.906463  6.627352  0.328925  0.645560         0.232717045  -1.711542   1.443534   7.885245   0.015394
 1.146488  4.955143  7.904407  6.628836  0.328925  0.645560         0.246705368  -1.753860   1.428918   7.889350   0.015321
 1.122571  4.950188  7.902280  6.630331  0.328925  0.645560         0.261447612  -1.794483   1.413660   7.893448   0.015249
 1.098352  4.945161  7.900085  6.631848  0.328925  0.645560         0.277010121  -1.840188   1.397770   7.897557   0.015177
 1.073859  4.940065  7.897827  6.633379  0.328925  0.645560         0.293398091  -1.886909   1.381268   7.901668   0.015105
 1.049025  4.934880  7.895501  6.634908  0.328925  0.645560         0.310642488  -1.936455   1.364102   7.905759   0.015035
 1.023793  4.929597  7.893100  6.636450  0.328925  0.645560         0.328879261  -1.983439   1.346219   7.909863   0.014964
 0.998172  4.924213  7.890626  6.637984  0.328925  0.645560         0.348109397  -2.029262   1.327592   7.913944   0.014893
 0.971936  4.918670  7.888060  6.639505  0.328925  0.645560         0.368495772  -2.082393   1.308047   7.918012   0.014824
 0.945039  4.912969  7.885405  6.641035  0.328925  0.645560         0.390185919  -2.134632   1.287623   7.922103   0.014754
 0.917627  4.907142  7.882685  6.642578  0.328925  0.645560         0.413130719  -2.193709   1.266512   7.926207   0.014685
 0.889834  4.901220  7.879910  6.644128  0.328925  0.645560         0.437329115  -2.254483   1.244781   7.930312   0.014615
 0.861646  4.895199  7.877083  6.645682  0.328925  0.645560         0.462840853  -2.317299   1.222435   7.934414   0.014547
 0.833008  4.889064  7.874203  6.647240  0.328925  0.645560         0.489758148  -2.382225   1.199462   7.938515   0.014478
 0.803908  4.882814  7.871273  6.648801  0.328925  0.645560         0.518169331  -2.445722   1.175859   7.942614   0.014410
 0.774333  4.876443  7.868290  6.650361  0.328925  0.645560         0.548176991  -2.507737   1.151607   7.946706   0.014342
 0.744218  4.869937  7.865253  6.651920  0.328925  0.645560         0.579917192  -2.578650   1.126678   7.950797   0.014275
 0.713543  4.863290  7.862162  6.653475  0.328925  0.645560         0.613509349  -2.649246   1.101061   7.954884   0.014208
 0.682303  4.856500  7.859018  6.655027  0.328925  0.645560         0.649095421  -2.727830   1.074745   7.958963   0.014141
 0.650433  4.849551  7.855815  6.656571  0.328925  0.645560         0.686865291  -2.810790   1.047661   7.963036   0.014075
 0.617997  4.842456  7.852548  6.658104  0.328925  0.645560         0.727029610  -2.890340   1.019764   7.967092   0.014009
 0.584922  4.835199  7.849207  6.659625  0.328925  0.645560         0.769909684  -2.981338   0.990927   7.971139   0.013944
 0.550922  4.828022  7.845777  6.661144  0.322669  0.651819         0.815810526  -1.242463   0.961020   7.976434   0.013860
 0.548523  4.827522  7.845533  6.661246  0.322669  0.651819         0.819060035  -1.247760   0.958885   7.976832   0.013853
 0.547420  4.827291  7.845421  6.661292  0.322669  0.651819         0.820555318  -1.250831   0.957904   7.977012   0.013850
 0.546092  4.827013  7.845286  6.661348  0.322669  0.651819         0.822349658  -1.255297   0.956728   7.977228   0.013847
 0.544647  4.826712  7.845140  6.661408  0.322669  0.651819         0.824300069  -1.260350   0.955450   7.977467   0.013843
 0.543082  4.826389  7.844982  6.661473  0.322669  0.651819         0.826416832  -1.265885   0.954063   7.977740   0.013839
 0.541404  4.826047  7.844810  6.661543  0.322669  0.651819         0.828718866  -1.271923   0.952557   7.978049   0.013834
 0.539571  4.825670  7.844623  6.661619  0.322669  0.651819         0.831231697  -1.278500   0.950917   7.978374   0.013829
 0.537539  4.825249  7.844416  6.661703  0.322669  0.651819         0.834012404  -1.285779   0.949105   7.978724   0.013823
 0.535305  4.824785  7.844188  6.661796  0.322669  0.651819         0.837095069  -1.293295   0.947103   7.979101   0.013817
 0.532801  4.824252  7.843936  6.661899  0.322669  0.651819         0.840519252  -1.302303   0.944886   7.979473   0.013811
 0.529999  4.823650  7.843652  6.662014  0.322669  0.651819         0.844383943  -1.312683   0.942391   7.979867   0.013805
 0.526856  4.822973  7.843332  6.662144  0.322669  0.651819         0.848767730  -1.324086   0.939573   7.980304   0.013798
 0.523364  4.822218  7.842977  6.662288  0.322669  0.651819         0.853646445  -1.336876   0.936449   7.980774   0.013791
 0.519462  4.821370  7.842582  6.662448  0.322669  0.651819         0.859111316  -1.349889   0.932966   7.981283   0.013782
 0.515260  4.820455  7.842152  6.662622  0.322669  0.651819         0.865098282  -1.365337   0.929169   7.981828   0.013774
 0.510522  4.819420  7.841673  6.662816  0.322669  0.651819         0.871816195  -1.383226   0.924933   7.982424   0.013764
 0.505410  4.818303  7.841151  6.663027  0.322669  0.651819         0.879194314  -1.402630   0.920310   7.983067   0.013754
 0.499803  4.817073  7.840583  6.663256  0.322669  0.651819         0.887276318  -1.423487   0.915276   7.983757   0.013743
 0.493788  4.815755  7.839968  6.663503  0.322669  0.651819         0.896119725  -1.446222   0.909810   7.984497   0.013732
 0.487134  4.814290  7.839295  6.663769  0.322669  0.651819         0.905847938  -1.470418   0.903828   7.985293   0.013719
 0.479935  4.812704  7.838570  6.664058  0.322669  0.651819         0.916467352  -1.497762   0.897364   7.986149   0.013705
 0.472242  4.811009  7.837791  6.664368  0.322669  0.651819         0.928022487  -1.527686   0.890400   7.987062   0.013691
 0.463880  4.809165  7.836943  6.664705  0.322669  0.651819         0.940744751  -1.560309   0.882805   7.988046   0.013676
 0.454861  4.807172  7.836032  6.665065  0.322669  0.651819         0.954604715  -1.593765   0.874620   7.989095   0.013659
 0.445224  4.805043  7.835054  6.665450  0.322669  0.651819         0.969704272  -1.631569   0.865807   7.990213   0.013642
 0.434764  4.802725  7.834000  6.665860  0.322669  0.651819         0.986188001  -1.673411   0.856289   7.991403   0.013623
 0.423537  4.800234  7.832880  6.666296  0.322669  0.651819         1.004016218  -1.718109   0.846142   7.992664   0.013603
 0.411541  4.797569  7.831684  6.666760  0.322669  0.651819         1.023400524  -1.766169   0.835265   7.994000   0.013582
 0.398767  4.794728  7.830415  6.667251  0.322669  0.651819         1.044373660  -1.822141   0.823678   7.995410   0.013560
 0.385212  4.791710  7.829070  6.667768  0.322669  0.651819         1.067054698  -1.882415   0.811345   7.996893   0.013537
 0.370812  4.788497  7.827646  6.668307  0.322669  0.651819         1.091534817  -1.947855   0.798239   7.998442   0.013513
 0.355543  4.785088  7.826142  6.668876  0.322669  0.651819         1.118003118  -2.015956   0.784339   8.000073   0.013488
 0.339396  4.781476  7.824567  6.669469  0.322669  0.651819         1.146408678  -2.088790   0.769705   8.001773   0.013461
 0.322378  4.777662  7.822909  6.670083  0.322669  0.651819         1.177021289  -2.164489   0.754230   8.003538   0.013434
 0.304575  4.773669  7.821181  6.670721  0.322669  0.651819         1.209806394  -2.244299   0.738010   8.005368   0.013406
 0.285948  4.769484  7.819381  6.671378  0.322669  0.651819         1.244880693  -2.328613   0.721033   8.007254   0.013376
 0.266417  4.765086  7.817508  6.672052  0.322669  0.651819         1.282429127  -2.416795   0.703254   8.009194   0.013347
 0.246057  4.760495  7.815562  6.672744  0.322669  0.651819         1.322606047  -2.507329   0.684678   8.011188   0.013316
 0.224935  4.755725  7.813542  6.673453  0.322669  0.651819         1.365590471  -2.604109   0.665285   8.013233   0.013285
 0.202866  4.750729  7.811449  6.674171  0.322669  0.651819         1.411534889  -2.706615   0.645060   8.015318   0.013253
 0.179976  4.745537  7.809289  6.674898  0.322669  0.651819         1.460528110  -2.814085   0.624046   8.017439   0.013221
 0.156287  4.740150  7.807052  6.675625  0.322669  0.651819         1.512877152  -2.926958   0.602149   8.019579   0.013188
 0.131835  4.734569  7.804757  6.676337  0.322669  0.651819         1.568306592  -3.044145   0.579512   8.021709   0.013156
 0.106814  4.728851  7.802413  6.677056  0.322669  0.651819         1.627055673  -3.166826   0.556249   8.023857   0.013123
 0.081120  4.722974  7.800008  6.677788  0.322669  0.651819         1.689736217  -3.295462   0.532213   8.026041   0.013090
 0.054504  4.716877  7.797529  6.678533  0.322669  0.651819         1.756982937  -3.430265   0.507266   8.028268   0.013057
 0.027254  4.710625  7.795003  6.679281  0.322669  0.651819         1.828325317  -3.569375   0.481680   8.030512   0.013023
-0.000645  4.704218  7.792415  6.680040  0.322669  0.651819         1.904572082  -3.715163   0.455276   8.032782   0.012989
-0.028988  4.697700  7.789791  6.680798  0.322669  0.651819         1.985184370  -3.865884   0.428331   8.035054   0.012955
-0.057668  4.691095  7.787136  6.681553  0.322669  0.651819         2.070274207  -4.020651   0.400889   8.037316   0.012921
-0.086964  4.684340  7.784424  6.682309  0.322669  0.651819         2.160990972  -4.181679   0.372687   8.039590   0.012888
-0.116740  4.677464  7.781666  6.683063  0.322669  0.651819         2.257393927  -4.348497   0.343813   8.041860   0.012854
-0.147043  4.670454  7.778856  6.683812  0.322669  0.651819         2.359974804  -4.521047   0.314229   8.044126   0.012821
-0.177716  4.663348  7.775999  6.684552  0.322669  0.651819         2.468946383  -4.698958   0.283975   8.046376   0.012787
-0.208871  4.656117  7.773086  6.685274  0.322669  0.651819         2.584889087  -4.883235   0.252969   8.048605   0.012755
-0.240350  4.648792  7.770121  6.685964  0.322669  0.651819         2.707952616  -5.073730   0.221244   8.050785   0.012723
-0.272122  4.641389  7.767118  6.686653  0.322669  0.651819         2.838542163  -5.269116   0.188974   8.052943   0.012691
-0.304186  4.633907  7.764066  6.687341  0.322669  0.651819         2.977636751  -5.469587   0.156045   8.055080   0.012660
-0.336530  4.626351  7.760971  6.688025  0.322669  0.651819         3.125481420  -5.674584   0.122531   8.057201   0.012629
-0.369304  4.618689  7.757806  6.688709  0.322669  0.651819         3.283985630  -5.885162   0.088154   8.059326   0.012598
-0.402610  4.610895  7.754550  6.689398  0.322669  0.651819         3.454913726  -6.103787   0.052728   8.061455   0.012567
-0.436792  4.602887  7.751167  6.690093  0.322669  0.651819         3.641291463  -6.332121   0.015866   8.063605   0.012536
-0.471489  4.594747  7.747682  6.690786  0.322669  0.651819         3.842746744  -6.567169  -0.022130   8.065743   0.012505
-0.505980  4.586644  7.744153  6.691461  0.322669  0.651819         4.056478699  -6.805837  -0.060568   8.067822   0.012475
-0.540254  4.578577  7.740583  6.692110  0.322669  0.651819         4.282638453  -7.046876  -0.099379   8.069830   0.012447
-0.574297  4.570544  7.736955  6.692716  0.322669  0.651819         4.522335097  -7.291291  -0.138706   8.071739   0.012419
-0.608055  4.562568  7.733273  6.693309  0.322669  0.651819         4.776837196  -7.537418  -0.178461   8.073596   0.012393
-0.641567  4.554646  7.729526  6.693897  0.322669  0.651819         5.047931329  -7.784267  -0.218733   8.075417   0.012367
-0.674810  4.546781  7.725698  6.694481  0.322668  0.651819         5.337430899  -8.031074  -0.259613   8.077199   0.012342
-0.707807  4.538967  7.721781  6.695058  0.322668  0.651819         5.646926705  -8.277976  -0.301146   8.078940   0.012317
-0.740557  4.531205  7.717757  6.695632  0.322668  0.651819         5.978855106  -8.527499  -0.343449   8.080644   0.012293
-0.773048  4.523500  7.713617  6.696203  0.322668  0.651819         6.335420068  -8.781354  -0.386573   8.082313   0.012269
-0.805257  4.515855  7.709345  6.696769  0.322668  0.651819         6.719075547  -9.046430  -0.430587   8.083942   0.012246
-0.837241  4.508255  7.704926  6.697331  0.322668  0.651819         7.132979685  -9.367070  -0.475594   8.085529   0.012224
-0.868912  4.500724  7.700344  6.697888  0.322668  0.651819         7.580452394 -10.739910  -0.521677   8.087076   0.012202
-0.900313  4.493245  7.695571  6.698407  0.322668  0.651819         8.064975179 -45.686856  -0.569006   8.088560   0.012181
-0.931412  4.485828  7.690599  6.698899  0.322668  0.651819         8.590371097 -99.000000  -0.617608   8.089989   0.012161
-0.962116  4.478502  7.685419  6.699388  0.322668  0.651819         9.161942976 -99.000000  -0.667503   8.091390   0.012142
-0.992495  4.471253  7.680007  6.699887  0.322668  0.651819         9.786685016 -99.000000  -0.718869   8.092771   0.012122
-1.022587  4.464067  7.674335  6.700383  0.322668  0.651819        10.471306792 -99.000000  -0.771879   8.094123   0.012103
-1.052278  4.456975  7.668390  6.700880  0.322668  0.651819        11.222923729 -99.000000  -0.826595   8.095446   0.012085
-1.081661  4.449954  7.662149  6.701380  0.322668  0.651819        12.050752033 -99.000000  -0.883172   8.096743   0.012067
-1.110699  4.443012  7.655591  6.701882  0.322668  0.651819        12.964612138 -99.000000  -0.941736   8.098013   0.012049
-1.139425  4.436141  7.648696  6.702387  0.322668  0.651819        13.976092344 -99.000000  -1.002433   8.099256   0.012032
-1.167813  4.429348  7.641451  6.702893  0.322668  0.651819        15.097103621 -99.000000  -1.065347   8.100471   0.012015
-1.195930  4.422615  7.633848  6.703399  0.322668  0.651819        16.340555413 -99.000000  -1.130547   8.101657   0.011999
-1.223659  4.415972  7.625877  6.703901  0.322668  0.651819        17.721369212 -99.000000  -1.198137   8.102813   0.011983
-1.251122  4.409388  7.617540  6.704398  0.322668  0.651819        19.253857918 -99.000000  -1.268126   8.103940   0.011967
-1.278286  4.402872  7.608842  6.704887  0.322668  0.651819        20.954181043 -99.000000  -1.340541   8.105041   0.011952
-1.305131  4.396430  7.599800  6.705368  0.322668  0.651819        22.837060715 -99.000000  -1.415318   8.106119   0.011937
-1.331755  4.390039  7.590438  6.705842  0.322668  0.651819        24.917832324 -99.000000  -1.492392   8.107176   0.011923
-1.358134  4.383704  7.580779  6.706317  0.322668  0.651819        27.211060575 -99.000000  -1.571681   8.108217   0.011909
-1.384238  4.377434  7.570855  6.706791  0.322668  0.651819        29.729632161 -99.000000  -1.653082   8.109241   0.011895
-1.410182  4.371200  7.560703  6.707261  0.322668  0.651819        32.482823530 -99.000000  -1.736427   8.110248   0.011881
-1.435445  4.365163  7.550551  6.707822  0.322668  0.651820        35.461701721 -99.000000  -1.820265   8.111365   0.011866
-1.460790  4.359079  7.540146  6.708304  0.322668  0.651820        38.685158185 -99.000000  -1.906448   8.112370   0.011852
-1.485737  4.353054  7.529632  6.708621  0.322668  0.651820        42.089221085 -99.000000  -1.993368   8.113221   0.011840
-1.510073  4.347166  7.519206  6.708872  0.322668  0.651820        45.647170695 -99.000000  -2.079860   8.114003   0.011830
-1.533224  4.341662  7.509248  6.709531  0.322668  0.651820        49.396933464 -99.000000  -2.164090   8.115138   0.011814
-1.557665  4.335779  7.498540  6.709886  0.322668  0.651820        53.532507928 -99.000000  -2.254535   8.116048   0.011802
-1.573234  4.332041  7.491655  6.710140  0.322668  0.651820        56.294369133 -99.000000  -2.313026   8.116664   0.011793
-1.578087  4.330856  7.489511  6.710148  0.322668  0.651820        57.135691686 -99.000000  -2.331224   8.116777   0.011792
-1.581874  4.329947  7.487811  6.710210  0.322668  0.651820        57.824082153 -99.000000  -2.345596   8.116928   0.011790
-1.585888  4.328983  7.486013  6.710275  0.322668  0.651820        58.562677188 -99.000000  -2.360901   8.117087   0.011788
-1.590005  4.327994  7.484193  6.710341  0.322668  0.651820        59.318739287 -99.000000  -2.376451   8.117249   0.011785
-1.594059  4.327021  7.482377  6.710407  0.322668  0.651820        60.080616850 -99.000000  -2.392004   8.117410   0.011783
-1.598097  4.326078  7.480584  6.710573  0.322668  0.651820        60.876329721 -99.000000  -2.407429   8.117677   0.011780
-1.602629  4.324990  7.478582  6.710645  0.322668  0.651820        61.741928063 -99.000000  -2.424827   8.117854   0.011777
-1.606980  4.323945  7.476642  6.710715  0.322668  0.651820        62.582572067 -99.000000  -2.441595   8.118027   0.011775
-1.611392  4.322886  7.474674  6.710786  0.322668  0.651820        63.440264171 -99.000000  -2.458570   8.118201   0.011772
-1.615923  4.321798  7.472635  6.710858  0.322668  0.651820        64.335998581 -99.000000  -2.476158   8.118380   0.011770
-1.620620  4.320662  7.470535  6.710910  0.322668  0.651820        65.255928565 -99.000000  -2.494269   8.118533   0.011768
-1.625271  4.319545  7.468425  6.710984  0.322668  0.651820        66.196473960 -99.000000  -2.512447   8.118717   0.011766
-1.630205  4.318359  7.466223  6.711061  0.322668  0.651820        67.189556998 -99.000000  -2.531482   8.118908   0.011763
-1.635156  4.317169  7.463977  6.711140  0.322668  0.651820        68.213126457 -99.000000  -2.550940   8.119100   0.011760
-1.640384  4.315913  7.461626  6.711221  0.322668  0.651820        69.296110572 -99.000000  -2.571356   8.119301   0.011758
-1.645757  4.314610  7.459190  6.711272  0.322668  0.651820        70.412699740 -99.000000  -2.592505   8.119464   0.011755
-1.651205  4.313300  7.456725  6.711357  0.322668  0.651820        71.567525750 -99.000000  -2.613892   8.119671   0.011753
-1.656869  4.311938  7.454154  6.711446  0.322668  0.651820        72.788283554 -99.000000  -2.636294   8.119888   0.011750
-1.662781  4.310516  7.451475  6.711537  0.322668  0.651820        74.075886542 -99.000000  -2.659704   8.120112   0.011747
-1.668909  4.309041  7.448695  6.711631  0.322668  0.651820        75.428207505 -99.000000  -2.684056   8.120341   0.011744
-1.675121  4.307560  7.445860  6.711769  0.322668  0.651820        76.842776046 -99.000000  -2.708946   8.120626   0.011740
-1.681905  4.305927  7.442798  6.711872  0.322668  0.651820        78.373030386 -99.000000  -2.735957   8.120878   0.011736
-1.688656  4.304301  7.439722  6.711974  0.322668  0.651820        79.925607311 -99.000000  -2.763088   8.121127   0.011733
-1.695701  4.302604  7.436505  6.712080  0.322668  0.651820        81.567614873 -99.000000  -2.791481   8.121384   0.011729
-1.703060  4.300824  7.433146  6.712173  0.322668  0.651820        83.290769466 -99.000000  -2.821154   8.121621   0.011726
-1.710524  4.299025  7.429733  6.712284  0.322668  0.651820        85.073974870 -99.000000  -2.851329   8.121891   0.011723
-1.718313  4.297147  7.426177  6.712398  0.322668  0.651820        86.959065073 -99.000000  -2.882875   8.122168   0.011719
-1.726271  4.295228  7.422525  6.712515  0.322668  0.651820        88.922001610 -99.000000  -2.915356   8.122451   0.011715
-1.734467  4.293258  7.418762  6.712649  0.322668  0.651820        90.982659554 -99.000000  -2.948907   8.122764   0.011711
-1.743064  4.291183  7.414838  6.712772  0.322668  0.651820        93.153692331 -99.000000  -2.984002   8.123062   0.011707
-1.751762  4.289084  7.410856  6.712895  0.322668  0.651820        95.386024765 -99.000000  -3.019661   8.123363   0.011703
-1.760720  4.286916  7.406748  6.713011  0.322668  0.651820        97.712038836 -99.000000  -3.056491   8.123651   0.011699
-1.769788  4.284726  7.402573  6.713136  0.322668  0.651820       100.115771139 -99.000000  -3.093974   8.123959   0.011695
-1.779170  4.282459  7.398262  6.713262  0.322668  0.651820       102.635517883 -99.000000  -3.132782   8.124274   0.011690
-1.788684  4.280164  7.393884  6.713396  0.322668  0.651820       105.239603310 -99.000000  -3.172292   8.124605   0.011686
-1.798471  4.277798  7.389385  6.713526  0.322668  0.651820       107.950727493 -99.000000  -3.213002   8.124929   0.011682
-1.808453  4.275381  7.384800  6.713653  0.322668  0.651820       110.748132633 -99.000000  -3.254544   8.125244   0.011677
-1.818540  4.272942  7.380150  6.713785  0.322667  0.651820       113.631008522 -99.000000  -3.296722   8.125574   0.011673
-1.828908  4.270434  7.375382  6.713919  0.322667  0.651820       116.633899484 -99.000000  -3.340075   8.125909   0.011668
-1.839464  4.267882  7.370537  6.714056  0.322667  0.651820       119.736888748 -99.000000  -3.384211   8.126257   0.011664
-1.850234  4.265275  7.365587  6.714193  0.322667  0.651820       122.953238066 -99.000000  -3.429399   8.126598   0.011659
-1.861264  4.262602  7.360520  6.714331  0.322667  0.651820       126.291791085 -99.000000  -3.475709   8.126937   0.011655
-1.872438  4.259895  7.355388  6.714470  0.322667  0.651820       129.729474368 -99.000000  -3.522668   8.127286   0.011650
-1.883845  4.257131  7.350148  6.714610  0.322667  0.651820       133.296906509 -99.000000  -3.570707   8.127637   0.011645
-1.895608  4.254280  7.344757  6.714752  0.322667  0.651820       137.026846906 -99.000000  -3.620193   8.127995   0.011640
-1.907631  4.251365  7.339261  6.714896  0.322667  0.651820       140.892531931 -99.000000  -3.670711   8.128357   0.011636
-1.919957  4.248375  7.333628  6.715041  0.322667  0.651820       144.920573004 -99.000000  -3.722542   8.128722   0.011631
-1.932611  4.245304  7.327841  6.715188  0.322667  0.651820       149.130736770 -99.000000  -3.775857   8.129094   0.011626
-1.945691  4.242128  7.321870  6.715338  0.322667  0.651820       153.552370882 -99.000000  -3.830935   8.129471   0.011621
-1.959155  4.238858  7.315753  6.715488  0.322667  0.651820       158.163704344 -99.000000  -3.887405   8.129853   0.011616
-1.973040  4.235484  7.309434  6.715641  0.322667  0.651820       163.015137355 -99.000000  -3.945775   8.130242   0.011610
-1.987337  4.232008  7.302940  6.715794  0.322667  0.651820       168.096968673 -99.000000  -4.005813   8.130636   0.011605
-2.002119  4.228412  7.296237  6.715949  0.322667  0.651821       173.445782970 -99.000000  -4.067818   8.131034   0.011600
-2.017408  4.224692  7.289306  6.716107  0.322667  0.651821       179.089490913 -99.000000  -4.131960   8.131442   0.011594
-2.033249  4.220836  7.282136  6.716267  0.322667  0.651821       185.051929443 -99.000000  -4.198338   8.131857   0.011589
-2.049593  4.216855  7.274759  6.716430  0.322667  0.651821       191.319274088 -99.000000  -4.266626   8.132278   0.011583
-2.066414  4.212756  7.267172  6.716596  0.322667  0.651821       197.909592044 -99.000000  -4.336843   8.132705   0.011578
-2.083835  4.208510  7.259337  6.716764  0.322667  0.651821       204.872749883 -99.000000  -4.409312   8.133140   0.011572
-2.101867  4.204112  7.251258  6.716935  0.322667  0.651821       212.224675131 -99.000000  -4.483971   8.133580   0.011566
-2.120423  4.199584  7.242950  6.717107  0.322667  0.651821       219.971506804 -99.000000  -4.560656   8.134027   0.011560
-2.139600  4.194903  7.234385  6.717282  0.322667  0.651821       228.162177657 -99.000000  -4.639587   8.134479   0.011554
-2.159312  4.190089  7.225594  6.717458  0.322667  0.651821       236.788293141 -99.000000  -4.720431   8.134937   0.011548
-2.179569  4.185140  7.216593  6.717634  0.322667  0.651821       245.859834715 -99.000000  -4.803007   8.135396   0.011542
-2.200203  4.180097  7.207439  6.717808  0.322667  0.651821       255.339858251 -99.000000  -4.886740   8.135857   0.011536
-2.221244  4.174952  7.198127  6.717980  0.322667  0.651821       265.254240015 -99.000000  -4.971612   8.136317   0.011529
-2.242620  4.169722  7.188689  6.718149  0.322667  0.651821       275.591492411 -99.000000  -5.057289   8.136777   0.011523
-2.264173  4.164449  7.179193  6.718317  0.322667  0.651821       286.296748367 -99.000000  -5.143125   8.137234   0.011517
-2.285795  4.159157  7.169686  6.718482  0.322667  0.651821       297.328347961 -99.000000  -5.228637   8.137688   0.011511
-2.307327  4.153885  7.160241  6.718642  0.322667  0.651821       308.609061910 -99.000000  -5.313139   8.138134   0.011505
-2.328571  4.148683  7.150925  6.718798  0.322666  0.651821       320.058455568 -99.000000  -5.396015   8.138571   0.011500
-2.349512  4.143554  7.141766  6.718948  0.322666  0.651821       331.637182591 -99.000000  -5.476990   8.138996   0.011494
-2.369970  4.138543  7.132830  6.719092  0.322666  0.651821       343.251881933 -99.000000  -5.555502   8.139409   0.011489
-2.389969  4.133643  7.124112  6.719229  0.322666  0.651821       354.894339995 -99.000000  -5.631598   8.139810   0.011483
-2.409432  4.128874  7.115622  6.719360  0.322666  0.651821       366.535953363 -99.000000  -5.705243   8.140196   0.011478
-2.428238  4.124288  7.107431  6.719550  0.322666  0.651821       378.193153410 -99.000000  -5.776135   8.140657   0.011472
-2.447406  4.119548  7.099023  6.719477  0.322666  0.651821       390.064491796 -99.000000  -5.847841   8.140863   0.011469
-2.464461  4.115413  7.091616  6.719795  0.322666  0.651821       401.315867217 -99.000000  -5.912081   8.141379   0.011462
-2.482869  4.110893  7.083561  6.719877  0.322666  0.651821       413.482461280 -99.000000  -5.981971   8.141708   0.011458
-2.499979  4.106699  7.076061  6.719982  0.322666  0.651822       425.120700525 -99.000000  -6.049440   8.142042   0.011454
-2.516951  4.102527  7.068581  6.720035  0.322666  0.651822       436.918209772 -99.000000  -6.122435   8.142323   0.011450
-2.533200  4.098544  7.061411  6.720132  0.322666  0.651822       448.571350300 -99.000000  -6.201296   8.142641   0.011446
-2.549489  4.094534  7.054185  6.720164  0.322666  0.651822       460.464413745 -99.000000  -6.288468   8.142893   0.011443
-2.564836  4.090803  7.047357  6.720372  0.322666  0.651822       472.266656582 -99.000000  -6.380257   8.143313   0.011437
-2.580903  4.086859  7.040150  6.720446  0.322666  0.651822       484.745513344 -99.000000  -6.489101   8.143607   0.011433
-2.596096  4.083137  7.033261  6.720534  0.322666  0.651822       496.955489950 -99.000000  -6.605202   8.143908   0.011429
-2.611227  4.079421  7.026348  6.720597  0.322666  0.651822       509.412861086 -99.000000  -6.718160   8.144179   0.011426
-2.625916  4.075823  7.019554  6.720682  0.322666  0.651822       521.960691298 -99.000000  -6.817620   8.144473   0.011422
-2.640457  4.072272  7.012768  6.720806  0.322666  0.651822       534.841646469 -99.000000  -6.933335   8.144813   0.011417
-2.654952  4.068722  7.005873  6.720888  0.322666  0.651822       548.098392137 -99.000000  -7.171665   8.145106   0.011413
-2.669261  4.065210  6.998975  6.720950  0.322666  0.651822       561.561346870 -99.000000  -9.880067   8.145368   0.011410
-2.683147  4.061810  6.992147  6.721029  0.322666  0.651822       575.191709991 -99.000000 -99.000000   8.145652   0.011406
-2.696938  4.058438  6.985249  6.721122  0.322666  0.651822       589.256673988 -99.000000 -99.000000   8.145954   0.011402
-2.710730  4.055061  6.978211  6.721201  0.322666  0.651822       603.840403752 -99.000000 -99.000000   8.146239   0.011399
-2.724294  4.051740  6.971122  6.721280  0.322666  0.651822       618.784221785 -99.000000 -99.000000   8.146521   0.011395
-2.737825  4.048423  6.963900  6.721349  0.322666  0.651822       634.234015478 -99.000000 -99.000000   8.146783   0.011391
-2.751112  4.045171  6.956644  6.721428  0.322665  0.651822       650.056941225 -99.000000 -99.000000   8.147062   0.011388
-2.764336  4.041938  6.949245  6.721515  0.322665  0.651822       666.485493262 -99.000000 -99.000000   8.147355   0.011384
-2.777544  4.038706  6.941684  6.721595  0.322665  0.651822       683.518030282 -99.000000 -99.000000   8.147634   0.011380
-2.790597  4.035509  6.934039  6.721669  0.322665  0.651822       700.971842167 -99.000000 -99.000000   8.147898   0.011377
-2.803509  4.032349  6.926304  6.721749  0.322665  0.651822       718.921320596 -99.000000 -99.000000   8.148173   0.011373
-2.816395  4.029197  6.918406  6.721828  0.322665  0.651822       737.513625395 -99.000000 -99.000000   8.148448   0.011370
-2.829090  4.026090  6.910472  6.721907  0.322665  0.651822       756.446859703 -99.000000 -99.000000   8.148717   0.011366
-2.841665  4.023013  6.902422  6.721985  0.322665  0.651822       775.911861717 -99.000000 -99.000000   8.148983   0.011363
-2.854117  4.019966  6.894272  6.722062  0.322665  0.651822       795.869801305 -99.000000 -99.000000   8.149246   0.011359
-2.866458  4.016945  6.886036  6.722138  0.322665  0.651822       816.284508745 -99.000000 -99.000000   8.149505   0.011356
-2.878639  4.013963  6.877741  6.722215  0.322665  0.651822       837.088053007 -99.000000 -99.000000   8.149759   0.011352
-2.890651  4.011023  6.869398  6.722290  0.322665  0.651822       858.246332322 -99.000000 -99.000000   8.150009   0.011349
-2.902550  4.008109  6.861009  6.722364  0.322665  0.651822       879.747094247 -99.000000 -99.000000   8.150252   0.011346
-2.914318  4.005227  6.852549  6.722438  0.322665  0.651822       901.654906298 -99.000000 -99.000000   8.150493   0.011343
-2.925918  4.002386  6.844094  6.722511  0.322665  0.651822       923.768942102 -99.000000 -99.000000   8.150727   0.011340
-2.937379  3.999577  6.835625  6.722583  0.322665  0.651822       946.126461410 -99.000000 -99.000000   8.150955   0.011337
-2.948677  3.996809  6.827164  6.722653  0.322665  0.651822       968.665716292 -99.000000 -99.000000   8.151178   0.011334
-2.959828  3.994075  6.818707  6.722722  0.322665  0.651822       991.393887790 -99.000000 -99.000000   8.151395   0.011331
-2.970826  3.991378  6.810274  6.722789  0.322665  0.651822      1014.247309926 -99.000000 -99.000000   8.151605   0.011328
-2.981661  3.988720  6.801873  6.722855  0.322665  0.651822      1037.197531533 -99.000000 -99.000000   8.151809   0.011326
-2.992363  3.986094  6.793504  6.722919  0.322665  0.651822      1060.238354310 -99.000000 -99.000000   8.152007   0.011323
-3.002910  3.983506  6.785177  6.722982  0.322665  0.651822      1083.338552452 -99.000000 -99.000000   8.152199   0.011321
-3.013304  3.980954  6.776906  6.723043  0.322665  0.651822      1106.448310441 -99.000000 -99.000000   8.152385   0.011318
-3.023572  3.978431  6.768686  6.723103  0.322665  0.651822      1129.582605792 -99.000000 -99.000000   8.152565   0.011316
-3.033701  3.975943  6.760527  6.723161  0.322665  0.651822      1152.703635636 -99.000000 -99.000000   8.152739   0.011314
-3.043739  3.973476  6.752418  6.723218  0.322665  0.651822      1175.836845105 -99.000000 -99.000000   8.152908   0.011311
-3.053680  3.971031  6.744361  6.723274  0.322665  0.651822      1198.974534417 -99.000000 -99.000000   8.153072   0.011309
-3.063521  3.968611  6.736360  6.723329  0.322665  0.651822      1222.101156374 -99.000000 -99.000000   8.153231   0.011307
-3.073261  3.966214  6.728428  6.723382  0.322665  0.651822      1245.172490070 -99.000000 -99.000000   8.153384   0.011305
-3.082893  3.963843  6.720563  6.723434  0.322665  0.651822      1268.195674973 -99.000000 -99.000000   8.153533   0.011303
-3.092412  3.961500  6.712780  6.723484  0.322665  0.651822      1291.120226248 -99.000000 -99.000000   8.153676   0.011301
-3.101833  3.959179  6.705074  6.723533  0.322665  0.651822      1313.956940006 -99.000000 -99.000000   8.153815   0.011300
-3.111150  3.956883  6.697444  6.723581  0.322665  0.651822      1336.704991577 -99.000000 -99.000000   8.153950   0.011298
-3.120380  3.954608  6.689892  6.723627  0.322665  0.651822      1359.355467249 -99.000000 -99.000000   8.154080   0.011296
-3.129489  3.952362  6.682959  6.723671  0.322665  0.651822      1381.898413003 -99.000000 -99.000000   8.154205   0.011294
-3.138370  3.950172  6.679401  6.723724  0.322665  0.651822      1404.396509240 -99.000000 -99.000000   8.154324   0.011293
-3.147001  3.948042  6.674852  6.723763  0.322665  0.651822      1427.193408113 -99.000000 -99.000000   8.154436   0.011291
-3.155370  3.945988  6.670457  6.723847  0.322665  0.651822      1450.686239428 -99.000000 -99.000000   8.154590   0.011289
-3.163855  3.943864  6.663940  6.723736  0.322665  0.651822      1475.704761210 -99.000000 -99.000000   8.154576   0.011290
-3.171916  3.941848  6.657132  6.723649  0.322665  0.651822      1500.982475764 -99.000000 -99.000000   8.154575   0.011290
-3.179965  3.939856  6.649817  6.723669  0.322665  0.651822      1527.703315179 -99.000000 -99.000000   8.154654   0.011289
-3.188140  3.937830  6.642755  6.723692  0.322665  0.651822      1556.159595474 -99.000000 -99.000000   8.154725   0.011288
-3.196348  3.935802  6.635372  6.723723  0.322665  0.651822      1585.771830573 -99.000000 -99.000000   8.154822   0.011286
-3.204608  3.933760  6.628015  6.723752  0.322665  0.651822      1616.388660628 -99.000000 -99.000000   8.154916   0.011285
-3.212866  3.931719  6.620719  6.723788  0.322665  0.651822      1647.585851401 -99.000000 -99.000000   8.155008   0.011284
-3.221146  3.929672  6.613328  6.723821  0.322665  0.651822      1679.234849604 -99.000000 -99.000000   8.155099   0.011283
-3.229378  3.927636  6.606060  6.723851  0.322665  0.651822      1711.019997838 -99.000000 -99.000000   8.155187   0.011282
-3.237609  3.925600  6.598786  6.723888  0.322665  0.651822      1742.948107908 -99.000000 -99.000000   8.155275   0.011281
-3.245807  3.923571  6.591612  6.723918  0.322665  0.651822      1774.851354607 -99.000000 -99.000000   8.155359   0.011279
-3.254043  3.921533  6.584402  6.723948  0.322665  0.651822      1806.713172723 -99.000000 -99.000000   8.155441   0.011278
-3.262222  3.919508  6.577317  6.723981  0.322665  0.651822      1838.247478706 -99.000000 -99.000000   8.155522   0.011277
-3.270324  3.917503  6.570358  6.724015  0.322665  0.651822      1869.537772991 -99.000000 -99.000000   8.155601   0.011276
-3.278457  3.915489  6.563373  6.724044  0.322665  0.651822      1900.728141979 -99.000000 -99.000000   8.155677   0.011275
-3.286530  3.913488  6.556477  6.724069  0.322665  0.651822      1931.569015851 -99.000000 -99.000000   8.155750   0.011274
-3.294625  3.911483  6.549568  6.724098  0.322665  0.651822      1962.136389918 -99.000000 -99.000000   8.155823   0.011273
-3.302633  3.909499  6.542817  6.724128  0.322665  0.651822      1992.271665114 -99.000000 -99.000000   8.155894   0.011273
-3.310858  3.907460  6.535848  6.724155  0.322665  0.651822      2022.231735250 -99.000000 -99.000000   8.155964   0.011272
-3.319207  3.905390  6.528794  6.724185  0.322665  0.651822      2051.124087621 -99.000000 -99.000000   8.156035   0.011271
-3.327504  3.903333  6.521842  6.724208  0.322665  0.651822      2078.496944359 -99.000000 -99.000000   8.156101   0.011270
-3.335376  3.901380  6.515366  6.724229  0.322665  0.651822      2104.514345088 -99.000000 -99.000000   8.156161   0.011269
-3.343142  3.899453  6.509046  6.724253  0.322665  0.651822      2130.437470743 -99.000000 -99.000000   8.156222   0.011268
-3.351056  3.897490  6.502630  6.724275  0.322665  0.651822      2156.575117731 -99.000000 -99.000000   8.156281   0.011268
-3.359199  3.895469  6.496016  6.724300  0.322665  0.651822      2182.417613443 -99.000000 -99.000000   8.156342   0.011267
-3.367402  3.893434  6.489367  6.724325  0.322665  0.651822      2207.213014438 -99.000000 -99.000000   8.156402   0.011266
-3.375277  3.891479  6.483039  6.724347  0.322665  0.651822      2230.788593106 -99.000000 -99.000000   8.156458   0.011265
-3.382984  3.889565  6.476902  6.724368  0.322665  0.651822      2254.107081220 -99.000000 -99.000000   8.156511   0.011265
-3.390560  3.887684  6.470879  6.724388  0.322665  0.651822      2277.644890055 -99.000000 -99.000000   8.156562   0.011264
-3.398115  3.885808  6.464864  6.724409  0.322665  0.651822      2301.814911097 -99.000000 -99.000000   8.156613   0.011263
-3.405745  3.883913  6.458773  6.724430  0.322665  0.651822      2326.684128938 -99.000000 -99.000000   8.156663   0.011263
-3.413454  3.882005  6.452632  6.724469  0.322665  0.651822      2352.016036220 -99.000000 -99.000000   8.156742   0.011262
-3.421252  3.880070  6.446415  6.724494  0.322665  0.651822      2377.666436232 -99.000000 -99.000000   8.156798   0.011261
-3.429063  3.878126  6.440180  6.724504  0.322665  0.651822      2403.275113241 -99.000000 -99.000000   8.156833   0.011260
-3.436841  3.876193  6.433984  6.724523  0.322665  0.651822      2428.740860877 -99.000000 -99.000000   8.156879   0.011260
-3.444636  3.874249  6.427763  6.724524  0.322665  0.651822      2454.238814154 -99.000000 -99.000000   8.156900   0.011259
-3.452451  3.872307  6.421579  6.724544  0.322665  0.651822      2479.615599855 -99.000000 -99.000000   8.156945   0.011259
-3.460280  3.870360  6.415386  6.724560  0.322665  0.651822      2504.967073696 -99.000000 -99.000000   8.156987   0.011258
-3.468093  3.868424  6.409223  6.724598  0.322665  0.651822      2530.279116662 -99.000000 -99.000000   8.157057   0.011257
-3.476084  3.866437  6.402942  6.724616  0.322665  0.651822      2555.767830677 -99.000000 -99.000000   8.157100   0.011257
-3.483845  3.864507  6.396797  6.724631  0.322665  0.651822      2580.787477133 -99.000000 -99.000000   8.157139   0.011256
-3.491845  3.862514  6.390530  6.724641  0.322665  0.651822      2606.116552077 -99.000000 -99.000000   8.157167   0.011256
-3.499666  3.860569  6.384384  6.724658  0.322665  0.651822      2631.020732152 -99.000000 -99.000000   8.157207   0.011256
-3.507682  3.858574  6.378133  6.724675  0.322665  0.651822      2656.192738059 -99.000000 -99.000000   8.157246   0.011255
-3.515626  3.856592  6.371914  6.724679  0.322665  0.651822      2681.103172151 -99.000000 -99.000000   8.157262   0.011255
-3.523733  3.854575  6.365662  6.724695  0.322665  0.651822      2705.953615123 -99.000000 -99.000000   8.157300   0.011254
