#                                                                                                                          
# Mass= 0.86969 M_sun                                                                                                      
#                                                                                                                          
  Log(L)  Log(Teff)    T_c     Rho_c      12Cc      16Oc           age[Myr]      Log(LHe)   Log(Lnu)   Log(grav)  R/R_sun 
 4.473367  5.368613  8.055589  7.078059  0.378787  0.595538        -0.000373454   4.193581   2.682420   6.333487   0.105146
 4.473322  5.366763  8.055589  7.078060  0.378787  0.595538        -0.000373361   4.193896   2.682425   6.326132   0.106040
 4.473301  5.366945  8.055590  7.078061  0.378787  0.595538        -0.000373280   4.194169   2.682429   6.326880   0.105949
 4.473263  5.367167  8.055590  7.078062  0.378787  0.595538        -0.000373184   4.194499   2.682433   6.327806   0.105836
 4.473216  5.367433  8.055591  7.078063  0.378787  0.595538        -0.000373068   4.194887   2.682439   6.328918   0.105701
 4.473159  5.367747  8.055591  7.078065  0.378787  0.595538        -0.000372930   4.195367   2.682445   6.330231   0.105541
 4.473092  5.368111  8.055592  7.078066  0.378787  0.595538        -0.000372763   4.195947   2.682453   6.331754   0.105356
 4.473011  5.368547  8.055592  7.078068  0.378787  0.595538        -0.000372564   4.196647   2.682463   6.333580   0.105135
 4.472914  5.369082  8.055593  7.078071  0.378787  0.595538        -0.000372324   4.197499   2.682474   6.335816   0.104865
 4.472800  5.369721  8.055594  7.078074  0.378787  0.595538        -0.000372036   4.198532   2.682488   6.338488   0.104542
 4.472664  5.370477  8.055596  7.078077  0.378787  0.595538        -0.000371691   4.199791   2.682504   6.341648   0.104163
 4.472502  5.370095  8.055597  7.078082  0.378787  0.595538        -0.000371277   4.201317   2.682523   6.340280   0.104327
 4.472311  5.371162  8.055599  7.078087  0.378787  0.595538        -0.000370780   4.203176   2.682546   6.344740   0.103793
 4.472088  5.372394  8.055601  7.078093  0.378787  0.595538        -0.000370184   4.205443   2.682574   6.349891   0.103179
 4.471837  5.373813  8.055604  7.078100  0.378787  0.595538        -0.000369496   4.207994   2.682605   6.355818   0.102477
 4.471591  5.375225  8.055606  7.078107  0.378787  0.595538        -0.000368800   4.210685   2.682636   6.361709   0.101785
 4.471351  5.376578  8.055609  7.078114  0.378787  0.595538        -0.000368098   4.213438   2.682667   6.367363   0.101124
 4.471116  5.377962  8.055611  7.078120  0.378787  0.595538        -0.000367386   4.216258   2.682699   6.373134   0.100455
 4.470887  5.379333  8.055614  7.078127  0.378787  0.595538        -0.000366669   4.219040   2.682730   6.378849   0.099796
 4.470661  5.380648  8.055616  7.078134  0.378787  0.595538        -0.000365948   4.221928   2.682761   6.384335   0.099167
 4.470439  5.382004  8.055619  7.078141  0.378787  0.595538        -0.000365215   4.224887   2.682792   6.389979   0.098525
 4.470219  5.383336  8.055621  7.078148  0.378787  0.595538        -0.000364481   4.227852   2.682822   6.395529   0.097898
 4.470000  5.384657  8.055623  7.078155  0.378787  0.595538        -0.000363742   4.230845   2.682853   6.401029   0.097280
 4.469784  5.385986  8.055626  7.078162  0.378787  0.595538        -0.000363010   4.233810   2.682883   6.406562   0.096662
 4.469568  5.387304  8.055628  7.078168  0.378787  0.595538        -0.000362282   4.236758   2.682912   6.412049   0.096053
 4.469349  5.388592  8.055630  7.078175  0.378787  0.595538        -0.000361557   4.239683   2.682941   6.417423   0.095461
 4.469126  5.389888  8.055632  7.078182  0.378787  0.595538        -0.000360836   4.242490   2.682969   6.422826   0.094869
 4.468899  5.391193  8.055635  7.078188  0.378787  0.595538        -0.000360118   4.245319   2.682997   6.428274   0.094276
 4.468665  5.392455  8.055637  7.078194  0.378787  0.595538        -0.000359412   4.248116   2.683024   6.433559   0.093704
 4.468424  5.393739  8.055639  7.078200  0.378787  0.595538        -0.000358709   4.250891   2.683050   6.438935   0.093126
 4.468176  5.395017  8.055641  7.078206  0.378787  0.595538        -0.000358020   4.253554   2.683076   6.444293   0.092553
 4.467919  5.396255  8.055642  7.078212  0.378787  0.595538        -0.000357341   4.256180   2.683100   6.449501   0.092000
 4.467651  5.397513  8.055644  7.078217  0.378787  0.595538        -0.000356665   4.258783   2.683125   6.454803   0.091440
 4.467375  5.398761  8.055646  7.078223  0.378787  0.595538        -0.000356006   4.261298   2.683148   6.460073   0.090887
 4.467089  5.399998  8.055648  7.078228  0.378787  0.595538        -0.000355353   4.263754   2.683171   6.465306   0.090341
 4.466792  5.401211  8.055650  7.078233  0.378787  0.595538        -0.000354714   4.266130   2.683193   6.470452   0.089807
 4.466486  5.402445  8.055651  7.078239  0.378787  0.595538        -0.000354080   4.268477   2.683214   6.475696   0.089267
 4.466171  5.403648  8.055653  7.078243  0.378787  0.595538        -0.000353461   4.270728   2.683235   6.480822   0.088741
 4.465845  5.404844  8.055654  7.078248  0.378787  0.595538        -0.000352850   4.272929   2.683255   6.485932   0.088221
 4.465508  5.406036  8.055656  7.078253  0.378787  0.595538        -0.000352248   4.275068   2.683275   6.491040   0.087704
 4.465160  5.407212  8.055657  7.078258  0.378787  0.595538        -0.000351653   4.277058   2.683294   6.496091   0.087195
 4.464797  5.408391  8.055658  7.078262  0.378787  0.595538        -0.000351065   4.279061   2.683312   6.501171   0.086686
 4.464418  5.409538  8.055660  7.078266  0.378787  0.595538        -0.000350487   4.281014   2.683330   6.506136   0.086192
 4.464024  5.410711  8.055661  7.078271  0.378787  0.595538        -0.000349909   4.282964   2.683348   6.511221   0.085689
 4.463624  5.411859  8.055662  7.078275  0.378787  0.595538        -0.000349347   4.284811   2.683365   6.516214   0.085198
 4.463215  5.413001  8.055664  7.078279  0.378787  0.595538        -0.000348791   4.286582   2.683382   6.521190   0.084711
 4.462796  5.414133  8.055665  7.078283  0.378787  0.595538        -0.000348240   4.288323   2.683398   6.526137   0.084230
 4.462367  5.415254  8.055666  7.078287  0.378787  0.595538        -0.000347695   4.290025   2.683414   6.531051   0.083755
 4.461929  5.416384  8.055667  7.078291  0.378787  0.595538        -0.000347151   4.291680   2.683429   6.536009   0.083278
 4.461481  5.417494  8.055668  7.078294  0.378787  0.595538        -0.000346615   4.293298   2.683444   6.540898   0.082811
 4.461024  5.418606  8.055669  7.078298  0.378787  0.595538        -0.000346080   4.294855   2.683459   6.545801   0.082345
 4.460560  5.419713  8.055670  7.078302  0.378787  0.595538        -0.000345551   4.296377   2.683473   6.550695   0.081882
 4.460086  5.420816  8.055671  7.078305  0.378787  0.595538        -0.000345027   4.297860   2.683488   6.555579   0.081423
 4.459603  5.421897  8.055672  7.078309  0.378787  0.595538        -0.000344505   4.299304   2.683501   6.560387   0.080974
 4.459105  5.422985  8.055673  7.078312  0.378787  0.595538        -0.000343982   4.300722   2.683515   6.565236   0.080523
 4.458603  5.424077  8.055674  7.078316  0.378787  0.595538        -0.000343464   4.302091   2.683528   6.570106   0.080073
 4.458092  5.425150  8.055675  7.078319  0.378787  0.595538        -0.000342951   4.303421   2.683541   6.574910   0.079631
 4.457573  5.426228  8.055676  7.078322  0.378787  0.595538        -0.000342437   4.304694   2.683554   6.579741   0.079189
 4.457046  5.427294  8.055677  7.078326  0.378787  0.595538        -0.000341928   4.305940   2.683567   6.584534   0.078753
 4.456510  5.428363  8.055678  7.078329  0.378787  0.595538        -0.000341421   4.307157   2.683579   6.589344   0.078319
 4.455964  5.429411  8.055679  7.078332  0.378787  0.595538        -0.000340915   4.308337   2.683591   6.594083   0.077892
 4.455410  5.430470  8.055679  7.078335  0.378787  0.595538        -0.000340408   4.309484   2.683603   6.598873   0.077464
 4.454844  5.431511  8.055680  7.078338  0.378787  0.595538        -0.000339903   4.310599   2.683615   6.603602   0.077043
 4.454260  5.432560  8.055681  7.078342  0.378787  0.595538        -0.000339397   4.311657   2.683626   6.608382   0.076621
 4.453667  5.433586  8.055682  7.078345  0.378787  0.595538        -0.000338895   4.312693   2.683637   6.613078   0.076207
 4.453059  5.434624  8.055682  7.078348  0.378787  0.595538        -0.000338390   4.313709   2.683649   6.617841   0.075791
 4.452448  5.435650  8.055683  7.078351  0.378787  0.595538        -0.000337889   4.314693   2.683660   6.622552   0.075381
 4.451828  5.436659  8.055684  7.078354  0.378787  0.595538        -0.000337387   4.315642   2.683670   6.627210   0.074978
 4.451203  5.437680  8.055685  7.078356  0.378787  0.595538        -0.000336881   4.316571   2.683681   6.631917   0.074572
 4.450568  5.438689  8.055685  7.078359  0.378787  0.595538        -0.000336375   4.317463   2.683692   6.636588   0.074172
 4.449926  5.439701  8.055686  7.078362  0.378787  0.595538        -0.000335865   4.318330   2.683702   6.641281   0.073773
 4.449279  5.440703  8.055687  7.078365  0.378787  0.595538        -0.000335356   4.319164   2.683712   6.645937   0.073378
 4.448625  5.441704  8.055687  7.078368  0.378787  0.595538        -0.000334845   4.319945   2.683722   6.650595   0.072986
 4.447965  5.442695  8.055688  7.078371  0.378787  0.595538        -0.000334331   4.320715   2.683733   6.655216   0.072599
 4.447297  5.443691  8.055689  7.078374  0.378787  0.595538        -0.000333810   4.321468   2.683743   6.659867   0.072211
 4.446624  5.444669  8.055689  7.078377  0.378787  0.595538        -0.000333288   4.322192   2.683752   6.664454   0.071831
 4.445942  5.445660  8.055690  7.078379  0.378787  0.595538        -0.000332758   4.322895   2.683762   6.669100   0.071447
 4.445255  5.446649  8.055691  7.078382  0.378787  0.595538        -0.000332227   4.323562   2.683772   6.673744   0.071066
 4.444555  5.447624  8.055691  7.078385  0.378787  0.595538        -0.000331695   4.324167   2.683782   6.678343   0.070691
 4.443839  5.448589  8.055692  7.078388  0.378787  0.595538        -0.000331158   4.324765   2.683791   6.682918   0.070320
 4.443117  5.449562  8.055692  7.078391  0.378787  0.595538        -0.000330614   4.325341   2.683801   6.687534   0.069947
 4.442387  5.450518  8.055693  7.078394  0.378787  0.595538        -0.000330068   4.325879   2.683810   6.692088   0.069581
 4.441651  5.451485  8.055693  7.078396  0.378787  0.595538        -0.000329515   4.326396   2.683819   6.696691   0.069214
 4.440910  5.452446  8.055694  7.078399  0.378787  0.595538        -0.000328959   4.326880   2.683829   6.701277   0.068849
 4.440164  5.453401  8.055695  7.078402  0.378787  0.595538        -0.000328400   4.327345   2.683838   6.705841   0.068488
 4.439409  5.454345  8.055695  7.078405  0.378787  0.595538        -0.000327834   4.327740   2.683847   6.710372   0.068132
 4.438647  5.455299  8.055696  7.078408  0.378787  0.595538        -0.000327260   4.328130   2.683856   6.714950   0.067774
 4.437878  5.456234  8.055696  7.078411  0.378787  0.595538        -0.000326683   4.328495   2.683865   6.719462   0.067423
 4.437096  5.457188  8.055697  7.078413  0.378787  0.595538        -0.000326094   4.328831   2.683874   6.724058   0.067067
 4.436314  5.458129  8.055697  7.078416  0.378787  0.595538        -0.000325504   4.329143   2.683883   6.728603   0.066717
 4.435528  5.459063  8.055698  7.078419  0.378787  0.595538        -0.000324910   4.329388   2.683892   6.733128   0.066370
 4.434727  5.459988  8.055698  7.078422  0.378787  0.595538        -0.000324306   4.329612   2.683901   6.737629   0.066027
 4.433908  5.460915  8.055699  7.078425  0.378787  0.595538        -0.000323692   4.329808   2.683910   6.742155   0.065684
 4.433083  5.461831  8.055699  7.078428  0.378787  0.595538        -0.000323071   4.329969   2.683918   6.746642   0.065345
 4.432254  5.462754  8.055700  7.078431  0.378787  0.595538        -0.000322439   4.330092   2.683927   6.751163   0.065006
 4.431421  5.463670  8.055700  7.078434  0.378787  0.595538        -0.000321800   4.330184   2.683936   6.755660   0.064671
 4.430583  5.464583  8.055701  7.078437  0.378787  0.595538        -0.000321151   4.330235   2.683945   6.760151   0.064337
 4.429740  5.465487  8.055701  7.078440  0.378787  0.595538        -0.000320493   4.330258   2.683954   6.764610   0.064008
 4.428890  5.466401  8.055702  7.078443  0.378787  0.595538        -0.000319821   4.330211   2.683963   6.769115   0.063677
 4.428035  5.467295  8.055702  7.078446  0.378787  0.595538        -0.000319140   4.330148   2.683972   6.773546   0.063353
 4.427168  5.468210  8.055703  7.078449  0.378787  0.595538        -0.000318441   4.330049   2.683981   6.778076   0.063023
 4.426303  5.469112  8.055703  7.078452  0.378787  0.595538        -0.000317738   4.329912   2.683990   6.782547   0.062699
 4.425430  5.470009  8.055704  7.078455  0.378787  0.595538        -0.000317025   4.329732   2.683999   6.787007   0.062378
 4.424542  5.470906  8.055704  7.078458  0.378787  0.595538        -0.000316298   4.329516   2.684008   6.791483   0.062058
 4.423638  5.471787  8.055705  7.078461  0.378787  0.595538        -0.000315560   4.329260   2.684017   6.795911   0.061742
 4.422732  5.472674  8.055705  7.078465  0.378787  0.595538        -0.000314806   4.328932   2.684026   6.800366   0.061426
 4.421826  5.473557  8.055706  7.078468  0.378787  0.595538        -0.000314039   4.328584   2.684035   6.804803   0.061113
 4.420918  5.474428  8.055706  7.078471  0.378787  0.595538        -0.000313256   4.328193   2.684044   6.809197   0.060805
 4.420008  5.475310  8.055707  7.078475  0.378787  0.595538        -0.000312450   4.327761   2.684054   6.813635   0.060495
 4.419098  5.476188  8.055707  7.078478  0.378787  0.595538        -0.000311630   4.327286   2.684063   6.818058   0.060188
 4.418185  5.477059  8.055707  7.078482  0.378787  0.595538        -0.000310791   4.326763   2.684073   6.822454   0.059884
 4.417271  5.477935  8.055708  7.078486  0.378787  0.595538        -0.000309929   4.326195   2.684083   6.826872   0.059580
 4.416355  5.478809  8.055708  7.078489  0.378787  0.595538        -0.000309049   4.325584   2.684093   6.831283   0.059278
 4.415437  5.479679  8.055709  7.078493  0.378787  0.595538        -0.000308149   4.324917   2.684104   6.835682   0.058979
 4.414510  5.480552  8.055710  7.078497  0.378787  0.595538        -0.000307227   4.324206   2.684114   6.840101   0.058679
 4.413571  5.481413  8.055710  7.078501  0.378787  0.595538        -0.000306287   4.323450   2.684125   6.844483   0.058384
 4.412634  5.482281  8.055711  7.078505  0.378787  0.595538        -0.000305323   4.322641   2.684135   6.848891   0.058089
 4.411699  5.483146  8.055711  7.078509  0.378787  0.595538        -0.000304339   4.321788   2.684147   6.853285   0.057796
 4.410763  5.484004  8.055712  7.078513  0.378787  0.595538        -0.000303333   4.320827   2.684158   6.857654   0.057506
 4.409828  5.484870  8.055712  7.078518  0.378787  0.595538        -0.000302298   4.319866   2.684169   6.862056   0.057215
 4.408894  5.485729  8.055713  7.078522  0.378787  0.595538        -0.000301245   4.318864   2.684181   6.866425   0.056928
 4.407962  5.486597  8.055713  7.078527  0.378787  0.595538        -0.000300163   4.317821   2.684193   6.870830   0.056640
 4.407034  5.487462  8.055714  7.078531  0.378787  0.595538        -0.000299061   4.316740   2.684206   6.875214   0.056355
 4.406107  5.488321  8.055715  7.078536  0.378787  0.595538        -0.000297936   4.315583   2.684218   6.879579   0.056072
 4.405181  5.489189  8.055715  7.078541  0.378787  0.595538        -0.000296780   4.314397   2.684231   6.883978   0.055789
 4.404241  5.490040  8.055716  7.078546  0.378787  0.595538        -0.000295605   4.313186   2.684245   6.888322   0.055511
 4.403295  5.490908  8.055717  7.078551  0.378787  0.595538        -0.000294396   4.311932   2.684259   6.892739   0.055229
 4.402356  5.491765  8.055717  7.078556  0.378787  0.595538        -0.000293173   4.310651   2.684272   6.897108   0.054952
 4.401420  5.492631  8.055718  7.078561  0.378787  0.595538        -0.000291923   4.309334   2.684287   6.901505   0.054674
 4.400488  5.493494  8.055719  7.078567  0.378787  0.595538        -0.000290654   4.307958   2.684301   6.905892   0.054399
 4.399556  5.494353  8.055720  7.078572  0.378787  0.595538        -0.000289364   4.306584   2.684316   6.910260   0.054126
 4.398626  5.495224  8.055721  7.078578  0.378787  0.595538        -0.000288048   4.305176   2.684332   6.914673   0.053852
 4.397696  5.496087  8.055721  7.078584  0.378787  0.595538        -0.000286720   4.303762   2.684347   6.919055   0.053581
 4.396766  5.496959  8.055722  7.078590  0.378787  0.595538        -0.000285369   4.302321   2.684363   6.923472   0.053309
 4.395838  5.497827  8.055723  7.078596  0.378787  0.595538        -0.000284007   4.300871   2.684379   6.927872   0.053040
 4.394906  5.498691  8.055724  7.078602  0.378787  0.595538        -0.000282630   4.299401   2.684396   6.932258   0.052772
 4.393954  5.499550  8.055725  7.078608  0.378787  0.595538        -0.000281233   4.297920   2.684413   6.936649   0.052506
 4.393003  5.500417  8.055726  7.078614  0.378787  0.595538        -0.000279820   4.296431   2.684430   6.941066   0.052240
 4.392054  5.501279  8.055727  7.078620  0.378787  0.595538        -0.000278399   4.294865   2.684447   6.945466   0.051976
 4.391101  5.502138  8.055728  7.078626  0.378787  0.595538        -0.000276965   4.293348   2.684465   6.949854   0.051714
 4.390145  5.502996  8.055729  7.078633  0.378787  0.595538        -0.000275514   4.291822   2.684483   6.954243   0.051454
 4.389183  5.503868  8.055730  7.078639  0.378787  0.595538        -0.000274047   4.290300   2.684501   6.958691   0.051191
 4.388225  5.504733  8.055731  7.078646  0.378787  0.595538        -0.000272584   4.288790   2.684520   6.963109   0.050931
 4.387261  5.505590  8.055732  7.078653  0.378787  0.595538        -0.000271116   4.287290   2.684538   6.967502   0.050674
 4.386290  5.506451  8.055733  7.078659  0.378787  0.595538        -0.000269635   4.285766   2.684557   6.971917   0.050417
 4.385317  5.507316  8.055734  7.078666  0.378787  0.595538        -0.000268147   4.284185   2.684576   6.976351   0.050160
 4.384322  5.508168  8.055735  7.078673  0.378787  0.595538        -0.000266661   4.282672   2.684595   6.980751   0.049907
 4.383310  5.509014  8.055736  7.078680  0.378787  0.595538        -0.000265165   4.281160   2.684614   6.985146   0.049655
 4.382295  5.509872  8.055737  7.078686  0.378787  0.595538        -0.000263658   4.279649   2.684634   6.989595   0.049401
 4.381272  5.510713  8.055738  7.078693  0.378787  0.595538        -0.000262159   4.278153   2.684653   6.993983   0.049152
 4.380247  5.511567  8.055739  7.078700  0.378787  0.595538        -0.000260649   4.276650   2.684673   6.998425   0.048902
 4.379217  5.512415  8.055741  7.078707  0.378787  0.595538        -0.000259144   4.275167   2.684693   7.002846   0.048653
 4.378174  5.513250  8.055742  7.078714  0.378787  0.595538        -0.000257638   4.273607   2.684713   7.007228   0.048409
 4.377126  5.514099  8.055743  7.078721  0.378787  0.595538        -0.000256118   4.272100   2.684733   7.011674   0.048161
 4.376074  5.514941  8.055744  7.078728  0.378787  0.595538        -0.000254606   4.270617   2.684753   7.016093   0.047917
 4.375009  5.515771  8.055745  7.078735  0.378787  0.595538        -0.000253094   4.269134   2.684773   7.020476   0.047676
 4.373913  5.516604  8.055746  7.078742  0.378787  0.595538        -0.000251569   4.267640   2.684793   7.024904   0.047433
 4.372803  5.517425  8.055748  7.078749  0.378787  0.595538        -0.000250047   4.266138   2.684814   7.029297   0.047194
 4.371691  5.518256  8.055749  7.078756  0.378787  0.595538        -0.000248516   4.264641   2.684834   7.033735   0.046954
 4.370570  5.519075  8.055750  7.078763  0.378787  0.595538        -0.000246993   4.263081   2.684855   7.038130   0.046717
 4.369440  5.519893  8.055751  7.078770  0.378787  0.595538        -0.000245463   4.261565   2.684875   7.042535   0.046480
 4.368301  5.520710  8.055753  7.078778  0.378787  0.595538        -0.000243928   4.260052   2.684896   7.046939   0.046245
 4.367150  5.521519  8.055754  7.078785  0.378787  0.595538        -0.000242390   4.258523   2.684917   7.051327   0.046012
 4.365990  5.522330  8.055755  7.078792  0.378787  0.595538        -0.000240842   4.256999   2.684938   7.055735   0.045779
 4.364821  5.523143  8.055756  7.078799  0.378787  0.595538        -0.000239291   4.255466   2.684959   7.060152   0.045547
 4.363602  5.523928  8.055758  7.078807  0.378787  0.595538        -0.000237741   4.253930   2.684980   7.064512   0.045319
 4.362371  5.524714  8.055759  7.078814  0.378787  0.595538        -0.000236171   4.252368   2.685001   7.068885   0.045091
 4.361146  5.525516  8.055760  7.078822  0.378787  0.595538        -0.000234587   4.250786   2.685023   7.073322   0.044862
 4.359889  5.526290  8.055762  7.078829  0.378787  0.595538        -0.000233013   4.249207   2.685044   7.077672   0.044638
 4.358662  5.527099  8.055763  7.078837  0.378787  0.595538        -0.000231415   4.247599   2.685066   7.082136   0.044409
 4.357424  5.527893  8.055764  7.078844  0.378787  0.595538        -0.000229837   4.246011   2.685087   7.086550   0.044184
 4.356179  5.528680  8.055765  7.078851  0.378787  0.595538        -0.000228260   4.244430   2.685109   7.090944   0.043961
 4.354924  5.529465  8.055767  7.078859  0.378787  0.595538        -0.000226677   4.242845   2.685130   7.095337   0.043739
 4.353631  5.530239  8.055768  7.078866  0.378787  0.595538        -0.000225088   4.241239   2.685151   7.099725   0.043519
 4.352329  5.531009  8.055769  7.078874  0.378787  0.595538        -0.000223493   4.239608   2.685173   7.104107   0.043300
 4.351017  5.531780  8.055771  7.078881  0.378787  0.595538        -0.000221888   4.237958   2.685194   7.108504   0.043081
 4.349698  5.532547  8.055772  7.078889  0.378787  0.595538        -0.000220279   4.236276   2.685216   7.112892   0.042864
 4.348369  5.533311  8.055773  7.078897  0.378787  0.595538        -0.000218664   4.234583   2.685238   7.117279   0.042648
 4.347031  5.534074  8.055775  7.078904  0.378787  0.595538        -0.000217041   4.232729   2.685260   7.121668   0.042433
 4.345685  5.534834  8.055776  7.078912  0.378787  0.595538        -0.000215411   4.230966   2.685282   7.126054   0.042219
 4.344314  5.535587  8.055777  7.078920  0.378787  0.595538        -0.000213774   4.229198   2.685304   7.130437   0.042007
 4.342918  5.536334  8.055779  7.078927  0.378787  0.595538        -0.000212128   4.227421   2.685327   7.134819   0.041795
 4.341515  5.537078  8.055780  7.078935  0.378787  0.595538        -0.000210474   4.225616   2.685349   7.139200   0.041585
 4.340102  5.537820  8.055782  7.078943  0.378787  0.595538        -0.000208811   4.223799   2.685372   7.143581   0.041376
 4.338682  5.538560  8.055783  7.078951  0.378787  0.595538        -0.000207139   4.221961   2.685394   7.147961   0.041168
 4.337253  5.539298  8.055785  7.078959  0.378787  0.595538        -0.000205458   4.220101   2.685417   7.152341   0.040961
 4.335816  5.540034  8.055786  7.078967  0.378787  0.595538        -0.000203768   4.218222   2.685440   7.156722   0.040754
 4.334356  5.540764  8.055787  7.078975  0.378787  0.595538        -0.000202069   4.216318   2.685463   7.161102   0.040550
 4.332868  5.541486  8.055789  7.078984  0.378787  0.595538        -0.000200360   4.214379   2.685487   7.165480   0.040346
 4.331371  5.542207  8.055790  7.078992  0.378787  0.595538        -0.000198643   4.212429   2.685510   7.169858   0.040143
 4.329864  5.542925  8.055792  7.079000  0.378787  0.595538        -0.000196916   4.210447   2.685534   7.174238   0.039941
 4.328349  5.543641  8.055793  7.079008  0.378787  0.595538        -0.000195181   4.208459   2.685557   7.178618   0.039740
 4.326825  5.544355  8.055795  7.079017  0.378787  0.595538        -0.000193437   4.206445   2.685581   7.182998   0.039540
 4.325274  5.545068  8.055796  7.079025  0.378787  0.595538        -0.000191684   4.204407   2.685605   7.187401   0.039340
 4.323698  5.545766  8.055798  7.079033  0.378787  0.595538        -0.000189931   4.202092   2.685629   7.191766   0.039143
 4.322093  5.546462  8.055799  7.079042  0.378787  0.595538        -0.000188164   4.199966   2.685654   7.196157   0.038946
 4.320493  5.547153  8.055801  7.079051  0.378787  0.595538        -0.000186394   4.197846   2.685678   7.200520   0.038750
 4.318888  5.547844  8.055803  7.079059  0.378787  0.595538        -0.000184608   4.195706   2.685703   7.204889   0.038556
 4.317273  5.548534  8.055804  7.079068  0.378787  0.595538        -0.000182809   4.193539   2.685728   7.209266   0.038362
 4.315647  5.549223  8.055806  7.079077  0.378787  0.595538        -0.000181000   4.191357   2.685753   7.213647   0.038169
 4.313987  5.549903  8.055807  7.079085  0.378787  0.595538        -0.000179184   4.189130   2.685778   7.218026   0.037977
 4.312302  5.550576  8.055809  7.079094  0.378787  0.595538        -0.000177359   4.186910   2.685803   7.222405   0.037786
 4.310605  5.551247  8.055811  7.079103  0.378787  0.595538        -0.000175526   4.184642   2.685828   7.226785   0.037596
 4.308889  5.551917  8.055812  7.079112  0.378787  0.595538        -0.000173685   4.182368   2.685854   7.231181   0.037406
 4.307164  5.552581  8.055814  7.079121  0.378787  0.595538        -0.000171843   4.180082   2.685880   7.235562   0.037218
 4.305430  5.553241  8.055816  7.079130  0.378787  0.595538        -0.000169993   4.177754   2.685905   7.239936   0.037031
 4.303658  5.553891  8.055817  7.079139  0.378787  0.595538        -0.000168132   4.175418   2.685931   7.244308   0.036845
 4.301866  5.554537  8.055819  7.079148  0.378787  0.595538        -0.000166259   4.173071   2.685958   7.248685   0.036660
 4.300064  5.555180  8.055821  7.079157  0.378787  0.595538        -0.000164378   4.170699   2.685984   7.253058   0.036476
 4.298244  5.555823  8.055823  7.079167  0.378787  0.595538        -0.000162486   4.168307   2.686010   7.257449   0.036292
 4.296409  5.556460  8.055824  7.079176  0.378787  0.595538        -0.000160591   4.165712   2.686036   7.261833   0.036109
 4.294553  5.557091  8.055826  7.079185  0.378787  0.595538        -0.000158689   4.163144   2.686062   7.266211   0.035928
 4.292654  5.557709  8.055828  7.079194  0.378787  0.595538        -0.000156778   4.160603   2.686089   7.270584   0.035747
 4.290726  5.558326  8.055830  7.079204  0.378787  0.595538        -0.000154856   4.158066   2.686116   7.274982   0.035567
 4.288800  5.558936  8.055831  7.079213  0.378787  0.595538        -0.000152934   4.155504   2.686142   7.279346   0.035389
 4.286865  5.559546  8.055833  7.079223  0.378787  0.595538        -0.000150997   4.152773   2.686169   7.283721   0.035211
 4.284918  5.560153  8.055835  7.079232  0.378787  0.595538        -0.000149049   4.150120   2.686197   7.288094   0.035034
 4.282914  5.560744  8.055837  7.079242  0.378787  0.595538        -0.000147090   4.147469   2.686224   7.292466   0.034858
 4.280897  5.561333  8.055839  7.079251  0.378787  0.595538        -0.000145119   4.144759   2.686251   7.296838   0.034683
 4.278868  5.561920  8.055840  7.079261  0.378787  0.595538        -0.000143137   4.142044   2.686279   7.301213   0.034509
 4.276828  5.562503  8.055842  7.079271  0.378787  0.595538        -0.000141144   4.139149   2.686307   7.305587   0.034336
 4.274771  5.563082  8.055844  7.079281  0.378787  0.595538        -0.000139141   4.136334   2.686335   7.309961   0.034163
 4.272659  5.563648  8.055846  7.079291  0.378787  0.595538        -0.000137126   4.133498   2.686363   7.314334   0.033991
 4.270534  5.564210  8.055848  7.079301  0.378787  0.595538        -0.000135100   4.130575   2.686391   7.318708   0.033821
 4.268396  5.564769  8.055850  7.079311  0.378787  0.595538        -0.000133064   4.127644   2.686420   7.323083   0.033651
 4.266246  5.565326  8.055852  7.079321  0.378787  0.595538        -0.000131017   4.124695   2.686448   7.327458   0.033482
 4.264062  5.565873  8.055854  7.079331  0.378787  0.595538        -0.000128959   4.121658   2.686477   7.331833   0.033314
 4.261834  5.566410  8.055856  7.079341  0.378787  0.595538        -0.000126891   4.118632   2.686506   7.336208   0.033146
 4.259594  5.566944  8.055858  7.079352  0.378787  0.595538        -0.000124812   4.115547   2.686536   7.340583   0.032980
 4.257340  5.567474  8.055860  7.079362  0.378787  0.595538        -0.000122723   4.112449   2.686565   7.344958   0.032814
 4.255072  5.568001  8.055862  7.079373  0.378787  0.595538        -0.000120623   4.109283   2.686595   7.349335   0.032649
 4.252739  5.568512  8.055864  7.079383  0.378787  0.595538        -0.000118512   4.106104   2.686625   7.353709   0.032485
 4.250390  5.569018  8.055866  7.079394  0.378787  0.595538        -0.000116392   4.102853   2.686655   7.358084   0.032322
 4.248027  5.569521  8.055868  7.079404  0.378787  0.595538        -0.000114260   4.099592   2.686685   7.362460   0.032159
 4.245649  5.570021  8.055870  7.079415  0.378787  0.595538        -0.000112118   4.096286   2.686716   7.366835   0.031998
 4.243216  5.570506  8.055872  7.079426  0.378787  0.595538        -0.000109965   4.092903   2.686746   7.371211   0.031837
 4.240753  5.570984  8.055874  7.079437  0.378787  0.595538        -0.000107802   4.089509   2.686777   7.375585   0.031677
 4.238275  5.571458  8.055876  7.079448  0.378787  0.595538        -0.000105628   4.086069   2.686808   7.379960   0.031518
 4.235781  5.571929  8.055879  7.079459  0.378787  0.595538        -0.000103443   4.082545   2.686839   7.384336   0.031359
 4.233233  5.572385  8.055881  7.079470  0.378787  0.595538        -0.000101246   4.078976   2.686870   7.388711   0.031202
 4.230651  5.572833  8.055883  7.079481  0.378787  0.595538        -0.000099039   4.075392   2.686902   7.393085   0.031045
 4.228052  5.573278  8.055885  7.079492  0.378787  0.595538        -0.000096820   4.071767   2.686933   7.397464   0.030889
 4.225437  5.573719  8.055887  7.079503  0.378787  0.595538        -0.000094592   4.068042   2.686965   7.401840   0.030734
 4.222754  5.574142  8.055890  7.079514  0.378787  0.595538        -0.000092353   4.064320   2.686997   7.406215   0.030579
 4.220044  5.574558  8.055892  7.079526  0.378787  0.595538        -0.000090102   4.060541   2.687029   7.410588   0.030426
 4.217320  5.574970  8.055894  7.079537  0.378787  0.595538        -0.000087840   4.056657   2.687062   7.414962   0.030273
 4.214571  5.575376  8.055896  7.079549  0.378787  0.595538        -0.000085565   4.052527   2.687095   7.419336   0.030121
 4.211752  5.575764  8.055899  7.079560  0.378787  0.595538        -0.000083279   4.048561   2.687127   7.423708   0.029970
 4.208916  5.576149  8.055901  7.079572  0.378787  0.595538        -0.000080979   4.044499   2.687160   7.428081   0.029819
 4.206067  5.576529  8.055903  7.079584  0.378787  0.595538        -0.000078667   4.040453   2.687194   7.432451   0.029670
 4.203168  5.576895  8.055906  7.079595  0.378787  0.595538        -0.000076340   4.036329   2.687227   7.436816   0.029521
 4.200219  5.577253  8.055908  7.079607  0.378787  0.595538        -0.000073996   4.032094   2.687261   7.441195   0.029372
 4.197232  5.577605  8.055911  7.079619  0.378787  0.595538        -0.000071643   4.027851   2.687295   7.445589   0.029224
 4.194218  5.577944  8.055913  7.079631  0.378787  0.595538        -0.000069288   4.023504   2.687329   7.449960   0.029077
 4.191141  5.578266  8.055916  7.079643  0.378787  0.595538        -0.000066919   4.019139   2.687363   7.454326   0.028932
 4.188050  5.578585  8.055918  7.079656  0.378787  0.595538        -0.000064533   4.014694   2.687398   7.458692   0.028787
 4.184943  5.578900  8.055920  7.079668  0.378787  0.595538        -0.000062130   4.010125   2.687432   7.463061   0.028642
 4.181749  5.579194  8.055923  7.079680  0.378787  0.595538        -0.000059711   4.005485   2.687467   7.467429   0.028499
 4.178539  5.579484  8.055925  7.079693  0.378787  0.595538        -0.000057277   4.000537   2.687503   7.471800   0.028355
 4.175312  5.579770  8.055928  7.079705  0.378787  0.595538        -0.000054829   3.995683   2.687538   7.476172   0.028213
 4.172005  5.580035  8.055931  7.079718  0.378787  0.595538        -0.000052366   3.990828   2.687574   7.480539   0.028072
 4.168680  5.580296  8.055933  7.079731  0.378787  0.595538        -0.000049887   3.985907   2.687610   7.484905   0.027931
 4.165329  5.580552  8.055936  7.079744  0.378787  0.595538        -0.000047390   3.980858   2.687647   7.489281   0.027790
 4.161888  5.580785  8.055938  7.079756  0.378787  0.595538        -0.000044883   3.975743   2.687683   7.493655   0.027651
 4.158420  5.581012  8.055941  7.079769  0.378787  0.595538        -0.000042362   3.970423   2.687720   7.498029   0.027512
 4.154932  5.581233  8.055944  7.079782  0.378787  0.595538        -0.000039829   3.965118   2.687757   7.502401   0.027374
 4.151366  5.581431  8.055947  7.079796  0.378787  0.595538        -0.000037281   3.959745   2.687794   7.506760   0.027237
 4.147768  5.581625  8.055949  7.079809  0.378787  0.595538        -0.000034712   3.954278   2.687832   7.511136   0.027100
 4.144128  5.581809  8.055952  7.079822  0.378787  0.595538        -0.000032132   3.948776   2.687870   7.515511   0.026964
 4.140403  5.581971  8.055955  7.079836  0.378787  0.595538        -0.000029538   3.943131   2.687908   7.519884   0.026828
 4.136657  5.582129  8.055958  7.079849  0.378787  0.595538        -0.000026932   3.937388   2.687946   7.524261   0.026694
 4.132845  5.582268  8.055960  7.079863  0.378787  0.595538        -0.000024314   3.931636   2.687984   7.528630   0.026560
 4.128973  5.582393  8.055963  7.079876  0.378787  0.595538        -0.000021680   3.925778   2.688023   7.532999   0.026426
 4.125071  5.582512  8.055966  7.079890  0.378787  0.595538        -0.000019031   3.919748   2.688062   7.537379   0.026293
 4.121067  5.582602  8.055969  7.079904  0.378787  0.595538        -0.000016371   3.913431   2.688101   7.541745   0.026162
 4.117047  5.582688  8.055972  7.079918  0.378787  0.595538        -0.000013693   3.907217   2.688140   7.546108   0.026031
 4.112968  5.582759  8.055975  7.079932  0.378787  0.595538        -0.000010995   3.900859   2.688180   7.550470   0.025900
 4.108829  5.582814  8.055978  7.079946  0.378787  0.595538        -0.000008277   3.894446   2.688220   7.554831   0.025770
 4.104659  5.582863  8.055981  7.079960  0.378787  0.595538        -0.000005537   3.887975   2.688260   7.559196   0.025641
 4.100381  5.582885  8.055984  7.079975  0.378787  0.595538        -0.000002778   3.881304   2.688300   7.563561   0.025513
 4.096084  5.582902  8.055987  7.079989  0.378787  0.595538         0.000000000   3.874503   2.688341   7.567926   0.025385
 4.091726  5.582899  8.055990  7.080004  0.378787  0.595538         0.000002797   3.867625   2.688382   7.572274   0.025258
 4.087300  5.582886  8.055993  7.080018  0.378787  0.595538         0.000005624   3.860537   2.688423   7.576646   0.025131
 4.082801  5.582854  8.055996  7.080033  0.378787  0.595538         0.000008466   3.853318   2.688465   7.581016   0.025005
 4.078227  5.582803  8.055999  7.080048  0.378787  0.595538         0.000011324   3.845961   2.688507   7.585388   0.024880
 4.073603  5.582738  8.056002  7.080063  0.378787  0.595538         0.000014196   3.838325   2.688549   7.589753   0.024755
 4.068891  5.582651  8.056005  7.080078  0.378787  0.595538         0.000017087   3.830648   2.688592   7.594113   0.024631
 4.064146  5.582554  8.056008  7.080093  0.378787  0.595538         0.000020001   3.822932   2.688634   7.598474   0.024508
 4.059292  5.582431  8.056012  7.080109  0.378787  0.595538         0.000022938   3.814988   2.688677   7.602834   0.024385
 4.054414  5.582301  8.056015  7.080124  0.378787  0.595538         0.000025897   3.806872   2.688721   7.607193   0.024263
 4.049425  5.582143  8.056018  7.080140  0.378787  0.595538         0.000028880   3.798693   2.688764   7.611550   0.024141
 4.044415  5.581980  8.056021  7.080155  0.378787  0.595538         0.000031888   3.790207   2.688808   7.615908   0.024021
 4.039271  5.581785  8.056025  7.080171  0.378787  0.595538         0.000034920   3.781710   2.688853   7.620273   0.023900
 4.034087  5.581580  8.056028  7.080187  0.378787  0.595538         0.000037972   3.773040   2.688897   7.624636   0.023780
 4.028790  5.581346  8.056031  7.080203  0.378787  0.595538         0.000041045   3.764075   2.688942   7.628995   0.023661
 4.023442  5.581098  8.056035  7.080219  0.378787  0.595538         0.000044142   3.755062   2.688987   7.633353   0.023543
 4.017991  5.580825  8.056038  7.080235  0.378787  0.595538         0.000047263   3.745525   2.689033   7.637709   0.023425
 4.012470  5.580533  8.056042  7.080252  0.378787  0.595538         0.000050411   3.735980   2.689078   7.642065   0.023308
 4.006866  5.580221  8.056045  7.080268  0.378787  0.595538         0.000053584   3.726378   2.689125   7.646422   0.023191
 4.001185  5.579888  8.056048  7.080285  0.378787  0.595538         0.000056784   3.716480   2.689171   7.650768   0.023076
 3.995428  5.579538  8.056052  7.080302  0.378787  0.595538         0.000060017   3.706364   2.689218   7.655126   0.022960
 3.989531  5.579153  8.056055  7.080319  0.378787  0.595538         0.000063275   3.696164   2.689265   7.659481   0.022845
 3.983575  5.578753  8.056059  7.080336  0.378787  0.595538         0.000066560   3.685653   2.689312   7.663838   0.022731
 3.977506  5.578323  8.056063  7.080353  0.378787  0.595538         0.000069871   3.674845   2.689360   7.668189   0.022617
 3.971360  5.577872  8.056066  7.080370  0.378787  0.595538         0.000073213   3.663869   2.689407   7.672532   0.022505
 3.965140  5.577405  8.056070  7.080388  0.378787  0.595538         0.000076591   3.652663   2.689456   7.676880   0.022392
 3.958771  5.576899  8.056073  7.080405  0.378787  0.595538         0.000080002   3.641320   2.689504   7.681227   0.022280
 3.952328  5.576375  8.056077  7.080423  0.378787  0.595538         0.000083448   3.629639   2.689553   7.685574   0.022169
 3.945793  5.575827  8.056081  7.080441  0.378787  0.595538         0.000086928   3.617731   2.689603   7.689918   0.022059
 3.939126  5.575246  8.056084  7.080459  0.378787  0.595538         0.000090445   3.605560   2.689652   7.694258   0.021949
 3.932374  5.574643  8.056088  7.080478  0.378787  0.595538         0.000094001   3.593120   2.689702   7.698601   0.021839
 3.925522  5.574015  8.056092  7.080496  0.378787  0.595538         0.000097596   3.580424   2.689752   7.702941   0.021730
 3.918522  5.573350  8.056096  7.080515  0.378787  0.595538         0.000101232   3.567528   2.689803   7.707280   0.021622
 3.911431  5.572661  8.056100  7.080533  0.378787  0.595538         0.000104909   3.554277   2.689854   7.711616   0.021514
 3.904243  5.571948  8.056103  7.080552  0.378787  0.595538         0.000108631   3.540452   2.689905   7.715950   0.021407
 3.896909  5.571198  8.056107  7.080571  0.378787  0.595538         0.000112399   3.526532   2.689957   7.720284   0.021301
 3.889454  5.570417  8.056111  7.080591  0.378787  0.595538         0.000116214   3.512400   2.690008   7.724617   0.021195
 3.881892  5.569609  8.056115  7.080610  0.378787  0.595538         0.000120077   3.497965   2.690060   7.728946   0.021089
 3.874225  5.568774  8.056119  7.080630  0.378787  0.595538         0.000123993   3.483195   2.690113   7.733271   0.020985
 3.866415  5.567902  8.056123  7.080650  0.378787  0.595538         0.000127964   3.468036   2.690165   7.737595   0.020880
 3.858462  5.566995  8.056126  7.080670  0.378787  0.595538         0.000131993   3.452635   2.690218   7.741919   0.020777
 3.850403  5.566060  8.056130  7.080690  0.378787  0.595538         0.000136081   3.436862   2.690342   7.746241   0.020674
 3.842197  5.565090  8.056134  7.080710  0.378787  0.595538         0.000140230   3.420723   2.690396   7.750564   0.020571
 3.833934  5.564099  8.056138  7.080731  0.378787  0.595538         0.000144438   3.404323   2.690450   7.754862   0.020469
 3.825488  5.563067  8.056142  7.080752  0.378787  0.595538         0.000148732   3.387391   2.690504   7.759182   0.020368
 3.816863  5.561991  8.056146  7.080773  0.378787  0.595538         0.000153090   3.369788   2.690559   7.763501   0.020267
 3.808080  5.560875  8.056150  7.080795  0.378787  0.595538         0.000157514   3.352187   2.690614   7.767823   0.020166
 3.799176  5.559725  8.056154  7.080817  0.378787  0.595538         0.000162002   3.334160   2.690669   7.772127   0.020067
 3.790136  5.558540  8.056158  7.080838  0.378787  0.595538         0.000166574   3.315726   2.690724   7.776427   0.019967
 3.780955  5.557320  8.056162  7.080861  0.378787  0.595538         0.000171236   3.296871   2.690780   7.780725   0.019869
 3.771633  5.556063  8.056166  7.080883  0.378787  0.595538         0.000175989   3.277612   2.690836   7.785021   0.019771
 3.762152  5.554767  8.056170  7.080906  0.378787  0.595538         0.000180839   3.257904   2.690892   7.789317   0.019673
 3.752512  5.553430  8.056174  7.080929  0.378787  0.595538         0.000185787   3.237754   2.690948   7.793611   0.019576
 3.742725  5.552056  8.056178  7.080952  0.378787  0.595538         0.000190836   3.217179   2.691004   7.797900   0.019480
 3.732763  5.550637  8.056182  7.080976  0.378787  0.595538         0.000195994   3.196155   2.691061   7.802189   0.019384
 3.722649  5.549179  8.056186  7.081000  0.378787  0.595538         0.000201264   3.174665   2.691118   7.806470   0.019289
 3.712425  5.547690  8.056189  7.081024  0.378787  0.595538         0.000206657   3.152686   2.691174   7.810738   0.019194
 3.702269  5.546193  8.056193  7.081048  0.378787  0.595538         0.000212035   3.130374   2.691230   7.814904   0.019102
 3.692219  5.544693  8.056197  7.081072  0.378787  0.595538         0.000217391   3.108505   2.691284   7.818955   0.019013
 3.682268  5.543192  8.056200  7.081095  0.378787  0.595538         0.000222731   3.086799   2.691337   7.822903   0.018927
 3.672414  5.541691  8.056204  7.081118  0.378787  0.595538         0.000228062   3.065196   2.691389   7.826752   0.018843
 3.662652  5.540189  8.056207  7.081141  0.378787  0.595538         0.000233386   3.043709   2.691439   7.830507   0.018762
 3.652977  5.538687  8.056210  7.081164  0.378787  0.595538         0.000238712   3.022306   2.691489   7.834174   0.018683
 3.643390  5.537186  8.056213  7.081187  0.378787  0.595538         0.000244042   3.001000   2.691537   7.837756   0.018606
 3.633870  5.535683  8.056216  7.081209  0.378787  0.595538         0.000249383   2.979733   2.691584   7.841263   0.018531
 3.624444  5.534182  8.056219  7.081231  0.378787  0.595538         0.000254730   2.958575   2.691630   7.844688   0.018458
 3.615084  5.532681  8.056222  7.081253  0.378787  0.595538         0.000260093   2.937471   2.691675   7.848043   0.018387
 3.605791  5.531179  8.056224  7.081275  0.378787  0.595538         0.000265473   2.916433   2.691719   7.851327   0.018318
 3.596549  5.529674  8.056227  7.081297  0.378787  0.595538         0.000270875   2.895486   2.691762   7.854551   0.018250
 3.587353  5.528167  8.056229  7.081318  0.378787  0.595538         0.000276312   2.874580   2.691804   7.857716   0.018184
 3.578210  5.526658  8.056232  7.081340  0.378787  0.595538         0.000281781   2.853695   2.691845   7.860823   0.018119
 3.569126  5.525149  8.056234  7.081361  0.378787  0.595538         0.000287277   2.832880   2.691886   7.863872   0.018055
 3.560124  5.523646  8.056236  7.081383  0.378787  0.595538         0.000292807   2.812082   2.691925   7.866861   0.017993
 3.551200  5.522147  8.056238  7.081404  0.378787  0.595538         0.000298366   2.791257   2.691963   7.869791   0.017933
 3.542391  5.520661  8.056240  7.081425  0.378787  0.595538         0.000303936   2.770677   2.692001   7.872654   0.017874
 3.533542  5.519158  8.056242  7.081446  0.378787  0.595538         0.000309574   2.750038   2.692037   7.875491   0.017815
 3.524772  5.517661  8.056243  7.081467  0.378787  0.595538         0.000315256   2.729327   2.692073   7.878275   0.017758
 3.516107  5.516175  8.056245  7.081488  0.378787  0.595538         0.000320954   2.708869   2.692107   7.880995   0.017703
 3.507457  5.514685  8.056247  7.081509  0.378787  0.595538         0.000326729   2.688336   2.692141   7.883684   0.017648
 3.498854  5.513196  8.056248  7.081530  0.378787  0.595538         0.000332553   2.667064   2.692174   7.886330   0.017594
 3.490318  5.511712  8.056249  7.081551  0.378787  0.595538         0.000338422   2.646369   2.692207   7.888932   0.017542
 3.481878  5.510239  8.056250  7.081572  0.378787  0.595538         0.000344316   2.625999   2.692238   7.891481   0.017490
 3.473427  5.508758  8.056252  7.081593  0.378787  0.595538         0.000350302   2.605465   2.692268   7.894008   0.017439
 3.465072  5.507289  8.056253  7.081613  0.378787  0.595538         0.000356316   2.585365   2.692298   7.896485   0.017390
 3.456613  5.505793  8.056253  7.081634  0.378787  0.595538         0.000362478   2.564502   2.692327   7.898961   0.017340
 3.448389  5.504333  8.056254  7.081655  0.378787  0.595538         0.000368561   2.544704   2.692355   7.901346   0.017293
 3.439994  5.502837  8.056255  7.081676  0.378787  0.595538         0.000374870   2.524112   2.692382   7.903758   0.017245
 3.431791  5.501372  8.056256  7.081697  0.378787  0.595538         0.000381155   2.503913   2.692408   7.906100   0.017198
 3.423603  5.499905  8.056256  7.081718  0.378787  0.595538         0.000387525   2.483964   2.692433   7.908418   0.017153
 3.415328  5.498416  8.056256  7.081739  0.378787  0.595538         0.000394063   2.463443   2.692458   7.910739   0.017107
 3.407192  5.496946  8.056257  7.081760  0.378787  0.595538         0.000400576   2.442634   2.692482   7.912993   0.017062
 3.399101  5.495479  8.056257  7.081781  0.378787  0.595538         0.000407167   2.422423   2.692505   7.915218   0.017019
 3.391032  5.494013  8.056257  7.081802  0.378787  0.595538         0.000413862   2.402285   2.692526   7.917421   0.016976
 3.382988  5.492547  8.056257  7.081823  0.378787  0.595538         0.000420662   2.382161   2.692547   7.919603   0.016933
 3.374992  5.491087  8.056257  7.081844  0.378787  0.595538         0.000427550   2.361986   2.692568   7.921758   0.016891
 3.367011  5.489623  8.056256  7.081865  0.378787  0.595538         0.000434518   2.342115   2.692587   7.923882   0.016850
 3.358987  5.488147  8.056256  7.081887  0.378787  0.595538         0.000441658   2.321746   2.692605   7.926005   0.016809
 3.351114  5.486697  8.056255  7.081908  0.378787  0.595538         0.000448789   2.301775   2.692623   7.928075   0.016769
 3.343225  5.485239  8.056255  7.081930  0.378787  0.595538         0.000456061   2.281990   2.692639   7.930134   0.016729
 3.335270  5.483766  8.056254  7.081952  0.378787  0.595538         0.000463526   2.261724   2.692655   7.932195   0.016689
 3.327409  5.482304  8.056253  7.081973  0.378787  0.595538         0.000471005   2.241684   2.692669   7.934209   0.016651
 3.319596  5.480848  8.056252  7.081995  0.378787  0.595538         0.000478576   2.221970   2.692683   7.936197   0.016613
 3.311724  5.479378  8.056251  7.082017  0.378787  0.595538         0.000486363   2.201767   2.692696   7.938188   0.016575
 3.304004  5.477934  8.056249  7.082039  0.378787  0.595538         0.000494163   2.182083   2.692708   7.940134   0.016537
 3.296191  5.476468  8.056248  7.082061  0.378787  0.595538         0.000502190   2.161912   2.692719   7.942084   0.016500
 3.288482  5.475017  8.056246  7.082083  0.378787  0.595538         0.000510243   2.142033   2.692727   7.943990   0.016464
 3.280792  5.473568  8.056245  7.082105  0.378787  0.595538         0.000518441   2.122119   2.692735   7.945884   0.016428
 3.273139  5.472124  8.056243  7.082128  0.378787  0.595538         0.000526764   2.102307   2.692743   7.947759   0.016393
 3.265477  5.470675  8.056241  7.082150  0.378787  0.595538         0.000535255   2.082439   2.692749   7.949625   0.016358
 3.257743  5.469205  8.056238  7.082173  0.378787  0.595538         0.000543887   2.062607   2.692754   7.951481   0.016323
 3.250062  5.467744  8.056236  7.082196  0.378787  0.595538         0.000552658   2.042694   2.692758   7.953316   0.016288
 3.242444  5.466293  8.056233  7.082219  0.378787  0.595538         0.000561567   2.022892   2.692761   7.955131   0.016254
 3.234851  5.464846  8.056231  7.082242  0.378787  0.595538         0.000570647   2.001732   2.692762   7.956933   0.016221
 3.227250  5.463391  8.056228  7.082266  0.378787  0.595538         0.000579868   1.981764   2.692763   7.958718   0.016187
 3.220321  5.462259  8.055899  7.082274  0.378787  0.595538         0.000585319   1.702339   2.692109   7.961116   0.016143
 3.202487  5.458824  8.055892  7.082329  0.378787  0.595538         0.000607447   1.656760   2.692106   7.965209   0.016067
 3.184428  5.455332  8.055883  7.082386  0.378787  0.595538         0.000631044   1.609638   2.692094   7.969301   0.015991
 3.166138  5.451780  8.055874  7.082446  0.378787  0.595538         0.000656208   1.562469   2.692074   7.973386   0.015916
 3.147615  5.448170  8.055863  7.082508  0.378787  0.595538         0.000683086   1.514435   2.692044   7.977468   0.015842
 3.128827  5.444494  8.055850  7.082572  0.378787  0.595538         0.000711808   1.465625   2.692003   7.981551   0.015767
 3.109852  5.440769  8.055835  7.082640  0.378787  0.595538         0.000742494   1.416076   2.691950   7.985625   0.015694
 3.090627  5.436980  8.055819  7.082710  0.378787  0.595538         0.000775353   1.365717   2.691884   7.989697   0.015620
 3.071150  5.433129  8.055800  7.082783  0.378787  0.595538         0.000810539   1.314568   2.691803   7.993767   0.015547
 3.051412  5.429211  8.055779  7.082859  0.378787  0.595538         0.000848241   1.262702   2.691704   7.997832   0.015475
 3.031431  5.425230  8.055756  7.082939  0.378787  0.595538         0.000888678   1.210140   2.691588   8.001893   0.015402
 3.011193  5.421185  8.055729  7.083023  0.378787  0.595538         0.000932094   1.156911   2.691453   8.005950   0.015331
 2.990700  5.417074  8.055700  7.083110  0.378787  0.595538         0.000978746   1.101590   2.691295   8.010000   0.015259
 2.969936  5.412895  8.055667  7.083202  0.378787  0.595538         0.001028957   1.047138   2.691112   8.014048   0.015188
 2.948915  5.408650  8.055630  7.083299  0.378787  0.595538         0.001083016   0.991846   2.690902   8.018089   0.015118
 2.927600  5.404331  8.055589  7.083400  0.378787  0.595538         0.001141314   0.936044   2.690663   8.022128   0.015048
 2.906019  5.399944  8.055544  7.083507  0.378787  0.595538         0.001204220   0.879770   2.690390   8.026159   0.014978
 2.884219  5.395499  8.055493  7.083619  0.378787  0.595538         0.001272214   0.822992   2.690079   8.030179   0.014909
 2.862121  5.390979  8.055437  7.083738  0.378787  0.595538         0.001345914   0.765626   2.689726   8.034196   0.014840
 2.839758  5.386391  8.055374  7.083863  0.378787  0.595538         0.001425836   0.706031   2.689327   8.038209   0.014772
 2.817146  5.381740  8.055305  7.083996  0.378787  0.595538         0.001512593   0.648449   2.688876   8.042216   0.014704
 2.794284  5.377024  8.055227  7.084137  0.378787  0.595538         0.001606924   0.589681   2.688368   8.046214   0.014636
 2.771145  5.372237  8.055142  7.084286  0.378787  0.595538         0.001709684   0.531222   2.687866   8.050206   0.014569
 2.747738  5.367382  8.055046  7.084446  0.378787  0.595538         0.001821806   0.470914   2.687220   8.054193   0.014502
 2.724172  5.362484  8.054940  7.084615  0.378787  0.595538         0.001944293   0.411595   2.686493   8.058166   0.014436
 2.700330  5.357516  8.054822  7.084797  0.378787  0.595538         0.002078542   0.352248   2.685675   8.062135   0.014370
 2.676310  5.352501  8.054690  7.084991  0.378787  0.595538         0.002225817   0.293038   2.684754   8.066096   0.014305
 2.652068  5.347428  8.054543  7.085200  0.378787  0.595538         0.002387737   0.234660   2.683718   8.070047   0.014240
 2.627660  5.342311  8.054379  7.085425  0.378787  0.595538         0.002566174   0.174645   2.682551   8.073988   0.014176
 2.603125  5.337160  8.054196  7.085667  0.378787  0.595538         0.002763257   0.116250   2.681235   8.077918   0.014112
 2.578432  5.331968  8.053990  7.085930  0.378787  0.595538         0.002981591   0.061270   2.679750   8.081842   0.014048
 2.553667  5.326754  8.053760  7.086213  0.378787  0.595538         0.003223806   0.007716   2.678132   8.085753   0.013985
 2.528800  5.321515  8.053504  7.086526  0.378787  0.595538         0.003493323  -0.048576   2.676252   8.089661   0.013922
 2.503920  5.316269  8.053214  7.086861  0.378787  0.595538         0.003793422  -0.104156   2.674102   8.093558   0.013860
 2.479026  5.311018  8.052889  7.087229  0.378787  0.595538         0.004128546  -0.157147   2.671688   8.097447   0.013798
 2.454225  5.305788  8.052524  7.087632  0.378787  0.595538         0.004503424  -0.212075   2.669012   8.101330   0.013736
 2.429503  5.300576  8.052114  7.088074  0.378787  0.595538         0.004923436  -0.262896   2.665924   8.105206   0.013675
 2.405016  5.295422  8.051652  7.088559  0.378787  0.595538         0.005394726  -0.313910   2.662433   8.109075   0.013614
 2.380701  5.290311  8.051134  7.089093  0.378787  0.595538         0.005924265  -0.363398   2.658540   8.112945   0.013554
 2.356687  5.285276  8.050551  7.089682  0.378787  0.595538         0.006519234  -0.411328   2.654088   8.116819   0.013494
 2.332985  5.280319  8.049900  7.090327  0.378787  0.595538         0.007186684  -0.457645   2.649077   8.120696   0.013433
 2.309627  5.275451  8.049171  7.091033  0.378787  0.595538         0.007934629  -0.503880   2.643501   8.124581   0.013374
 2.286621  5.270676  8.048360  7.091805  0.378787  0.595538         0.008770760  -0.534831   2.637254   8.128484   0.013314
 2.264011  5.266001  8.047463  7.092643  0.378787  0.595538         0.009700921  -0.575775   2.630290   8.132397   0.013254
 2.241790  5.261429  8.046475  7.093549  0.378787  0.595538         0.010732647  -0.615111   2.622598   8.136328   0.013194
 2.219965  5.256960  8.045394  7.094524  0.378787  0.595538         0.011871394  -0.653049   2.614095   8.140277   0.013134
 2.198516  5.252591  8.044220  7.095568  0.378787  0.595538         0.013122172  -0.689910   2.604858   8.144249   0.013074
 2.177365  5.248301  8.042953  7.096675  0.378787  0.595538         0.014487654  -0.725930   2.594856   8.148243   0.013014
 2.156474  5.244083  8.041597  7.097847  0.378787  0.595538         0.015969705  -0.743306   2.584057   8.152262   0.012954
 2.135756  5.239913  8.040155  7.099071  0.378787  0.595538         0.017567662  -0.768739   2.572519   8.156299   0.012894
 2.115275  5.235806  8.038634  7.100347  0.378787  0.595538         0.019282316  -0.801881   2.560277   8.160352   0.012834
 2.094831  5.231713  8.037035  7.101668  0.378787  0.595538         0.021115228  -0.835076   2.547358   8.164424   0.012774
 2.074443  5.227637  8.035365  7.103025  0.378787  0.595538         0.023064462  -0.855518   2.533776   8.168508   0.012714
 2.054052  5.223563  8.033628  7.104415  0.378787  0.595538         0.025131094  -0.889397   2.519546   8.172601   0.012654
 2.033598  5.219476  8.031828  7.105836  0.378787  0.595538         0.027317164  -0.923735   2.504708   8.176707   0.012595
 2.013072  5.215372  8.029969  7.107279  0.378787  0.595538         0.029622071  -0.958615   2.489331   8.180816   0.012535
 1.992419  5.211237  8.028054  7.108744  0.378787  0.595538         0.032049983  -0.994158   2.473351   8.184932   0.012476
 1.971601  5.207063  8.026086  7.110227  0.378787  0.595538         0.034603706  -1.030476   2.456834   8.189051   0.012417
 1.950590  5.202840  8.024068  7.111724  0.378787  0.595538         0.037287074  -1.068840   2.439788   8.193174   0.012358
 1.929320  5.198554  8.021998  7.113231  0.378787  0.595538         0.040104310  -1.090643   2.422199   8.197298   0.012300
 1.907817  5.194208  8.019879  7.114744  0.378787  0.595538         0.043060742  -1.129079   2.404067   8.201418   0.012241
 1.885983  5.189781  8.017711  7.116264  0.378787  0.595538         0.046166622  -1.168876   2.385397   8.205543   0.012183
 1.863840  5.185275  8.015494  7.117788  0.378787  0.595538         0.049425618  -1.209985   2.366165   8.209662   0.012126
 1.841298  5.180668  8.013227  7.119310  0.378787  0.595538         0.052850093  -1.252585   2.346353   8.213775   0.012068
 1.818347  5.175957  8.010902  7.120829  0.378787  0.595538         0.056454321  -1.296909   2.325903   8.217882   0.012011
 1.794866  5.171108  8.008513  7.122329  0.378787  0.595538         0.060252706  -1.343432   2.304708   8.221967   0.011955
 1.770663  5.166086  8.006056  7.123837  0.378787  0.595538         0.064278577  -1.391948   2.282776   8.226082   0.011899
 1.746048  5.160962  8.003556  7.125351  0.378787  0.595538         0.068514438  -1.441929   2.260309   8.230204   0.011842
 1.720969  5.155723  8.001018  7.126865  0.378787  0.595538         0.072963486  -1.475377   2.237349   8.234326   0.011786
 1.695476  5.150379  7.998443  7.128375  0.378787  0.595538         0.077636899  -1.527699   2.213910   8.238444   0.011730
 1.669478  5.144909  7.995829  7.129883  0.378787  0.595538         0.082550872  -1.582173   2.189966   8.242561   0.011675
 1.642990  5.139316  7.993176  7.131385  0.378787  0.595538         0.087718883  -1.638725   2.165514   8.246674   0.011620
 1.615941  5.133582  7.990485  7.132884  0.378787  0.595538         0.093159065  -1.697289   2.140550   8.250788   0.011565
 1.588291  5.127696  7.987755  7.134374  0.378787  0.595538         0.098885861  -1.758014   2.115068   8.254894   0.011510
 1.559987  5.121646  7.984984  7.135858  0.378787  0.595538         0.104925606  -1.820958   2.089040   8.258999   0.011456
 1.531074  5.115442  7.982171  7.137331  0.378787  0.595538         0.111297682  -1.886307   2.062451   8.263095   0.011402
 1.501441  5.109057  7.979311  7.138797  0.378787  0.595538         0.118036219  -1.954233   2.035260   8.267187   0.011349
 1.471076  5.102486  7.976404  7.140253  0.378787  0.595538         0.125168738  -2.024846   2.007446   8.271271   0.011295
 1.439910  5.095714  7.973445  7.141699  0.378787  0.595538         0.132734573  -2.098363   1.978953   8.275349   0.011242
 1.407892  5.088726  7.970427  7.143129  0.378787  0.595538         0.140774333  -2.175060   1.949726   8.279413   0.011190
 1.374935  5.081499  7.967343  7.144542  0.378787  0.595538         0.149345784  -2.256312   1.919667   8.283464   0.011138
 1.340810  5.073972  7.964176  7.145927  0.378787  0.595538         0.158516720  -2.340928   1.888593   8.287479   0.011087
 1.305321  5.066108  7.960908  7.147305  0.378787  0.595538         0.168419624  -2.430122   1.856338   8.291514   0.011035
 1.268809  5.057992  7.957567  7.148684  0.378787  0.595538         0.179060980  -2.522060   1.823176   8.295563   0.010984
 1.231428  5.049658  7.954167  7.150057  0.378787  0.595538         0.190456387  -2.596643   1.789237   8.299606   0.010933
 1.193369  5.041144  7.950739  7.151414  0.378787  0.595538         0.202556841  -2.696024   1.754832   8.303611   0.010883
 1.155099  5.032555  7.947325  7.152735  0.378787  0.595538         0.215247747  -2.794880   1.720379   8.307525   0.010834
 1.116761  5.023925  7.943924  7.154019  0.378787  0.595538         0.228556018  -2.895620   1.685883   8.311342   0.010786
 1.078308  5.015242  7.940536  7.155264  0.378787  0.595538         0.242510290  -2.998281   1.651346   8.315064   0.010740
 1.039744  5.006508  7.937161  7.156472  0.378787  0.595538         0.257143003  -3.102541   1.616769   8.318692   0.010695
 1.001110  4.997732  7.933799  7.157642  0.378787  0.595538         0.272484774  -3.208614   1.582152   8.322220   0.010652
 0.962412  4.988914  7.930448  7.158770  0.378787  0.595538         0.288565064  -3.316204   1.547494   8.325645   0.010610
 0.923616  4.980040  7.927105  7.159847  0.378787  0.595538         0.305414279  -3.426132   1.512749   8.328947   0.010570
 0.884756  4.971118  7.923772  7.160867  0.378787  0.595538         0.323047456  -3.537957   1.477946   8.332120   0.010531
 0.845953  4.962192  7.920464  7.161860  0.378787  0.595538         0.341493465  -3.651202   1.443272   8.335216   0.010494
 0.807115  4.953239  7.917171  7.162829  0.378787  0.595538         0.360843351  -3.765765   1.408623   8.338243   0.010457
 0.768274  4.944269  7.913893  7.163775  0.378787  0.595538         0.381135621  -3.882107   1.374016   8.341204   0.010422
 0.729473  4.935292  7.910632  7.164696  0.378787  0.595538         0.402416909  -3.999986   1.339449   8.344098   0.010387
 0.690920  4.926359  7.907383  7.165594  0.378787  0.595538         0.424737791  -4.120092   1.304911   8.346917   0.010353
 0.652453  4.917429  7.904148  7.166465  0.378787  0.595538         0.448145711  -4.242804   1.270402   8.349667   0.010321
 0.613852  4.908449  7.900923  7.167306  0.378787  0.595538         0.472692951  -4.367662   1.235906   8.352347   0.010289
 0.575223  4.899443  7.897706  7.168115  0.378787  0.595538         0.498433563  -4.495221   1.201419   8.354952   0.010258
 0.536487  4.890389  7.894497  7.168888  0.378787  0.595538         0.525422393  -4.625336   1.166915   8.357470   0.010228
 0.497716  4.881298  7.891292  7.169617  0.378787  0.595538         0.553710327  -4.758786   1.132358   8.359879   0.010200
 0.459076  4.872226  7.888106  7.170327  0.378787  0.595538         0.583323014  -4.893957   1.097930   8.362228   0.010172
 0.420499  4.863156  7.884930  7.171022  0.378787  0.595538         0.614421127  -5.030823   1.063530   8.364529   0.010145
 0.381961  4.854084  7.881763  7.171701  0.378787  0.595538         0.647085560  -5.170156   1.029148   8.366779   0.010119
 0.343494  4.845018  7.878603  7.172364  0.378787  0.595538         0.681400917  -5.312127   0.994773   8.368980   0.010094
 0.305115  4.835960  7.875450  7.173010  0.378787  0.595538         0.717454868  -5.456284   0.960400   8.371128   0.010069
 0.266820  4.826910  7.872302  7.173640  0.378787  0.595538         0.755344490  -5.607184   0.926015   8.373224   0.010044
 0.228573  4.817859  7.869159  7.174252  0.378787  0.595538         0.795170884  -5.782719   0.891605   8.375266   0.010021
 0.190547  4.808847  7.866019  7.174844  0.378787  0.595538         0.837021644  -5.943965   0.857168   8.377242   0.009998
 0.152857  4.800299  7.862877  7.175410  0.378787  0.595538         0.881030826  -6.101074   0.822642   8.380739   0.009958
 0.150639  4.799789  7.862690  7.175443  0.378787  0.595538         0.883646536  -6.110216   0.820584   8.380919   0.009956
 0.149311  4.799482  7.862578  7.175462  0.378787  0.595538         0.885223661  -6.116144   0.819343   8.381020   0.009955
 0.147730  4.799116  7.862443  7.175485  0.378787  0.595538         0.887116210  -6.123105   0.817860   8.381137   0.009953
 0.145789  4.798665  7.862282  7.175513  0.378787  0.595538         0.889387270  -6.131486   0.816084   8.381273   0.009952
 0.143590  4.798153  7.862100  7.175545  0.378787  0.595538         0.891971486  -6.140857   0.814069   8.381424   0.009950
 0.141081  4.797567  7.861891  7.175581  0.378787  0.595538         0.894932836  -6.151624   0.811769   8.381589   0.009948
 0.138290  4.796914  7.861657  7.175621  0.378787  0.595538         0.898267725  -6.162140   0.809187   8.381769   0.009946
 0.135198  4.796190  7.861392  7.175667  0.378787  0.595538         0.902055467  -6.175678   0.806268   8.381966   0.009944
 0.131654  4.795358  7.861097  7.175718  0.378787  0.595538         0.906303434  -6.191522   0.803010   8.382178   0.009941
 0.127729  4.794434  7.860770  7.175774  0.378787  0.595538         0.911031578  -6.208435   0.799403   8.382409   0.009939
 0.123400  4.793414  7.860409  7.175836  0.378787  0.595538         0.916285742  -6.227382   0.795418   8.382658   0.009936
 0.118638  4.792291  7.860012  7.175904  0.378787  0.595538         0.922106092  -6.248097   0.791032   8.382927   0.009933
 0.113484  4.791075  7.859575  7.175978  0.378787  0.595538         0.928543335  -6.270925   0.786215   8.383217   0.009930
 0.107810  4.789735  7.859097  7.176060  0.378787  0.595538         0.935652175  -6.295096   0.780937   8.383531   0.009926
 0.101590  4.788264  7.858579  7.176148  0.378787  0.595538         0.943423101  -6.322740   0.775216   8.383869   0.009922
 0.094952  4.786694  7.858019  7.176242  0.378787  0.595538         0.951894989  -6.352830   0.769034   8.384227   0.009918
 0.087748  4.784989  7.857414  7.176344  0.378787  0.595538         0.961152310  -6.384796   0.762346   8.384610   0.009914
 0.080002  4.783154  7.856763  7.176454  0.378787  0.595538         0.971222187  -6.419391   0.755147   8.385017   0.009909
 0.071696  4.781186  7.856062  7.176571  0.378787  0.595538         0.982175450  -6.456727   0.747405   8.385451   0.009904
 0.066341  4.779916  7.855611  7.176646  0.378787  0.595538         0.989282753  -6.479343   0.742416   8.385726   0.009901
 0.060579  4.778550  7.855123  7.176727  0.378787  0.595538         0.997030732  -6.505355   0.737019   8.386022   0.009898
 0.054670  4.777148  7.854622  7.176810  0.378787  0.595538         1.005068770  -6.532824   0.731466   8.386324   0.009894
 0.048474  4.775677  7.854103  7.176896  0.378787  0.595538         1.013442706  -6.561108   0.725729   8.386637   0.009891
 0.042127  4.774170  7.853566  7.176985  0.378787  0.595538         1.022203956  -6.589160   0.719779   8.386956   0.009887
 0.035578  4.772615  7.853007  7.177076  0.378787  0.595538         1.031393719  -6.619332   0.713594   8.387286   0.009883
 0.028703  4.770982  7.852428  7.177171  0.378787  0.595538         1.041025340  -6.651287   0.707172   8.387626   0.009879
 0.021642  4.769304  7.851827  7.177270  0.378787  0.595538         1.051103158  -6.684330   0.700518   8.387977   0.009875
 0.014299  4.767559  7.851202  7.177371  0.378787  0.595538         1.061694719  -6.718622   0.693594   8.388339   0.009871
 0.006763  4.765767  7.850558  7.177475  0.378787  0.595538         1.072738501  -6.753423   0.686450   8.388708   0.009867
-0.001042  4.763911  7.849891  7.177583  0.378787  0.595538         1.084303557  -6.790226   0.679049   8.389090   0.009863
-0.009173  4.761976  7.849201  7.177694  0.378787  0.595538         1.096386825  -6.828634   0.671401   8.389480   0.009858
-0.017458  4.760005  7.848490  7.177808  0.378787  0.595538         1.109006642  -6.868276   0.663505   8.389881   0.009854
-0.026104  4.757947  7.847752  7.177925  0.378787  0.595538         1.122259645  -6.909634   0.655311   8.390293   0.009849
-0.034885  4.755856  7.846991  7.178046  0.378787  0.595538         1.136105388  -6.952438   0.646854   8.390713   0.009844
-0.044010  4.753683  7.846206  7.178170  0.378787  0.595538         1.150562719  -6.996386   0.638135   8.391143   0.009839
-0.053530  4.751414  7.845389  7.178298  0.378787  0.595538         1.165809464  -7.042926   0.629060   8.391589   0.009834
-0.063262  4.749094  7.844550  7.178428  0.378787  0.595538         1.181708495  -7.091102   0.619724   8.392042   0.009829
-0.073120  4.746745  7.843694  7.178561  0.378787  0.595538         1.198157146  -7.140210   0.610197   8.392500   0.009824
-0.083306  4.744315  7.842813  7.178696  0.378787  0.595538         1.215308639  -7.190658   0.600402   8.392967   0.009819
-0.093656  4.741846  7.841910  7.178834  0.378787  0.595538         1.233170259  -7.241707   0.590348   8.393441   0.009813
-0.104311  4.739303  7.840977  7.178976  0.378787  0.595538         1.251918851  -7.295776   0.579952   8.393925   0.009808
-0.115256  4.736690  7.840019  7.179120  0.378787  0.595538         1.271465881  -7.352132   0.569277   8.394419   0.009802
-0.126449  4.734016  7.839037  7.179266  0.378787  0.595538         1.291839448  -7.409919   0.558324   8.394917   0.009797
-0.137961  4.731266  7.838023  7.179416  0.378787  0.595538         1.313215568  -7.469271   0.547017   8.395427   0.009791
-0.149864  4.728421  7.836972  7.179570  0.378787  0.595538         1.335773229  -7.531452   0.535282   8.395949   0.009785
-0.162082  4.725500  7.835883  7.179724  0.378787  0.595538         1.359542866  -7.595959   0.523128   8.396482   0.009779
-0.174771  4.722464  7.834751  7.179888  0.378787  0.595538         1.384737361  -7.663578   0.510474   8.397031   0.009773
-0.187881  4.719326  7.833573  7.180053  0.378787  0.595538         1.411425709  -7.734939   0.497313   8.397589   0.009767
-0.201503  4.716063  7.832340  7.180221  0.378787  0.595538         1.439908165  -7.809864   0.483525   8.398158   0.009760
-0.215539  4.712700  7.831061  7.180392  0.378787  0.595538         1.470076956  -7.888507   0.469213   8.398743   0.009754
-0.230154  4.709197  7.829727  7.180570  0.378787  0.595538         1.502216742  -7.970169   0.454292   8.399343   0.009747
-0.245211  4.705586  7.828341  7.180753  0.378787  0.595538         1.536422599  -8.056302   0.438765   8.399957   0.009740
-0.260813  4.701842  7.826903  7.180942  0.378787  0.595538         1.572752565  -8.146562   0.422654   8.400585   0.009733
-0.276908  4.697980  7.825400  7.181137  0.378787  0.595538         1.611668454  -8.241179   0.405812   8.401231   0.009726
-0.293519  4.693992  7.823843  7.181339  0.378787  0.595538         1.653041966  -8.339563   0.388353   8.401890   0.009718
-0.310533  4.689907  7.822226  7.181546  0.378787  0.595538         1.697184612  -8.444178   0.370205   8.402564   0.009711
-0.328087  4.685691  7.820543  7.181760  0.378787  0.595538         1.744381214  -8.552103   0.351324   8.403254   0.009703
-0.346180  4.681344  7.818791  7.181981  0.378787  0.595538         1.794927859  -8.667712   0.331666   8.403959   0.009695
-0.364785  4.676873  7.816970  7.182208  0.378787  0.595538         1.849058357  -8.790831   0.311222   8.404679   0.009687
-0.383922  4.672272  7.815077  7.182441  0.378787  0.595538         1.907072162  -8.918538   0.289970   8.405413   0.009679
-0.403525  4.667558  7.813111  7.182681  0.378787  0.595538         1.969242798  -9.054788   0.267903   8.406158   0.009671
-0.423508  4.662750  7.811076  7.182925  0.378787  0.595538         2.035665703  -9.199467   0.245081   8.406912   0.009662
-0.443771  4.657874  7.808982  7.183170  0.378787  0.595538         2.106266771  -9.348691   0.221610   8.407668   0.009654
-0.463911  4.653025  7.806863  7.183412  0.378787  0.595538         2.180031126  -9.503779   0.197891   8.408411   0.009646
-0.483880  4.648214  7.804718  7.183650  0.378787  0.595538         2.257158173  -9.657525   0.173911   8.409140   0.009638
-0.503714  4.643435  7.802545  7.183886  0.378787  0.595538         2.337861919  -9.814255   0.149656   8.409855   0.009630
-0.523533  4.638656  7.800340  7.184117  0.378787  0.595538         2.422447991  -9.967694   0.125087   8.410558   0.009622
-0.543214  4.633906  7.798096  7.184342  0.378787  0.595538         2.511254631 -10.119742   0.100153   8.411241   0.009614
-0.562816  4.629173  7.795817  7.184562  0.378787  0.595538         2.604407404 -10.274260   0.074900   8.411909   0.009607
-0.584830  4.623856  7.793184  7.184813  0.378787  0.595538         2.716190732 -10.455095   0.045830   8.412657   0.009599
-0.609410  4.617919  7.790156  7.185096  0.378787  0.595538         2.850330725 -10.687945   0.012564   8.413487   0.009589
-0.636472  4.611381  7.786689  7.185411  0.378787  0.595538         3.011298717 -10.992614  -0.025263   8.414399   0.009579
-0.665876  4.604275  7.782741  7.185762  0.378787  0.595538         3.204460307 -11.523370  -0.067977   8.415378   0.009569
-0.696085  4.596972  7.778473  7.186129  0.378787  0.595538         3.424968380 -12.944252  -0.113688   8.416373   0.009558
-0.725900  4.589762  7.774013  7.186499  0.378787  0.595538         3.668334134 -18.685940  -0.160898   8.417349   0.009547
-0.755040  4.582748  7.769449  7.187027  0.378787  0.595538         3.937973618 -18.820307  -0.208910   8.418433   0.009535
-0.784217  4.575696  7.764533  7.187448  0.378787  0.595538         4.241122593 -18.962423  -0.259909   8.419405   0.009524
-0.812860  4.568764  7.759330  7.187834  0.378787  0.595538         4.577948609 -19.108608  -0.312769   8.420318   0.009514
-0.841005  4.561950  7.753801  7.188226  0.378787  0.595538         4.955993578 -19.259227  -0.367737   8.421207   0.009505
-0.868714  4.555240  7.747904  7.188623  0.378787  0.595538         5.383116632 -19.414941  -0.425105   8.422077   0.009495
-0.895943  4.548646  7.741595  7.189026  0.378787  0.595538         5.868442377 -19.576315  -0.485130   8.422927   0.009486
-0.922937  4.542079  7.734706  7.189280  0.378787  0.595538         6.422705427 -19.746405  -0.548707   8.423656   0.009478
-0.949126  4.535735  7.727490  7.189692  0.378787  0.595538         7.053295863 -22.205250  -0.614137   8.424467   0.009469
-0.975218  4.529378  7.719531  7.189914  0.378787  0.595538         7.785323887 -26.537638  -0.684248   8.425132   0.009462
-1.000493  4.523255  7.711253  7.190340  0.378786  0.595538         8.621417038 -41.174682  -0.756067   8.425917   0.009453
-1.025929  4.517048  7.702124  7.190530  0.378786  0.595538         9.598302490 -41.797174  -0.833224   8.426524   0.009447
-1.049709  4.511384  7.693169  7.191495  0.378786  0.595538        10.711958558 -99.000000  -0.909336   8.427647   0.009434
-1.071787  4.506019  7.684199  7.191813  0.378786  0.595538        11.856595501 -99.000000  -0.983632   8.428265   0.009428
-1.094762  4.500429  7.674243  7.192121  0.378786  0.595538        13.230159832 -99.000000  -1.064830   8.428881   0.009421
-1.116643  4.495164  7.664416  7.192723  0.378786  0.595539        14.745222147 -99.000000  -1.145064   8.429702   0.009412
-1.138616  4.489839  7.654198  7.193143  0.378786  0.595539        16.438227703 -99.000000  -1.228117   8.430374   0.009405
-1.159745  4.484715  7.644070  7.193542  0.378786  0.595539        18.258422673 -99.000000  -1.310401   8.431009   0.009398
-1.180461  4.479693  7.633949  7.193941  0.378786  0.595539        20.232425952 -99.000000  -1.392923   8.431636   0.009391
-1.201110  4.474681  7.623787  7.194321  0.378786  0.595539        22.374984428 -99.000000  -1.476242   8.432238   0.009385
-1.221569  4.469716  7.613613  7.194702  0.378786  0.595539        24.690919366 -99.000000  -1.560275   8.432836   0.009378
-1.242094  4.464730  7.603391  7.195070  0.378786  0.595539        27.191420136 -99.000000  -1.645383   8.433418   0.009372
-1.262695  4.459726  7.593151  7.195437  0.378786  0.595539        29.878818375 -99.000000  -1.731396   8.434002   0.009366
-1.283413  4.454691  7.582869  7.195800  0.378786  0.595539        32.762096142 -99.000000  -1.818559   8.434581   0.009359
-1.304275  4.449619  7.572549  7.196159  0.378786  0.595539        35.842846650 -99.000000  -1.906825   8.435153   0.009353
-1.325272  4.444511  7.562194  7.196514  0.378786  0.595539        39.122739039 -99.000000  -1.996186   8.435718   0.009347
-1.346478  4.439349  7.551803  7.196864  0.378786  0.595539        42.602673616 -99.000000  -2.086598   8.436276   0.009341
-1.367918  4.434127  7.541380  7.197209  0.378786  0.595539        46.282585982 -99.000000  -2.177997   8.436828   0.009335
-1.389527  4.428861  7.530926  7.197549  0.378786  0.595539        50.161875155 -99.000000  -2.270321   8.437372   0.009329
-1.411371  4.423534  7.520444  7.197882  0.378786  0.595539        54.239644461 -99.000000  -2.363485   8.437908   0.009324
-1.433426  4.418153  7.509938  7.198206  0.378786  0.595539        58.514799628 -99.000000  -2.457400   8.438439   0.009318
-1.455582  4.412743  7.499409  7.198521  0.378786  0.595539        62.986337022 -99.000000  -2.552015   8.438958   0.009312
-1.477942  4.407282  7.488862  7.198828  0.378786  0.595539        67.653409164 -99.000000  -2.647227   8.439472   0.009307
-1.500463  4.401779  7.478299  7.199131  0.378786  0.595539        72.516391613 -99.000000  -2.742953   8.439980   0.009301
-1.523114  4.396241  7.467721  7.199427  0.378786  0.595539        77.576269985 -99.000000  -2.839138   8.440481   0.009296
-1.545928  4.390662  7.457132  7.199718  0.378786  0.595539        82.833303727 -99.000000  -2.935680   8.440979   0.009291
-1.568875  4.385048  7.446531  7.200004  0.378786  0.595539        88.289225916 -99.000000  -3.032521   8.441470   0.009285
-1.591924  4.379408  7.435923  7.200283  0.378786  0.595539        93.946032642 -99.000000  -3.129585   8.441959   0.009280
-1.615055  4.373747  7.425306  7.200557  0.378785  0.595539        99.806303946 -99.000000  -3.226804   8.442445   0.009275
-1.638322  4.368052  7.414683  7.200823  0.378785  0.595539       105.873148242 -99.000000  -3.324112   8.442931   0.009270
-1.661649  4.362341  7.404055  7.201081  0.378785  0.595540       112.150181674 -99.000000  -3.421449   8.443418   0.009265
-1.685012  4.356623  7.393423  7.201330  0.378785  0.595540       118.641417655 -99.000000  -3.518747   8.443906   0.009259
-1.708507  4.350872  7.382790  7.201575  0.378785  0.595540       125.351832573 -99.000000  -3.615928   8.444399   0.009254
-1.731933  4.345155  7.372226  7.201881  0.378785  0.595540       132.287841108 -99.000000  -3.712501   8.444955   0.009248
-1.755659  4.339348  7.361531  7.202127  0.378785  0.595540       139.503504083 -99.000000  -3.809854   8.445454   0.009243
-1.764291  4.337222  7.357641  7.202148  0.378785  0.595540       142.119003989 -99.000000  -3.844983   8.445583   0.009242
-1.769768  4.335865  7.355167  7.202116  0.378785  0.595540       143.767790233 -99.000000  -3.867179   8.445628   0.009241
-1.775131  4.334551  7.352749  7.202168  0.378785  0.595540       145.437205683 -99.000000  -3.889072   8.445737   0.009240
-1.780910  4.333135  7.350168  7.202223  0.378785  0.595540       147.238846986 -99.000000  -3.912486   8.445853   0.009239
-1.786836  4.331683  7.347515  7.202280  0.378785  0.595540       149.106126402 -99.000000  -3.936527   8.445972   0.009237
-1.793083  4.330132  7.344704  7.202232  0.378785  0.595540       151.038214391 -99.000000  -3.961693   8.446012   0.009237
-1.799139  4.328647  7.342005  7.202289  0.378785  0.595540       152.964698310 -99.000000  -3.986052   8.446131   0.009236
-1.805578  4.327070  7.339115  7.202349  0.378785  0.595540       155.051938905 -99.000000  -4.012178   8.446259   0.009234
-1.812313  4.325419  7.336120  7.202412  0.378785  0.595540       157.235426112 -99.000000  -4.039216   8.446391   0.009233
-1.818853  4.323858  7.333235  7.202692  0.378785  0.595540       159.488013291 -99.000000  -4.065765   8.446687   0.009230
-1.826505  4.321982  7.329817  7.202763  0.378785  0.595540       162.039594963 -99.000000  -4.096610   8.446836   0.009228
-1.833859  4.320179  7.326525  7.202830  0.378785  0.595540       164.509749264 -99.000000  -4.126148   8.446978   0.009227
-1.841427  4.318323  7.323146  7.202898  0.378785  0.595540       167.069831815 -99.000000  -4.156416   8.447123   0.009225
-1.849192  4.316419  7.319686  7.202968  0.378785  0.595540       169.720323426 -99.000000  -4.187380   8.447269   0.009224
-1.857181  4.314452  7.316110  7.203007  0.378785  0.595540       172.467487159 -99.000000  -4.219251   8.447393   0.009222
-1.865253  4.312472  7.312503  7.203078  0.378785  0.595540       175.291430883 -99.000000  -4.251439   8.447544   0.009221
-1.873654  4.310411  7.308766  7.203151  0.378785  0.595540       178.253090477 -99.000000  -4.284753   8.447700   0.009219
-1.882147  4.308327  7.304963  7.203224  0.378785  0.595540       181.302624994 -99.000000  -4.318607   8.447857   0.009217
-1.890896  4.306180  7.301051  7.203299  0.378785  0.595540       184.478292779 -99.000000  -4.353380   8.448017   0.009216
-1.899828  4.303986  7.297055  7.203368  0.378785  0.595540       187.757027072 -99.000000  -4.388809   8.448173   0.009214
-1.908922  4.301753  7.292993  7.203444  0.378785  0.595540       191.137124949 -99.000000  -4.424770   8.448337   0.009212
-1.918192  4.299478  7.288844  7.203521  0.378785  0.595540       194.633403366 -99.000000  -4.461416   8.448505   0.009211
-1.927692  4.297145  7.284606  7.203598  0.378785  0.595540       198.252366072 -99.000000  -4.498763   8.448674   0.009209
-1.937348  4.294774  7.280302  7.203677  0.378785  0.595540       201.976594369 -99.000000  -4.536589   8.448844   0.009207
-1.947223  4.292342  7.275894  7.203730  0.378785  0.595540       205.819033696 -99.000000  -4.575151   8.448993   0.009205
-1.957174  4.289897  7.271464  7.203809  0.378785  0.595540       209.755209751 -99.000000  -4.613845   8.449166   0.009204
-1.967384  4.287389  7.266917  7.203890  0.378785  0.595540       213.855716493 -99.000000  -4.653470   8.449343   0.009202
-1.977817  4.284826  7.262284  7.203971  0.378785  0.595540       218.093599935 -99.000000  -4.693702   8.449522   0.009200
-1.988391  4.282227  7.257581  7.204053  0.378785  0.595540       222.458121676 -99.000000  -4.734399   8.449703   0.009198
-1.999305  4.279531  7.252726  7.204083  0.378785  0.595540       226.980106848 -99.000000  -4.776141   8.449832   0.009196
-2.010170  4.276860  7.247911  7.204165  0.378785  0.595540       231.579991687 -99.000000  -4.817472   8.450013   0.009195
-2.021403  4.274099  7.242929  7.204250  0.378785  0.595540       236.419131085 -99.000000  -4.860107   8.450200   0.009193
-2.032915  4.271268  7.237825  7.204335  0.378785  0.595540       241.455149580 -99.000000  -4.903589   8.450390   0.009191
-2.044704  4.268369  7.232601  7.204422  0.378785  0.595540       246.695010310 -99.000000  -4.947897   8.450582   0.009189
-2.056796  4.265395  7.227252  7.204509  0.378785  0.595540       252.149158709 -99.000000  -4.993042   8.450778   0.009186
-2.069230  4.262336  7.221766  7.204598  0.378785  0.595540       257.840122771 -99.000000  -5.039111   8.450975   0.009184
-2.081948  4.259205  7.216145  7.204684  0.378785  0.595540       263.768550952 -99.000000  -5.086056   8.451170   0.009182
-2.095024  4.255987  7.210364  7.204775  0.378785  0.595540       269.982358258 -99.000000  -5.134074   8.451374   0.009180
-2.108607  4.252640  7.204388  7.204860  0.378785  0.595540       276.515208298 -99.000000  -5.183405   8.451569   0.009178
-2.122476  4.249225  7.198278  7.204952  0.378785  0.595540       283.335682286 -99.000000  -5.233537   8.451779   0.009176
-2.136877  4.245679  7.191938  7.205047  0.378785  0.595540       290.557249880 -99.000000  -5.285224   8.451994   0.009174
-2.151735  4.242019  7.185407  7.205144  0.378785  0.595540       298.153069253 -99.000000  -5.338113   8.452213   0.009171
-2.167121  4.238228  7.178649  7.205242  0.378785  0.595540       306.182251763 -99.000000  -5.392432   8.452436   0.009169
-2.182910  4.234338  7.171718  7.205342  0.378785  0.595540       314.600696320 -99.000000  -5.447721   8.452663   0.009167
-2.199338  4.230289  7.164519  7.205444  0.378785  0.595540       323.548372736 -99.000000  -5.504695   8.452894   0.009164
-2.216299  4.226107  7.157084  7.205548  0.378785  0.595540       333.011492005 -99.000000  -5.563043   8.453129   0.009162
-2.233854  4.221778  7.149401  7.205654  0.378785  0.595540       343.033942109 -99.000000  -5.622811   8.453368   0.009159
-2.251965  4.217311  7.141488  7.205762  0.378785  0.595540       353.621389393 -99.000000  -5.683807   8.453611   0.009157
-2.270586  4.212717  7.133360  7.205870  0.378785  0.595540       364.787269108 -99.000000  -5.745890   8.453854   0.009154
-2.289690  4.208002  7.125023  7.205980  0.378785  0.595540       376.550998107 -99.000000  -5.808969   8.454100   0.009151
-2.309231  4.203178  7.116502  7.206090  0.378785  0.595540       388.911731497 -99.000000  -5.872864   8.454346   0.009149
-2.329256  4.198234  7.107775  7.206200  0.378785  0.595540       401.936406524 -99.000000  -5.937811   8.454593   0.009146
-2.349703  4.193184  7.098865  7.206309  0.378785  0.595540       415.622610094 -99.000000  -6.003822   8.454841   0.009144
-2.370532  4.188039  7.089790  7.206419  0.378785  0.595540       429.982243226 -99.000000  -6.071181   8.455089   0.009141
-2.391588  4.182836  7.080614  7.206527  0.378785  0.595540       444.942947490 -99.000000  -6.140505   8.455336   0.009138
-2.412988  4.177549  7.071285  7.206636  0.378785  0.595540       460.624217029 -99.000000  -6.213629   8.455584   0.009136
-2.434506  4.172231  7.061905  7.206743  0.378785  0.595540       476.883390952 -99.000000  -6.290693   8.455831   0.009133
-2.456010  4.166916  7.052533  7.206848  0.378785  0.595540       493.635166266 -99.000000  -6.373261   8.456075   0.009131
-2.477389  4.161631  7.043215  7.206950  0.378785  0.595540       510.806411025 -99.000000  -6.461851   8.456315   0.009128
-2.498403  4.156436  7.034052  7.207049  0.378785  0.595540       528.209021509 -99.000000  -6.549507   8.456549   0.009126
-2.518993  4.151346  7.025067  7.207145  0.378785  0.595540       545.783937038 -99.000000  -6.628267   8.456778   0.009123
-2.538962  4.146409  7.016346  7.207236  0.378785  0.595540       563.337844413 -99.000000  -6.714219   8.456999   0.009121
-2.558369  4.141610  7.007860  7.207322  0.378785  0.595540       580.901544290 -99.000000  -6.885077   8.457213   0.009119
-2.577135  4.136971  6.999639  7.207404  0.378785  0.595540       598.382962683 -99.000000  -8.132932   8.457420   0.009116
-2.595284  4.132483  6.991665  7.207482  0.378785  0.595540       615.786672169 -99.000000 -99.000000   8.457620   0.009114
-2.612887  4.128131  6.983921  7.207557  0.378785  0.595540       633.122233910 -99.000000 -99.000000   8.457814   0.009112
-2.629917  4.123921  6.976397  7.207628  0.378785  0.595540       650.383789375 -99.000000 -99.000000   8.458002   0.009110
-2.646485  4.119825  6.969030  7.207697  0.378785  0.595540       667.692736649 -99.000000 -99.000000   8.458186   0.009108
-2.662634  4.115833  6.961812  7.207764  0.378785  0.595540       685.047836367 -99.000000 -99.000000   8.458367   0.009107
-2.678357  4.111946  6.954731  7.207828  0.378785  0.595540       702.464280310 -99.000000 -99.000000   8.458543   0.009105
-2.693689  4.108156  6.947756  7.207891  0.378785  0.595540       720.000403777 -99.000000 -99.000000   8.458717   0.009103
-2.708725  4.104440  6.940853  7.207952  0.378785  0.595540       737.731832747 -99.000000 -99.000000   8.458888   0.009101
-2.723170  4.100903  6.934143  7.208143  0.378785  0.595540       755.660549056 -99.000000 -99.000000   8.459185   0.009098
-2.738003  4.097245  6.927145  7.208234  0.378785  0.595540       774.480188382 -99.000000 -99.000000   8.459385   0.009096
-2.752248  4.093725  6.920308  7.208293  0.378785  0.595540       793.150125623 -99.000000 -99.000000   8.459552   0.009094
-2.766307  4.090236  6.913427  7.208268  0.378785  0.595540       812.128189717 -99.000000 -99.000000   8.459655   0.009093
-2.779882  4.086883  6.906682  7.208324  0.378785  0.595540       831.270773779 -99.000000 -99.000000   8.459816   0.009091
-2.793553  4.083483  6.899714  7.208264  0.378785  0.595540       851.140608168 -99.000000 -99.000000   8.459889   0.009091
-2.806714  4.080233  6.892893  7.208318  0.378785  0.595540       871.214651312 -99.000000 -99.000000   8.460047   0.009089
-2.819829  4.077026  6.885967  7.208546  0.378785  0.595540       892.347994516 -99.000000 -99.000000   8.460336   0.009086
-2.833414  4.073671  6.878573  7.208603  0.378785  0.595540       914.862101098 -99.000000 -99.000000   8.460501   0.009084
-2.846558  4.070425  6.871265  7.208659  0.378785  0.595540       937.491134975 -99.000000 -99.000000   8.460662   0.009083
-2.859697  4.067172  6.863799  7.208676  0.378785  0.595540       960.880525167 -99.000000 -99.000000   8.460789   0.009081
-2.872594  4.063988  6.856313  7.208732  0.378785  0.595540       984.814666876 -99.000000 -99.000000   8.460946   0.009080
-2.885609  4.060754  6.848554  7.208698  0.378785  0.595540      1009.750284549 -99.000000 -99.000000   8.461026   0.009079
-2.898293  4.057621  6.840853  7.208754  0.378785  0.595540      1035.125950779 -99.000000 -99.000000   8.461181   0.009077
-2.911116  4.054455  6.832927  7.208811  0.378785  0.595540      1061.794946248 -99.000000 -99.000000   8.461338   0.009075
-2.923559  4.051382  6.827072  7.208867  0.378785  0.595540      1089.406023345 -99.000000 -99.000000   8.461489   0.009074
-2.935385  4.048513  6.821420  7.209217  0.378785  0.595540      1118.732831988 -99.000000 -99.000000   8.461840   0.009070
-2.947193  4.045623  6.814664  7.209415  0.378785  0.595540      1152.285224865 -99.000000 -99.000000   8.462089   0.009068
-2.960131  4.042428  6.805110  7.209476  0.378785  0.595540      1190.024504783 -99.000000 -99.000000   8.462245   0.009066
-2.971792  4.039547  6.797737  7.209526  0.378785  0.595540      1228.033700274 -99.000000 -99.000000   8.462382   0.009065
-2.984578  4.036389  6.787513  7.209587  0.378785  0.595540      1270.280383875 -99.000000 -99.000000   8.462534   0.009063
-2.996430  4.033460  6.779234  7.209640  0.378785  0.595540      1312.839746476 -99.000000 -99.000000   8.462672   0.009062
-3.009269  4.030287  6.769097  7.209700  0.378785  0.595540      1358.658372948 -99.000000 -99.000000   8.462820   0.009060
-3.021023  4.027382  6.760525  7.209751  0.378785  0.595540      1403.975386519 -99.000000 -99.000000   8.462953   0.009059
-3.033740  4.024239  6.750442  7.209810  0.378785  0.595540      1452.269930462 -99.000000 -99.000000   8.463097   0.009057
-3.045438  4.021347  6.741595  7.209862  0.378785  0.595540      1499.499281499 -99.000000 -99.000000   8.463227   0.009056
-3.058009  4.018238  6.731555  7.209918  0.378785  0.595540      1549.056867771 -99.000000 -99.000000   8.463364   0.009054
-3.069475  4.015375  6.722680  7.209822  0.378785  0.595540      1596.894008387 -99.000000 -99.000000   8.463377   0.009054
-3.081397  4.012426  6.713046  7.209874  0.378785  0.595540      1645.438943280 -99.000000 -99.000000   8.463503   0.009053
-3.092893  4.009582  6.703889  7.209922  0.378785  0.595540      1693.486777584 -99.000000 -99.000000   8.463621   0.009052
-3.104560  4.006694  6.694467  7.209971  0.378785  0.595540      1742.053624273 -99.000000 -99.000000   8.463740   0.009050
-3.115764  4.003921  6.685457  7.210015  0.378785  0.595540      1789.743147265 -99.000000 -99.000000   8.463851   0.009049
-3.127207  4.001088  6.676159  7.210061  0.378785  0.595540      1837.886422510 -99.000000 -99.000000   8.463962   0.009048
-3.138229  3.998359  6.667207  7.210104  0.378785  0.595540      1884.807252119 -99.000000 -99.000000   8.464067   0.009047
-3.149529  3.995560  6.657963  7.210147  0.378785  0.595540      1931.688212070 -99.000000 -99.000000   8.464172   0.009046
-3.160209  3.992915  6.649227  7.210186  0.378785  0.595540      1976.737579765 -99.000000 -99.000000   8.464270   0.009045
-3.171100  3.990216  6.640303  7.210226  0.378785  0.595540      2021.896745248 -99.000000 -99.000000   8.464367   0.009044
-3.181708  3.987587  6.631594  7.210266  0.378785  0.595540      2065.807822896 -99.000000 -99.000000   8.464460   0.009043
-3.192352  3.984949  6.622840  7.210303  0.378785  0.595540      2109.003178889 -99.000000 -99.000000   8.464551   0.009042
-3.202560  3.982418  6.614428  7.210337  0.378785  0.595540      2150.776688922 -99.000000 -99.000000   8.464636   0.009041
-3.212978  3.979835  6.605860  7.210372  0.378785  0.595540      2192.376536231 -99.000000 -99.000000   8.464721   0.009040
-3.223528  3.977218  6.597231  7.210404  0.378785  0.595540      2232.443072117 -99.000000 -99.000000   8.464804   0.009039
-3.234426  3.974515  6.588427  7.210436  0.378785  0.595540      2270.010855952 -99.000000 -99.000000   8.464887   0.009038
-3.244804  3.971939  6.580045  7.210465  0.378785  0.595540      2303.818560712 -99.000000 -99.000000   8.464964   0.009038
-3.254584  3.969512  6.572102  7.210492  0.378785  0.595540      2335.237296235 -99.000000 -99.000000   8.465035   0.009037
-3.263359  3.967334  6.564813  7.210517  0.378785  0.595540      2365.893443230 -99.000000 -99.000000   8.465098   0.009036
-3.272372  3.965097  6.557320  7.210542  0.378785  0.595540      2398.862539263 -99.000000 -99.000000   8.465161   0.009036
-3.281274  3.962887  6.549885  7.210566  0.378785  0.595540      2433.048573536 -99.000000 -99.000000   8.465223   0.009035
-3.290576  3.960577  6.542186  7.210591  0.378785  0.595540      2468.572713088 -99.000000 -99.000000   8.465286   0.009034
-3.299727  3.958304  6.534606  7.210614  0.378785  0.595540      2503.570631929 -99.000000 -99.000000   8.465346   0.009034
-3.309040  3.955991  6.526952  7.210637  0.378785  0.595540      2538.224983927 -99.000000 -99.000000   8.465407   0.009033
-3.318010  3.953763  6.519536  7.210659  0.378785  0.595540      2571.588286333 -99.000000 -99.000000   8.465463   0.009032
-3.326992  3.951531  6.512131  7.210681  0.378785  0.595540      2604.575186322 -99.000000 -99.000000   8.465519   0.009032
-3.335820  3.949338  6.504836  7.210701  0.378785  0.595540      2636.877798401 -99.000000 -99.000000   8.465572   0.009031
-3.344699  3.947131  6.497539  7.210722  0.378785  0.595540      2668.748115961 -99.000000 -99.000000   8.465625   0.009031
-3.353301  3.944993  6.490422  7.210741  0.378785  0.595540      2699.742499548 -99.000000 -99.000000   8.465675   0.009030
-3.361988  3.942833  6.483277  7.210760  0.378785  0.595540      2730.571862441 -99.000000 -99.000000   8.465724   0.009030
-3.370573  3.940699  6.476220  7.210778  0.378785  0.595540      2760.708648146 -99.000000 -99.000000   8.465772   0.009029
-3.379030  3.938596  6.469250  7.210795  0.378785  0.595540      2790.276933258 -99.000000 -99.000000   8.465818   0.009029
-3.387529  3.936483  6.462284  7.210812  0.378785  0.595540      2819.507226693 -99.000000 -99.000000   8.465863   0.009028
-3.395910  3.934398  6.455410  7.210829  0.378785  0.595540      2848.077922992 -99.000000 -99.000000   8.465907   0.009028
-3.404277  3.932317  6.448566  7.210844  0.378785  0.595540      2876.225518510 -99.000000 -99.000000   8.465949   0.009027
-3.412535  3.930263  6.441810  7.210860  0.378785  0.595540      2903.802604446 -99.000000 -99.000000   8.465990   0.009027
-3.420828  3.928200  6.435066  7.210875  0.378785  0.595540      2931.032043843 -99.000000 -99.000000   8.466030   0.009027
-3.428936  3.926183  6.428433  7.210889  0.378785  0.595540      2957.661355406 -99.000000 -99.000000   8.466068   0.009026
-3.437163  3.924135  6.421759  7.210903  0.378785  0.595540      2984.188616165 -99.000000 -99.000000   8.466106   0.009026
-3.445142  3.922150  6.415218  7.210917  0.378785  0.595540      3010.111326486 -99.000000 -99.000000   8.466143   0.009025
-3.453349  3.920107  6.408592  7.210930  0.378785  0.595540      3036.152248863 -99.000000 -99.000000   8.466179   0.009025
-3.461339  3.918118  6.402106  7.210943  0.378785  0.595540      3061.518119750 -99.000000 -99.000000   8.466213   0.009025
-3.469455  3.916098  6.395580  7.210956  0.378785  0.595540      3086.808491097 -99.000000 -99.000000   8.466247   0.009024
-3.477376  3.914125  6.389159  7.210968  0.378785  0.595540      3111.569368600 -99.000000 -99.000000   8.466280   0.009024
-3.485414  3.912124  6.382694  7.210980  0.378785  0.595540      3136.317065392 -99.000000 -99.000000   8.466312   0.009024
-3.493388  3.910139  6.376300  7.210991  0.378785  0.595540      3160.619400250 -99.000000 -99.000000   8.466344   0.009023
-3.501318  3.908164  6.369942  7.211002  0.378785  0.595540      3184.625325103 -99.000000 -99.000000   8.466374   0.009023
-3.509293  3.906177  6.363583  7.211013  0.378785  0.595540      3208.444403414 -99.000000 -99.000000   8.466404   0.009023
-3.517128  3.904226  6.357290  7.211024  0.378785  0.595540      3231.882539875 -99.000000 -99.000000   8.466433   0.009022
-3.525088  3.902243  6.350954  7.211034  0.378785  0.595540      3255.305360173 -99.000000 -99.000000   8.466462   0.009022
-3.532970  3.900279  6.344684  7.211044  0.378785  0.595540      3278.325935195 -99.000000 -99.000000   8.466489   0.009022
-3.540846  3.898317  6.338431  7.211054  0.378785  0.595540      3301.116040491 -99.000000 -99.000000   8.466517   0.009021
-3.548689  3.896363  6.332198  7.211064  0.378785  0.595540      3323.674391371 -99.000000 -99.000000   8.466543   0.009021
-3.556529  3.894409  6.325972  7.211073  0.378785  0.595540      3346.058039397 -99.000000 -99.000000   8.466569   0.009021
-3.564404  3.892447  6.319749  7.211082  0.378785  0.595540      3368.254058636 -99.000000 -99.000000   8.466594   0.009021
-3.572196  3.890505  6.313572  7.211091  0.378785  0.595540      3390.146236321 -99.000000 -99.000000   8.466619   0.009020
-3.580045  3.888549  6.307378  7.211099  0.378785  0.595540      3411.941358193 -99.000000 -99.000000   8.466643   0.009020
-3.587828  3.886609  6.301216  7.211108  0.378785  0.595540      3433.485345882 -99.000000 -99.000000   8.466666   0.009020
-3.595697  3.884648  6.295025  7.211116  0.378785  0.595540      3454.969038162 -99.000000 -99.000000   8.466689   0.009020
-3.603509  3.882700  6.288870  7.211124  0.378785  0.595540      3476.174937741 -99.000000 -99.000000   8.466712   0.009019
-3.611332  3.880750  6.282715  7.211132  0.378785  0.595540      3497.232678189 -99.000000 -99.000000   8.466734   0.009019
-3.619145  3.878802  6.276564  7.211139  0.378785  0.595540      3518.135930908 -99.000000 -99.000000   8.466756   0.009019
-3.626987  3.876847  6.270402  7.211147  0.378785  0.595540      3538.931737164 -99.000000 -99.000000   8.466777   0.009019
-3.634842  3.874888  6.264237  7.211154  0.378785  0.595540      3559.591146419 -99.000000 -99.000000   8.466798   0.009019
-3.642727  3.872922  6.258069  7.211161  0.378785  0.595540      3580.106040655 -99.000000 -99.000000   8.466818   0.009018
-3.650589  3.870962  6.251915  7.211168  0.378785  0.595540      3600.433176694 -99.000000 -99.000000   8.466838   0.009018
-3.658506  3.868987  6.245734  7.211175  0.378785  0.595540      3620.702616029 -99.000000 -99.000000   8.466857   0.009018
-3.666386  3.867022  6.239553  7.211182  0.378785  0.595540      3640.833074311 -99.000000 -99.000000   8.466876   0.009018
-3.674351  3.865036  6.233341  7.211188  0.378785  0.595540      3660.918921016 -99.000000 -99.000000   8.466895   0.009018
-3.682279  3.863058  6.227163  7.211195  0.378785  0.595540      3680.754268409 -99.000000 -99.000000   8.466914   0.009017
-3.690192  3.861084  6.220987  7.211201  0.378785  0.595540      3700.440232364 -99.000000 -99.000000   8.466931   0.009017
-3.698139  3.859102  6.214799  7.211207  0.378785  0.595540      3720.020317016 -99.000000 -99.000000   8.466949   0.009017
-3.706051  3.857128  6.208621  7.211213  0.378785  0.595540      3739.428831003 -99.000000 -99.000000   8.466966   0.009017
-3.714013  3.855142  6.202419  7.211219  0.378785  0.595540      3758.771873624 -99.000000 -99.000000   8.466983   0.009017
