   51  1.0 Mo Pure hydrogen grid; thick H models           Sun Aug 18 09:12:03 2019
 Teff   log g  Mbol     BC    U      B      V      R      I      J      H      Ks     Y      J      H      K      W1     W2     W3     W4    S3.6   S4.5   S5.8   S8.0    u      g      r      i      z      g      r      i      z      y      G     G_BP   G_RP   FUV    NUV      Age
  2500. 8.641 18.892  0.403 22.123 20.488 18.489 17.859 18.056 18.517 18.939 19.677 18.603 18.448 18.847 19.635 17.098 16.637 16.008 15.427 16.897 16.641 16.568 16.329 23.050 19.541 17.926 18.399 18.387 19.240 17.941 18.420 18.340 18.570 18.373 18.752 17.846 52.221 31.502 1.056E+10
  2750. 8.641 18.478  0.210 21.707 20.185 18.268 17.553 17.425 17.853 18.330 18.892 17.931 17.791 18.250 18.852 16.742 16.337 15.746 15.219 16.569 16.343 16.256 16.033 22.615 19.279 17.696 17.821 17.801 18.991 17.698 17.832 17.751 17.992 18.010 18.521 17.364 50.867 30.791 1.045E+10
  3000. 8.641 18.100  0.046 21.303 19.890 18.054 17.284 16.916 17.268 17.772 18.212 17.326 17.213 17.702 18.175 16.415 16.062 15.503 15.019 16.267 16.070 15.973 15.764 22.195 19.024 17.490 17.362 17.309 18.748 17.485 17.366 17.263 17.480 17.684 18.303 16.958 49.546 30.086 1.033E+10
  3250. 8.641 17.752 -0.107 20.899 19.612 17.858 17.054 16.514 16.712 17.218 17.562 16.750 16.664 17.155 17.529 16.090 15.787 15.251 14.809 15.965 15.795 15.690 15.491 21.781 18.788 17.307 17.007 16.898 18.525 17.298 17.004 16.866 17.014 17.405 18.105 16.623 48.078 29.351 1.021E+10
  3500. 8.641 17.430 -0.201 20.457 19.273 17.631 16.842 16.219 16.218 16.688 16.972 16.254 16.176 16.633 16.941 15.776 15.520 15.003 14.601 15.673 15.529 15.419 15.226 21.333 18.496 17.118 16.737 16.585 18.250 17.107 16.731 16.571 16.639 17.155 17.879 16.357 46.589 28.590 1.008E+10
  3750. 8.641 17.130 -0.276 20.000 18.942 17.406 16.646 15.994 15.765 16.157 16.385 15.838 15.726 16.108 16.357 15.450 15.233 14.740 14.390 15.366 15.243 15.130 14.944 20.871 18.213 16.928 16.523 16.342 17.984 16.917 16.516 16.345 16.341 16.935 17.653 16.139 44.878 27.768 9.940E+09
  4000. 8.641 16.849 -0.318 19.518 18.589 17.167 16.450 15.805 15.389 15.647 15.815 15.529 15.349 15.606 15.788 15.112 14.925 14.474 14.205 15.045 14.934 14.823 14.649 20.386 17.910 16.728 16.333 16.145 17.699 16.718 16.326 16.158 16.114 16.725 17.411 15.948 43.012 26.895 9.769E+09
  4250. 8.640 16.585 -0.332 18.996 18.213 16.918 16.250 15.629 15.103 15.183 15.280 15.307 15.061 15.149 15.253 14.775 14.606 14.233 14.072 14.721 14.616 14.509 14.361 19.859 17.591 16.518 16.151 15.972 17.400 16.509 16.144 15.988 15.930 16.514 17.153 15.766 41.035 25.952 9.511E+09
  4500. 8.640 16.337 -0.319 18.440 17.820 16.655 16.039 15.453 14.896 14.794 14.831 15.131 14.853 14.767 14.803 14.470 14.322 14.064 13.992 14.429 14.330 14.239 14.134 19.297 17.256 16.297 15.965 15.805 17.086 16.289 15.958 15.820 15.764 16.293 16.879 15.582 36.989 24.950 9.246E+09
  4750. 8.640 16.101 -0.282 17.873 17.418 16.383 15.819 15.272 14.734 14.505 14.483 14.972 14.692 14.484 14.454 14.225 14.106 13.955 13.925 14.194 14.112 14.048 13.988 18.723 16.912 16.064 15.772 15.636 16.761 16.058 15.766 15.648 15.603 16.062 16.591 15.393 33.191 23.913 8.923E+09
  5000. 8.640 15.877 -0.229 17.315 17.021 16.107 15.594 15.088 14.591 14.307 14.240 14.817 14.549 14.289 14.210 14.050 13.966 13.879 13.865 14.029 13.970 13.929 13.896 18.158 16.567 15.826 15.575 15.465 16.436 15.821 15.570 15.474 15.442 15.824 16.296 15.199 30.237 22.927 8.536E+09
  5250. 8.639 15.664 -0.179 16.799 16.652 15.843 15.377 14.911 14.459 14.166 14.085 14.671 14.418 14.149 14.054 13.936 13.875 13.817 13.810 13.921 13.878 13.850 13.828 17.637 16.243 15.599 15.385 15.302 16.129 15.594 15.381 15.308 15.288 15.594 16.013 15.013 28.968 22.012 8.023E+09
  5500. 8.638 15.460 -0.136 16.322 16.310 15.596 15.172 14.743 14.336 14.051 13.974 14.533 14.296 14.034 13.944 13.850 13.804 13.763 13.761 13.839 13.806 13.786 13.770 17.156 15.941 15.384 15.206 15.147 15.842 15.380 15.203 15.149 15.143 15.375 15.745 14.837 27.986 21.237 7.303E+09
  6000. 8.636 15.076 -0.089 15.483 15.722 15.165 14.815 14.449 14.119 13.866 13.809 14.289 14.081 13.848 13.780 13.718 13.689 13.674 13.677 13.711 13.690 13.680 13.674 16.311 15.419 15.011 14.892 14.876 15.345 15.008 14.890 14.872 14.887 14.987 15.273 14.529 26.509 19.843 5.536E+09
  6500. 8.634 14.725 -0.090 14.819 15.258 14.815 14.525 14.211 13.943 13.718 13.684 14.092 13.906 13.699 13.655 13.618 13.604 13.607 13.605 13.614 13.604 13.602 13.603 15.646 15.001 14.708 14.637 14.655 14.946 14.706 14.636 14.647 14.680 14.668 14.885 14.278 25.155 18.510 4.765E+09
  7000. 8.633 14.401 -0.119 14.318 14.882 14.519 14.277 14.007 13.793 13.596 13.581 13.923 13.758 13.575 13.553 13.538 13.535 13.545 13.535 13.536 13.535 13.539 13.544 15.146 14.656 14.451 14.419 14.467 14.613 14.449 14.420 14.455 14.503 14.396 14.561 14.065 23.919 17.358 4.157E+09
  7500. 8.632 14.099 -0.159 13.926 14.564 14.258 14.056 13.823 13.660 13.491 13.492 13.771 13.626 13.469 13.465 13.465 13.470 13.480 13.467 13.465 13.470 13.476 13.481 14.756 14.358 14.220 14.223 14.297 14.324 14.219 14.225 14.282 14.343 14.154 14.279 13.872 22.705 16.470 3.647E+09
  8000. 8.632 13.816 -0.203 13.604 14.286 14.019 13.851 13.652 13.538 13.397 13.411 13.629 13.507 13.375 13.384 13.394 13.404 13.414 13.402 13.395 13.404 13.411 13.415 14.435 14.093 14.008 14.041 14.139 14.066 14.007 14.043 14.120 14.194 13.933 14.027 13.693 21.434 15.789 3.212E+09
  8500. 8.631 13.551 -0.247 13.330 14.036 13.798 13.659 13.491 13.425 13.311 13.334 13.497 13.396 13.288 13.307 13.324 13.338 13.349 13.340 13.326 13.338 13.345 13.350 14.162 13.853 13.811 13.870 13.990 13.829 13.810 13.873 13.969 14.055 13.728 13.798 13.525 20.169 15.249 2.823E+09
  9000. 8.630 13.300 -0.290 13.090 13.809 13.591 13.480 13.341 13.320 13.230 13.261 13.373 13.293 13.206 13.234 13.255 13.273 13.288 13.282 13.258 13.273 13.281 13.287 13.923 13.632 13.626 13.709 13.852 13.611 13.625 13.713 13.827 13.926 13.537 13.586 13.368 19.052 14.805 2.472E+09
  9500. 8.629 13.063 -0.332 12.874 13.599 13.395 13.310 13.199 13.221 13.153 13.191 13.258 13.197 13.128 13.163 13.188 13.209 13.230 13.226 13.191 13.210 13.219 13.227 13.708 13.427 13.452 13.558 13.722 13.407 13.451 13.562 13.694 13.805 13.357 13.389 13.220 18.109 14.427 2.166E+09
 10000. 8.628 12.838 -0.373 12.676 13.406 13.211 13.152 13.067 13.129 13.081 13.124 13.150 13.107 13.055 13.096 13.122 13.146 13.173 13.172 13.126 13.148 13.157 13.168 13.512 13.235 13.288 13.416 13.601 13.216 13.288 13.421 13.570 13.693 13.189 13.205 13.083 17.303 14.096 1.898E+09
 10500. 8.627 12.624 -0.417 12.495 13.228 13.041 13.006 12.946 13.044 13.013 13.062 13.053 13.024 12.987 13.033 13.059 13.085 13.116 13.120 13.063 13.087 13.096 13.109 13.331 13.059 13.138 13.287 13.491 13.041 13.138 13.292 13.458 13.591 13.034 13.035 12.957 16.543 13.800 1.660E+09
 11000. 8.626 12.419 -0.470 12.330 13.068 12.890 12.877 12.840 12.968 12.952 13.005 12.967 12.950 12.926 12.976 13.001 13.027 13.061 13.069 13.005 13.030 13.039 13.053 13.167 12.902 13.005 13.173 13.394 12.885 13.005 13.179 13.359 13.502 12.896 12.884 12.846 15.732 13.535 1.443E+09
 11500. 8.625 12.224 -0.538 12.184 12.931 12.762 12.768 12.751 12.903 12.899 12.955 12.894 12.886 12.872 12.926 12.951 12.978 13.013 13.025 12.955 12.981 12.989 13.004 13.022 12.768 12.893 13.077 13.313 12.751 12.893 13.084 13.276 13.426 12.779 12.755 12.753 14.951 13.303 1.249E+09
 12000. 8.624 12.036 -0.617 12.054 12.813 12.654 12.676 12.676 12.848 12.853 12.912 12.832 12.831 12.825 12.883 12.908 12.936 12.974 12.988 12.912 12.939 12.948 12.963 12.892 12.653 12.798 12.997 13.244 12.637 12.798 13.004 13.206 13.362 12.679 12.644 12.674 14.313 13.096 1.079E+09
 12500. 8.623 11.857 -0.703 11.937 12.707 12.560 12.597 12.611 12.799 12.811 12.873 12.779 12.783 12.784 12.844 12.871 12.899 12.940 12.956 12.875 12.902 12.912 12.928 12.775 12.551 12.716 12.927 13.185 12.537 12.716 12.935 13.145 13.306 12.591 12.546 12.606 13.811 12.904 9.326E+08
 13000. 8.622 11.684 -0.799 11.839 12.620 12.482 12.532 12.559 12.759 12.777 12.840 12.735 12.743 12.749 12.811 12.840 12.869 12.910 12.928 12.844 12.871 12.881 12.898 12.678 12.466 12.648 12.871 13.136 12.454 12.648 12.879 13.096 13.260 12.518 12.464 12.550 13.358 12.735 8.110E+08
 13500. 8.621 11.518 -0.906 11.763 12.552 12.424 12.482 12.519 12.727 12.750 12.814 12.700 12.711 12.722 12.785 12.815 12.843 12.885 12.903 12.819 12.846 12.856 12.872 12.603 12.401 12.597 12.829 13.099 12.389 12.597 12.837 13.058 13.225 12.463 12.402 12.507 12.943 12.594 7.222E+08
 14000. 8.620 11.358 -1.012 11.693 12.488 12.369 12.437 12.482 12.698 12.724 12.789 12.669 12.682 12.696 12.760 12.791 12.819 12.861 12.879 12.795 12.821 12.831 12.848 12.532 12.340 12.549 12.790 13.065 12.330 12.549 12.798 13.023 13.192 12.411 12.344 12.468 12.622 12.460 6.547E+08
 14500. 8.620 11.203 -1.111 11.619 12.422 12.315 12.390 12.444 12.667 12.697 12.763 12.636 12.651 12.669 12.735 12.766 12.794 12.836 12.855 12.770 12.797 12.807 12.823 12.459 12.277 12.501 12.750 13.029 12.269 12.501 12.758 12.987 13.158 12.358 12.284 12.428 12.366 12.331 5.954E+08
 15000. 8.619 11.054 -1.204 11.540 12.353 12.258 12.341 12.404 12.635 12.669 12.736 12.600 12.618 12.641 12.707 12.740 12.768 12.810 12.830 12.744 12.771 12.781 12.798 12.380 12.212 12.450 12.707 12.991 12.205 12.450 12.715 12.949 13.121 12.302 12.221 12.384 12.158 12.203 5.428E+08
 15500. 8.618 10.910 -1.292 11.456 12.282 12.202 12.290 12.361 12.600 12.638 12.707 12.563 12.584 12.610 12.679 12.713 12.741 12.784 12.804 12.717 12.743 12.754 12.771 12.296 12.146 12.398 12.663 12.951 12.141 12.398 12.671 12.908 13.083 12.245 12.157 12.339 11.979 12.080 4.960E+08
 16000. 8.617 10.769 -1.377 11.371 12.212 12.146 12.240 12.318 12.565 12.607 12.677 12.524 12.548 12.579 12.649 12.685 12.714 12.757 12.778 12.690 12.716 12.727 12.744 12.212 12.080 12.346 12.617 12.910 12.078 12.346 12.626 12.866 13.043 12.188 12.093 12.293 11.818 11.962 4.545E+08
 16500. 8.616 10.634 -1.459 11.287 12.143 12.093 12.190 12.275 12.529 12.575 12.647 12.486 12.513 12.547 12.619 12.657 12.687 12.731 12.753 12.662 12.688 12.700 12.717 12.127 12.017 12.295 12.573 12.868 12.018 12.296 12.581 12.825 13.003 12.132 12.031 12.247 11.668 11.848 4.174E+08
 17000. 8.615 10.502 -1.539 11.204 12.077 12.041 12.142 12.232 12.494 12.544 12.617 12.447 12.477 12.515 12.589 12.629 12.659 12.704 12.727 12.634 12.661 12.673 12.690 12.044 11.956 12.245 12.528 12.827 11.959 12.246 12.537 12.783 12.963 12.078 11.971 12.202 11.527 11.740 3.842E+08
 20000. 8.610  9.784 -1.974 10.747 11.720 11.758 11.874 11.990 12.289 12.356 12.438 12.226 12.272 12.328 12.412 12.464 12.500 12.556 12.588 12.471 12.501 12.517 12.538 11.588 11.626 11.971 12.279 12.593 11.641 11.973 12.289 12.546 12.735 11.780 11.640 11.949 10.799 11.156 2.405E+08
 25000. 8.602  8.795 -2.554 10.121 11.222 11.349 11.483 11.630 11.980 12.069 12.166 11.896 11.963 12.040 12.140 12.211 12.258 12.335 12.376 12.220 12.258 12.281 12.310 10.963 11.161 11.574 11.912 12.243 11.192 11.576 11.922 12.195 12.394 11.350 11.168 11.576  9.862 10.370 1.209E+08
 30000. 8.594  7.982 -2.978  9.566 10.761 10.960 11.107 11.277 11.664 11.772 11.879 11.564 11.648 11.742 11.855 11.940 11.991 12.066 12.094 11.950 11.990 12.017 12.045 10.408 10.727 11.192 11.552 11.897 10.771 11.195 11.562 11.846 12.054 10.941 10.727 11.212  9.164  9.723 6.219E+07
 35000. 8.579  7.275 -3.364  9.143 10.391 10.638 10.788 10.969 11.374 11.489 11.596 11.266 11.356 11.460 11.573 11.659 11.702 11.750 11.743 11.668 11.700 11.722 11.741  9.985 10.374 10.870 11.242 11.592 10.427 10.874 11.253 11.540 11.751 10.603 10.368 10.898  8.691  9.262 3.566E+07
 40000. 8.569  6.671 -3.764  8.890 10.163 10.435 10.587 10.774 11.187 11.305 11.411 11.076 11.168 11.276 11.388 11.472 11.512 11.550 11.529 11.481 11.509 11.530 11.545  9.732 10.155 10.668 11.046 11.398 10.212 10.672 11.057 11.347 11.559 10.391 10.147 10.699  8.393  8.983 1.545E+07
 45000. 8.560  6.136 -4.146  8.706  9.994 10.282 10.436 10.626 11.043 11.164 11.269 10.931 11.024 11.134 11.246 11.329 11.366 11.397 11.367 11.337 11.363 11.383 11.396  9.548  9.991 10.515 10.898 11.251 10.051 10.520 10.908 11.199 11.413 10.232  9.981 10.549  8.172  8.779 5.478E+06
 50000. 8.551  5.656 -4.500  8.557  9.857 10.155 10.310 10.504 10.924 11.045 11.150 10.810 10.904 11.016 11.128 11.209 11.245 11.270 11.232 11.217 11.241 11.261 11.271  9.399  9.857 10.389 10.775 11.129  9.919 10.394 10.785 11.077 11.291 10.102  9.846 10.425  7.992  8.615 2.373E+06
 55000. 8.542  5.219 -4.826  8.429  9.737 10.045 10.201 10.396 10.818 10.941 11.046 10.704 10.798 10.911 11.023 11.104 11.138 11.159 11.115 11.112 11.135 11.153 11.162  9.272  9.741 10.279 10.667 11.022  9.804 10.284 10.678 10.970 11.185  9.988  9.729 10.317  7.838  8.474 1.371E+06
 60000. 8.533  4.818 -5.127  8.316  9.630  9.945 10.102 10.299 10.723 10.847 10.951 10.608 10.703 10.817 10.928 11.008 11.041 11.058 11.011 11.016 11.038 11.056 11.062  9.158  9.636 10.179 10.569 10.925  9.701 10.185 10.580 10.873 11.088  9.886  9.624 10.218  7.701  8.350 9.600E+05
 65000. 8.524  4.449 -5.405  8.213  9.534  9.854 10.011 10.211 10.636 10.760 10.864 10.520 10.615 10.730 10.842 10.921 10.953 10.966 10.916 10.929 10.949 10.967 10.972  9.056  9.542 10.089 10.480 10.837  9.607 10.094 10.491 10.785 11.000  9.793  9.528 10.129  7.579  8.238 7.405E+05
 70000. 8.515  4.105 -5.663  8.118  9.443  9.769  9.927 10.127 10.554 10.678 10.782 10.438 10.533 10.649 10.760 10.838 10.869 10.880 10.828 10.846 10.866 10.883 10.887  8.961  9.453 10.004 10.397 10.754  9.519 10.009 10.408 10.702 10.917  9.706  9.439 10.045  7.467  8.135 6.090E+05
 75000. 8.506  3.781 -5.904  8.027  9.356  9.686  9.844 10.046 10.473 10.599 10.703 10.357 10.453 10.569 10.680 10.758 10.788 10.796 10.744 10.766 10.785 10.801 10.804  8.870  9.367  9.921 10.315 10.673  9.434  9.926 10.326 10.621 10.836  9.621  9.353  9.963  7.360  8.036 5.144E+05
 80000. 8.496  3.478 -6.130  7.942  9.274  9.608  9.767  9.970 10.398 10.524 10.628 10.281 10.377 10.494 10.605 10.682 10.712 10.717 10.665 10.690 10.709 10.724 10.727  8.785  9.287  9.844 10.239 10.597  9.354  9.849 10.250 10.545 10.760  9.542  9.272  9.886  7.261  7.944 4.504E+05
 85000. 8.487  3.192 -6.342  7.861  9.197  9.534  9.694  9.897 10.327 10.453 10.556 10.209 10.306 10.423 10.534 10.611 10.639 10.643 10.591 10.618 10.636 10.651 10.653  8.704  9.210  9.770 10.166 10.525  9.278  9.775 10.177 10.472 10.688  9.467  9.196  9.813  7.167  7.858 4.098E+05
 90000. 8.478  2.921 -6.541  7.783  9.122  9.462  9.622  9.827 10.257 10.383 10.487 10.139 10.236 10.353 10.464 10.540 10.568 10.571 10.519 10.548 10.565 10.580 10.581  8.626  9.136  9.698 10.095 10.454  9.205  9.704 10.106 10.402 10.618  9.394  9.121  9.742  7.078  7.775 3.836E+05
   67  1.0 Mo Pure helium grid                             Sun Aug 18 09:12:03 2019
 Teff   log g  Mbol     BC    U      B      V      R      I      J      H      Ks     Y      J      H      K      W1     W2     W3     W4    S3.6   S4.5   S5.8   S8.0    u      g      r      i      z      g      r      i      z      y      G     G_BP   G_RP   FUV    NUV      Age
  3250. 8.657 17.791 -1.102 21.008 20.351 18.893 17.959 17.062 16.060 15.582 15.451 16.462 16.010 15.571 15.430 15.792 15.886 15.829 15.363 15.826 15.875 15.975 15.978 21.852 19.691 18.323 17.682 17.294 19.475 18.303 17.668 17.343 17.167 18.170 19.089 17.253 35.631 26.738 7.840E+09
  3500. 8.657 17.469 -0.881 20.174 19.668 18.350 17.508 16.691 15.805 15.380 15.265 16.163 15.757 15.367 15.243 15.529 15.772 15.735 15.268 15.579 15.756 15.883 15.881 21.017 19.067 17.842 17.282 16.955 18.873 17.825 17.270 16.994 16.850 17.732 18.547 16.868 33.691 25.521 7.714E+09
  3750. 8.657 17.170 -0.687 19.409 19.045 17.856 17.099 16.358 15.580 15.204 15.115 15.898 15.534 15.190 15.093 15.348 15.632 15.611 15.134 15.395 15.611 15.762 15.755 20.251 18.497 17.407 16.923 16.651 18.323 17.393 16.913 16.682 16.568 17.330 18.050 16.521 31.929 24.405 7.582E+09
  4000. 8.657 16.889 -0.534 18.736 18.498 17.424 16.741 16.068 15.383 15.049 14.973 15.667 15.339 15.034 14.950 15.182 15.413 15.361 14.889 15.224 15.397 15.513 15.500 19.576 17.996 17.026 16.610 16.387 17.841 17.015 16.601 16.411 16.322 16.973 17.610 16.217 30.372 23.417 7.437E+09
  4250. 8.657 16.626 -0.410 18.129 18.006 17.036 16.421 15.810 15.209 14.909 14.839 15.462 15.166 14.893 14.815 15.020 15.197 15.112 14.659 15.057 15.186 15.265 15.245 18.967 17.546 16.685 16.331 16.152 17.407 16.676 16.324 16.169 16.104 16.650 17.213 15.945 28.964 22.522 7.270E+09
  4500. 8.657 16.377 -0.319 17.602 17.577 16.696 16.136 15.578 15.048 14.777 14.709 15.275 15.006 14.759 14.684 14.856 15.021 14.931 14.494 14.889 15.009 15.085 15.063 18.437 17.152 16.385 16.081 15.939 17.027 16.378 16.076 15.952 15.905 16.360 16.861 15.702 27.715 21.735 7.093E+09
  4750. 8.657 16.142 -0.247 17.132 17.193 16.389 15.878 15.366 14.900 14.656 14.590 15.104 14.860 14.638 14.564 14.712 14.862 14.759 14.345 14.743 14.853 14.917 14.890 17.966 16.798 16.113 15.854 15.745 16.686 16.107 15.850 15.753 15.724 16.094 16.543 15.479 26.600 21.034 6.899E+09
  5000. 8.656 15.919 -0.191 16.701 16.841 16.110 15.643 15.176 14.769 14.548 14.484 14.951 14.730 14.529 14.457 14.574 14.692 14.567 14.197 14.599 14.685 14.728 14.693 17.534 16.475 15.866 15.649 15.571 16.374 15.861 15.646 15.574 15.562 15.851 16.250 15.278 25.578 20.389 6.688E+09
  5250. 8.656 15.707 -0.151 16.309 16.523 15.858 15.431 15.004 14.649 14.447 14.382 14.812 14.611 14.428 14.355 14.435 14.521 14.381 14.067 14.454 14.516 14.541 14.499 17.141 16.182 15.643 15.465 15.413 16.091 15.639 15.462 15.413 15.415 15.629 15.984 15.097 24.638 19.796 6.442E+09
  5500. 8.656 15.505 -0.124 15.957 16.236 15.629 15.237 14.845 14.535 14.350 14.283 14.682 14.497 14.330 14.255 14.299 14.355 14.212 13.971 14.311 14.352 14.363 14.316 16.788 15.917 15.439 15.294 15.266 15.835 15.437 15.292 15.263 15.277 15.424 15.741 14.929 23.796 19.265 6.106E+09
  5750. 8.656 15.311 -0.108 15.637 15.973 15.418 15.058 14.697 14.428 14.258 14.191 14.560 14.392 14.238 14.162 14.172 14.202 14.067 13.890 14.179 14.200 14.201 14.154 16.468 15.674 15.252 15.137 15.130 15.601 15.250 15.135 15.124 15.149 15.234 15.517 14.773 23.035 18.783 5.680E+09
  6000. 8.656 15.125 -0.099 15.342 15.732 15.224 14.893 14.561 14.329 14.173 14.107 14.448 14.294 14.153 14.077 14.060 14.067 13.947 13.824 14.062 14.067 14.058 14.015 16.173 15.450 15.079 14.991 15.004 15.384 15.078 14.990 14.995 15.031 15.058 15.310 14.630 22.334 18.339 5.315E+09
  6250. 8.655 14.947 -0.097 15.070 15.507 15.044 14.739 14.435 14.238 14.095 14.031 14.344 14.203 14.075 14.001 13.963 13.954 13.853 13.772 13.961 13.954 13.941 13.903 15.900 15.242 14.919 14.856 14.888 15.183 14.918 14.856 14.877 14.922 14.893 15.116 14.496 21.687 17.927 4.946E+09
  6500. 8.655 14.776 -0.102 14.819 15.301 14.878 14.596 14.316 14.151 14.020 13.960 14.246 14.116 13.999 13.930 13.879 13.858 13.776 13.727 13.874 13.859 13.842 13.811 15.648 15.050 14.770 14.730 14.778 14.998 14.770 14.731 14.765 14.818 14.740 14.937 14.372 21.094 17.550 4.586E+09
  6750. 8.655 14.611 -0.111 14.587 15.109 14.722 14.462 14.204 14.068 13.950 13.895 14.152 14.034 13.928 13.865 13.809 13.783 13.716 13.688 13.803 13.783 13.766 13.740 15.417 14.871 14.630 14.611 14.674 14.825 14.630 14.612 14.659 14.720 14.595 14.769 14.254 20.555 17.204 4.266E+09
  7000. 8.654 14.453 -0.123 14.371 14.929 14.576 14.336 14.100 13.990 13.884 13.834 14.065 13.957 13.862 13.805 13.748 13.718 13.665 13.651 13.741 13.719 13.702 13.681 15.201 14.704 14.499 14.500 14.577 14.663 14.500 14.501 14.560 14.629 14.458 14.611 14.143 20.056 16.883 3.987E+09
  7500. 8.654 14.152 -0.159 13.982 14.605 14.311 14.106 13.907 13.846 13.760 13.723 13.903 13.813 13.737 13.694 13.643 13.615 13.586 13.592 13.636 13.616 13.602 13.590 14.812 14.401 14.260 14.296 14.398 14.369 14.262 14.298 14.377 14.459 14.209 14.324 13.940 19.165 16.308 3.512E+09
  8000. 8.653 13.870 -0.204 13.641 14.319 14.075 13.899 13.733 13.713 13.646 13.622 13.755 13.682 13.623 13.593 13.553 13.533 13.530 13.561 13.548 13.533 13.526 13.523 14.472 14.133 14.046 14.111 14.234 14.109 14.048 14.114 14.211 14.304 13.984 14.068 13.757 18.394 15.808 3.109E+09
  8500. 8.653 13.606 -0.272 13.349 14.077 13.878 13.727 13.586 13.598 13.546 13.532 13.629 13.567 13.522 13.505 13.480 13.472 13.492 13.510 13.477 13.472 13.474 13.481 14.179 13.907 13.868 13.957 14.096 13.890 13.870 13.960 14.071 14.173 13.795 13.852 13.603 17.723 15.358 2.759E+09
  9000. 8.652 13.356 -0.328 13.077 13.846 13.684 13.556 13.440 13.486 13.450 13.448 13.504 13.456 13.426 13.421 13.410 13.410 13.436 13.436 13.409 13.409 13.416 13.426 13.908 13.689 13.692 13.804 13.960 13.678 13.695 13.808 13.932 14.043 13.609 13.642 13.450 17.119 14.969 2.449E+09
  9500. 8.652 13.120 -0.391 12.833 13.639 13.511 13.403 13.310 13.385 13.363 13.372 13.393 13.356 13.339 13.346 13.346 13.353 13.379 13.365 13.347 13.351 13.361 13.373 13.664 13.494 13.534 13.666 13.838 13.488 13.537 13.671 13.808 13.927 13.441 13.453 13.314 16.570 14.613 2.170E+09
 10000. 8.651 12.896 -0.461 12.612 13.453 13.357 13.267 13.194 13.296 13.287 13.305 13.294 13.267 13.262 13.279 13.289 13.300 13.321 13.304 13.291 13.298 13.310 13.320 13.444 13.319 13.394 13.545 13.729 13.319 13.398 13.550 13.698 13.824 13.291 13.283 13.192 16.069 14.286 1.920E+09
 11000. 8.650 12.480 -0.613 12.232 13.134 13.092 13.034 12.993 13.137 13.147 13.180 13.119 13.109 13.121 13.154 13.181 13.199 13.215 13.200 13.184 13.196 13.210 13.216 13.064 13.019 13.154 13.333 13.539 13.027 13.158 13.339 13.505 13.643 13.032 12.991 12.981 15.198 13.713 1.501E+09
 12000. 8.649 12.099 -0.773 11.915 12.869 12.872 12.840 12.827 13.008 13.036 13.081 12.976 12.981 13.009 13.056 13.092 13.110 13.120 13.109 13.096 13.108 13.118 13.122 12.747 12.768 12.956 13.159 13.383 12.783 12.959 13.165 13.347 13.494 12.815 12.746 12.807 14.473 13.230 1.164E+09
 13000. 8.648 11.748 -0.931 11.646 12.642 12.680 12.672 12.680 12.893 12.935 12.989 12.850 12.867 12.908 12.965 13.006 13.023 13.034 13.024 13.010 13.021 13.031 13.034 12.478 12.553 12.783 13.006 13.245 12.573 12.786 13.012 13.207 13.363 12.627 12.535 12.654 13.863 12.822 8.921E+08
 14000. 8.647 11.424 -1.083 11.414 12.443 12.507 12.519 12.547 12.786 12.840 12.901 12.733 12.760 12.813 12.877 12.921 12.938 12.950 12.943 12.926 12.936 12.945 12.950 12.247 12.363 12.626 12.867 13.119 12.387 12.629 12.874 13.079 13.242 12.457 12.347 12.515 13.344 12.475 6.936E+08
 15000. 8.646 11.122 -1.225 11.212 12.265 12.347 12.376 12.420 12.681 12.746 12.813 12.621 12.656 12.718 12.789 12.837 12.854 12.868 12.860 12.841 12.852 12.862 12.867 12.045 12.191 12.481 12.736 12.998 12.218 12.483 12.743 12.957 13.126 12.302 12.177 12.385 12.896 12.176 5.756E+08
 16000. 8.645 10.840 -1.357 11.034 12.103 12.197 12.240 12.297 12.576 12.650 12.723 12.509 12.552 12.622 12.699 12.751 12.770 12.785 12.774 12.756 12.768 12.778 12.784 11.867 12.033 12.342 12.610 12.880 12.061 12.344 12.617 12.838 13.012 12.156 12.020 12.258 12.506 11.916 4.858E+08
 17000. 8.644 10.574 -1.479 10.873 11.954 12.053 12.109 12.176 12.469 12.551 12.629 12.396 12.445 12.523 12.606 12.664 12.685 12.701 12.688 12.669 12.683 12.694 12.700 11.707 11.886 12.209 12.486 12.763 11.914 12.211 12.494 12.720 12.897 12.017 11.874 12.135 12.163 11.687 4.128E+08
 18000. 8.643 10.323 -1.598 10.729 11.818 11.921 11.988 12.061 12.362 12.451 12.535 12.285 12.338 12.423 12.512 12.579 12.605 12.624 12.614 12.585 12.603 12.616 12.623 11.563 11.751 12.086 12.369 12.651 11.780 12.088 12.377 12.607 12.786 11.889 11.740 12.018 11.860 11.482 3.535E+08
 19000. 8.642 10.086 -1.717 10.600 11.697 11.803 11.880 11.958 12.263 12.357 12.444 12.185 12.239 12.329 12.421 12.497 12.531 12.558 12.551 12.505 12.528 12.546 12.555 11.434 11.632 11.977 12.265 12.551 11.660 11.978 12.273 12.507 12.686 11.775 11.621 11.915 11.590 11.299 3.045E+08
 20000. 8.641  9.861 -1.841 10.484 11.590 11.702 11.787 11.871 12.177 12.275 12.362 12.099 12.153 12.247 12.339 12.421 12.462 12.502 12.498 12.430 12.459 12.481 12.496 11.318 11.527 11.883 12.176 12.465 11.556 11.884 12.184 12.421 12.601 11.676 11.517 11.826 11.347 11.135 2.635E+08
 21000. 8.640  9.646 -1.970 10.381 11.497 11.616 11.708 11.797 12.107 12.207 12.294 12.028 12.083 12.178 12.271 12.354 12.399 12.452 12.452 12.363 12.395 12.423 12.443 11.216 11.436 11.803 12.102 12.393 11.466 11.804 12.110 12.349 12.530 11.592 11.427 11.751 11.128 10.987 2.288E+08
 22000. 8.639  9.442 -2.102 10.291 11.416 11.543 11.641 11.737 12.050 12.153 12.240 11.971 12.026 12.124 12.217 12.300 12.346 12.407 12.411 12.309 12.342 12.371 12.395 11.126 11.358 11.735 12.039 12.334 11.390 11.736 12.047 12.290 12.472 11.519 11.349 11.689 10.934 10.857 1.994E+08
 23000. 8.638  9.246 -2.238 10.216 11.350 11.484 11.587 11.688 12.005 12.110 12.197 11.925 11.982 12.081 12.174 12.258 12.304 12.369 12.375 12.267 12.300 12.329 12.355 11.051 11.294 11.680 11.989 12.287 11.326 11.681 11.997 12.242 12.426 11.460 11.286 11.638 10.762 10.747 1.743E+08
 24000. 8.637  9.059 -2.383 10.162 11.302 11.442 11.549 11.653 11.975 12.081 12.169 11.893 11.951 12.052 12.146 12.229 12.274 12.339 12.346 12.238 12.270 12.299 12.325 10.998 11.248 11.641 11.954 12.254 11.281 11.642 11.962 12.209 12.394 11.418 11.240 11.603 10.630 10.667 1.529E+08
 25000. 8.636  8.879 -2.534 10.126 11.269 11.414 11.523 11.630 11.954 12.061 12.149 11.871 11.930 12.032 12.126 12.208 12.253 12.316 12.323 12.217 12.249 12.277 12.302 10.962 11.216 11.614 11.929 12.231 11.251 11.615 11.938 12.186 12.372 11.389 11.209 11.578 10.537 10.612 1.344E+08
 26000. 8.635  8.706 -2.681 10.092 11.239 11.387 11.499 11.608 11.934 12.042 12.131 11.851 11.911 12.013 12.107 12.190 12.233 12.293 12.301 12.198 12.230 12.257 12.280 10.928 11.187 11.590 11.907 12.211 11.222 11.591 11.915 12.165 12.351 11.363 11.180 11.556 10.446 10.562 1.182E+08
 27000. 8.634  8.540 -2.818 10.054 11.205 11.358 11.471 11.584 11.913 12.021 12.110 11.828 11.889 11.992 12.087 12.169 12.211 12.269 12.276 12.177 12.208 12.234 12.256 10.891 11.155 11.562 11.882 12.187 11.191 11.563 11.890 12.141 12.328 11.333 11.148 11.531 10.342 10.504 1.040E+08
 28000. 8.633  8.379 -2.944 10.010 11.165 11.323 11.439 11.556 11.888 11.997 12.087 11.802 11.864 11.968 12.063 12.144 12.186 12.241 12.250 12.153 12.183 12.208 12.229 10.846 11.116 11.530 11.853 12.160 11.153 11.531 11.861 12.114 12.302 11.298 11.110 11.501 10.228 10.434 9.142E+07
 29000. 8.632  8.224 -3.059  9.958 11.119 11.283 11.403 11.524 11.860 11.971 12.061 11.773 11.837 11.942 12.037 12.118 12.159 12.212 12.222 12.126 12.155 12.180 12.200 10.795 11.072 11.493 11.820 12.129 11.110 11.494 11.828 12.083 12.272 11.258 11.067 11.468 10.111 10.355 8.030E+07
 30000. 8.631  8.074 -3.166  9.902 11.069 11.240 11.364 11.490 11.830 11.942 12.032 11.742 11.807 11.913 12.009 12.089 12.129 12.182 12.193 12.098 12.126 12.150 12.170 10.739 11.024 11.452 11.784 12.096 11.063 11.454 11.792 12.049 12.240 11.214 11.019 11.432  9.997 10.273 7.040E+07
 31000. 8.626  7.920 -3.265  9.833 11.007 11.186 11.313 11.443 11.789 11.902 11.993 11.699 11.766 11.873 11.970 12.050 12.089 12.142 12.156 12.058 12.086 12.109 12.130 10.671 10.965 11.401 11.736 12.051 11.005 11.402 11.745 12.004 12.196 11.159 10.960 11.384  9.878 10.180 6.182E+07
 32000. 8.625  7.780 -3.359  9.771 10.952 11.139 11.269 11.404 11.754 11.869 11.961 11.662 11.731 11.840 11.938 12.018 12.057 12.111 12.128 12.026 12.053 12.077 12.098 10.608 10.913 11.355 11.695 12.013 10.954 11.357 11.704 11.966 12.159 11.111 10.908 11.343  9.771 10.097 5.230E+07
 33000. 8.624  7.644 -3.447  9.707 10.897 11.091 11.223 11.362 11.717 11.834 11.927 11.624 11.694 11.804 11.904 11.984 12.024 12.081 12.100 11.993 12.021 12.045 12.066 10.545 10.860 11.309 11.652 11.973 10.902 11.311 11.661 11.925 12.119 11.062 10.855 11.300  9.668 10.014 4.397E+07
 34000. 8.623  7.512 -3.532  9.644 10.842 11.044 11.178 11.321 11.680 11.798 11.892 11.585 11.658 11.769 11.869 11.951 11.992 12.051 12.073 11.960 11.988 12.013 12.035 10.482 10.807 11.263 11.609 11.932 10.851 11.265 11.619 11.884 12.080 11.013 10.802 11.257  9.567  9.934 3.673E+07
 35000. 8.622  7.383 -3.613  9.582 10.787 10.996 11.132 11.279 11.643 11.762 11.857 11.546 11.620 11.733 11.835 11.918 11.959 12.021 12.047 11.926 11.956 11.981 12.004 10.420 10.755 11.217 11.566 11.891 10.800 11.219 11.576 11.843 12.040 10.964 10.750 11.214  9.467  9.854 3.052E+07
 36000. 8.621  7.258 -3.690  9.519 10.732 10.948 11.086 11.236 11.604 11.725 11.822 11.506 11.582 11.696 11.799 11.884 11.926 11.992 12.022 11.893 11.923 11.949 11.973 10.357 10.703 11.171 11.523 11.850 10.749 11.173 11.532 11.801 11.999 10.914 10.697 11.170  9.368  9.775 2.525E+07
 37000. 8.620  7.136 -3.765  9.457 10.678 10.901 11.041 11.194 11.566 11.689 11.787 11.466 11.544 11.659 11.764 11.850 11.894 11.963 11.996 11.859 11.890 11.917 11.943 10.296 10.651 11.124 11.479 11.808 10.698 11.127 11.489 11.760 11.959 10.865 10.644 11.127  9.270  9.697 2.084E+07
 38000. 8.619  7.017 -3.837  9.396 10.624 10.854 10.995 11.151 11.528 11.652 11.751 11.427 11.506 11.622 11.729 11.816 11.861 11.934 11.970 11.826 11.857 11.886 11.912 10.235 10.599 11.078 11.436 11.767 10.648 11.081 11.445 11.718 11.918 10.816 10.592 11.083  9.173  9.620 1.722E+07
 39000. 8.617  6.900 -3.906  9.335 10.570 10.806 10.949 11.109 11.490 11.615 11.716 11.387 11.467 11.585 11.693 11.783 11.829 11.905 11.944 11.792 11.825 11.854 11.882 10.174 10.548 11.032 11.392 11.725 10.598 11.035 11.402 11.676 11.878 10.768 10.541 11.040  9.075  9.543 1.432E+07
 40000. 8.616  6.787 -3.972  9.275 10.517 10.759 10.904 11.066 11.451 11.578 11.680 11.347 11.429 11.548 11.658 11.749 11.796 11.876 11.917 11.759 11.792 11.823 11.852 10.114 10.496 10.986 11.349 11.684 10.547 10.989 11.359 11.634 11.837 10.719 10.489 10.996  8.976  9.466 1.206E+07
 42500. 8.612  6.515 -4.117  9.109 10.372 10.632 10.781 10.950 11.346 11.475 11.582 11.238 11.324 11.446 11.559 11.656 11.706 11.789 11.821 11.666 11.701 11.734 11.765  9.948 10.358 10.862 11.231 11.569 10.412 10.865 11.240 11.519 11.725 10.587 10.349 10.877  8.712  9.260 8.468E+06
 45000. 8.609  6.259 -4.251  8.957 10.237 10.511 10.665 10.842 11.248 11.383 11.493 11.137 11.227 11.353 11.471 11.571 11.624 11.706 11.731 11.583 11.619 11.653 11.684  9.796 10.228 10.745 11.120 11.464 10.285 10.748 11.130 11.413 11.622 10.464 10.217 10.767  8.459  9.063 6.575E+06
 47500. 8.606  6.017 -4.339  8.761 10.065 10.357 10.518 10.705 11.125 11.265 11.380 11.011 11.104 11.235 11.358 11.462 11.516 11.592 11.604 11.474 11.511 11.544 11.573  9.601 10.062 10.597 10.980 11.331 10.123 10.600 10.990 11.279 11.492 10.306 10.049 10.627  8.194  8.823 5.487E+06
 50000. 8.604  5.788 -4.366  8.510  9.837 10.154 10.311 10.502 10.933 11.070 11.185 10.822 10.912 11.040 11.163 11.260 11.308 11.369 11.381 11.271 11.304 11.332 11.355  9.350  9.844 10.389 10.775 11.130  9.911 10.393 10.785 11.077 11.297 10.093  9.827 10.424  7.982  8.587 4.815E+06
 52500. 8.601  5.569 -4.491  8.399  9.733 10.060 10.213 10.406 10.839 10.973 11.086 10.728 10.818 10.943 11.064 11.162 11.212 11.288 11.312 11.173 11.208 11.239 11.268  9.239  9.743 10.292 10.678 11.033  9.813 10.297 10.688 10.980 11.203  9.994  9.726 10.328  7.886  8.486 4.362E+06
 55000. 8.599  5.361 -4.651  8.342  9.679 10.012 10.164 10.358 10.794 10.927 11.042 10.681 10.773 10.898 11.020 11.119 11.170 11.249 11.276 11.130 11.166 11.198 11.228  9.182  9.692 10.243 10.630 10.986  9.763 10.248 10.640 10.933 11.156  9.943  9.674 10.280  7.825  8.428 4.037E+06
 57500. 8.596  5.162 -4.815  8.301  9.640  9.976 10.129 10.324 10.762 10.895 11.010 10.648 10.740 10.865 10.988 11.088 11.139 11.219 11.246 11.099 11.135 11.167 11.197  9.141  9.654 10.207 10.595 10.953  9.725 10.212 10.606 10.899 11.123  9.907  9.636 10.245  7.775  8.384 3.796E+06
 60000. 8.594  4.971 -4.975  8.265  9.606  9.946 10.098 10.295 10.734 10.867 10.982 10.620 10.712 10.838 10.961 11.060 11.112 11.192 11.219 11.071 11.108 11.140 11.170  9.106  9.621 10.176 10.566 10.924  9.693 10.182 10.576 10.870 11.095  9.875  9.603 10.216  7.730  8.345 3.609E+06
 65000. 8.590  4.613 -5.275  8.200  9.544  9.888 10.042 10.241 10.681 10.815 10.930 10.566 10.660 10.785 10.908 11.007 11.059 11.139 11.166 11.018 11.055 11.087 11.118  9.041  9.561 10.119 10.511 10.870  9.633 10.125 10.522 10.816 11.041  9.816  9.543 10.161  7.643  8.270 3.333E+06
 70000. 8.586  4.281 -5.549  8.135  9.482  9.831  9.985 10.186 10.627 10.761 10.876 10.511 10.606 10.732 10.855 10.954 11.006 11.087 11.111 10.965 11.002 11.035 11.066  8.976  9.500 10.062 10.455 10.816  9.573 10.067 10.466 10.762 10.986  9.757  9.482 10.105  7.555  8.196 3.129E+06
 75000. 8.581  3.970 -5.797  8.066  9.416  9.768  9.923 10.127 10.569 10.704 10.819 10.452 10.548 10.674 10.798 10.898 10.951 11.032 11.051 10.910 10.947 10.980 11.011  8.908  9.434 10.000 10.395 10.756  9.508 10.005 10.406 10.702 10.927  9.693  9.416 10.044  7.462  8.116 2.973E+06
 80000. 8.576  3.677 -6.022  7.992  9.345  9.700  9.856 10.062 10.506 10.642 10.759 10.388 10.485 10.612 10.737 10.840 10.893 10.972 10.986 10.851 10.889 10.922 10.953  8.834  9.364  9.933 10.330 10.692  9.438  9.938 10.341 10.638 10.863  9.625  9.346  9.978  7.365  8.030 2.852E+06
 85000. 8.571  3.400 -6.228  7.916  9.270  9.629  9.787  9.995 10.441 10.579 10.697 10.322 10.420 10.549 10.676 10.779 10.833 10.909 10.915 10.791 10.829 10.862 10.891  8.757  9.291  9.863 10.262 10.625  9.365  9.868 10.273 10.571 10.796  9.553  9.273  9.910  7.264  7.942 2.757E+06
 90000. 8.565  3.139 -6.419  7.838  9.196  9.557  9.717  9.927 10.377 10.517 10.636 10.257 10.356 10.487 10.615 10.719 10.772 10.843 10.841 10.731 10.768 10.801 10.828  8.680  9.217  9.793 10.194 10.559  9.292  9.798 10.205 10.505 10.730  9.481  9.199  9.842  7.164  7.853 2.682E+06
100000. 8.555  2.656 -6.759  7.684  9.047  9.415  9.578  9.793 10.249 10.391 10.511 10.126 10.228 10.361 10.490 10.593 10.643 10.697 10.679 10.604 10.639 10.668 10.689  8.526  9.070  9.652 10.058 10.426  9.146  9.658 10.069 10.372 10.598  9.337  9.052  9.706  6.964  7.675 2.572E+06
