============================================================================
   #Mod      Teff         Log(g)        Rayon        Age           Lum
           Log(Tc)       Log(Pc)      Log(rhoc)     M_x/M        Log(q_x)
            Lum_nu       Log(H/*)     Log(He/*)    Log(C/*)      Log(O/*)
============================================================================
     0    49997.0921    7.23357202  1.867522E+09  0.000000E+00  1.552844E+34
        8.257287E+00  2.229691E+01  5.898430E+00  0.0000000000  0.000000E+00
        3.822927E+34 -3.993897E+00 -2.010000E+00 -4.309405E-03  0.000000E+00
     1    49737.8806    7.26733211  1.796328E+09  4.000000E+05  1.407141E+34
        8.160707E+00  2.235992E+01  5.948727E+00  0.0000000000  0.000000E+00
        2.806345E+34 -3.993897E+00 -2.009848E+00 -4.310905E-03  0.000000E+00
     2    49037.0982    7.29841618  1.733180E+09  8.000000E+05  1.237667E+34
        8.092421E+00  2.240520E+01  5.982500E+00  0.0000000000  0.000000E+00
        2.173726E+34 -3.993897E+00 -2.009719E+00 -4.312172E-03  0.000000E+00
     3    48003.8981    7.32703371  1.677007E+09  1.200000E+06  1.064126E+34
        8.041886E+00  2.243977E+01  6.007434E+00  0.0000000000  0.000000E+00
        1.736409E+34 -3.993897E+00 -2.009600E+00 -4.313348E-03  0.000000E+00
     4    46805.9005    7.35276775  1.628050E+09  1.600000E+06  9.064742E+33
        8.002833E+00  2.246688E+01  6.026589E+00  0.0000000000  0.000000E+00
        1.416350E+34 -3.993897E+00 -2.009534E+00 -4.314004E-03  0.000000E+00
     5    45553.6677    7.37563715  1.585744E+09  2.000000E+06  7.715730E+33
        7.971522E+00  2.248866E+01  6.041756E+00  0.0000000000  0.000000E+00
        1.174147E+34 -3.993897E+00 -2.009441E+00 -4.314927E-03  0.000000E+00
     6    44292.2218    7.39597925  1.549038E+09  2.400000E+06  6.580386E+33
        7.945749E+00  2.250654E+01  6.054093E+00  0.0000000000  0.000000E+00
        9.868932E+33 -3.993897E+00 -2.009261E+00 -4.316703E-03  0.000000E+00
     7    43781.3258    7.40370152  1.535327E+09  2.561104E+06  6.171275E+33
        7.935901E+00  2.251308E+01  6.058603E+00  0.0000000000  0.000000E+00
        9.202205E+33 -3.993897E+00 -2.009261E+00 -4.316703E-03  0.000000E+00
     8    43284.3819    7.41095659  1.522556E+09  2.720022E+06  5.798145E+33
        7.926916E+00  2.251908E+01  6.062720E+00  0.0000000000  0.000000E+00
        8.607257E+33 -3.993897E+00 -2.009261E+00 -4.316703E-03  0.000000E+00
     9    42771.3030    7.41808038  1.510120E+09  2.882480E+06  5.438139E+33
        7.918389E+00  2.252478E+01  6.066618E+00  0.0000000000  0.000000E+00
        8.055530E+33 -3.993897E+00 -2.009261E+00 -4.316703E-03  0.000000E+00
    10    42322.5004    7.42420247  1.499514E+09  3.029886E+06  5.140479E+33
        7.911145E+00  2.252960E+01  6.069915E+00  0.0000000000  0.000000E+00
        7.597541E+33 -3.993897E+00 -2.009261E+00 -4.316703E-03  0.000000E+00
    11    41831.8934    7.43074369  1.488263E+09  3.195370E+06  4.832893E+33
        7.903539E+00  2.253466E+01  6.073366E+00  0.0000000000  0.000000E+00
        7.127825E+33 -3.993897E+00 -2.009261E+00 -4.316703E-03  0.000000E+00
    12    41323.5487    7.43733640  1.477010E+09  3.370699E+06  4.532886E+33
        7.896008E+00  2.253965E+01  6.076765E+00  0.0000000000  0.000000E+00
        6.674880E+33 -3.993897E+00 -2.009261E+00 -4.316703E-03  0.000000E+00
    13    40808.3503    7.44378684  1.466082E+09  3.550037E+06  4.247468E+33
        7.888794E+00  2.254441E+01  6.079999E+00  0.0000000000  0.000000E+00
        6.253826E+33 -3.993897E+00 -2.009261E+00 -4.316703E-03  0.000000E+00
    14    40299.1330    7.44997312  1.455677E+09  3.730885E+06  3.982268E+33
        7.881963E+00  2.254888E+01  6.083037E+00  0.0000000000  0.000000E+00
        5.867156E+33 -3.993897E+00 -2.009261E+00 -4.316703E-03  0.000000E+00
    15    39834.0416    7.45556714  1.446332E+09  3.904009E+06  3.752936E+33
        7.875789E+00  2.255289E+01  6.085760E+00  0.0000000000  0.000000E+00
        5.528598E+33 -3.993897E+00 -2.009261E+00 -4.316703E-03  0.000000E+00
    16    39336.4253    7.46144849  1.436572E+09  4.095778E+06  3.520885E+33
        7.869337E+00  2.255704E+01  6.088580E+00  0.0000000000  0.000000E+00
        5.186252E+33 -3.993897E+00 -2.009261E+00 -4.316703E-03  0.000000E+00
    17    38827.8516    7.46733645  1.426867E+09  4.298197E+06  3.297295E+33
        7.862912E+00  2.256113E+01  6.091358E+00  0.0000000000  0.000000E+00
        4.857522E+33 -3.993897E+00 -2.009261E+00 -4.316703E-03  0.000000E+00
    18    38313.7001    7.47313318  1.417376E+09  4.507262E+06  3.084636E+33
        7.856642E+00  2.256508E+01  6.094034E+00  0.0000000000  0.000000E+00
        4.548971E+33 -3.993897E+00 -2.009261E+00 -4.316703E-03  0.000000E+00
    19    37802.3550    7.47873647  1.408262E+09  4.719896E+06  2.885757E+33
        7.850601E+00  2.256882E+01  6.096571E+00  0.0000000000  0.000000E+00
        4.263381E+33 -3.993897E+00 -2.009261E+00 -4.316703E-03  0.000000E+00
    20    37341.3041    7.48374630  1.400163E+09  4.921943E+06  2.716016E+33
        7.845138E+00  2.257214E+01  6.098825E+00  0.0000000000  0.000000E+00
        4.015217E+33 -3.993897E+00 -2.009261E+00 -4.316703E-03  0.000000E+00
    21    36842.3278    7.48904062  1.391654E+09  5.145422E+06  2.542544E+33
        7.839391E+00  2.257557E+01  6.101155E+00  0.0000000000  0.000000E+00
        3.764641E+33 -3.993897E+00 -2.009261E+00 -4.316703E-03  0.000000E+00
    22    36380.5058    7.49387250  1.383934E+09  5.361532E+06  2.390690E+33
        7.834091E+00  2.257869E+01  6.103266E+00  0.0000000000  0.000000E+00
        3.543236E+33 -3.993897E+00 -2.009261E+00 -4.316703E-03  0.000000E+00
    23    35910.3795    7.49875561  1.376176E+09  5.593271E+06  2.244115E+33
        7.828669E+00  2.258181E+01  6.105387E+00  0.0000000000  0.000000E+00
        3.326436E+33 -3.993897E+00 -2.009261E+00 -4.316703E-03  0.000000E+00
    24    35416.9535    7.50382126  1.368173E+09  5.847380E+06  2.098671E+33
        7.823007E+00  2.258502E+01  6.107560E+00  0.0000000000  0.000000E+00
        3.110470E+33 -3.993897E+00 -2.009261E+00 -4.316703E-03  0.000000E+00
    25    34905.5772    7.50896787  1.360090E+09  6.119880E+06  1.956736E+33
        7.817230E+00  2.258822E+01  6.109733E+00  0.0000000000  0.000000E+00
        2.901072E+33 -3.993897E+00 -2.009261E+00 -4.316703E-03  0.000000E+00
    26    34426.9435    7.51373583  1.352645E+09  6.387012E+06  1.831381E+33
        7.811826E+00  2.259115E+01  6.111723E+00  0.0000000000  0.000000E+00
        2.715196E+33 -3.993897E+00 -2.009261E+00 -4.316703E-03  0.000000E+00
    27    33951.5437    7.51845090  1.345322E+09  6.668111E+06  1.713594E+33
        7.806396E+00  2.259404E+01  6.113681E+00  0.0000000000  0.000000E+00
        2.537941E+33 -3.993897E+00 -2.009261E+00 -4.316703E-03  0.000000E+00
    28    33465.7929    7.52322000  1.337955E+09  6.969352E+06  1.599946E+33
        7.800842E+00  2.259693E+01  6.115638E+00  0.0000000000  0.000000E+00
        2.366340E+33 -3.993897E+00 -2.009261E+00 -4.316703E-03  0.000000E+00
    29    32984.6305    7.52789863  1.330768E+09  7.283994E+06  1.493718E+33
        7.795301E+00  2.259973E+01  6.117542E+00  0.0000000000  0.000000E+00
        2.204696E+33 -3.993897E+00 -2.009261E+00 -4.316703E-03  0.000000E+00
    30    32446.1888    7.53307165  1.322866E+09  7.656780E+06  1.381987E+33
        7.789054E+00  2.260280E+01  6.119623E+00  0.0000000000  0.000000E+00
        2.033512E+33 -3.993897E+00 -2.009261E+00 -4.316703E-03  0.000000E+00
    31    31948.3171    7.53782045  1.315653E+09  8.025408E+06  1.284968E+33
        7.783168E+00  2.260559E+01  6.121521E+00  0.0000000000  0.000000E+00
        1.882584E+33 -3.993897E+00 -2.009261E+00 -4.316703E-03  0.000000E+00
    32    31451.4655    7.54247108  1.308628E+09  8.411779E+06  1.194024E+33
        7.777283E+00  2.260830E+01  6.123359E+00  0.0000000000  0.000000E+00
        1.741371E+33 -3.993897E+00 -2.009261E+00 -4.316703E-03  0.000000E+00
    33    31015.9042    7.54656390  1.302476E+09  8.777513E+06  1.118651E+33
        7.771949E+00  2.261068E+01  6.124975E+00  0.0000000000  0.000000E+00
        1.621426E+33 -3.993897E+00 -2.009261E+00 -4.316703E-03  0.000000E+00
    34    30534.6900    7.55102860  1.295798E+09  9.203574E+06  1.040079E+33
        7.766014E+00  2.261325E+01  6.126718E+00  0.0000000000  0.000000E+00
        1.496540E+33 -3.993897E+00 -2.009261E+00 -4.316703E-03  0.000000E+00
    35    30075.1016    7.55525501  1.289508E+09  9.636455E+06  9.693803E+32
        7.760254E+00  2.261566E+01  6.128359E+00  0.0000000000  0.000000E+00
        1.383513E+33 -3.993897E+00 -2.009261E+00 -4.316703E-03  0.000000E+00
    36    29618.6942    7.55937123  1.283412E+09  1.008864E+07  9.032608E+32
        7.754501E+00  2.261800E+01  6.129947E+00  0.0000000000  0.000000E+00
        1.278244E+33 -3.993897E+00 -2.009261E+00 -4.316703E-03  0.000000E+00
    37    29145.9397    7.56367735  1.277065E+09  1.060154E+07  8.386016E+32
        7.748279E+00  2.262045E+01  6.131612E+00  0.0000000000  0.000000E+00
        1.172446E+33 -3.993897E+00 -2.009261E+00 -4.316703E-03  0.000000E+00
    38    28702.9257    7.56767637  1.271199E+09  1.111421E+07  7.815361E+32
        7.742338E+00  2.262271E+01  6.133149E+00  0.0000000000  0.000000E+00
        1.078805E+33 -3.993897E+00 -2.009261E+00 -4.316703E-03  0.000000E+00
    39    28270.5605    7.57155046  1.265542E+09  1.164989E+07  7.289672E+32
        7.736399E+00  2.262489E+01  6.134632E+00  0.0000000000  0.000000E+00
        9.919755E+32 -3.993897E+00 -2.009261E+00 -4.316703E-03  0.000000E+00
    40    27875.0336    7.57498170  1.260552E+09  1.215343E+07  6.835978E+32
        7.731037E+00  2.262679E+01  6.135923E+00  0.0000000000  0.000000E+00
        9.190716E+32 -3.993897E+00 -2.009261E+00 -4.316703E-03  0.000000E+00
    41    27537.9719    7.57799432  1.256188E+09  1.263646E+07  6.466276E+32
        7.726077E+00  2.262848E+01  6.137081E+00  0.0000000000  0.000000E+00
        8.560449E+32 -3.993897E+00 -2.009261E+00 -4.316703E-03  0.000000E+00
    42    27087.4652    7.58197135  1.250449E+09  1.331985E+07  5.998227E+32
        7.719368E+00  2.263070E+01  6.138593E+00  0.0000000000  0.000000E+00
        7.771764E+32 -3.993897E+00 -2.009261E+00 -4.316703E-03  0.000000E+00
    43    26702.0188    7.58525394  1.245732E+09  1.391847E+07  5.621383E+32
        7.713726E+00  2.263249E+01  6.139818E+00  0.0000000000  0.000000E+00
        7.161643E+32 -3.993897E+00 -2.009261E+00 -4.316703E-03  0.000000E+00
    44    26375.2961    7.58812592  1.241620E+09  1.449324E+07  5.315991E+32
        7.708502E+00  2.263410E+01  6.140917E+00  0.0000000000  0.000000E+00
        6.637253E+32 -3.993897E+00 -2.009261E+00 -4.316703E-03  0.000000E+00
    45    25942.0032    7.59189562  1.236243E+09  1.530371E+07  4.932183E+32
        7.701458E+00  2.263619E+01  6.142350E+00  0.0000000000  0.000000E+00
        5.987929E+32 -3.993897E+00 -2.009261E+00 -4.316703E-03  0.000000E+00
    46    25542.8574    7.59534072  1.231349E+09  1.610700E+07  4.598942E+32
        7.694779E+00  2.263810E+01  6.143658E+00  0.0000000000  0.000000E+00
        5.428762E+32 -3.993897E+00 -2.009261E+00 -4.316703E-03  0.000000E+00
    47    25141.9564    7.59870303  1.226592E+09  1.695023E+07  4.283650E+32
        7.688065E+00  2.263994E+01  6.144922E+00  0.0000000000  0.000000E+00
        4.917295E+32 -3.993897E+00 -2.009261E+00 -4.316703E-03  0.000000E+00
    48    24751.0275    7.60205463  1.221868E+09  1.788125E+07  3.992446E+32
        7.680970E+00  2.264180E+01  6.146201E+00  0.0000000000  0.000000E+00
        4.427442E+32 -3.993897E+00 -2.009261E+00 -4.316703E-03  0.000000E+00
    49    24357.6277    7.60532655  1.217274E+09  1.886048E+07  3.716500E+32
        7.673827E+00  2.264358E+01  6.147428E+00  0.0000000000  0.000000E+00
        3.982158E+32 -3.993897E+00 -2.009261E+00 -4.316703E-03  0.000000E+00
    50    23988.0688    7.60845489  1.212898E+09  1.989747E+07  3.470939E+32
        7.666588E+00  2.264530E+01  6.148617E+00  0.0000000000  0.000000E+00
        3.575360E+32 -3.993897E+00 -2.009261E+00 -4.316703E-03  0.000000E+00
    51    23622.4413    7.61152784  1.208614E+09  2.100703E+07  3.241097E+32
        7.659178E+00  2.264698E+01  6.149781E+00  0.0000000000  0.000000E+00
        3.200927E+32 -3.993897E+00 -2.009261E+00 -4.316703E-03  0.000000E+00
    52    23263.4169    7.61450183  1.204483E+09  2.217253E+07  3.027701E+32
        7.651732E+00  2.264860E+01  6.150902E+00  0.0000000000  0.000000E+00
        2.863153E+32 -3.993897E+00 -2.009261E+00 -4.316703E-03  0.000000E+00
    53    22923.4237    7.61735119  1.200538E+09  2.340473E+07  2.835878E+32
        7.644198E+00  2.265017E+01  6.151992E+00  0.0000000000  0.000000E+00
        2.556806E+32 -3.993897E+00 -2.009261E+00 -4.316703E-03  0.000000E+00
    54    22583.6971    7.62019512  1.196614E+09  2.474950E+07  2.654030E+32
        7.636339E+00  2.265174E+01  6.153084E+00  0.0000000000  0.000000E+00
        2.271180E+32 -3.993897E+00 -2.009261E+00 -4.316703E-03  0.000000E+00
    55    22248.5442    7.62298459  1.192777E+09  2.618914E+07  2.483948E+32
        7.628298E+00  2.265329E+01  6.154158E+00  0.0000000000  0.000000E+00
        2.011080E+32 -3.993897E+00 -2.009261E+00 -4.316703E-03  0.000000E+00
    56    21924.7064    7.62569690  1.189058E+09  2.773152E+07  2.327872E+32
        7.620064E+00  2.265480E+01  6.155215E+00  0.0000000000  0.000000E+00
        1.774788E+32 -3.993897E+00 -2.009261E+00 -4.316703E-03  0.000000E+00
    57    21600.4717    7.62840788  1.185353E+09  2.942384E+07  2.179545E+32
        7.611436E+00  2.265632E+01  6.156274E+00  0.0000000000  0.000000E+00
        1.556144E+32 -3.993897E+00 -2.009261E+00 -4.316703E-03  0.000000E+00
    58    21278.4423    7.63108538  1.181705E+09  3.125612E+07  2.039833E+32
        7.602521E+00  2.265781E+01  6.157317E+00  0.0000000000  0.000000E+00
        1.357767E+32 -3.993897E+00 -2.009261E+00 -4.316703E-03  0.000000E+00
    59    20962.3928    7.63371333  1.178135E+09  3.323618E+07  1.909725E+32
        7.593334E+00  2.265928E+01  6.158342E+00  0.0000000000  0.000000E+00
        1.179068E+32 -3.993897E+00 -2.009261E+00 -4.316703E-03  0.000000E+00
    60    20644.0216    7.63633942  1.174578E+09  3.540345E+07  1.785495E+32
        7.583757E+00  2.266073E+01  6.159363E+00  0.0000000000  0.000000E+00
        1.017075E+32 -3.993897E+00 -2.009261E+00 -4.316703E-03  0.000000E+00
    61    20329.1997    7.63892314  1.171090E+09  3.774921E+07  1.669086E+32
        7.573893E+00  2.266216E+01  6.160368E+00  0.0000000000  0.000000E+00
        8.727645E+31 -3.993897E+00 -2.009261E+00 -4.316703E-03  0.000000E+00
    62    20014.0439    7.64148824  1.167636E+09  4.030321E+07  1.558734E+32
        7.563679E+00  2.266358E+01  6.161364E+00  0.0000000000  0.000000E+00
        7.442148E+31 -3.993897E+00 -2.009261E+00 -4.316703E-03  0.000000E+00
    63    19698.8622    7.64403208  1.164222E+09  4.308857E+07  1.454297E+32
        7.553094E+00  2.266498E+01  6.162352E+00  0.0000000000  0.000000E+00
        6.302835E+31 -3.993897E+00 -2.009261E+00 -4.316703E-03  0.000000E+00
    64    19383.0780    7.64655495  1.160845E+09  4.612196E+07  1.355367E+32
        7.542145E+00  2.266637E+01  6.163329E+00  0.0000000000  0.000000E+00
        5.301466E+31 -3.993897E+00 -2.009261E+00 -4.316703E-03  0.000000E+00
    65    19068.1261    7.64904705  1.157519E+09  4.941511E+07  1.262135E+32
        7.530862E+00  2.266773E+01  6.164293E+00  0.0000000000  0.000000E+00
        4.430089E+31 -3.993897E+00 -2.009261E+00 -4.316703E-03  0.000000E+00
    66    18750.0984    7.65153974  1.154202E+09  5.303504E+07  1.173263E+32
        7.519105E+00  2.266909E+01  6.165254E+00  0.0000000000  0.000000E+00
        3.668685E+31 -3.993897E+00 -2.009261E+00 -4.316703E-03  0.000000E+00
    67    18432.3500    7.65400803  1.150927E+09  5.697624E+07  1.089521E+32
        7.506982E+00  2.267043E+01  6.166201E+00  0.0000000000  0.000000E+00
        3.015197E+31 -3.993897E+00 -2.009261E+00 -4.316703E-03  0.000000E+00
    68    18111.3269    7.65647830  1.147658E+09  6.131356E+07  1.009819E+32
        7.494361E+00  2.267176E+01  6.167144E+00  0.0000000000  0.000000E+00
        2.453317E+31 -3.993897E+00 -2.009261E+00 -4.316703E-03  0.000000E+00
    69    17787.1360    7.65895012  1.144397E+09  6.609377E+07  9.341030E+31
        7.481214E+00  2.267309E+01  6.168080E+00  0.0000000000  0.000000E+00
        1.974530E+31 -3.993897E+00 -2.009261E+00 -4.316703E-03  0.000000E+00
    70    17457.6253    7.66143190  1.141132E+09  7.139059E+07  8.618457E+31
        7.467454E+00  2.267439E+01  6.169008E+00  0.0000000000  0.000000E+00
        1.569085E+31 -3.993897E+00 -2.009261E+00 -4.316703E-03  0.000000E+00
    71    17124.0788    7.66390878  1.137882E+09  7.724636E+07  7.933062E+31
        7.453096E+00  2.267567E+01  6.169916E+00  0.0000000000  0.000000E+00
        1.230835E+31 -3.993897E+00 -2.009261E+00 -4.316703E-03  0.000000E+00
    72    16785.1394    7.66638705  1.134640E+09  8.373867E+07  7.281712E+31
        7.438092E+00  2.267691E+01  6.170803E+00  0.0000000000  0.000000E+00
        9.517658E+30 -3.993897E+00 -2.009261E+00 -4.316703E-03  0.000000E+00
    73    16440.4197    7.66887142  1.131399E+09  9.094839E+07  6.663478E+31
        7.422412E+00  2.267814E+01  6.171679E+00  0.0000000000  0.000000E+00
        7.246657E+30 -3.993897E+00 -2.009261E+00 -4.316703E-03  0.000000E+00
    74    16087.2159    7.67138264  1.128133E+09  9.901589E+07  6.073817E+31
        7.405928E+00  2.267937E+01  6.172560E+00  0.0000000000  0.000000E+00
        5.416712E+30 -3.993897E+00 -2.009261E+00 -4.316703E-03  0.000000E+00
    75    15732.5600    7.67386299  1.124916E+09  1.078859E+08  5.524022E+31
        7.388908E+00  2.268061E+01  6.173443E+00  0.0000000000  0.000000E+00
        3.991179E+30 -3.993897E+00 -2.007136E+00 -4.337763E-03  0.000000E+00
    76    15378.5384    7.67632662  1.121730E+09  1.175183E+08  5.014809E+31
        7.371546E+00  2.268184E+01  6.174324E+00  0.0000000000  0.000000E+00
        2.908150E+30 -3.993897E+00 -2.007136E+00 -4.337763E-03  0.000000E+00
    77    15027.8883    7.67873999  1.118618E+09  1.279220E+08  4.547499E+31
        7.353923E+00  2.268305E+01  6.175187E+00  0.0000000000  0.000000E+00
        2.097972E+30 -3.993897E+00 -2.007136E+00 -4.337763E-03  0.000000E+00
    78    14681.1397    7.68110047  1.115582E+09  1.391059E+08  4.119641E+31
        7.336111E+00  2.268422E+01  6.176023E+00  0.0000000000  0.000000E+00
        1.500191E+30 -3.993897E+00 -2.007136E+00 -4.337763E-03  0.000000E+00
    79    14338.5548    7.68341073  1.112619E+09  1.511121E+08  3.728478E+31
        7.318121E+00  2.268535E+01  6.176828E+00  0.0000000000  0.000000E+00
        1.063483E+30 -3.993897E+00 -2.007136E+00 -4.337763E-03  0.000000E+00
    80    14000.2306    7.68567815  1.109718E+09  1.639951E+08  3.371191E+31
        7.299946E+00  2.268643E+01  6.177596E+00  0.0000000000  0.000000E+00
        7.473846E+29 -3.993897E+00 -2.007136E+00 -4.337763E-03  0.000000E+00
    81    13668.5574    7.68790598  1.106875E+09  1.777747E+08  3.047232E+31
        7.281642E+00  2.268745E+01  6.178326E+00  0.0000000000  0.000000E+00
        5.212933E+29 -3.993897E+00 -2.007136E+00 -4.337763E-03  0.000000E+00
    82    13344.1773    7.69010338  1.104079E+09  1.924704E+08  2.754131E+31
        7.263264E+00  2.268842E+01  6.179022E+00  0.0000000000  0.000000E+00
        3.612649E+29 -3.993897E+00 -2.007136E+00 -4.337763E-03  0.000000E+00
    83    13026.4925    7.69228516  1.101309E+09  2.081619E+08  2.488546E+31
        7.244784E+00  2.268935E+01  6.179691E+00  0.0000000000  0.000000E+00
        2.486663E+29 -3.993897E+00 -2.007136E+00 -4.337763E-03  0.000000E+00
    84    12724.1616    7.69439525  1.098637E+09  2.244232E+08  2.254458E+31
        7.226719E+00  2.269023E+01  6.180319E+00  0.0000000000  0.000000E+00
        1.718641E+29 -3.993897E+00 -2.007136E+00 -4.337763E-03  0.000000E+00
    85    12453.9669    7.69630238  1.096227E+09  2.401258E+08  2.059915E+31
        7.210185E+00  2.269100E+01  6.180870E+00  0.0000000000  0.000000E+00
        1.221554E+29 -3.993897E+00 -2.007136E+00 -4.337763E-03  0.000000E+00
    86    12211.3601    7.69802453  1.094056E+09  2.552309E+08  1.896498E+31
        7.195041E+00  2.269168E+01  6.181352E+00  0.0000000000  0.000000E+00
        8.912832E+28 -3.993897E+00 -2.007136E+00 -4.337763E-03  0.000000E+00
    87    11991.3065    7.69958984  1.092086E+09  2.698186E+08  1.757102E+31
        7.181061E+00  2.269229E+01  6.181782E+00  0.0000000000  0.000000E+00
        6.649844E+28 -3.993897E+00 -2.007136E+00 -4.337763E-03  0.000000E+00
    88    11822.8327    7.70078720  1.090581E+09  2.815688E+08  1.655845E+31
        7.170206E+00  2.269275E+01  6.182106E+00  0.0000000000  0.000000E+00
        5.291288E+28 -3.993897E+00 -2.007136E+00 -4.337763E-03  0.000000E+00
    89    11689.5193    7.70173271  1.089395E+09  2.912402E+08  1.578973E+31
        7.161528E+00  2.269310E+01  6.182360E+00  0.0000000000  0.000000E+00
        4.404995E+28 -3.993897E+00 -2.007136E+00 -4.337763E-03  0.000000E+00
    90    11582.0212    7.70249380  1.088441E+09  2.992888E+08  1.519023E+31
        7.154473E+00  2.269339E+01  6.182563E+00  0.0000000000  0.000000E+00
        3.793805E+28 -3.993897E+00 -2.007136E+00 -4.337763E-03  0.000000E+00
    91    11492.4469    7.70312788  1.087646E+09  3.061721E+08  1.470425E+31
        7.148556E+00  2.269362E+01  6.182731E+00  0.0000000000  0.000000E+00
        3.346394E+28 -3.993897E+00 -2.007136E+00 -4.337763E-03  0.000000E+00
    92    11402.2596    7.70376839  1.086845E+09  3.132772E+08  1.422709E+31
        7.142563E+00  2.269386E+01  6.182899E+00  0.0000000000  0.000000E+00
        2.946456E+28 -3.993897E+00 -2.007136E+00 -4.337763E-03  0.000000E+00
    93    11322.0566    7.70434153  1.086128E+09  3.197454E+08  1.381276E+31
        7.137200E+00  2.269407E+01  6.183049E+00  0.0000000000  0.000000E+00
        2.629017E+28 -3.993897E+00 -2.007136E+00 -4.337763E-03  0.000000E+00
    94    11246.2441    7.70488874  1.085444E+09  3.259960E+08  1.342957E+31
        7.132103E+00  2.269427E+01  6.183189E+00  0.0000000000  0.000000E+00
        2.358776E+28 -3.993897E+00 -2.007136E+00 -4.337763E-03  0.000000E+00
    95    11168.8877    7.70545405  1.084737E+09  3.325177E+08  1.304687E+31
        7.126871E+00  2.269447E+01  6.183331E+00  0.0000000000  0.000000E+00
        2.110114E+28 -3.993897E+00 -2.007136E+00 -4.337763E-03  0.000000E+00
    96    11091.5786    7.70602596  1.084023E+09  3.391849E+08  1.267267E+31
        7.121612E+00  2.269466E+01  6.183473E+00  0.0000000000  0.000000E+00
        1.886409E+28 -3.993897E+00 -2.007136E+00 -4.337763E-03  0.000000E+00
    97    11014.7775    7.70659989  1.083307E+09  3.459607E+08  1.230903E+31
        7.116357E+00  2.269486E+01  6.183612E+00  0.0000000000  0.000000E+00
        1.686436E+28 -3.993897E+00 -2.007136E+00 -4.337763E-03  0.000000E+00
    98    10936.6990    7.70718700  1.082575E+09  3.530087E+08  1.194755E+31
        7.110983E+00  2.269505E+01  6.183753E+00  0.0000000000  0.000000E+00
        1.503769E+28 -3.993897E+00 -2.007136E+00 -4.337763E-03  0.000000E+00
    99    10856.4774    7.70779490  1.081818E+09  3.604246E+08  1.158461E+31
        7.105429E+00  2.269525E+01  6.183896E+00  0.0000000000  0.000000E+00
        1.335675E+28 -3.993897E+00 -2.007136E+00 -4.337763E-03  0.000000E+00
   100    10775.8451    7.70841392  1.081047E+09  3.680643E+08  1.122825E+31
        7.099811E+00  2.269545E+01  6.184039E+00  0.0000000000  0.000000E+00
        1.184697E+28 -3.993897E+00 -2.007136E+00 -4.337763E-03  0.000000E+00
   101    10695.0567    7.70904011  1.080268E+09  3.759092E+08  1.087960E+31
        7.094146E+00  2.269565E+01  6.184181E+00  0.0000000000  0.000000E+00
        1.049744E+28 -3.993897E+00 -2.007136E+00 -4.337763E-03  0.000000E+00
   102    10612.1044    7.70968604  1.079465E+09  3.841698E+08  1.053030E+31
        7.088293E+00  2.269585E+01  6.184326E+00  0.0000000000  0.000000E+00
        9.264346E+27 -3.993897E+00 -2.007136E+00 -4.337763E-03  0.000000E+00
   103    10525.3313    7.71036013  1.078628E+09  3.930394E+08  1.017428E+31
        7.082132E+00  2.269606E+01  6.184475E+00  0.0000000000  0.000000E+00
        8.122682E+27 -3.993897E+00 -2.007136E+00 -4.337763E-03  0.000000E+00
   104    10434.6250    7.71106834  1.077749E+09  4.025736E+08  9.812052E+30
        7.075646E+00  2.269627E+01  6.184629E+00  0.0000000000  0.000000E+00
        7.072880E+27 -3.993897E+00 -2.007136E+00 -4.337763E-03  0.000000E+00
   105    10343.9101    7.71178329  1.076862E+09  4.123875E+08  9.459679E+30
        7.069111E+00  2.269648E+01  6.184780E+00  0.0000000000  0.000000E+00
        6.152759E+27 -3.993897E+00 -2.007136E+00 -4.337763E-03  0.000000E+00
   106    10249.8057    7.71252049  1.075948E+09  4.228684E+08  9.104641E+30
        7.062283E+00  2.269669E+01  6.184934E+00  0.0000000000  0.000000E+00
        5.319776E+27 -3.993897E+00 -2.007136E+00 -4.337763E-03  0.000000E+00
   107    10150.6802    7.71329098  1.074994E+09  4.342535E+08  8.741991E+30
        7.055039E+00  2.269691E+01  6.185093E+00  0.0000000000  0.000000E+00
        4.559602E+27 -3.993897E+00 -2.007136E+00 -4.337763E-03  0.000000E+00
   108    10044.4058    7.71410525  1.073987E+09  4.468697E+08  8.365897E+30
        7.047213E+00  2.269714E+01  6.185260E+00  0.0000000000  0.000000E+00
        3.860802E+27 -3.993897E+00 -2.007136E+00 -4.337763E-03  0.000000E+00
   109     9933.7953    7.71495872  1.072932E+09  4.604824E+08  7.987721E+30
        7.038994E+00  2.269737E+01  6.185430E+00  0.0000000000  0.000000E+00
        3.242856E+27 -3.993897E+00 -2.007136E+00 -4.337763E-03  0.000000E+00
   110     9824.6897    7.71580949  1.071882E+09  4.744120E+08  7.627578E+30
        7.030813E+00  2.269759E+01  6.185596E+00  0.0000000000  0.000000E+00
        2.726895E+27 -3.993897E+00 -2.007136E+00 -4.337763E-03  0.000000E+00
   111     9715.1378    7.71667089  1.070819E+09  4.889265E+08  7.278564E+30
        7.022523E+00  2.269781E+01  6.185760E+00  0.0000000000  0.000000E+00
        2.288676E+27 -3.993897E+00 -2.007136E+00 -4.337763E-03  0.000000E+00
   112     9601.6392    7.71755545  1.069729E+09  5.045390E+08  6.930217E+30
        7.013864E+00  2.269804E+01  6.185930E+00  0.0000000000  0.000000E+00
        1.906818E+27 -3.993897E+00 -2.007136E+00 -4.337763E-03  0.000000E+00
   113     9486.1134    7.71846342  1.068612E+09  5.210695E+08  6.588865E+30
        7.004969E+00  2.269828E+01  6.186102E+00  0.0000000000  0.000000E+00
        1.581748E+27 -3.993897E+00 -2.007136E+00 -4.337763E-03  0.000000E+00
   114     9365.8122    7.71940510  1.067454E+09  5.389946E+08  6.247373E+30
        6.995626E+00  2.269852E+01  6.186283E+00  0.0000000000  0.000000E+00
        1.300760E+27 -3.993897E+00 -2.007136E+00 -4.337763E-03  0.000000E+00
   115     9241.5390    7.72036711  1.066272E+09  5.583017E+08  5.909229E+30
        6.985894E+00  2.269878E+01  6.186471E+00  0.0000000000  0.000000E+00
        1.061965E+27 -3.993897E+00 -2.007136E+00 -4.337763E-03  0.000000E+00
   116     9107.6427    7.72139195  1.065015E+09  5.800536E+08  5.560998E+30
        6.975319E+00  2.269906E+01  6.186675E+00  0.0000000000  0.000000E+00
        8.529538E+26 -3.993897E+00 -2.007136E+00 -4.337763E-03  0.000000E+00
   117     8970.3181    7.72243730  1.063734E+09  6.034384E+08  5.220533E+30
        6.964377E+00  2.269935E+01  6.186887E+00  0.0000000000  0.000000E+00
        6.808705E+26 -3.993897E+00 -2.007136E+00 -4.337763E-03  0.000000E+00
   118     8830.3833    7.72349697  1.062437E+09  6.284497E+08  4.890373E+30
        6.953130E+00  2.269965E+01  6.187102E+00  0.0000000000  0.000000E+00
        5.410414E+26 -3.993897E+00 -2.007136E+00 -4.337763E-03  0.000000E+00
   119     8687.4829    7.72456698  1.061129E+09  6.553002E+08  4.570141E+30
        6.941546E+00  2.269995E+01  6.187318E+00  0.0000000000  0.000000E+00
        4.278166E+26 -3.993897E+00 -2.007136E+00 -4.337763E-03  0.000000E+00
   120     8550.8142    7.72558555  1.059885E+09  6.822955E+08  4.279225E+30
        6.930366E+00  2.270023E+01  6.187521E+00  0.0000000000  0.000000E+00
        3.417599E+26 -3.993897E+00 -2.007136E+00 -4.337763E-03  0.000000E+00
   121     8415.2737    7.72659224  1.058658E+09  7.104455E+08  4.004991E+30
        6.919176E+00  2.270051E+01  6.187714E+00  0.0000000000  0.000000E+00
        2.735379E+26 -3.993897E+00 -2.007136E+00 -4.337763E-03  0.000000E+00
   122     8279.9232    7.72758940  1.057443E+09  7.400286E+08  3.744869E+30
        6.907895E+00  2.270076E+01  6.187897E+00  0.0000000000  0.000000E+00
        2.190493E+26 -3.993897E+00 -2.007136E+00 -4.337763E-03  0.000000E+00
   123     8148.0452    7.72855702  1.056266E+09  7.703849E+08  3.504108E+30
        6.896789E+00  2.270100E+01  6.188064E+00  0.0000000000  0.000000E+00
        1.764349E+26 -3.993897E+00 -2.007136E+00 -4.337763E-03  0.000000E+00
   124     8042.3495    7.72933092  1.055325E+09  7.958592E+08  3.319874E+30
        6.887796E+00  2.270118E+01  6.188189E+00  0.0000000000  0.000000E+00
        1.483262E+26 -3.993897E+00 -2.007136E+00 -4.337763E-03  0.000000E+00
   125     7914.0614    7.73026892  1.054186E+09  8.283897E+08  3.106344E+30
        6.876765E+00  2.270138E+01  6.188330E+00  0.0000000000  0.000000E+00
        1.201379E+26 -3.993897E+00 -2.007136E+00 -4.337763E-03  0.000000E+00
   126     7787.9063    7.73118951  1.053069E+09  8.621960E+08  2.906793E+30
        6.865777E+00  2.270157E+01  6.188462E+00  0.0000000000  0.000000E+00
        9.762785E+25 -3.993897E+00 -2.007136E+00 -4.337763E-03  0.000000E+00
   127     7662.9858    7.73210112  1.051965E+09  8.976297E+08  2.719016E+30
        6.854744E+00  2.270176E+01  6.188589E+00  0.0000000000  0.000000E+00
        7.945424E+25 -3.993897E+00 -2.007136E+00 -4.337763E-03  0.000000E+00
   128     7540.7558    7.73299577  1.050882E+09  9.343751E+08  2.544395E+30
        6.843783E+00  2.270194E+01  6.188714E+00  0.0000000000  0.000000E+00
        6.488890E+25 -3.993897E+00 -2.007136E+00 -4.337763E-03  0.000000E+00
   129     7421.1324    7.73387453  1.049819E+09  9.725396E+08  2.381919E+30
        6.832875E+00  2.270212E+01  6.188840E+00  0.0000000000  0.000000E+00
        5.316482E+25 -3.993897E+00 -2.007136E+00 -4.337763E-03  0.000000E+00
   130     7303.5791    7.73474159  1.048771E+09  1.012372E+09  2.230089E+30
        6.821968E+00  2.270230E+01  6.188971E+00  0.0000000000  0.000000E+00
        4.366939E+25 -3.993897E+00 -2.007136E+00 -4.337763E-03  0.000000E+00
   131     7188.9450    7.73559487  1.047742E+09  1.053656E+09  2.089231E+30
        6.811133E+00  2.270249E+01  6.189108E+00  0.0000000000  0.000000E+00
        3.598417E+25 -3.993897E+00 -2.007136E+00 -4.337763E-03  0.000000E+00
   132     7077.1943    7.73643361  1.046730E+09  1.096415E+09  1.958536E+30
        6.800373E+00  2.270268E+01  6.189247E+00  0.0000000000  0.000000E+00
        2.975390E+25 -3.993897E+00 -2.007136E+00 -4.337763E-03  0.000000E+00
   133     6990.3277    7.73709267  1.045937E+09  1.131413E+09  1.861308E+30
        6.791871E+00  2.270283E+01  6.189358E+00  0.0000000000  0.000000E+00
        2.565182E+25 -3.993897E+00 -2.007136E+00 -4.337763E-03  0.000000E+00
   134     6884.8066    7.73790286  1.044961E+09  1.176278E+09  1.748175E+30
        6.781387E+00  2.270302E+01  6.189496E+00  0.0000000000  0.000000E+00
        2.140327E+25 -3.993897E+00 -2.007136E+00 -4.337763E-03  0.000000E+00
   135     6783.3988    7.73869646  1.044007E+09  1.221851E+09  1.644424E+30
        6.771152E+00  2.270319E+01  6.189629E+00  0.0000000000  0.000000E+00
        1.796218E+25 -3.993897E+00 -2.007136E+00 -4.337763E-03  0.000000E+00
   136     6686.3780    7.73947235  1.043075E+09  1.267807E+09  1.549573E+30
        6.761222E+00  2.270337E+01  6.189757E+00  0.0000000000  0.000000E+00
        1.518965E+25 -3.993897E+00 -2.007136E+00 -4.337763E-03  0.000000E+00
   137     6593.8413    7.74023469  1.042160E+09  1.313882E+09  1.462986E+30
        6.751631E+00  2.270353E+01  6.189878E+00  0.0000000000  0.000000E+00
        1.293391E+25 -3.993897E+00 -2.007136E+00 -4.337763E-03  0.000000E+00
   138     6512.3670    7.74093108  1.041325E+09  1.356322E+09  1.389777E+30
        6.743090E+00  2.270367E+01  6.189981E+00  0.0000000000  0.000000E+00
        1.123094E+25 -3.993897E+00 -2.007136E+00 -4.337763E-03  0.000000E+00
   139     6428.7948    7.74168430  1.040422E+09  1.401834E+09  1.317512E+30
        6.734237E+00  2.270381E+01  6.190085E+00  0.0000000000  0.000000E+00
        9.709551E+24 -3.993897E+00 -2.007136E+00 -4.337763E-03  0.000000E+00
   140     6349.3844    7.74245294  1.039502E+09  1.447025E+09  1.251395E+30
        6.725736E+00  2.270395E+01  6.190183E+00  0.0000000000  0.000000E+00
        8.459217E+24 -3.993897E+00 -2.007136E+00 -4.337763E-03  0.000000E+00
   141     6273.9422    7.74324426  1.038555E+09  1.491858E+09  1.190799E+30
        6.717570E+00  2.270408E+01  6.190275E+00  0.0000000000  0.000000E+00
        7.414220E+24 -3.993897E+00 -2.007136E+00 -4.337763E-03  0.000000E+00
   142     6202.1118    7.74405034  1.037592E+09  1.536371E+09  1.135086E+30
        6.709713E+00  2.270420E+01  6.190362E+00  0.0000000000  0.000000E+00
        6.541567E+24 -3.993897E+00 -2.007136E+00 -4.337763E-03  0.000000E+00
   143     6133.0882    7.74485753  1.036628E+09  1.580899E+09  1.083378E+30
        6.702089E+00  2.270431E+01  6.190445E+00  0.0000000000  0.000000E+00
        5.798495E+24 -3.993897E+00 -2.007136E+00 -4.337763E-03  0.000000E+00
   144     6066.4101    7.74566897  1.035660E+09  1.625688E+09  1.035092E+30
        6.694646E+00  2.270442E+01  6.190523E+00  0.0000000000  0.000000E+00
        5.155910E+24 -3.993897E+00 -2.007136E+00 -4.337763E-03  0.000000E+00
   145     6001.5502    7.74651057  1.034657E+09  1.671137E+09  9.896097E+29
        6.687312E+00  2.270453E+01  6.190599E+00  0.0000000000  0.000000E+00
        4.598642E+24 -3.993897E+00 -2.007136E+00 -4.337763E-03  0.000000E+00
   146     5937.8160    7.74740518  1.033592E+09  1.717828E+09  9.462862E+29
        6.679995E+00  2.270463E+01  6.190671E+00  0.0000000000  0.000000E+00
        4.103459E+24 -3.993897E+00 -2.007136E+00 -4.337763E-03  0.000000E+00
   147     5875.8708    7.74833297  1.032488E+09  1.765348E+09  9.054756E+29
        6.672760E+00  2.270473E+01  6.190741E+00  0.0000000000  0.000000E+00
        3.670579E+24 -3.993897E+00 -2.007136E+00 -4.337763E-03  0.000000E+00
   148     5812.5930    7.74931562  1.031321E+09  1.816321E+09  8.651369E+29
        6.665225E+00  2.270483E+01  6.190810E+00  0.0000000000  0.000000E+00
        3.270215E+24 -3.993897E+00 -2.007136E+00 -4.337763E-03  0.000000E+00
   149     5748.8655    7.75031467  1.030135E+09  1.870459E+09  8.259137E+29
        6.657460E+00  2.270492E+01  6.190878E+00  0.0000000000  0.000000E+00
        2.903819E+24 -3.993897E+00 -2.007136E+00 -4.337763E-03  0.000000E+00
   150     5684.4402    7.75133729  1.028923E+09  1.928678E+09  7.876518E+29
        6.649363E+00  2.270502E+01  6.190945E+00  0.0000000000  0.000000E+00
        2.567896E+24 -3.993897E+00 -2.007136E+00 -4.337763E-03  0.000000E+00
   151     5619.2129    7.75243574  1.027623E+09  1.992545E+09  7.502171E+29
        6.640759E+00  2.270511E+01  6.191011E+00  0.0000000000  0.000000E+00
        2.253728E+24 -3.993897E+00 -2.007136E+00 -4.337763E-03  0.000000E+00
   152     5552.7531    7.75366176  1.026173E+09  2.065213E+09  7.133332E+29
        6.631285E+00  2.270520E+01  6.191081E+00  0.0000000000  0.000000E+00
        1.953308E+24 -3.993897E+00 -2.007136E+00 -4.337763E-03  0.000000E+00
   153     5483.8163    7.75501782  1.024573E+09  2.152181E+09  6.764482E+29
        6.620325E+00  2.270531E+01  6.191158E+00  0.0000000000  0.000000E+00
        1.655198E+24 -3.993897E+00 -2.007136E+00 -4.337763E-03  0.000000E+00
   154     5412.9550    7.75648196  1.022847E+09  2.259089E+09  6.399948E+29
        6.607295E+00  2.270544E+01  6.191249E+00  0.0000000000  0.000000E+00
        1.359557E+24 -3.993897E+00 -2.007136E+00 -4.337763E-03  0.000000E+00
   155     5339.8940    7.75813547  1.020902E+09  2.397555E+09  6.038316E+29
        6.590927E+00  2.270560E+01  6.191365E+00  0.0000000000  0.000000E+00
        1.062112E+24 -3.993897E+00 -2.007136E+00 -4.337763E-03  0.000000E+00
   156     5259.5318    7.76023282  1.018440E+09  2.600575E+09  5.655569E+29
        6.567504E+00  2.270585E+01  6.191547E+00  0.0000000000  0.000000E+00
        7.466527E+23 -3.993897E+00 -2.007136E+00 -4.337763E-03  0.000000E+00
   157     5137.2652    7.76360759  1.014490E+09  3.006616E+09  5.107885E+29
        6.521146E+00  2.270636E+01  6.191916E+00  0.0000000000  0.000000E+00
        3.745629E+23 -3.993897E+00 -2.007136E+00 -4.337763E-03  0.000000E+00
   158     4943.1704    7.76770420  1.009717E+09  3.650781E+09  4.337494E+29
        6.447587E+00  2.270690E+01  6.192281E+00  0.0000000000  0.000000E+00
        1.283089E+23 -3.993897E+00 -2.007136E+00 -4.337763E-03  0.000000E+00
   159     4742.8463    7.77071465  1.006223E+09  4.294947E+09  3.650584E+29
        6.374598E+00  2.270748E+01  6.192698E+00  0.0000000000  0.000000E+00
        4.498250E+22 -3.993897E+00 -2.007136E+00 -4.337763E-03  0.000000E+00
   160     4558.6982    7.77246342  1.004199E+09  4.939113E+09  3.103278E+29
        6.323281E+00  2.270788E+01  6.193006E+00  0.1086956749 -4.997399E-02
        2.075252E+22 -3.993897E+00 -2.007136E+00 -4.337763E-03  0.000000E+00
   161     4410.3082    7.77360611  1.002879E+09  5.583279E+09  2.711380E+29
        6.275225E+00  2.270819E+01  6.193243E+00  0.2870045821 -1.469133E-01
        1.116038E+22 -3.993897E+00 -2.007136E+00 -4.337763E-03  0.000000E+00
   162     4267.5788    7.77456561  1.001772E+09  6.227444E+09  2.371818E+29
        6.227523E+00  2.270854E+01  6.193487E+00  0.4591356287 -2.669116E-01
        5.877284E+21 -3.993897E+00 -2.007136E+00 -4.337763E-03  0.000000E+00
   163     4115.9063    7.77538755  1.000824E+09  6.871610E+09  2.048307E+29
        6.178764E+00  2.270887E+01  6.193699E+00  0.6090019811 -4.078254E-01
        2.956151E+21 -3.993897E+00 -2.007136E+00 -4.337763E-03  0.000000E+00
   164     3957.7789    7.77604234  1.000070E+09  7.515776E+09  1.748576E+29
        6.127915E+00  2.270896E+01  6.193751E+00  0.7318375088 -5.716020E-01
        1.406487E+21 -3.993897E+00 -2.007136E+00 -4.337763E-03  0.000000E+00
   165     3797.6179    7.77666710  9.993511E+08  8.159942E+09  1.480126E+29
        6.074035E+00  2.270909E+01  6.193857E+00  0.8274329962 -7.630422E-01
        6.261318E+20 -3.993897E+00 -2.007136E+00 -4.337763E-03  0.000000E+00
   166     3612.6689    7.77732989  9.985889E+08  8.879921E+09  1.210329E+29
        6.010273E+00  2.270937E+01  6.194081E+00  0.9030653886 -1.013521E+00
        2.352147E+20 -3.993897E+00 -2.007136E+00 -4.337763E-03  0.000000E+00
   167     3408.9581    7.77788647  9.979492E+08  9.649313E+09  9.583430E+28
        5.938039E+00  2.270966E+01  6.194276E+00  0.9529971173 -1.327876E+00
        7.613671E+19 -3.993897E+00 -2.007136E+00 -4.337763E-03  0.000000E+00
   168     3266.7505    7.77816309  9.976314E+08  1.021671E+10  8.076470E+28
        5.881782E+00  2.270968E+01  6.194287E+00  0.9747286534 -1.597372E+00
        3.128822E+19 -3.993897E+00 -2.007116E+00 -4.337958E-03  0.000000E+00
   169     3082.6516    7.77850613  9.972375E+08  1.091559E+10  6.399005E+28
        5.807913E+00  2.270979E+01  6.194360E+00  0.9862441561 -1.861513E+00
        9.642182E+18 -3.993897E+00 -2.005564E+00 -4.353406E-03  0.000000E+00
   170     2925.3275    7.77871946  9.969926E+08  1.139953E+10  5.186797E+28
        5.755977E+00  2.270986E+01  6.194403E+00  0.9874261287 -1.900531E+00
        4.218897E+18 -3.993897E+00 -2.001518E+00 -4.393949E-03  0.000000E+00
   171     2769.7253    7.77888470  9.968030E+08  1.187298E+10  4.166610E+28
        5.706463E+00  2.270988E+01  6.194418E+00  0.9878449066 -1.915242E+00
        1.921377E+18 -3.993897E+00 -1.997455E+00 -4.435041E-03  0.000000E+00
   172     2615.0490    7.77903414  9.966315E+08  1.237419E+10  3.309832E+28
        5.655647E+00  2.270989E+01  6.194423E+00  0.9884324308 -1.936758E+00
        8.553550E+17 -3.993897E+00 -1.996635E+00 -4.443379E-03  0.000000E+00
   173     2506.4779    7.77913195  9.965193E+08  1.274595E+10  2.792829E+28
        5.618665E+00  2.270989E+01  6.194426E+00  0.9887938473 -1.950543E+00
        4.741552E+17 -3.993897E+00 -1.996020E+00 -4.449649E-03  0.000000E+00
   174     2387.9552    7.77924054  9.963947E+08  1.317623E+10  2.300303E+28
        5.576660E+00  2.270991E+01  6.194433E+00  0.9891836972 -1.965921E+00
        2.422222E+17 -3.993897E+00 -1.995375E+00 -4.456224E-03  0.000000E+00
   175     2217.1562    7.77939187  9.962211E+08  1.384971E+10  1.708890E+28
        5.512009E+00  2.270992E+01  6.194442E+00  0.9897620516 -1.989787E+00
        8.585442E+16 -3.993897E+00 -1.994470E+00 -4.465476E-03  0.000000E+00
   176     1963.2271    7.77958988  9.959940E+08  1.497023E+10  1.050057E+28
        5.402595E+00  2.270992E+01  6.194445E+00  0.9903621595 -2.016020E+00
        1.469788E+16 -3.993897E+00 -1.993443E+00 -4.476004E-03  0.000000E+00
   177     1812.5509    7.77969263  9.958762E+08  1.565761E+10  7.627618E+27
        5.334996E+00  2.270992E+01  6.194445E+00  0.9905814782 -2.026017E+00
        4.913531E+15 -3.993897E+00 -1.991777E+00 -4.493121E-03  0.000000E+00
   178     1690.2905    7.77976939  9.957882E+08  1.624732E+10  5.767622E+27
        5.275930E+00  2.270992E+01  6.194445E+00  0.9908369763 -2.037961E+00
        1.879326E+15 -3.993897E+00 -1.989607E+00 -4.515524E-03  0.000000E+00
   179     1602.3578    7.77983011  9.957186E+08  1.669467E+10  4.657240E+27
        5.229981E+00  2.270992E+01  6.194445E+00  0.9910733165 -2.049310E+00
        8.877999E+14 -3.993897E+00 -1.989876E+00 -4.512743E-03  0.000000E+00
   180     1511.5151    7.77990029  9.956381E+08  1.716357E+10  3.686977E+27
        5.180277E+00  2.270993E+01  6.194447E+00  0.9913465714 -2.062812E+00
        3.937717E+14 -3.993897E+00 -1.990156E+00 -4.509850E-03  0.000000E+00
   181     1437.7717    7.77995583  9.955745E+08  1.755356E+10  3.018038E+27
        5.137664E+00  2.270993E+01  6.194447E+00  0.9915906707 -2.075239E+00
        1.958525E+14 -3.993897E+00 -1.990426E+00 -4.507054E-03  0.000000E+00
   182     1363.3075    7.78000536  9.955177E+08  1.795420E+10  2.439443E+27
        5.092261E+00  2.270993E+01  6.194448E+00  0.9918533237 -2.089020E+00
        9.296852E+13 -3.993897E+00 -1.990737E+00 -4.503840E-03  0.000000E+00
   183     1301.8337    7.78004496  9.954723E+08  1.829103E+10  2.028140E+27
        5.052752E+00  2.270993E+01  6.194448E+00  0.9920816274 -2.101364E+00
        4.859041E+13 -3.993897E+00 -1.991056E+00 -4.500553E-03  0.000000E+00
   184     1240.7056    7.78008331  9.954284E+08  1.863037E+10  1.673063E+27
        5.011461E+00  2.270993E+01  6.194448E+00  0.9923120106 -2.114187E+00
        2.466277E+13 -3.993897E+00 -1.991400E+00 -4.497004E-03  0.000000E+00
   185     1186.6291    7.78012131  9.953848E+08  1.893575E+10  1.399779E+27
        4.972947E+00  2.270993E+01  6.194448E+00  0.9925367815 -2.127074E+00
        1.310988E+13 -3.993897E+00 -1.992531E+00 -4.485367E-03  0.000000E+00
   186     1141.8091    7.78015651  9.953445E+08  1.919316E+10  1.199881E+27
        4.938926E+00  2.270993E+01  6.194448E+00  0.9934585487 -2.184326E+00
        7.507086E+12 -3.993897E+00 -1.993403E+00 -4.476411E-03  0.000000E+00
   187     1111.3908    7.78017537  9.953229E+08  1.936957E+10  1.076992E+27
        4.914527E+00  2.270993E+01  6.194448E+00  0.9944534695 -2.255979E+00
        4.977825E+12 -3.993897E+00 -1.993468E+00 -4.475748E-03  0.000000E+00
   188     1083.6978    7.78019350  9.953021E+08  1.953060E+10  9.735540E+26
        4.890906E+00  2.270993E+01  6.194448E+00  0.9956858419 -2.365104E+00
        3.349647E+12 -3.993897E+00 -1.993602E+00 -4.474366E-03  0.000000E+00
   189     1055.0175    7.78022228  9.952691E+08  1.969455E+10  8.744544E+26
        4.865346E+00  2.270993E+01  6.194449E+00  0.9967484294 -2.487907E+00
        2.204318E+12 -3.993897E+00 -1.993606E+00 -4.474331E-03  0.000000E+00
   190     1026.4915    7.78027532  9.952083E+08  1.985464E+10  7.835502E+26
        4.838868E+00  2.270993E+01  6.194449E+00  0.9975581802 -2.612286E+00
        1.430418E+12 -3.993897E+00 -1.993606E+00 -4.474331E-03  0.000000E+00
   191     1002.4908    7.78034171  9.951323E+08  1.998699E+10  7.126899E+26
        4.815696E+00  2.270993E+01  6.194449E+00  0.9980842153 -2.717653E+00
        9.915162E+11 -3.993897E+00 -1.993606E+00 -4.474331E-03  0.000000E+00
   192      977.5387    7.78041405  9.950494E+08  2.012149E+10  6.442324E+26
        4.790619E+00  2.270993E+01  6.194449E+00  0.9985490123 -2.838336E+00
        6.704348E+11 -3.993897E+00 -1.993606E+00 -4.474331E-03  0.000000E+00
   193      953.6583    7.78046599  9.949899E+08  2.024753E+10  5.834800E+26
        4.765525E+00  2.270993E+01  6.194449E+00  0.9989304533 -2.970800E+00
        4.557202E+11 -3.993897E+00 -1.993606E+00 -4.474331E-03  0.000000E+00
   194      933.6770    7.78048579  9.949672E+08  2.034993E+10  5.360701E+26
        4.743814E+00  2.270993E+01  6.194449E+00  0.9991750140 -3.083553E+00
        3.277350E+11 -3.993897E+00 -1.993606E+00 -4.474331E-03  0.000000E+00
   195      912.5746    7.78048664  9.949662E+08  2.045390E+10  4.892239E+26
        4.720253E+00  2.270993E+01  6.194449E+00  0.9993704429 -3.200965E+00
        2.301531E+11 -3.993897E+00 -1.993606E+00 -4.474331E-03  0.000000E+00
   196      892.0723    7.78047474  9.949799E+08  2.055254E+10  4.467311E+26
        4.696434E+00  2.270993E+01  6.194449E+00  0.9995258494 -3.324084E+00
        1.612030E+11 -3.993897E+00 -1.993606E+00 -4.474331E-03  0.000000E+00
