============================================================================
   #Mod      Teff         Log(g)        Rayon        Age           Lum
           Log(Tc)       Log(Pc)      Log(rhoc)     M_x/M        Log(q_x)
            Lum_nu       Log(H/*)     Log(He/*)    Log(C/*)      Log(O/*)
============================================================================
     0    60017.8022    8.34809758  7.320115E+08  0.000000E+00  4.954200E+33
        8.073755E+00  2.422629E+01  7.209876E+00  0.0000000000  0.000000E+00
        2.904217E+35 -4.002100E+00 -1.991333E+00 -4.496934E-03  0.000000E+00
     1    57778.5916    8.36082219  7.213658E+08  4.000000E+05  4.132343E+33
        7.955252E+00  2.424422E+01  7.223250E+00  0.0000000000  0.000000E+00
        5.620947E+34 -4.002100E+00 -1.991333E+00 -4.496934E-03  0.000000E+00
     2    54616.4191    8.37010437  7.136980E+08  8.000000E+05  3.229530E+33
        7.903404E+00  2.425162E+01  7.228740E+00  0.0000000000  0.000000E+00
        2.423130E+34 -4.002100E+00 -1.991333E+00 -4.496934E-03  0.000000E+00
     3    51746.6567    8.37717969  7.079080E+08  1.200000E+06  2.560355E+33
        7.871769E+00  2.425585E+01  7.231874E+00  0.0000000000  0.000000E+00
        1.386996E+34 -4.002100E+00 -1.991333E+00 -4.496934E-03  0.000000E+00
     4    49385.5801    8.38255889  7.035374E+08  1.600000E+06  2.097937E+33
        7.849204E+00  2.425860E+01  7.233905E+00  0.0000000000  0.000000E+00
        9.128757E+33 -4.002100E+00 -1.991333E+00 -4.496934E-03  0.000000E+00
     5    47479.4894    8.38672945  7.001675E+08  2.000000E+06  1.775193E+33
        7.831676E+00  2.426058E+01  7.235359E+00  0.0000000000  0.000000E+00
        6.526364E+33 -4.002100E+00 -1.991333E+00 -4.496934E-03  0.000000E+00
     6    45942.6816    8.39003678  6.975065E+08  2.400000E+06  1.544470E+33
        7.817308E+00  2.426212E+01  7.236487E+00  0.0000000000  0.000000E+00
        4.928017E+33 -4.002100E+00 -1.991333E+00 -4.496934E-03  0.000000E+00
     7    45023.6562    8.39198286  6.959455E+08  2.667523E+06  1.418179E+33
        7.808505E+00  2.426303E+01  7.237155E+00  0.0000000000  0.000000E+00
        4.138789E+33 -4.002100E+00 -1.991333E+00 -4.496934E-03  0.000000E+00
     8    44281.5492    8.39356411  6.946797E+08  2.916702E+06  1.322141E+33
        7.801088E+00  2.426378E+01  7.237705E+00  0.0000000000  0.000000E+00
        3.569825E+33 -4.002100E+00 -1.991333E+00 -4.496934E-03  0.000000E+00
     9    43561.3829    8.39507415  6.934731E+08  3.187629E+06  1.233909E+33
        7.793729E+00  2.426451E+01  7.238240E+00  0.0000000000  0.000000E+00
        3.081642E+33 -4.002100E+00 -1.991333E+00 -4.496934E-03  0.000000E+00
    10    42900.4211    8.39649148  6.923424E+08  3.481983E+06  1.156926E+33
        7.786403E+00  2.426521E+01  7.238760E+00  0.0000000000  0.000000E+00
        2.662043E+33 -4.002100E+00 -1.991333E+00 -4.496934E-03  0.000000E+00
    11    42254.0587    8.39787925  6.912371E+08  3.811962E+06  1.085289E+33
        7.778861E+00  2.426592E+01  7.239283E+00  0.0000000000  0.000000E+00
        2.290652E+33 -4.002100E+00 -1.991333E+00 -4.496934E-03  0.000000E+00
    12    41632.2568    8.39922124  6.901699E+08  4.179883E+06  1.019646E+33
        7.771127E+00  2.426663E+01  7.239805E+00  0.0000000000  0.000000E+00
        1.965008E+33 -4.002100E+00 -1.991333E+00 -4.496934E-03  0.000000E+00
    13    41020.8499    8.40052367  6.891358E+08  4.592111E+06  9.581769E+32
        7.763149E+00  2.426733E+01  7.240327E+00  0.0000000000  0.000000E+00
        1.679254E+33 -4.002100E+00 -1.991333E+00 -4.496934E-03  0.000000E+00
    14    40443.1131    8.40178804  6.881334E+08  5.057281E+06  9.026950E+32
        7.754858E+00  2.426803E+01  7.240852E+00  0.0000000000  0.000000E+00
        1.428049E+33 -4.002100E+00 -1.991333E+00 -4.496934E-03  0.000000E+00
    15    39860.3524    8.40303852  6.871434E+08  5.584888E+06  8.493306E+32
        7.746202E+00  2.426874E+01  7.241382E+00  0.0000000000  0.000000E+00
        1.207495E+33 -4.002100E+00 -1.991333E+00 -4.496934E-03  0.000000E+00
    16    39326.5450    8.40422363  6.862065E+08  6.172314E+06  8.025467E+32
        7.737329E+00  2.426944E+01  7.241904E+00  0.0000000000  0.000000E+00
        1.018166E+33 -4.002100E+00 -1.991333E+00 -4.496934E-03  0.000000E+00
    17    38783.3742    8.40542940  6.852546E+08  6.859557E+06  7.570137E+32
        7.727797E+00  2.427016E+01  7.242443E+00  0.0000000000  0.000000E+00
        8.489191E+32 -4.002100E+00 -1.991333E+00 -4.496934E-03  0.000000E+00
    18    38224.1048    8.40664205  6.842986E+08  7.649965E+06  7.122919E+32
        7.717757E+00  2.427089E+01  7.242988E+00  0.0000000000  0.000000E+00
        7.018577E+32 -4.002100E+00 -1.991333E+00 -4.496934E-03  0.000000E+00
    19    37706.5597    8.40780200  6.833854E+08  8.534340E+06  6.726922E+32
        7.707477E+00  2.427160E+01  7.243524E+00  0.0000000000  0.000000E+00
        5.781583E+32 -4.002100E+00 -1.991333E+00 -4.496934E-03  0.000000E+00
    20    37145.7805    8.40902497  6.824238E+08  9.586323E+06  6.317769E+32
        7.696328E+00  2.427235E+01  7.244083E+00  0.0000000000  0.000000E+00
        4.687722E+32 -4.002100E+00 -1.991333E+00 -4.496934E-03  0.000000E+00
    21    36618.8152    8.41020773  6.814952E+08  1.076693E+07  5.950592E+32
        7.684932E+00  2.427309E+01  7.244632E+00  0.0000000000  0.000000E+00
        3.783110E+32 -4.002100E+00 -1.991333E+00 -4.496934E-03  0.000000E+00
    22    36081.5603    8.41140886  6.805534E+08  1.211763E+07  5.593494E+32
        7.673067E+00  2.427383E+01  7.245183E+00  0.0000000000  0.000000E+00
        3.023907E+32 -4.002100E+00 -1.991333E+00 -4.496934E-03  0.000000E+00
    23    35532.2756    8.41261065  6.796125E+08  1.363216E+07  5.246047E+32
        7.660948E+00  2.427456E+01  7.245728E+00  0.0000000000  0.000000E+00
        2.402663E+32 -4.002100E+00 -1.991333E+00 -4.496934E-03  0.000000E+00
    24    34983.5676    8.41381313  6.786723E+08  1.533080E+07  4.915798E+32
        7.648543E+00  2.427529E+01  7.246272E+00  0.0000000000  0.000000E+00
        1.895782E+32 -4.002100E+00 -1.991333E+00 -4.496934E-03  0.000000E+00
    25    34441.8988    8.41501792  6.777316E+08  1.723682E+07  4.605547E+32
        7.635813E+00  2.427602E+01  7.246817E+00  0.0000000000  0.000000E+00
        1.483332E+32 -4.002100E+00 -1.991333E+00 -4.496934E-03  0.000000E+00
    26    33878.9164    8.41624568  6.767742E+08  1.937853E+07  4.299551E+32
        7.622699E+00  2.427675E+01  7.247362E+00  0.0000000000  0.000000E+00
        1.149423E+32 -4.002100E+00 -1.991333E+00 -4.496934E-03  0.000000E+00
    27    33307.2937    8.41748626  6.758083E+08  2.178092E+07  4.005179E+32
        7.609178E+00  2.427747E+01  7.247906E+00  0.0000000000  0.000000E+00
        8.814856E+31 -4.002100E+00 -1.991333E+00 -4.496934E-03  0.000000E+00
    28    32725.7051    8.41874254  6.748316E+08  2.446897E+07  3.721896E+32
        7.595242E+00  2.427820E+01  7.248451E+00  0.0000000000  0.000000E+00
        6.686892E+31 -4.002100E+00 -1.991333E+00 -4.496934E-03  0.000000E+00
    29    32132.5561    8.42001844  6.738410E+08  2.747304E+07  3.449161E+32
        7.580862E+00  2.427892E+01  7.248998E+00  0.0000000000  0.000000E+00
        5.013682E+31 -4.002100E+00 -1.991333E+00 -4.496934E-03  0.000000E+00
    30    31523.5683    8.42131999  6.728320E+08  3.082471E+07  3.185461E+32
        7.566012E+00  2.427965E+01  7.249549E+00  0.0000000000  0.000000E+00
        3.713442E+31 -4.002100E+00 -1.991333E+00 -4.496934E-03  0.000000E+00
    31    30906.6420    8.42263916  6.718110E+08  3.454740E+07  2.934397E+32
        7.550712E+00  2.428039E+01  7.250107E+00  0.0000000000  0.000000E+00
        2.717994E+31 -4.002100E+00 -1.991333E+00 -4.496934E-03  0.000000E+00
    32    30278.5888    8.42398013  6.707746E+08  3.867473E+07  2.694717E+32
        7.534943E+00  2.428114E+01  7.250669E+00  0.0000000000  0.000000E+00
        1.965291E+31 -4.002100E+00 -1.991333E+00 -4.496934E-03  0.000000E+00
    33    29642.6342    8.42533172  6.697316E+08  4.322557E+07  2.467665E+32
        7.518747E+00  2.428189E+01  7.251226E+00  0.0000000000  0.000000E+00
        1.405259E+31 -4.002100E+00 -1.991333E+00 -4.496934E-03  0.000000E+00
    34    29000.7604    8.42668665  6.686877E+08  4.820913E+07  2.253729E+32
        7.502201E+00  2.428263E+01  7.251774E+00  0.0000000000  0.000000E+00
        9.954796E+30 -4.002100E+00 -1.991333E+00 -4.496934E-03  0.000000E+00
    35    28355.0862    8.42803988  6.676467E+08  5.364441E+07  2.053217E+32
        7.485344E+00  2.428336E+01  7.252316E+00  0.0000000000  0.000000E+00
        6.994583E+30 -4.002100E+00 -1.991333E+00 -4.496934E-03  0.000000E+00
    36    27707.8258    8.42938575  6.666130E+08  5.954494E+07  1.866271E+32
        7.468229E+00  2.428409E+01  7.252852E+00  0.0000000000  0.000000E+00
        4.882717E+30 -4.002100E+00 -1.991333E+00 -4.496934E-03  0.000000E+00
    37    27062.5575    8.43071846  6.655910E+08  6.591838E+07  1.693198E+32
        7.450929E+00  2.428480E+01  7.253384E+00  0.0000000000  0.000000E+00
        3.393138E+30 -4.002100E+00 -1.991333E+00 -4.496934E-03  0.000000E+00
    38    26423.5240    8.43203555  6.645825E+08  7.276350E+07  1.534187E+32
        7.433538E+00  2.428551E+01  7.253912E+00  0.0000000000  0.000000E+00
        2.353018E+30 -4.002100E+00 -1.991333E+00 -4.496934E-03  0.000000E+00
    39    25793.6194    8.43333468  6.635892E+08  8.008968E+07  1.388882E+32
        7.416112E+00  2.428621E+01  7.254432E+00  0.0000000000  0.000000E+00
        1.630811E+30 -4.002100E+00 -1.991333E+00 -4.496934E-03  0.000000E+00
    40    25174.0094    8.43461469  6.626120E+08  8.792243E+07  1.256451E+32
        7.398663E+00  2.428689E+01  7.254942E+00  0.0000000000  0.000000E+00
        1.130369E+30 -4.002100E+00 -1.991333E+00 -4.496934E-03  0.000000E+00
    41    24565.1872    8.43587307  6.616528E+08  9.629154E+07  1.135947E+32
        7.381196E+00  2.428755E+01  7.255436E+00  0.0000000000  0.000000E+00
        7.840067E+29 -4.002100E+00 -1.991333E+00 -4.496934E-03  0.000000E+00
    42    23968.8159    8.43710483  6.607151E+08  1.052219E+08  1.026673E+32
        7.363732E+00  2.428819E+01  7.255913E+00  0.0000000000  0.000000E+00
        5.445675E+29 -4.002100E+00 -1.991333E+00 -4.496934E-03  0.000000E+00
    43    23385.3465    8.43830695  6.598013E+08  1.147353E+08  9.277246E+31
        7.346301E+00  2.428880E+01  7.256373E+00  0.0000000000  0.000000E+00
        3.791757E+29 -4.002100E+00 -1.991333E+00 -4.496934E-03  0.000000E+00
    44    22815.1745    8.43947680  6.589133E+08  1.248665E+08  8.382415E+31
        7.328907E+00  2.428937E+01  7.256810E+00  0.0000000000  0.000000E+00
        2.647835E+29 -4.002100E+00 -1.991333E+00 -4.496934E-03  0.000000E+00
    45    22257.8930    8.44061389  6.580513E+08  1.356639E+08  7.573089E+31
        7.311532E+00  2.428992E+01  7.257221E+00  0.0000000000  0.000000E+00
        1.854519E+29 -4.002100E+00 -1.991333E+00 -4.496934E-03  0.000000E+00
    46    21712.5064    8.44172056  6.572134E+08  1.471772E+08  6.840220E+31
        7.294166E+00  2.429043E+01  7.257605E+00  0.0000000000  0.000000E+00
        1.303160E+29 -4.002100E+00 -1.991333E+00 -4.496934E-03  0.000000E+00
    47    21179.9196    8.44279676  6.563996E+08  1.594293E+08  6.178047E+31
        7.276848E+00  2.429092E+01  7.257963E+00  0.0000000000  0.000000E+00
        9.198494E+28 -4.002100E+00 -1.991333E+00 -4.496934E-03  0.000000E+00
    48    20660.3325    8.44384336  6.556091E+08  1.724486E+08  5.580288E+31
        7.259605E+00  2.429137E+01  7.258296E+00  0.0000000000  0.000000E+00
        6.528346E+28 -4.002100E+00 -1.991333E+00 -4.496934E-03  0.000000E+00
    49    20153.5878    8.44486284  6.548401E+08  1.862889E+08  5.040776E+31
        7.242430E+00  2.429180E+01  7.258609E+00  0.0000000000  0.000000E+00
        4.659563E+28 -4.002100E+00 -1.991333E+00 -4.496934E-03  0.000000E+00
    50    19659.5810    8.44585699  6.540910E+08  2.010253E+08  4.553977E+31
        7.225294E+00  2.429220E+01  7.258902E+00  0.0000000000  0.000000E+00
        3.343327E+28 -4.002100E+00 -1.991333E+00 -4.496934E-03  0.000000E+00
    51    19177.2655    8.44682638  6.533614E+08  2.167327E+08  4.114065E+31
        7.208175E+00  2.429257E+01  7.259176E+00  0.0000000000  0.000000E+00
        2.411318E+28 -4.002100E+00 -1.991333E+00 -4.496934E-03  0.000000E+00
    52    18707.6003    8.44777059  6.526515E+08  2.334357E+08  3.717513E+31
        7.191116E+00  2.429290E+01  7.259427E+00  0.0000000000  0.000000E+00
        1.749923E+28 -4.002100E+00 -1.991333E+00 -4.496934E-03  0.000000E+00
    53    18250.3384    8.44869396  6.519581E+08  2.512183E+08  3.360009E+31
        7.174100E+00  2.429322E+01  7.259663E+00  0.0000000000  0.000000E+00
        1.277470E+28 -4.002100E+00 -1.991333E+00 -4.496934E-03  0.000000E+00
    54    17805.2555    8.44960011  6.512783E+08  2.701819E+08  3.037690E+31
        7.157098E+00  2.429352E+01  7.259891E+00  0.0000000000  0.000000E+00
        9.376042E+27 -4.002100E+00 -1.991333E+00 -4.496934E-03  0.000000E+00
    55    17371.4973    8.45049155  6.506102E+08  2.904502E+08  2.746681E+31
        7.140067E+00  2.429382E+01  7.260116E+00  0.0000000000  0.000000E+00
        6.913589E+27 -4.002100E+00 -1.991333E+00 -4.496934E-03  0.000000E+00
    56    16947.9437    8.45136286  6.499579E+08  3.121248E+08  2.483453E+31
        7.122991E+00  2.429410E+01  7.260330E+00  0.0000000000  0.000000E+00
        5.120546E+27 -4.002100E+00 -1.991333E+00 -4.496934E-03  0.000000E+00
    57    16534.7274    8.45221282  6.493222E+08  3.352317E+08  2.245567E+31
        7.105924E+00  2.429438E+01  7.260535E+00  0.0000000000  0.000000E+00
        3.813158E+27 -4.002100E+00 -1.991333E+00 -4.496934E-03  0.000000E+00
    58    16131.0622    8.45304473  6.487006E+08  3.598437E+08  2.030289E+31
        7.088882E+00  2.429465E+01  7.260740E+00  0.0000000000  0.000000E+00
        2.855750E+27 -4.002100E+00 -1.991333E+00 -4.496934E-03  0.000000E+00
    59    15736.7578    8.45386257  6.480901E+08  3.860392E+08  1.835478E+31
        7.071883E+00  2.429493E+01  7.260952E+00  0.0000000000  0.000000E+00
        2.151007E+27 -4.002100E+00 -1.991333E+00 -4.496934E-03  0.000000E+00
    60    15351.8201    8.45467367  6.474852E+08  4.139279E+08  1.659268E+31
        7.054924E+00  2.429523E+01  7.261179E+00  0.0000000000  0.000000E+00
        1.628211E+27 -4.002100E+00 -1.991333E+00 -4.496934E-03  0.000000E+00
    61    14976.7761    8.45547925  6.468849E+08  4.436147E+08  1.500185E+31
        7.038011E+00  2.429556E+01  7.261424E+00  0.0000000000  0.000000E+00
        1.234255E+27 -4.002100E+00 -1.991333E+00 -4.496934E-03  0.000000E+00
    62    14612.1092    8.45627309  6.462940E+08  4.752138E+08  1.356842E+31
        7.021136E+00  2.429589E+01  7.261674E+00  0.0000000000  0.000000E+00
        9.436734E+26 -4.002100E+00 -1.991333E+00 -4.496934E-03  0.000000E+00
    63    14257.3920    8.45705003  6.457162E+08  5.089255E+08  1.227612E+31
        7.004249E+00  2.429621E+01  7.261912E+00  0.0000000000  0.000000E+00
        7.239850E+26 -4.002100E+00 -1.991333E+00 -4.496934E-03  0.000000E+00
    64    13911.9476    8.45780443  6.451556E+08  5.449749E+08  1.110959E+31
        6.987296E+00  2.429649E+01  7.262124E+00  0.0000000000  0.000000E+00
        5.566872E+26 -4.002100E+00 -1.991333E+00 -4.496934E-03  0.000000E+00
    65    13597.9884    8.45848226  6.446523E+08  5.807949E+08  1.012435E+31
        6.971415E+00  2.429671E+01  7.262285E+00  0.0000000000  0.000000E+00
        4.364191E+26 -4.002100E+00 -1.991333E+00 -4.496934E-03  0.000000E+00
    66    13311.6733    8.45909435  6.441982E+08  6.162547E+08  9.285109E+30
        6.956533E+00  2.429688E+01  7.262404E+00  0.0000000000  0.000000E+00
        3.481817E+26 -4.002100E+00 -1.991333E+00 -4.496934E-03  0.000000E+00
    67    13091.5307    8.45956275  6.438509E+08  6.453947E+08  8.676603E+30
        6.944843E+00  2.429700E+01  7.262485E+00  0.0000000000  0.000000E+00
        2.919830E+26 -4.002100E+00 -1.991333E+00 -4.496934E-03  0.000000E+00
    68    12923.3316    8.45992047  6.435858E+08  6.688019E+08  8.232434E+30
        6.935777E+00  2.429709E+01  7.262546E+00  0.0000000000  0.000000E+00
        2.549285E+26 -4.002100E+00 -1.991333E+00 -4.496934E-03  0.000000E+00
    69    12790.6183    8.46020347  6.433761E+08  6.879978E+08  7.894297E+30
        6.928546E+00  2.429716E+01  7.262594E+00  0.0000000000  0.000000E+00
        2.288876E+26 -4.002100E+00 -1.991333E+00 -4.496934E-03  0.000000E+00
    70    12677.8365    8.46044524  6.431970E+08  7.048360E+08  7.615284E+30
        6.922349E+00  2.429722E+01  7.262637E+00  0.0000000000  0.000000E+00
        2.087693E+26 -4.002100E+00 -1.991333E+00 -4.496934E-03  0.000000E+00
    71    12583.7361    8.46064872  6.430464E+08  7.192627E+08  7.388231E+30
        6.917144E+00  2.429728E+01  7.262675E+00  0.0000000000  0.000000E+00
        1.932875E+26 -4.002100E+00 -1.991333E+00 -4.496934E-03  0.000000E+00
    72    12490.2281    8.46085406  6.428944E+08  7.339596E+08  7.167673E+30
        6.911941E+00  2.429734E+01  7.262716E+00  0.0000000000  0.000000E+00
        1.789951E+26 -4.002100E+00 -1.991333E+00 -4.496934E-03  0.000000E+00
    73    12405.9396    8.46104285  6.427547E+08  7.475209E+08  6.973111E+30
        6.907223E+00  2.429739E+01  7.262755E+00  0.0000000000  0.000000E+00
        1.669819E+26 -4.002100E+00 -1.991333E+00 -4.496934E-03  0.000000E+00
    74    12322.2069    8.46123320  6.426138E+08  7.612994E+08  6.783777E+30
        6.902512E+00  2.429745E+01  7.262797E+00  0.0000000000  0.000000E+00
        1.558129E+26 -4.002100E+00 -1.991333E+00 -4.496934E-03  0.000000E+00
    75    12237.4531    8.46142831  6.424695E+08  7.755668E+08  6.596091E+30
        6.897717E+00  2.429751E+01  7.262843E+00  0.0000000000  0.000000E+00
        1.452367E+26 -4.002100E+00 -1.991333E+00 -4.496934E-03  0.000000E+00
    76    12150.8312    8.46162996  6.423204E+08  7.904953E+08  6.408328E+30
        6.892790E+00  2.429758E+01  7.262893E+00  0.0000000000  0.000000E+00
        1.351338E+26 -4.002100E+00 -1.991333E+00 -4.496934E-03  0.000000E+00
    77    12061.8747    8.46183941  6.421655E+08  8.062014E+08  6.219717E+30
        6.887701E+00  2.429765E+01  7.262948E+00  0.0000000000  0.000000E+00
        1.254591E+26 -4.002100E+00 -1.991333E+00 -4.496934E-03  0.000000E+00
    78    11971.7930    8.46205376  6.420070E+08  8.225064E+08  6.033006E+30
        6.882517E+00  2.429773E+01  7.263007E+00  0.0000000000  0.000000E+00
        1.163353E+26 -4.002100E+00 -1.991333E+00 -4.496934E-03  0.000000E+00
    79    11879.3564    8.46227548  6.418432E+08  8.396732E+08  5.845840E+30
        6.877164E+00  2.429781E+01  7.263070E+00  0.0000000000  0.000000E+00
        1.076273E+26 -4.002100E+00 -1.991333E+00 -4.496934E-03  0.000000E+00
    80    11783.5022    8.46250709  6.416720E+08  8.579638E+08  5.656414E+30
        6.871576E+00  2.429790E+01  7.263137E+00  0.0000000000  0.000000E+00
        9.924592E+25 -4.002100E+00 -1.991333E+00 -4.496934E-03  0.000000E+00
    81    11686.0338    8.46274516  6.414962E+08  8.770981E+08  5.468575E+30
        6.865850E+00  2.429799E+01  7.263207E+00  0.0000000000  0.000000E+00
        9.135213E+25 -4.002100E+00 -1.991333E+00 -4.496934E-03  0.000000E+00
    82    11588.5610    8.46298535  6.413188E+08  8.967953E+08  5.285468E+30
        6.860079E+00  2.429808E+01  7.263277E+00  0.0000000000  0.000000E+00
        8.404464E+25 -4.002100E+00 -1.991333E+00 -4.496934E-03  0.000000E+00
    83    11488.1529    8.46323305  6.411360E+08  9.177048E+08  5.101742E+30
        6.854083E+00  2.429817E+01  7.263349E+00  0.0000000000  0.000000E+00
        7.708349E+25 -4.002100E+00 -1.991333E+00 -4.496934E-03  0.000000E+00
    84    11381.7660    8.46349510  6.409426E+08  9.405848E+08  4.912406E+30
        6.847671E+00  2.429827E+01  7.263423E+00  0.0000000000  0.000000E+00
        7.029056E+25 -4.002100E+00 -1.991333E+00 -4.496934E-03  0.000000E+00
    85    11270.9036    8.46376816  6.407411E+08  9.652703E+08  4.720821E+30
        6.840918E+00  2.429837E+01  7.263498E+00  0.0000000000  0.000000E+00
        6.379310E+25 -4.002100E+00 -1.991333E+00 -4.496934E-03  0.000000E+00
    86    11165.2737    8.46402877  6.405489E+08  9.896226E+08  4.543594E+30
        6.834411E+00  2.429846E+01  7.263565E+00  0.0000000000  0.000000E+00
        5.811000E+25 -4.002100E+00 -1.991333E+00 -4.496934E-03  0.000000E+00
    87    11050.1155    8.46431263  6.403396E+08  1.017177E+09  4.356176E+30
        6.827229E+00  2.429854E+01  7.263632E+00  0.0000000000  0.000000E+00
        5.243472E+25 -4.002100E+00 -1.991333E+00 -4.496934E-03  0.000000E+00
    88    10969.2374    8.46451184  6.401927E+08  1.037141E+09  4.228094E+30
        6.822127E+00  2.429860E+01  7.263674E+00  0.0000000000  0.000000E+00
        4.875051E+25 -4.002100E+00 -1.991333E+00 -4.496934E-03  0.000000E+00
    89    10850.7011    8.46480441  6.399771E+08  1.067490E+09  4.045550E+30
        6.814559E+00  2.429867E+01  7.263727E+00  0.0000000000  0.000000E+00
        4.375956E+25 -4.002100E+00 -1.991333E+00 -4.496934E-03  0.000000E+00
    90    10731.2159    8.46509858  6.397604E+08  1.099378E+09  3.867657E+30
        6.806816E+00  2.429873E+01  7.263771E+00  0.0000000000  0.000000E+00
        3.918937E+25 -4.002100E+00 -1.991333E+00 -4.496934E-03  0.000000E+00
    91    10608.3898    8.46539863  6.395395E+08  1.133596E+09  3.691051E+30
        6.798734E+00  2.429878E+01  7.263807E+00  0.0000000000  0.000000E+00
        3.493523E+25 -4.002100E+00 -1.991333E+00 -4.496934E-03  0.000000E+00
    92    10478.0017    8.46571333  6.393078E+08  1.171595E+09  3.510357E+30
        6.790019E+00  2.429883E+01  7.263838E+00  0.0000000000  0.000000E+00
        3.087012E+25 -4.002100E+00 -1.991333E+00 -4.496934E-03  0.000000E+00
    93    10342.1783    8.46603871  6.390684E+08  1.213078E+09  3.329355E+30
        6.780796E+00  2.429887E+01  7.263865E+00  0.0000000000  0.000000E+00
        2.709229E+25 -4.002100E+00 -1.991333E+00 -4.496934E-03  0.000000E+00
    94    10199.1112    8.46637856  6.388184E+08  1.258929E+09  3.146455E+30
        6.770931E+00  2.429891E+01  7.263892E+00  0.0000000000  0.000000E+00
        2.356274E+25 -4.002100E+00 -1.991333E+00 -4.496934E-03  0.000000E+00
    95    10049.2265    8.46673117  6.385591E+08  1.309369E+09  2.963126E+30
        6.760449E+00  2.429896E+01  7.263923E+00  0.0000000000  0.000000E+00
        2.032747E+25 -4.002100E+00 -1.991333E+00 -4.496934E-03  0.000000E+00
    96     9911.6927    8.46705393  6.383218E+08  1.357793E+09  2.802129E+30
        6.750717E+00  2.429901E+01  7.263958E+00  0.0000000000  0.000000E+00
        1.772143E+25 -4.002100E+00 -1.991333E+00 -4.496934E-03  0.000000E+00
    97     9752.4939    8.46742883  6.380464E+08  1.416586E+09  2.624126E+30
        6.739328E+00  2.429908E+01  7.264013E+00  0.0000000000  0.000000E+00
        1.509765E+25 -4.002100E+00 -1.991333E+00 -4.496934E-03  0.000000E+00
    98     9589.2620    8.46781234  6.377647E+08  1.479971E+09  2.450638E+30
        6.727525E+00  2.429917E+01  7.264087E+00  0.0000000000  0.000000E+00
        1.279227E+25 -4.002100E+00 -1.991333E+00 -4.496934E-03  0.000000E+00
    99     9424.8283    8.46819870  6.374811E+08  1.547602E+09  2.284788E+30
        6.717906E+00  2.429929E+01  7.264228E+00  0.0010907324 -4.739576E-04
        1.082916E+25 -4.002100E+00 -1.991333E+00 -4.496934E-03  0.000000E+00
   100     9286.9252    8.46852259  6.372434E+08  1.611746E+09  2.152365E+30
        6.710551E+00  2.429940E+01  7.264303E+00  0.0101859258 -4.446375E-03
        9.479320E+24 -4.002100E+00 -1.991333E+00 -4.496934E-03  0.000000E+00
   101     9175.2053    8.46878588  6.370503E+08  1.672915E+09  2.049406E+30
        6.702558E+00  2.429949E+01  7.264367E+00  0.0248840262 -1.094373E-02
        8.507328E+24 -4.002100E+00 -1.991333E+00 -4.496934E-03  0.000000E+00
   102     9057.6686    8.46906294  6.368471E+08  1.747269E+09  1.945152E+30
        6.693174E+00  2.429958E+01  7.264433E+00  0.0463420603 -2.060737E-02
        7.554946E+24 -4.002100E+00 -1.991333E+00 -4.496934E-03  0.000000E+00
   103     8910.0950    8.46940693  6.365950E+08  1.852136E+09  1.820007E+30
        6.680952E+00  2.429968E+01  7.264501E+00  0.0786706792 -3.558511E-02
        6.469455E+24 -4.002100E+00 -1.991333E+00 -4.496934E-03  0.000000E+00
   104     8724.9560    8.46983277  6.362829E+08  1.997869E+09  1.671749E+30
        6.665471E+00  2.429976E+01  7.264564E+00  0.1240494331 -5.752040E-02
        5.291631E+24 -4.002100E+00 -1.991333E+00 -4.496934E-03  0.000000E+00
   105     8564.7345    8.47020211  6.360124E+08  2.135351E+09  1.550973E+30
        6.651896E+00  2.429984E+01  7.264613E+00  0.1661757773 -7.892549E-02
        4.419952E+24 -4.002100E+00 -1.991333E+00 -4.496934E-03  0.000000E+00
   106     8356.7441    8.47069833  6.356492E+08  2.330875E+09  1.404109E+30
        6.633928E+00  2.429997E+01  7.264703E+00  0.2237140525 -1.099783E-01
        3.468137E+24 -4.002100E+00 -1.991333E+00 -4.496934E-03  0.000000E+00
   107     8147.6425    8.47122408  6.352646E+08  2.546694E+09  1.267227E+30
        6.615323E+00  2.430017E+01  7.264842E+00  0.2836584516 -1.448799E-01
        2.687068E+24 -4.002100E+00 -1.991333E+00 -4.496934E-03  0.000000E+00
   108     7938.4732    8.47176188  6.348713E+08  2.781142E+09  1.140609E+30
        6.596195E+00  2.430040E+01  7.265004E+00  0.3443523135 -1.833295E-01
        2.059947E+24 -4.002100E+00 -1.991333E+00 -4.496934E-03  0.000000E+00
   109     7731.8781    8.47227690  6.344950E+08  3.028717E+09  1.025212E+30
        6.576929E+00  2.430059E+01  7.265142E+00  0.4035140483 -2.243998E-01
        1.571079E+24 -4.002100E+00 -1.991333E+00 -4.496934E-03  0.000000E+00
   110     7553.9921    8.47270944  6.341791E+08  3.252896E+09  9.331413E+29
        6.560142E+00  2.430073E+01  7.265252E+00  0.4529259111 -2.619539E-01
        1.237682E+24 -4.002100E+00 -1.991333E+00 -4.496934E-03  0.000000E+00
   111     7384.7929    8.47312306  6.338772E+08  3.475555E+09  8.514928E+29
        6.544045E+00  2.430087E+01  7.265366E+00  0.4981869609 -2.994581E-01
        9.828179E+23 -4.002100E+00 -1.991333E+00 -4.496934E-03  0.000000E+00
   112     7201.2086    8.47357889  6.335446E+08  3.728543E+09  7.691188E+29
        6.526409E+00  2.430102E+01  7.265494E+00  0.5451680485 -3.421490E-01
        7.618312E+23 -4.002100E+00 -1.991333E+00 -4.496934E-03  0.000000E+00
   113     7030.5651    8.47400883  6.332311E+08  3.975458E+09  6.980763E+29
        6.509762E+00  2.430115E+01  7.265599E+00  0.5868881265 -3.839323E-01
        5.978760E+23 -4.002100E+00 -1.991333E+00 -4.496934E-03  0.000000E+00
   114     6871.5436    8.47441729  6.329334E+08  4.217567E+09  6.364301E+29
        6.493916E+00  2.430123E+01  7.265662E+00  0.6241052613 -4.249338E-01
        4.739852E+23 -4.002100E+00 -1.991333E+00 -4.496934E-03  0.000000E+00
   115     6726.0287    8.47480154  6.326535E+08  4.451227E+09  5.836925E+29
        6.479027E+00  2.430126E+01  7.265689E+00  0.6568854304 -4.645608E-01
        3.805224E+23 -4.002100E+00 -1.991333E+00 -4.496934E-03  0.000000E+00
   116     6590.4242    8.47517119  6.323843E+08  4.681147E+09  5.375676E+29
        6.464732E+00  2.430128E+01  7.265701E+00  0.6863944350 -5.036162E-01
        3.078394E+23 -4.002100E+00 -1.991333E+00 -4.496934E-03  0.000000E+00
   117     6460.9640    8.47555152  6.321074E+08  4.913419E+09  4.961220E+29
        6.450616E+00  2.430130E+01  7.265709E+00  0.7136758185 -5.431420E-01
        2.494068E+23 -4.002100E+00 -1.991333E+00 -4.496934E-03  0.000000E+00
   118     6336.9288    8.47595667  6.318127E+08  5.149480E+09  4.586796E+29
        6.436565E+00  2.430131E+01  7.265719E+00  0.7390398178 -5.834258E-01
        2.020678E+23 -4.002100E+00 -1.991333E+00 -4.496934E-03  0.000000E+00
   119     6214.2106    8.47639163  6.314964E+08  5.398601E+09  4.237434E+29
        6.422017E+00  2.430134E+01  7.265736E+00  0.7634717694 -6.261170E-01
        1.623171E+23 -4.002100E+00 -1.991333E+00 -4.496934E-03  0.000000E+00
   120     6090.9222    8.47685060  6.311628E+08  5.668847E+09  3.906901E+29
        6.406497E+00  2.430137E+01  7.265758E+00  0.7875595282 -6.727627E-01
        1.283568E+23 -4.002100E+00 -1.991333E+00 -4.496934E-03  0.000000E+00
   121     5967.4496    8.47735879  6.307936E+08  5.974046E+09  3.595398E+29
        6.389179E+00  2.430139E+01  7.265774E+00  0.8121256260 -7.261325E-01
        9.863679E+22 -4.002100E+00 -1.991333E+00 -4.496934E-03  0.000000E+00
   122     5836.8952    8.47796910  6.303505E+08  6.368284E+09  3.286315E+29
        6.366819E+00  2.430141E+01  7.265784E+00  0.8404490646 -7.971006E-01
        7.006134E+22 -4.002100E+00 -1.991333E+00 -4.496934E-03  0.000000E+00
   123     5689.7992    8.47880309  6.297456E+08  6.995798E+09  2.961662E+29
        6.329912E+00  2.430143E+01  7.265799E+00  0.8796065698 -9.193972E-01
        3.965060E+22 -4.002100E+00 -1.991333E+00 -4.496934E-03  0.000000E+00
   124     5614.1112    8.47935193  6.293478E+08  7.452635E+09  2.803644E+29
        6.301066E+00  2.430145E+01  7.265815E+00  0.9043762977 -1.019434E+00
        2.531980E+22 -4.002100E+00 -1.991333E+00 -4.496934E-03  0.000000E+00
   125     5546.5435    8.47984517  6.289905E+08  7.872326E+09  2.668058E+29
        6.272490E+00  2.430148E+01  7.265834E+00  0.9245463014 -1.122319E+00
        1.619836E+22 -4.002100E+00 -1.991333E+00 -4.496934E-03  0.000000E+00
   126     5481.3796    8.48028526  6.286719E+08  8.246066E+09  2.542290E+29
        6.245099E+00  2.430152E+01  7.265860E+00  0.9403580828 -1.224448E+00
        1.053645E+22 -4.002100E+00 -1.991333E+00 -4.496934E-03  0.000000E+00
   127     5409.2345    8.48073219  6.283485E+08  8.625108E+09  2.408584E+29
        6.215110E+00  2.430156E+01  7.265894E+00  0.9542958965 -1.340045E+00
        6.567002E+21 -4.002100E+00 -1.991333E+00 -4.496934E-03  0.000000E+00
   128     5344.2539    8.48109441  6.280865E+08  8.935115E+09  2.293003E+29
        6.188791E+00  2.430161E+01  7.265929E+00  0.9640827836 -1.444697E+00
        4.330301E+21 -4.002100E+00 -1.991333E+00 -4.496934E-03  0.000000E+00
   129     5281.2261    8.48141970  6.278513E+08  9.217439E+09  2.185094E+29
        6.163180E+00  2.430168E+01  7.265973E+00  0.9717680030 -1.549258E+00
        2.884075E+21 -4.002100E+00 -1.991326E+00 -4.496999E-03  0.000000E+00
   130     5213.2002    8.48174377  6.276171E+08  9.503771E+09  2.073121E+29
        6.135317E+00  2.430176E+01  7.266032E+00  0.9783169731 -1.663880E+00
        1.850913E+21 -4.002100E+00 -1.991294E+00 -4.497330E-03  0.000000E+00
   131     5143.5340    8.48203561  6.274063E+08  9.769221E+09  1.963187E+29
        6.107514E+00  2.430183E+01  7.266084E+00  0.9830314436 -1.770355E+00
        1.187386E+21 -4.002100E+00 -1.991112E+00 -4.499210E-03  0.000000E+00
   132     5069.2089    8.48229633  6.272180E+08  1.001304E+10  1.851037E+29
        6.079970E+00  2.430188E+01  7.266113E+00  0.9856543536 -1.843280E+00
        7.641314E+20 -4.002100E+00 -1.991020E+00 -4.500161E-03  0.000000E+00
   133     4990.9251    8.48252070  6.270560E+08  1.023639E+10  1.738418E+29
        6.053090E+00  2.430189E+01  7.266124E+00  0.9871401599 -1.890764E+00
        4.964466E+20 -4.002100E+00 -1.988511E+00 -4.526116E-03  0.000000E+00
   134     4897.6340    8.48273825  6.268989E+08  1.046865E+10  1.611231E+29
        6.023158E+00  2.430190E+01  7.266131E+00  0.9873631311 -1.898361E+00
        3.067724E+20 -4.002100E+00 -1.981735E+00 -4.596986E-03  0.000000E+00
   135     4808.4099    8.48292596  6.267635E+08  1.067804E+10  1.496341E+29
        5.994701E+00  2.430191E+01  7.266138E+00  0.9875140790 -1.903579E+00
        1.940992E+20 -4.002100E+00 -1.977122E+00 -4.645867E-03  0.000000E+00
   136     4714.1717    8.48310894  6.266315E+08  1.089107E+10  1.381858E+29
        5.964093E+00  2.430192E+01  7.266142E+00  0.9876696679 -1.909025E+00
        1.185638E+20 -4.002100E+00 -1.972679E+00 -4.693455E-03  0.000000E+00
   137     4646.3477    8.48323143  6.265431E+08  1.103865E+10  1.303665E+29
        5.941868E+00  2.430192E+01  7.266144E+00  0.9877831710 -1.913042E+00
        8.286371E+19 -4.002100E+00 -1.970100E+00 -4.721292E-03  0.000000E+00
   138     4555.7140    8.48337455  6.264399E+08  1.122269E+10  1.204487E+29
        5.912610E+00  2.430192E+01  7.266145E+00  0.9879343635 -1.918450E+00
        5.168401E+19 -4.002100E+00 -1.966103E+00 -4.764780E-03  0.000000E+00
   139     4464.0779    8.48349966  6.263496E+08  1.139348E+10  1.110141E+29
        5.883956E+00  2.430192E+01  7.266144E+00  0.9880821943 -1.923804E+00
        3.253869E+19 -4.002100E+00 -1.962153E+00 -4.808161E-03  0.000000E+00
   140     4387.4705    8.48359888  6.262781E+08  1.153660E+10  1.035640E+29
        5.858531E+00  2.430192E+01  7.266144E+00  0.9882652974 -1.930528E+00
        2.157098E+19 -4.002100E+00 -1.961427E+00 -4.816172E-03  0.000000E+00
   141     4294.1321    8.48371499  6.261944E+08  1.168859E+10  9.500302E+28
        5.830197E+00  2.430192E+01  7.266146E+00  0.9884607382 -1.937822E+00
        1.363922E+19 -4.002100E+00 -1.960741E+00 -4.823759E-03  0.000000E+00
   142     4211.6505    8.48381409  6.261229E+08  1.182102E+10  8.789132E+28
        5.804205E+00  2.430193E+01  7.266148E+00  0.9886315866 -1.944300E+00
        8.950991E+18 -4.002100E+00 -1.960201E+00 -4.829748E-03  0.000000E+00
   143     4144.6297    8.48389416  6.260652E+08  1.193573E+10  8.241373E+28
        5.780332E+00  2.430193E+01  7.266149E+00  0.9887822057 -1.950093E+00
        6.076307E+18 -4.002100E+00 -1.959742E+00 -4.834828E-03  0.000000E+00
   144     4079.5023    8.48397237  6.260089E+08  1.204281E+10  7.734053E+28
        5.756805E+00  2.430193E+01  7.266150E+00  0.9889237052 -1.955605E+00
        4.147498E+18 -4.002100E+00 -1.959326E+00 -4.839446E-03  0.000000E+00
   145     4014.8296    8.48405167  6.259517E+08  1.215081E+10  7.253833E+28
        5.731600E+00  2.430193E+01  7.266151E+00  0.9890704184 -1.961396E+00
        2.752876E+18 -4.002100E+00 -1.958899E+00 -4.844193E-03  0.000000E+00
   146     3952.9673    8.48412487  6.258990E+08  1.225132E+10  6.815830E+28
        5.706535E+00  2.430193E+01  7.266151E+00  0.9892113701 -1.967034E+00
        1.830605E+18 -4.002100E+00 -1.958497E+00 -4.848663E-03  0.000000E+00
   147     3889.6326    8.48419014  6.258519E+08  1.234291E+10  6.388442E+28
        5.682122E+00  2.430193E+01  7.266152E+00  0.9893441802 -1.972413E+00
        1.229795E+18 -4.002100E+00 -1.958125E+00 -4.852808E-03  0.000000E+00
   148     3816.7736    8.48425107  6.258080E+08  1.243163E+10  5.922230E+28
        5.657039E+00  2.430193E+01  7.266152E+00  0.9894764792 -1.977839E+00
        8.169497E+17 -4.002100E+00 -1.957762E+00 -4.856855E-03  0.000000E+00
   149     3727.4287    8.48431289  6.257635E+08  1.252495E+10  5.386111E+28
        5.629203E+00  2.430193E+01  7.266152E+00  0.9896187707 -1.983751E+00
        5.186882E+17 -4.002100E+00 -1.957379E+00 -4.861116E-03  0.000000E+00
   150     3625.7251    8.48437420  6.257193E+08  1.262097E+10  4.821210E+28
        5.598984E+00  2.430193E+01  7.266152E+00  0.9897682340 -1.990049E+00
        3.166192E+17 -4.002100E+00 -1.956986E+00 -4.865511E-03  0.000000E+00
   151     3515.8343    8.48443194  6.256777E+08  1.271901E+10  4.262186E+28
        5.566563E+00  2.430193E+01  7.266152E+00  0.9899234492 -1.996688E+00
        1.863253E+17 -4.002100E+00 -1.956586E+00 -4.869978E-03  0.000000E+00
   152     3400.0552    8.48448628  6.256386E+08  1.281813E+10  3.727420E+28
        5.532001E+00  2.430193E+01  7.266152E+00  0.9900822274 -2.003586E+00
        1.058135E+17 -4.002100E+00 -1.956189E+00 -4.874420E-03  0.000000E+00
   153     3286.3320    8.48454646  6.255952E+08  1.291048E+10  3.252745E+28
        5.498224E+00  2.430193E+01  7.266153E+00  0.9902596978 -2.011428E+00
        6.084307E+16 -4.002100E+00 -1.958038E+00 -4.853782E-03  0.000000E+00
   154     3154.8263    8.48461746  6.255441E+08  1.301265E+10  2.762073E+28
        5.459116E+00  2.430193E+01  7.266153E+00  0.9905779792 -2.025856E+00
        3.203600E+16 -4.002100E+00 -1.959299E+00 -4.839759E-03  0.000000E+00
   155     3018.6181    8.48467615  6.255018E+08  1.311369E+10  2.314767E+28
        5.418289E+00  2.430193E+01  7.266153E+00  0.9909428575 -2.043009E+00
        1.639067E+16 -4.002100E+00 -1.961068E+00 -4.820149E-03  0.000000E+00
   156     2886.8214    8.48471696  6.254724E+08  1.321040E+10  1.936036E+28
        5.378004E+00  2.430193E+01  7.266154E+00  0.9913154947 -2.061255E+00
        8.461496E+15 -4.002100E+00 -1.962563E+00 -4.803643E-03  0.000000E+00
   157     2734.3841    8.48475833  6.254427E+08  1.332156E+10  1.558226E+28
        5.330021E+00  2.430193E+01  7.266154E+00  0.9917505204 -2.083573E+00
        3.850344E+15 -4.002100E+00 -1.963130E+00 -4.797390E-03  0.000000E+00
   158     2562.5302    8.48480138  6.254117E+08  1.344800E+10  1.201781E+28
        5.273437E+00  2.430193E+01  7.266154E+00  0.9923137126 -2.114283E+00
        1.523889E+15 -4.002100E+00 -1.963397E+00 -4.794453E-03  0.000000E+00
   159     2405.3135    8.48483961  6.253841E+08  1.356558E+10  9.328201E+27
        5.218512E+00  2.430194E+01  7.266155E+00  0.9933410993 -2.176597E+00
        6.206349E+14 -4.002100E+00 -1.964340E+00 -4.784100E-03  0.000000E+00
   160     2344.9825    8.48486031  6.253692E+08  1.361050E+10  8.426532E+27
        5.196091E+00  2.430194E+01  7.266155E+00  0.9945253661 -2.261645E+00
        4.278163E+14 -4.002100E+00 -1.966185E+00 -4.763891E-03  0.000000E+00
   161     2278.9090    8.48488333  6.253527E+08  1.365795E+10  7.515802E+27
        5.170638E+00  2.430194E+01  7.266155E+00  0.9957965867 -2.376398E+00
        2.815703E+14 -4.002100E+00 -1.966445E+00 -4.761044E-03  0.000000E+00
   162     2215.9874    8.48490824  6.253347E+08  1.370149E+10  6.719109E+27
        5.145586E+00  2.430194E+01  7.266155E+00  0.9967752167 -2.491499E+00
        1.887654E+14 -4.002100E+00 -1.966446E+00 -4.761036E-03  0.000000E+00
   163     2155.3921    8.48493228  6.253174E+08  1.374180E+10  6.013449E+27
        5.120668E+00  2.430194E+01  7.266156E+00  0.9975314143 -2.607552E+00
        1.274911E+14 -4.002100E+00 -1.966446E+00 -4.761036E-03  0.000000E+00
   164     2096.6658    8.48495216  6.253031E+08  1.377951E+10  5.384128E+27
        5.095768E+00  2.430194E+01  7.266156E+00  0.9981149443 -2.724676E+00
        8.616619E+13 -4.002100E+00 -1.966446E+00 -4.761036E-03  0.000000E+00
   165     2037.0121    8.48496829  6.252915E+08  1.381666E+10  4.796858E+27
        5.069585E+00  2.430194E+01  7.266156E+00  0.9985840613 -2.848956E+00
        5.766966E+13 -4.002100E+00 -1.966446E+00 -4.761036E-03  0.000000E+00
   166     1979.7327    8.48498049  6.252827E+08  1.385118E+10  4.279534E+27
        5.043505E+00  2.430194E+01  7.266156E+00  0.9989380453 -2.973894E+00
        3.886592E+13 -4.002100E+00 -1.966446E+00 -4.761036E-03  0.000000E+00
   167     1926.1696    8.48499004  6.252758E+08  1.388250E+10  3.834766E+27
        5.018279E+00  2.430194E+01  7.266156E+00  0.9991979224 -3.095784E+00
        2.666132E+13 -4.002100E+00 -1.966446E+00 -4.761036E-03  0.000000E+00
   168     1871.9316    8.48499933  6.252691E+08  1.391341E+10  3.420671E+27
        4.991761E+00  2.430194E+01  7.266156E+00  0.9994042521 -3.224937E+00
        1.802322E+13 -4.002100E+00 -1.966446E+00 -4.761036E-03  0.000000E+00
   169     1826.4219    8.48500725  6.252634E+08  1.393873E+10  3.099902E+27
        4.968627E+00  2.430194E+01  7.266156E+00  0.9995411816 -3.338359E+00
        1.281915E+13 -4.002100E+00 -1.966446E+00 -4.761036E-03  0.000000E+00
   170     1779.3158    8.48501605  6.252571E+08  1.396421E+10  2.792202E+27
        4.943826E+00  2.430194E+01  7.266156E+00  0.9996537870 -3.460657E+00
        8.950481E+12 -4.002100E+00 -1.966446E+00 -4.761036E-03  0.000000E+00
   171     1732.0456    8.48502495  6.252507E+08  1.398917E+10  2.507051E+27
        4.917938E+00  2.430194E+01  7.266156E+00  0.9997424511 -3.589140E+00
        6.171310E+12 -4.002100E+00 -1.966446E+00 -4.761036E-03  0.000000E+00
   172     1693.4339    8.48503160  6.252459E+08  1.400912E+10  2.290826E+27
        4.895931E+00  2.430194E+01  7.266156E+00  0.9998004735 -3.699999E+00
        4.508931E+12 -4.002081E+00 -1.966446E+00 -4.761036E-03  0.000000E+00
   173     1652.7859    8.48503821  6.252412E+08  1.402940E+10  2.078638E+27
        4.872038E+00  2.430194E+01  7.266156E+00  0.9998469141 -3.815065E+00
        3.213290E+12 -4.002065E+00 -1.966447E+00 -4.761036E-03  0.000000E+00
   174     1614.9323    8.48502535  6.252504E+08  1.404709E+10  1.894710E+27
        4.850114E+00  2.430194E+01  7.266156E+00  0.9998654084 -3.870982E+00
        2.358716E+12 -4.000581E+00 -1.966460E+00 -4.761036E-03  0.000000E+00
   175     1571.4365    8.48500302  6.252665E+08  1.406621E+10  1.698772E+27
        4.825353E+00  2.430194E+01  7.266156E+00  0.9998697631 -3.885266E+00
        1.665960E+12 -3.998261E+00 -1.966482E+00 -4.761036E-03  0.000000E+00
   176     1530.5928    8.48500127  6.252678E+08  1.408382E+10  1.528932E+27
        4.801166E+00  2.430194E+01  7.266156E+00  0.9998756182 -3.905243E+00
        1.187817E+12 -3.997823E+00 -1.966486E+00 -4.761036E-03  0.000000E+00
   177     1488.1887    8.48499884  6.252695E+08  1.410164E+10  1.366419E+27
        4.775348E+00  2.430194E+01  7.266156E+00  0.9998807806 -3.923653E+00
        8.281333E+11 -3.997399E+00 -1.966490E+00 -4.761036E-03  0.000000E+00
   178     1444.1475    8.48499539  6.252720E+08  1.411969E+10  1.211718E+27
        4.747715E+00  2.430194E+01  7.266156E+00  0.9998859459 -3.942889E+00
        5.639193E+11 -3.996951E+00 -1.966494E+00 -4.761036E-03  0.000000E+00
   179     1402.3262    8.48499167  6.252747E+08  1.413635E+10  1.077346E+27
        4.720588E+00  2.430194E+01  7.266156E+00  0.9998909394 -3.962332E+00
        3.870293E+11 -3.996504E+00 -1.966498E+00 -4.761036E-03  0.000000E+00
   180     1363.1975    8.48498612  6.252787E+08  1.415158E+10  9.620548E+26
        4.694394E+00  2.430194E+01  7.266156E+00  0.9998952631 -3.979900E+00
        2.692511E+11 -3.995918E+00 -1.966504E+00 -4.761036E-03  0.000000E+00
   181     1329.3402    8.48497041  6.252900E+08  1.416442E+10  8.700113E+26
        4.671404E+00  2.430194E+01  7.266156E+00  0.9998955907 -3.981261E+00
        1.958840E+11 -3.994622E+00 -1.966516E+00 -4.761036E-03  0.000000E+00
