============================================================================
   #Mod      Teff         Log(g)        Rayon        Age           Lum
           Log(Tc)       Log(Pc)      Log(rhoc)     M_x/M        Log(q_x)
            Lum_nu       Log(H/*)     Log(He/*)    Log(C/*)      Log(O/*)
============================================================================
     0    60014.4963    8.62742896  5.732256E+08  0.000000E+00  3.037339E+33
        7.946876E+00  2.481747E+01  7.630484E+00  0.0000000000  0.000000E+00
        4.111702E+34 -4.018982E+00 -1.999164E+00 -4.415366E-03  0.000000E+00
     1    58181.9332    8.63195075  5.702492E+08  4.000000E+05  2.655213E+33
        7.922228E+00  2.482221E+01  7.633990E+00  0.0000000000  0.000000E+00
        1.911082E+34 -4.018982E+00 -1.999164E+00 -4.415366E-03  0.000000E+00
     2    56087.3270    8.63579669  5.677298E+08  8.000000E+05  2.272793E+33
        7.901518E+00  2.482516E+01  7.636199E+00  0.0000000000  0.000000E+00
        1.136418E+34 -4.018982E+00 -1.999164E+00 -4.415366E-03  0.000000E+00
     3    54293.5576    8.63879552  5.657731E+08  1.200000E+06  1.981962E+33
        7.883795E+00  2.482717E+01  7.637716E+00  0.0000000000  0.000000E+00
        7.671703E+33 -4.018982E+00 -1.999164E+00 -4.415366E-03  0.000000E+00
     4    52859.2456    8.64110592  5.642702E+08  1.600000E+06  1.771232E+33
        7.868389E+00  2.482863E+01  7.638821E+00  0.0000000000  0.000000E+00
        5.592737E+33 -4.018982E+00 -1.999164E+00 -4.415366E-03  0.000000E+00
     5    51721.2576    8.64291580  5.630956E+08  2.000000E+06  1.616807E+33
        7.854815E+00  2.482974E+01  7.639670E+00  0.0000000000  0.000000E+00
        4.292520E+33 -4.018982E+00 -1.999164E+00 -4.415366E-03  0.000000E+00
     6    50805.1865    8.64437301  5.621517E+08  2.400000E+06  1.500226E+33
        7.842715E+00  2.483065E+01  7.640358E+00  0.0000000000  0.000000E+00
        3.418239E+33 -4.018982E+00 -1.999164E+00 -4.415366E-03  0.000000E+00
     7    50024.1447    8.64562188  5.613440E+08  2.800000E+06  1.406029E+33
        7.831543E+00  2.483144E+01  7.640958E+00  0.0000000000  0.000000E+00
        2.781230E+33 -4.018982E+00 -1.999164E+00 -4.415366E-03  0.000000E+00
     8    49399.7429    8.64663204  5.606916E+08  3.183462E+06  1.334026E+33
        7.821819E+00  2.483210E+01  7.641460E+00  0.0000000000  0.000000E+00
        2.332673E+33 -4.018982E+00 -1.999164E+00 -4.415366E-03  0.000000E+00
     9    48793.3480    8.64762696  5.600497E+08  3.625104E+06  1.266815E+33
        7.811652E+00  2.483278E+01  7.641974E+00  0.0000000000  0.000000E+00
        1.946240E+33 -4.018982E+00 -1.999164E+00 -4.415366E-03  0.000000E+00
    10    48189.9937    8.64863266  5.594016E+08  4.144253E+06  1.202520E+33
        7.800859E+00  2.483350E+01  7.642516E+00  0.0000000000  0.000000E+00
        1.609222E+33 -4.018982E+00 -1.999164E+00 -4.415366E-03  0.000000E+00
    11    47604.3999    8.64962391  5.587636E+08  4.733662E+06  1.142515E+33
        7.789822E+00  2.483423E+01  7.643074E+00  0.0000000000  0.000000E+00
        1.326472E+33 -4.018982E+00 -1.999164E+00 -4.415366E-03  0.000000E+00
    12    47035.6335    8.65059727  5.581378E+08  5.394097E+06  1.086446E+33
        7.778679E+00  2.483498E+01  7.643638E+00  0.0000000000  0.000000E+00
        1.091787E+33 -4.018982E+00 -1.999164E+00 -4.415366E-03  0.000000E+00
    13    46475.6811    8.65155998  5.575195E+08  6.134089E+06  1.033334E+33
        7.767423E+00  2.483573E+01  7.644204E+00  0.0000000000  0.000000E+00
        8.963847E+32 -4.018982E+00 -1.999164E+00 -4.415366E-03  0.000000E+00
    14    45917.5528    8.65251983  5.569038E+08  6.963709E+06  9.824097E+32
        7.756035E+00  2.483649E+01  7.644771E+00  0.0000000000  0.000000E+00
        7.332999E+32 -4.018982E+00 -1.999164E+00 -4.415366E-03  0.000000E+00
    15    45344.7271    8.65348635  5.562844E+08  7.895421E+06  9.322199E+32
        7.744479E+00  2.483724E+01  7.645338E+00  0.0000000000  0.000000E+00
        5.969478E+32 -4.018982E+00 -1.999164E+00 -4.415366E-03  0.000000E+00
    16    44774.3725    8.65445934  5.556616E+08  8.943247E+06  8.842117E+32
        7.732715E+00  2.483800E+01  7.645908E+00  0.0000000000  0.000000E+00
        4.829740E+32 -4.018982E+00 -1.999164E+00 -4.415366E-03  0.000000E+00
    17    44187.4076    8.65545189  5.550270E+08  1.012345E+07  8.368348E+32
        7.720698E+00  2.483877E+01  7.646483E+00  0.0000000000  0.000000E+00
        3.878291E+32 -4.018982E+00 -1.999164E+00 -4.415366E-03  0.000000E+00
    18    43564.8765    8.65647079  5.543763E+08  1.145400E+07  7.888106E+32
        7.708381E+00  2.483954E+01  7.647062E+00  0.0000000000  0.000000E+00
        3.087567E+32 -4.018982E+00 -1.999164E+00 -4.415366E-03  0.000000E+00
    19    42943.2675    8.65750543  5.537163E+08  1.295235E+07  7.429720E+32
        7.695739E+00  2.484032E+01  7.647648E+00  0.0000000000  0.000000E+00
        2.435268E+32 -4.018982E+00 -1.999164E+00 -4.415366E-03  0.000000E+00
    20    42295.4108    8.65857422  5.530354E+08  1.464075E+07  6.974231E+32
        7.682725E+00  2.484111E+01  7.648248E+00  0.0000000000  0.000000E+00
        1.900381E+32 -4.018982E+00 -1.999164E+00 -4.415366E-03  0.000000E+00
    21    41608.4799    8.65967802  5.523331E+08  1.654060E+07  6.515488E+32
        7.669309E+00  2.484192E+01  7.648860E+00  0.0000000000  0.000000E+00
        1.466966E+32 -4.018982E+00 -1.999164E+00 -4.415366E-03  0.000000E+00
    22    40897.5602    8.66081427  5.516110E+08  1.867166E+07  6.065588E+32
        7.655486E+00  2.484274E+01  7.649481E+00  0.0000000000  0.000000E+00
        1.119661E+32 -4.018982E+00 -1.999164E+00 -4.415366E-03  0.000000E+00
    23    40184.5609    8.66196638  5.508798E+08  2.105068E+07  5.638558E+32
        7.641268E+00  2.484357E+01  7.650105E+00  0.0000000000  0.000000E+00
        8.451981E+31 -4.018982E+00 -1.999164E+00 -4.415366E-03  0.000000E+00
    24    39430.9118    8.66315353  5.501274E+08  2.371533E+07  5.213043E+32
        7.626556E+00  2.484439E+01  7.650728E+00  0.0000000000  0.000000E+00
        6.300605E+31 -4.018982E+00 -1.999164E+00 -4.415366E-03  0.000000E+00
    25    38659.7125    8.66435730  5.493655E+08  2.667723E+07  4.803687E+32
        7.611412E+00  2.484521E+01  7.651341E+00  0.0000000000  0.000000E+00
        4.644526E+31 -4.018982E+00 -1.999164E+00 -4.415366E-03  0.000000E+00
    26    37873.1775    8.66557537  5.485957E+08  2.995183E+07  4.412139E+32
        7.595879E+00  2.484600E+01  7.651943E+00  0.0000000000  0.000000E+00
        3.388006E+31 -4.018982E+00 -1.999164E+00 -4.415366E-03  0.000000E+00
    27    37081.4935    8.66679574  5.478254E+08  3.354384E+07  4.043251E+32
        7.580041E+00  2.484678E+01  7.652535E+00  0.0000000000  0.000000E+00
        2.451881E+31 -4.018982E+00 -1.999164E+00 -4.415366E-03  0.000000E+00
    28    36273.9086    8.66803174  5.470464E+08  3.749667E+07  3.691843E+32
        7.563820E+00  2.484756E+01  7.653123E+00  0.0000000000  0.000000E+00
        1.757677E+31 -4.018982E+00 -1.999164E+00 -4.415366E-03  0.000000E+00
    29    35469.4188    8.66926596  5.462697E+08  4.180390E+07  3.365487E+32
        7.547347E+00  2.484833E+01  7.653705E+00  0.0000000000  0.000000E+00
        1.251926E+31 -4.018982E+00 -1.999164E+00 -4.415366E-03  0.000000E+00
    30    34665.5464    8.67049785  5.454955E+08  4.649818E+07  3.061906E+32
        7.530591E+00  2.484909E+01  7.654279E+00  0.0000000000  0.000000E+00
        8.857164E+30 -4.018982E+00 -1.999164E+00 -4.415366E-03  0.000000E+00
    31    33864.4643    8.67172188  5.447273E+08  5.158871E+07  2.780690E+32
        7.513620E+00  2.484985E+01  7.654842E+00  0.0000000000  0.000000E+00
        6.236241E+30 -4.018982E+00 -1.999164E+00 -4.415366E-03  0.000000E+00
    32    33072.2405    8.67292964  5.439704E+08  5.708398E+07  2.522449E+32
        7.496493E+00  2.485058E+01  7.655390E+00  0.0000000000  0.000000E+00
        4.376884E+30 -4.018982E+00 -1.999164E+00 -4.415366E-03  0.000000E+00
    33    32287.9614    8.67411955  5.432257E+08  6.300632E+07  2.285286E+32
        7.479225E+00  2.485129E+01  7.655920E+00  0.0000000000  0.000000E+00
        3.064948E+30 -4.018982E+00 -1.999164E+00 -4.415366E-03  0.000000E+00
    34    31512.9561    8.67528739  5.424958E+08  6.937073E+07  2.068077E+32
        7.461853E+00  2.485197E+01  7.656425E+00  0.0000000000  0.000000E+00
        2.144577E+30 -4.018982E+00 -1.999164E+00 -4.415366E-03  0.000000E+00
    35    30749.4011    8.67642570  5.417853E+08  7.618731E+07  1.869901E+32
        7.444424E+00  2.485259E+01  7.656892E+00  0.0000000000  0.000000E+00
        1.501881E+30 -4.018982E+00 -1.999164E+00 -4.415366E-03  0.000000E+00
    36    30001.0408    8.67753307  5.410950E+08  8.345457E+07  1.690090E+32
        7.427023E+00  2.485317E+01  7.657322E+00  0.0000000000  0.000000E+00
        1.054946E+30 -4.018982E+00 -1.999164E+00 -4.415366E-03  0.000000E+00
    37    29268.6449    8.67861952  5.404186E+08  9.120356E+07  1.527174E+32
        7.409654E+00  2.485373E+01  7.657739E+00  0.0000000000  0.000000E+00
        7.435750E+29 -4.018982E+00 -1.999164E+00 -4.415366E-03  0.000000E+00
    38    28552.1340    8.67969538  5.397497E+08  9.947645E+07  1.379610E+32
        7.392301E+00  2.485431E+01  7.658166E+00  0.0000000000  0.000000E+00
        5.259444E+29 -4.018982E+00 -1.999164E+00 -4.415366E-03  0.000000E+00
    39    27851.3282    8.68077048  5.390820E+08  1.083183E+08  1.245979E+32
        7.374952E+00  2.485493E+01  7.658628E+00  0.0000000000  0.000000E+00
        3.733594E+29 -4.018982E+00 -1.999164E+00 -4.415366E-03  0.000000E+00
    40    27167.6428    8.68184552  5.384152E+08  1.177601E+08  1.125278E+32
        7.357623E+00  2.485560E+01  7.659130E+00  0.0000000000  0.000000E+00
        2.661799E+29 -4.018982E+00 -1.999164E+00 -4.415366E-03  0.000000E+00
    41    26501.3441    8.68290557  5.377585E+08  1.278315E+08  1.016398E+32
        7.340321E+00  2.485628E+01  7.659643E+00  0.0000000000  0.000000E+00
        1.906641E+29 -4.018982E+00 -1.999164E+00 -4.415366E-03  0.000000E+00
    42    25851.6086    8.68393570  5.371211E+08  1.385787E+08  9.181468E+31
        7.323022E+00  2.485693E+01  7.660135E+00  0.0000000000  0.000000E+00
        1.371938E+29 -4.018982E+00 -1.999164E+00 -4.415366E-03  0.000000E+00
    43    25215.9205    8.68492265  5.365111E+08  1.500544E+08  8.292285E+31
        7.305698E+00  2.485752E+01  7.660578E+00  0.0000000000  0.000000E+00
        9.915555E+28 -4.018982E+00 -1.999164E+00 -4.415366E-03  0.000000E+00
    44    24594.0843    8.68585542  5.359353E+08  1.622881E+08  7.487981E+31
        7.288369E+00  2.485802E+01  7.660953E+00  0.0000000000  0.000000E+00
        7.202945E+28 -4.018982E+00 -1.999164E+00 -4.415366E-03  0.000000E+00
    45    23986.8014    8.68673638  5.353920E+08  1.752978E+08  6.761616E+31
        7.271088E+00  2.485845E+01  7.661276E+00  0.0000000000  0.000000E+00
        5.264916E+28 -4.018982E+00 -1.999164E+00 -4.415366E-03  0.000000E+00
    46    23393.6105    8.68757150  5.348775E+08  1.891275E+08  6.105413E+31
        7.253869E+00  2.485883E+01  7.661566E+00  0.0000000000  0.000000E+00
        3.873479E+28 -4.018982E+00 -1.999164E+00 -4.415366E-03  0.000000E+00
    47    22814.5973    8.68836979  5.343861E+08  2.038353E+08  5.512886E+31
        7.236712E+00  2.485919E+01  7.661843E+00  0.0000000000  0.000000E+00
        2.868082E+28 -4.018982E+00 -1.999164E+00 -4.415366E-03  0.000000E+00
    48    22249.9661    8.68914422  5.339099E+08  2.195016E+08  4.978182E+31
        7.219594E+00  2.485956E+01  7.662121E+00  0.0000000000  0.000000E+00
        2.135981E+28 -4.018982E+00 -1.999164E+00 -4.415366E-03  0.000000E+00
    49    21700.1180    8.68990383  5.334432E+08  2.362171E+08  4.496164E+31
        7.202485E+00  2.485993E+01  7.662408E+00  0.0000000000  0.000000E+00
        1.598721E+28 -4.018982E+00 -1.999164E+00 -4.415366E-03  0.000000E+00
    50    21167.1879    8.69065269  5.329834E+08  2.540522E+08  4.063474E+31
        7.185378E+00  2.486031E+01  7.662693E+00  0.0000000000  0.000000E+00
        1.201970E+28 -4.018982E+00 -1.999164E+00 -4.415366E-03  0.000000E+00
    51    20647.9506    8.69139923  5.325255E+08  2.731580E+08  3.672875E+31
        7.168193E+00  2.486066E+01  7.662967E+00  0.0000000000  0.000000E+00
        9.063761E+27 -4.018982E+00 -1.999164E+00 -4.415366E-03  0.000000E+00
    52    20142.3722    8.69214520  5.320684E+08  2.936204E+08  3.320434E+31
        7.150920E+00  2.486098E+01  7.663215E+00  0.0000000000  0.000000E+00
        6.852983E+27 -4.018982E+00 -1.999164E+00 -4.415366E-03  0.000000E+00
    53    19648.6642    8.69288128  5.316177E+08  3.155635E+08  3.001569E+31
        7.133518E+00  2.486125E+01  7.663417E+00  0.0000000000  0.000000E+00
        5.191222E+27 -4.018982E+00 -1.999164E+00 -4.415366E-03  0.000000E+00
    54    19165.8957    8.69359549  5.311807E+08  3.390353E+08  2.712805E+31
        7.116020E+00  2.486145E+01  7.663557E+00  0.0000000000  0.000000E+00
        3.941547E+27 -4.018982E+00 -1.999164E+00 -4.415366E-03  0.000000E+00
    55    18693.9960    8.69429228  5.307548E+08  3.640527E+08  2.451398E+31
        7.098497E+00  2.486161E+01  7.663667E+00  0.0000000000  0.000000E+00
        3.002484E+27 -4.018982E+00 -1.999164E+00 -4.415366E-03  0.000000E+00
    56    18232.1921    8.69497921  5.303352E+08  3.906862E+08  2.214491E+31
        7.080980E+00  2.486178E+01  7.663784E+00  0.0000000000  0.000000E+00
        2.295202E+27 -4.018982E+00 -1.999164E+00 -4.415366E-03  0.000000E+00
    57    17780.5739    8.69566633  5.299158E+08  4.190207E+08  1.999928E+31
        7.063492E+00  2.486201E+01  7.663948E+00  0.0000000000  0.000000E+00
        1.760756E+27 -4.018982E+00 -1.999164E+00 -4.415366E-03  0.000000E+00
    58    17339.6030    8.69636757  5.294882E+08  4.491886E+08  1.805870E+31
        7.046029E+00  2.486233E+01  7.664191E+00  0.0000000000  0.000000E+00
        1.354305E+27 -4.018982E+00 -1.999164E+00 -4.415366E-03  0.000000E+00
    59    16910.1265    8.69707690  5.290560E+08  4.812969E+08  1.630828E+31
        7.028589E+00  2.486272E+01  7.664489E+00  0.0000000000  0.000000E+00
        1.038140E+27 -4.018982E+00 -1.999164E+00 -4.415366E-03  0.000000E+00
    60    16491.7992    8.69777724  5.286296E+08  5.155081E+08  1.472965E+31
        7.011126E+00  2.486312E+01  7.664796E+00  0.0000000000  0.000000E+00
        8.024564E+26 -4.018982E+00 -1.999164E+00 -4.415366E-03  0.000000E+00
    61    16083.7086    8.69845058  5.282199E+08  5.520290E+08  1.330429E+31
        6.993583E+00  2.486347E+01  7.665065E+00  0.0000000000  0.000000E+00
        6.206989E+26 -4.018982E+00 -1.999164E+00 -4.415366E-03  0.000000E+00
    62    15684.6816    8.69907839  5.278383E+08  5.910767E+08  1.201495E+31
        6.975898E+00  2.486371E+01  7.665249E+00  0.0000000000  0.000000E+00
        4.799594E+26 -4.018982E+00 -1.999164E+00 -4.415366E-03  0.000000E+00
    63    15294.1448    8.69965534  5.274878E+08  6.328024E+08  1.084783E+31
        6.958070E+00  2.486382E+01  7.665334E+00  0.0000000000  0.000000E+00
        3.710121E+26 -4.018982E+00 -1.999164E+00 -4.415366E-03  0.000000E+00
    64    14912.0403    8.70019981  5.271572E+08  6.772823E+08  9.791428E+30
        6.940151E+00  2.486387E+01  7.665368E+00  0.0000000000  0.000000E+00
        2.868565E+26 -4.018982E+00 -1.999164E+00 -4.415366E-03  0.000000E+00
    65    14537.2642    8.70073464  5.268327E+08  7.246754E+08  8.832703E+30
        6.922164E+00  2.486392E+01  7.665403E+00  0.0000000000  0.000000E+00
        2.218069E+26 -4.018982E+00 -1.999164E+00 -4.415366E-03  0.000000E+00
    66    14169.4452    8.70128328  5.265001E+08  7.751193E+08  7.962064E+30
        6.904143E+00  2.486405E+01  7.665494E+00  0.0000000000  0.000000E+00
        1.716824E+26 -4.018982E+00 -1.999164E+00 -4.415366E-03  0.000000E+00
    67    13832.5342    8.70182387  5.261725E+08  8.250440E+08  7.222386E+30
        6.887313E+00  2.486429E+01  7.665666E+00  0.0000000000  0.000000E+00
        1.352918E+26 -4.018982E+00 -1.999164E+00 -4.415366E-03  0.000000E+00
    68    13572.8470    8.70226133  5.259075E+08  8.660977E+08  6.688366E+30
        6.874115E+00  2.486453E+01  7.665845E+00  0.0000000000  0.000000E+00
        1.122858E+26 -4.018982E+00 -1.999164E+00 -4.415366E-03  0.000000E+00
    69    13381.2350    8.70259081  5.257081E+08  8.979368E+08  6.313810E+30
        6.864234E+00  2.486473E+01  7.665991E+00  0.0000000000  0.000000E+00
        9.769220E+25 -4.018982E+00 -1.999164E+00 -4.415366E-03  0.000000E+00
    70    13231.9745    8.70284915  5.255517E+08  9.237227E+08  6.033190E+30
        6.856444E+00  2.486489E+01  7.666107E+00  0.0000000000  0.000000E+00
        8.755321E+25 -4.018982E+00 -1.999164E+00 -4.415366E-03  0.000000E+00
    71    13047.0704    8.70316938  5.253580E+08  9.583020E+08  5.698758E+30
        6.849915E+00  2.486509E+01  7.666311E+00  0.0029497387 -1.282948E-03
        7.659220E+25 -4.018982E+00 -1.999164E+00 -4.415366E-03  0.000000E+00
    72    12883.6175    8.70345390  5.251860E+08  9.928812E+08  5.414956E+30
        6.843187E+00  2.486525E+01  7.666430E+00  0.0118049553 -5.157328E-03
        6.825625E+25 -4.018982E+00 -1.999164E+00 -4.415366E-03  0.000000E+00
    73    12740.4263    8.70370361  5.250350E+08  1.027460E+09  5.175232E+30
        6.835875E+00  2.486538E+01  7.666523E+00  0.0246193558 -1.082587E-02
        6.162598E+25 -4.018982E+00 -1.999164E+00 -4.415366E-03  0.000000E+00
    74    12612.4740    8.70392354  5.249021E+08  1.062040E+09  4.967926E+30
        6.828670E+00  2.486548E+01  7.666593E+00  0.0396299761 -1.756140E-02
        5.608072E+25 -4.018982E+00 -1.999164E+00 -4.415366E-03  0.000000E+00
    75    12495.0913    8.70412066  5.247830E+08  1.096619E+09  4.783377E+30
        6.821730E+00  2.486555E+01  7.666642E+00  0.0557624461 -2.491873E-02
        5.129591E+25 -4.018982E+00 -1.999164E+00 -4.415366E-03  0.000000E+00
    76    12385.1292    8.70430091  5.246741E+08  1.131198E+09  4.615288E+30
        6.815071E+00  2.486560E+01  7.666675E+00  0.0724297934 -3.265321E-02
        4.708541E+25 -4.018982E+00 -1.999164E+00 -4.415366E-03  0.000000E+00
    77    12279.9802    8.70446919  5.245724E+08  1.165777E+09  4.458811E+30
        6.808599E+00  2.486562E+01  7.666694E+00  0.0893528455 -4.064987E-02
        4.331442E+25 -4.018982E+00 -1.999164E+00 -4.415366E-03  0.000000E+00
    78    12156.6364    8.70466288  5.244555E+08  1.208490E+09  4.280440E+30
        6.800990E+00  2.486564E+01  7.666705E+00  0.1103576775 -5.078456E-02
        3.920427E+25 -4.018982E+00 -1.999164E+00 -4.415366E-03  0.000000E+00
    79    12018.7993    8.70487698  5.243262E+08  1.258659E+09  4.087567E+30
        6.792413E+00  2.486564E+01  7.666708E+00  0.1348585079 -6.291286E-02
        3.499089E+25 -4.018982E+00 -1.999164E+00 -4.415366E-03  0.000000E+00
    80    11869.5370    8.70510761  5.241870E+08  1.315731E+09  3.886199E+30
        6.783051E+00  2.486564E+01  7.666706E+00  0.1623148761 -7.691920E-02
        3.086549E+25 -4.018982E+00 -1.999164E+00 -4.415366E-03  0.000000E+00
    81    11705.3600    8.70536311  5.240328E+08  1.381704E+09  3.673445E+30
        6.772665E+00  2.486565E+01  7.666709E+00  0.1933439710 -9.331162E-02
        2.682063E+25 -4.018982E+00 -1.999164E+00 -4.415366E-03  0.000000E+00
    82    11534.2355    8.70563719  5.238675E+08  1.453895E+09  3.461112E+30
        6.761742E+00  2.486568E+01  7.666730E+00  0.2263192271 -1.114382E-01
        2.310285E+25 -4.018982E+00 -1.999164E+00 -4.415366E-03  0.000000E+00
    83    11350.9349    8.70594485  5.236820E+08  1.534984E+09  3.243988E+30
        6.749944E+00  2.486575E+01  7.666781E+00  0.2620409346 -1.319677E-01
        1.963667E+25 -4.018982E+00 -1.999164E+00 -4.415366E-03  0.000000E+00
    84    11164.6479    8.70627626  5.234822E+08  1.621238E+09  3.033901E+30
        6.737855E+00  2.486587E+01  7.666872E+00  0.2984737999 -1.539561E-01
        1.660418E+25 -4.018982E+00 -1.999164E+00 -4.415366E-03  0.000000E+00
    85    10971.3907    8.70663554  5.232657E+08  1.714753E+09  2.826889E+30
        6.725219E+00  2.486605E+01  7.667007E+00  0.3361304390 -1.779172E-01
        1.391374E+25 -4.018982E+00 -1.999164E+00 -4.415366E-03  0.000000E+00
    86    10761.7123    8.70703046  5.230279E+08  1.820866E+09  2.614524E+30
        6.711393E+00  2.486629E+01  7.667178E+00  0.3765496561 -2.051981E-01
        1.145223E+25 -4.018982E+00 -1.999164E+00 -4.415366E-03  0.000000E+00
    87    10538.0085    8.70744370  5.227791E+08  1.939507E+09  2.401530E+30
        6.696485E+00  2.486652E+01  7.667355E+00  0.4189120567 -2.357581E-01
        9.268254E+24 -4.018982E+00 -1.999164E+00 -4.415366E-03  0.000000E+00
    88    10296.7057    8.70787028  5.225224E+08  2.074285E+09  2.186857E+30
        6.680158E+00  2.486674E+01  7.667515E+00  0.4635773544 -2.704929E-01
        7.339470E+24 -4.018982E+00 -1.999164E+00 -4.415366E-03  0.000000E+00
    89    10047.6973    8.70828846  5.222709E+08  2.221684E+09  1.980958E+30
        6.662935E+00  2.486689E+01  7.667628E+00  0.5085212203 -3.084952E-01
        5.727275E+24 -4.018982E+00 -1.999164E+00 -4.415366E-03  0.000000E+00
    90     9796.0549    8.70869592  5.220260E+08  2.380435E+09  1.788160E+30
        6.645029E+00  2.486698E+01  7.667695E+00  0.5527517754 -3.494514E-01
        4.417449E+24 -4.018982E+00 -1.999164E+00 -4.415366E-03  0.000000E+00
    91     9533.0203    8.70912801  5.217663E+08  2.558581E+09  1.602107E+30
        6.625647E+00  2.486706E+01  7.667754E+00  0.5977159047 -3.954671E-01
        3.328042E+24 -4.018982E+00 -1.999164E+00 -4.415366E-03  0.000000E+00
    92     9267.5621    8.70957788  5.214962E+08  2.751835E+09  1.429492E+30
        6.605333E+00  2.486716E+01  7.667826E+00  0.6414798552 -4.454864E-01
        2.467861E+24 -4.018982E+00 -1.999164E+00 -4.415366E-03  0.000000E+00
    93     9006.0974    8.71002295  5.212290E+08  2.954668E+09  1.273565E+30
        6.584683E+00  2.486728E+01  7.667905E+00  0.6824331990 -4.981649E-01
        1.817229E+24 -4.018982E+00 -1.999164E+00 -4.415366E-03  0.000000E+00
    94     8779.8898    8.71040495  5.209998E+08  3.138601E+09  1.149341E+30
        6.566465E+00  2.486739E+01  7.667986E+00  0.7156804662 -5.461933E-01
        1.384919E+24 -4.018982E+00 -1.999164E+00 -4.415366E-03  0.000000E+00
    95     8561.3280    8.71077745  5.207764E+08  3.323389E+09  1.038209E+30
        6.548649E+00  2.486752E+01  7.668080E+00  0.7456419931 -5.945546E-01
        1.060221E+24 -4.018982E+00 -1.999164E+00 -4.415366E-03  0.000000E+00
    96     8347.7573    8.71114188  5.205580E+08  3.510857E+09  9.376374E+29
        6.531054E+00  2.486767E+01  7.668182E+00  0.7728275809 -6.436444E-01
        8.133139E+23 -4.018982E+00 -1.999164E+00 -4.415366E-03  0.000000E+00
    97     8109.3054    8.71153788  5.203207E+08  3.729868E+09  8.342463E+29
        6.511110E+00  2.486782E+01  7.668288E+00  0.8008709348 -7.008653E-01
        6.013026E+23 -4.018982E+00 -1.999164E+00 -4.415366E-03  0.000000E+00
    98     7880.0903    8.71189283  5.201081E+08  3.951993E+09  7.432407E+29
        6.491462E+00  2.486791E+01  7.668361E+00  0.8257589912 -7.588496E-01
        4.458700E+23 -4.018982E+00 -1.999164E+00 -4.415366E-03  0.000000E+00
    99     7683.8336    8.71218118  5.199355E+08  4.153332E+09  6.714724E+29
        6.474094E+00  2.486795E+01  7.668406E+00  0.8456241994 -8.114208E-01
        3.418961E+23 -4.018982E+00 -1.999164E+00 -4.415366E-03  0.000000E+00
   100     7471.2426    8.71249406  5.197482E+08  4.386302E+09  5.997563E+29
        6.454526E+00  2.486799E+01  7.668447E+00  0.8657640179 -8.721311E-01
        2.531739E+23 -4.018982E+00 -1.999164E+00 -4.415366E-03  0.000000E+00
   101     7269.2510    8.71280676  5.195612E+08  4.623705E+09  5.370929E+29
        6.435073E+00  2.486801E+01  7.668482E+00  0.8836146009 -9.341015E-01
        1.875609E+23 -4.018982E+00 -1.999164E+00 -4.415366E-03  0.000000E+00
   102     7076.7667    8.71312777  5.193692E+08  4.864171E+09  4.820691E+29
        6.415804E+00  2.486804E+01  7.668512E+00  0.8993193664 -9.970541E-01
        1.391877E+23 -4.018982E+00 -1.999164E+00 -4.415366E-03  0.000000E+00
   103     6895.1748    8.71344467  5.191797E+08  5.101482E+09  4.341442E+29
        6.397177E+00  2.486806E+01  7.668528E+00  0.9127759207 -1.059364E+00
        1.042163E+23 -4.018982E+00 -1.999164E+00 -4.415366E-03  0.000000E+00
   104     6728.3373    8.71374088  5.190027E+08  5.326937E+09  3.933577E+29
        6.379833E+00  2.486807E+01  7.668531E+00  0.9239049306 -1.118643E+00
        7.953307E+22 -4.018982E+00 -1.999164E+00 -4.415366E-03  0.000000E+00
   105     6573.3568    8.71403063  5.188296E+08  5.543046E+09  3.581094E+29
        6.363536E+00  2.486807E+01  7.668530E+00  0.9332340619 -1.175445E+00
        6.165478E+22 -4.018982E+00 -1.999164E+00 -4.415366E-03  0.000000E+00
   106     6426.8191    8.71432617  5.186531E+08  5.755814E+09  3.270060E+29
        6.347804E+00  2.486807E+01  7.668528E+00  0.9412899155 -1.231287E+00
        4.818902E+22 -4.018982E+00 -1.999164E+00 -4.415366E-03  0.000000E+00
   107     6284.9100    8.71463076  5.184712E+08  5.976310E+09  2.988567E+29
        6.331790E+00  2.486807E+01  7.668531E+00  0.9486121589 -1.289140E+00
        3.747474E+22 -4.018982E+00 -1.999164E+00 -4.415366E-03  0.000000E+00
   108     6144.2036    8.71496730  5.182704E+08  6.226001E+09  2.727675E+29
        6.313889E+00  2.486808E+01  7.668536E+00  0.9558467181 -1.355037E+00
        2.827042E+22 -4.018982E+00 -1.999164E+00 -4.415366E-03  0.000000E+00
   109     5992.6031    8.71542121  5.179996E+08  6.584823E+09  2.465690E+29
        6.287988E+00  2.486809E+01  7.668543E+00  0.9647439543 -1.452766E+00
        1.877506E+22 -4.018982E+00 -1.999164E+00 -4.415362E-03  0.000000E+00
   110     5883.6039    8.71582115  5.177612E+08  6.943646E+09  2.289023E+29
        6.260981E+00  2.486810E+01  7.668553E+00  0.9723041514 -1.557585E+00
        1.223272E+22 -4.018982E+00 -1.999155E+00 -4.415365E-03  0.000000E+00
   111     5804.4086    8.71616319  5.175573E+08  7.267615E+09  2.166538E+29
        6.234996E+00  2.486812E+01  7.668564E+00  0.9781013412 -1.659582E+00
        8.089239E+21 -4.018982E+00 -1.999118E+00 -4.415818E-03  0.000000E+00
   112     5745.3510    8.71644878  5.173872E+08  7.540439E+09  2.078332E+29
        6.211516E+00  2.486813E+01  7.668576E+00  0.9821282716 -1.747833E+00
        5.561343E+21 -4.018982E+00 -1.998764E+00 -4.419412E-03  0.000000E+00
   113     5691.9161    8.71671643  5.172278E+08  7.794610E+09  2.000853E+29
        6.187788E+00  2.486815E+01  7.668591E+00  0.9846917590 -1.815075E+00
        3.804491E+21 -4.018982E+00 -1.998412E+00 -4.422979E-03  0.000000E+00
   114     5639.6534    8.71695889  5.170834E+08  8.024747E+09  1.927295E+29
        6.164615E+00  2.486818E+01  7.668611E+00  0.9864485919 -1.868016E+00
        2.623303E+21 -4.018982E+00 -1.998358E+00 -4.423529E-03  0.000000E+00
   115     5576.3251    8.71720376  5.169377E+08  8.258836E+09  1.841137E+29
        6.138984E+00  2.486822E+01  7.668637E+00  0.9874130882 -1.900081E+00
        1.737268E+21 -4.018982E+00 -1.992847E+00 -4.479771E-03  0.000000E+00
   116     5520.8369    8.71739384  5.168246E+08  8.439563E+09  1.768167E+29
        6.117763E+00  2.486825E+01  7.668658E+00  0.9875088319 -1.903397E+00
        1.234474E+21 -4.018982E+00 -1.988091E+00 -4.528895E-03  0.000000E+00
   117     5464.1377    8.71757794  5.167150E+08  8.614772E+09  1.695923E+29
        6.095950E+00  2.486827E+01  7.668672E+00  0.9876138484 -1.907064E+00
        8.686678E+20 -4.018982E+00 -1.984154E+00 -4.569977E-03  0.000000E+00
   118     5403.5491    8.71776433  5.166042E+08  8.793520E+09  1.621249E+29
        6.072202E+00  2.486828E+01  7.668680E+00  0.9877371459 -1.911408E+00
        5.923047E+20 -4.018982E+00 -1.980480E+00 -4.608644E-03  0.000000E+00
   119     5344.5801    8.71793131  5.165049E+08  8.956681E+09  1.551031E+29
        6.049063E+00  2.486828E+01  7.668683E+00  0.9878588320 -1.915740E+00
        4.077166E+20 -4.018982E+00 -1.977244E+00 -4.642981E-03  0.000000E+00
   120     5284.8700    8.71808319  5.164145E+08  9.108281E+09  1.482353E+29
        6.026123E+00  2.486828E+01  7.668685E+00  0.9879829491 -1.920202E+00
        2.814636E+20 -4.018982E+00 -1.974316E+00 -4.674279E-03  0.000000E+00
   121     5222.6288    8.71822113  5.163325E+08  9.249934E+09  1.413296E+29
        6.003250E+00  2.486829E+01  7.668687E+00  0.9881090257 -1.924783E+00
        1.944607E+20 -4.018982E+00 -1.971960E+00 -4.699606E-03  0.000000E+00
   122     5155.0582    8.71834719  5.162576E+08  9.385531E+09  1.341172E+29
        5.979946E+00  2.486829E+01  7.668688E+00  0.9882328038 -1.929327E+00
        1.333858E+20 -4.018982E+00 -1.968598E+00 -4.736005E-03  0.000000E+00
   123     5079.3170    8.71846793  5.161859E+08  9.520093E+09  1.263720E+29
        5.955347E+00  2.486829E+01  7.668689E+00  0.9883612476 -1.934094E+00
        8.954664E+19 -4.018982E+00 -1.965203E+00 -4.773043E-03  0.000000E+00
   124     5012.9731    8.71856582  5.161277E+08  9.633827E+09  1.198708E+29
        5.933100E+00  2.486829E+01  7.668690E+00  0.9885143760 -1.939845E+00
        6.244547E+19 -4.018982E+00 -1.964582E+00 -4.779856E-03  0.000000E+00
   125     4938.6192    8.71866638  5.160679E+08  9.747235E+09  1.128894E+29
        5.909700E+00  2.486829E+01  7.668690E+00  0.9886738473 -1.945918E+00
        4.271870E+19 -4.018982E+00 -1.964027E+00 -4.785950E-03  0.000000E+00
   126     4860.4527    8.71876625  5.160086E+08  9.860535E+09  1.058859E+29
        5.884848E+00  2.486829E+01  7.668690E+00  0.9888372683 -1.952230E+00
        2.853118E+19 -4.018982E+00 -1.963516E+00 -4.791564E-03  0.000000E+00
   127     4784.9300    8.71885803  5.159541E+08  9.964914E+09  9.943560E+28
        5.860459E+00  2.486829E+01  7.668690E+00  0.9889907197 -1.958241E+00
        1.919156E+19 -4.018982E+00 -1.963064E+00 -4.796534E-03  0.000000E+00
   128     4712.4700    8.71894161  5.159044E+08  1.005904E+10  9.352987E+28
        5.837039E+00  2.486829E+01  7.668691E+00  0.9891322077 -1.963859E+00
        1.310928E+19 -4.018982E+00 -1.962664E+00 -4.800940E-03  0.000000E+00
   129     4637.8591    8.71902084  5.158574E+08  1.014897E+10  8.772975E+28
        5.813277E+00  2.486829E+01  7.668692E+00  0.9892707548 -1.969431E+00
        8.901442E+18 -4.018982E+00 -1.962286E+00 -4.805111E-03  0.000000E+00
   130     4558.6448    8.71909658  5.158124E+08  1.023708E+10  8.187362E+28
        5.788555E+00  2.486830E+01  7.668692E+00  0.9894100783 -1.975107E+00
        5.948609E+18 -4.018982E+00 -1.961916E+00 -4.809195E-03  0.000000E+00
   131     4477.3234    8.71916744  5.157703E+08  1.032086E+10  7.617351E+28
        5.763542E+00  2.486830E+01  7.668693E+00  0.9895464229 -1.980735E+00
        3.954544E+18 -4.018982E+00 -1.961560E+00 -4.813119E-03  0.000000E+00
   132     4396.0414    8.71923302  5.157314E+08  1.040026E+10  7.078017E+28
        5.738378E+00  2.486830E+01  7.668693E+00  0.9896793953 -1.986295E+00
        2.621375E+18 -4.018982E+00 -1.961219E+00 -4.816889E-03  0.000000E+00
   133     4316.0450    8.71929652  5.156937E+08  1.047730E+10  6.575744E+28
        5.712423E+00  2.486830E+01  7.668693E+00  0.9898124957 -1.991932E+00
        1.714598E+18 -4.018982E+00 -1.960882E+00 -4.820613E-03  0.000000E+00
   134     4253.2042    8.71934714  5.156636E+08  1.053922E+10  6.200338E+28
        5.690251E+00  2.486830E+01  7.668693E+00  0.9899231730 -1.996676E+00
        1.192685E+18 -4.018982E+00 -1.960608E+00 -4.823649E-03  0.000000E+00
   135     4191.3777    8.71939864  5.156330E+08  1.060201E+10  5.846906E+28
        5.666216E+00  2.486830E+01  7.668693E+00  0.9900400483 -2.001743E+00
        8.044489E+17 -4.018982E+00 -1.960318E+00 -4.826862E-03  0.000000E+00
   136     4139.3133    8.71944114  5.156078E+08  1.065371E+10  5.561214E+28
        5.645165E+00  2.486830E+01  7.668693E+00  0.9901405843 -2.006149E+00
        5.696219E+17 -4.018982E+00 -1.960088E+00 -4.829412E-03  0.000000E+00
   137     4081.4605    8.71948398  5.155824E+08  1.070540E+10  5.256250E+28
        5.622742E+00  2.486830E+01  7.668693E+00  0.9902442672 -2.010740E+00
        3.943174E+17 -4.018982E+00 -1.959852E+00 -4.832026E-03  0.000000E+00
   138     4011.6938    8.71953382  5.155528E+08  1.075802E+10  4.905404E+28
        5.598428E+00  2.486830E+01  7.668694E+00  0.9903797429 -2.016813E+00
        2.646407E+17 -4.018982E+00 -1.962357E+00 -4.804325E-03  0.000000E+00
   139     3934.0090    8.71957877  5.155261E+08  1.080859E+10  4.535866E+28
        5.573793E+00  2.486830E+01  7.668694E+00  0.9905638738 -2.025206E+00
        1.766332E+17 -4.018982E+00 -1.963616E+00 -4.790470E-03  0.000000E+00
   140     3842.7241    8.71962373  5.154994E+08  1.086260E+10  4.128864E+28
        5.546106E+00  2.486830E+01  7.668695E+00  0.9908400850 -2.038109E+00
        1.121130E+17 -4.018982E+00 -1.964976E+00 -4.775540E-03  0.000000E+00
   141     3743.5406    8.71966943  5.154723E+08  1.091764E+10  3.718419E+28
        5.516320E+00  2.486830E+01  7.668695E+00  0.9911350003 -2.052321E+00
        6.874552E+16 -4.018982E+00 -1.966459E+00 -4.759318E-03  0.000000E+00
   142     3635.5306    8.71972258  5.154408E+08  1.097449E+10  3.307091E+28
        5.484001E+00  2.486830E+01  7.668696E+00  0.9914551074 -2.068293E+00
        4.043778E+16 -4.018982E+00 -1.967771E+00 -4.744999E-03  0.000000E+00
   143     3509.2822    8.71978508  5.154037E+08  1.103729E+10  2.870686E+28
        5.446420E+00  2.486830E+01  7.668696E+00  0.9918045359 -2.086426E+00
        2.182643E+16 -4.018982E+00 -1.968196E+00 -4.740374E-03  0.000000E+00
   144     3383.7955    8.71983188  5.153759E+08  1.109661E+10  2.481316E+28
        5.409267E+00  2.486830E+01  7.668696E+00  0.9921700965 -2.106244E+00
        1.187333E+16 -4.018982E+00 -1.968640E+00 -4.735547E-03  0.000000E+00
   145     3230.5059    8.71986944  5.153536E+08  1.116584E+10  2.061153E+28
        5.363993E+00  2.486830E+01  7.668696E+00  0.9926345114 -2.132798E+00
        5.675791E+15 -4.018982E+00 -1.969316E+00 -4.728205E-03  0.000000E+00
   146     3072.2943    8.71990287  5.153338E+08  1.123497E+10  1.685955E+28
        5.316912E+00  2.486830E+01  7.668696E+00  0.9933007466 -2.173974E+00
        2.661029E+15 -4.018982E+00 -1.969710E+00 -4.723936E-03  0.000000E+00
   147     3007.1060    8.71991861  5.153245E+08  1.126250E+10  1.547298E+28
        5.296911E+00  2.486830E+01  7.668697E+00  0.9943510594 -2.248033E+00
        1.903962E+15 -4.018982E+00 -1.970677E+00 -4.713463E-03  0.000000E+00
   148     2940.2110    8.71993275  5.153161E+08  1.128923E+10  1.414096E+28
        5.275985E+00  2.486830E+01  7.668697E+00  0.9954290732 -2.339996E+00
        1.351747E+15 -4.018982E+00 -1.970866E+00 -4.711423E-03  0.000000E+00
   149     2868.8689    8.71994704  5.153076E+08  1.131613E+10  1.281721E+28
        5.253288E+00  2.486830E+01  7.668697E+00  0.9963837020 -2.441736E+00
        9.428566E+14 -4.018982E+00 -1.970873E+00 -4.711351E-03  0.000000E+00
   150     2796.0679    8.71996149  5.152990E+08  1.134214E+10  1.156450E+28
        5.229656E+00  2.486830E+01  7.668697E+00  0.9971749240 -2.548970E+00
        6.508386E+14 -4.018982E+00 -1.970873E+00 -4.711351E-03  0.000000E+00
   151     2724.0696    8.71997572  5.152906E+08  1.136657E+10  1.041825E+28
        5.205708E+00  2.486830E+01  7.668698E+00  0.9978067197 -2.658906E+00
        4.469148E+14 -4.018982E+00 -1.970873E+00 -4.711351E-03  0.000000E+00
   152     2654.4868    8.71999070  5.152817E+08  1.138912E+10  9.393536E+27
        5.181993E+00  2.486830E+01  7.668698E+00  0.9982975655 -2.768930E+00
        3.108361E+14 -4.018982E+00 -1.970873E+00 -4.711351E-03  0.000000E+00
   153     2583.1733    8.72000902  5.152708E+08  1.141129E+10  8.423697E+27
        5.157023E+00  2.486830E+01  7.668698E+00  0.9987006552 -2.886276E+00
        2.130440E+14 -4.018982E+00 -1.970873E+00 -4.711351E-03  0.000000E+00
   154     2520.3175    8.72002632  5.152606E+08  1.143012E+10  7.632948E+27
        5.134388E+00  2.486830E+01  7.668698E+00  0.9989844903 -2.993316E+00
        1.518389E+14 -4.018982E+00 -1.970873E+00 -4.711351E-03  0.000000E+00
   155     2454.1215    8.72004307  5.152506E+08  1.144916E+10  6.861811E+27
        5.109906E+00  2.486830E+01  7.668698E+00  0.9992237751 -3.110012E+00
        1.056676E+14 -4.018982E+00 -1.970873E+00 -4.711351E-03  0.000000E+00
   156     2387.0675    8.72005669  5.152425E+08  1.146776E+10  6.141856E+27
        5.084365E+00  2.486830E+01  7.668698E+00  0.9994147890 -3.232687E+00
        7.246956E+13 -4.018982E+00 -1.970873E+00 -4.711351E-03  0.000000E+00
   157     2328.4262    8.72006605  5.152370E+08  1.148355E+10  5.560085E+27
        5.061325E+00  2.486830E+01  7.668698E+00  0.9995471846 -3.344079E+00
        5.185757E+13 -4.018982E+00 -1.970873E+00 -4.711351E-03  0.000000E+00
   158     2266.3008    8.72007393  5.152323E+08  1.149967E+10  4.989922E+27
        5.036151E+00  2.486830E+01  7.668698E+00  0.9996583906 -3.466470E+00
        3.608047E+13 -4.018982E+00 -1.970873E+00 -4.711351E-03  0.000000E+00
   159     2205.5787    8.72008031  5.152285E+08  1.151493E+10  4.476179E+27
        5.010753E+00  2.486830E+01  7.668698E+00  0.9997433159 -3.590601E+00
        2.509216E+13 -4.018982E+00 -1.970873E+00 -4.711351E-03  0.000000E+00
   160     2151.2151    8.72008558  5.152254E+08  1.152823E+10  4.050861E+27
        4.987241E+00  2.486830E+01  7.668698E+00  0.9998031566 -3.705879E+00
        1.796475E+13 -4.018960E+00 -1.970873E+00 -4.711351E-03  0.000000E+00
   161     2093.7777    8.72009115  5.152221E+08  1.154181E+10  3.635203E+27
        4.961569E+00  2.486830E+01  7.668698E+00  0.9998511508 -3.827254E+00
        1.249867E+13 -4.018944E+00 -1.970873E+00 -4.711351E-03  0.000000E+00
   162     2038.3182    8.72008295  5.152270E+08  1.155421E+10  3.265146E+27
        4.936781E+00  2.486830E+01  7.668698E+00  0.9998717985 -3.892107E+00
        8.819922E+12 -4.017909E+00 -1.970882E+00 -4.711351E-03  0.000000E+00
   163     1984.1392    8.72008317  5.152268E+08  1.156585E+10  2.931588E+27
        4.912501E+00  2.486830E+01  7.668698E+00  0.9998791464 -3.917740E+00
        6.272493E+12 -4.017554E+00 -1.970886E+00 -4.711351E-03  0.000000E+00
   164     1929.1888    8.72008239  5.152273E+08  1.157736E+10  2.620077E+27
        4.887159E+00  2.486830E+01  7.668698E+00  0.9998850464 -3.939477E+00
        4.403375E+12 -4.017159E+00 -1.970889E+00 -4.711351E-03  0.000000E+00
   165     1873.2977    8.72008067  5.152283E+08  1.158883E+10  2.329400E+27
        4.860524E+00  2.486830E+01  7.668698E+00  0.9998906955 -3.961362E+00
        3.039361E+12 -4.016742E+00 -1.970893E+00 -4.711351E-03  0.000000E+00
   166     1814.6595    8.72005554  5.152432E+08  1.160063E+10  2.051269E+27
        4.831687E+00  2.486830E+01  7.668698E+00  0.9998964796 -3.984974E+00
        2.036412E+12 -4.014712E+00 -1.970911E+00 -4.711351E-03  0.000000E+00
   167     1767.5818    8.72002292  5.152626E+08  1.160984E+10  1.846685E+27
        4.808247E+00  2.486830E+01  7.668698E+00  0.9998951952 -3.979619E+00
        1.471455E+12 -4.012178E+00 -1.970934E+00 -4.711351E-03  0.000000E+00
   168     1720.4227    8.72002030  5.152641E+08  1.161897E+10  1.657364E+27
        4.784058E+00  2.486830E+01  7.668698E+00  0.9998946122 -3.977210E+00
        1.052674E+12 -4.011638E+00 -1.970939E+00 -4.711351E-03  0.000000E+00
   169     1669.3039    8.72002534  5.152611E+08  1.162884E+10  1.468973E+27
        4.756882E+00  2.486830E+01  7.668698E+00  0.9998951807 -3.979559E+00
        7.228468E+11 -4.011761E+00 -1.970938E+00 -4.711351E-03  0.000000E+00
   170     1611.2914    8.72001447  5.152676E+08  1.163994E+10  1.275203E+27
        4.724850E+00  2.486830E+01  7.668698E+00  0.9998969052 -3.986763E+00
        4.642474E+11 -4.010862E+00 -1.970946E+00 -4.711351E-03  0.000000E+00
   171     1558.7442    8.71998031  5.152879E+08  1.164994E+10  1.116906E+27
        4.694883E+00  2.486830E+01  7.668698E+00  0.9998976650 -3.989976E+00
        3.068461E+11 -4.008486E+00 -1.970968E+00 -4.711351E-03  0.000000E+00
   172     1503.4165    8.71994522  5.153087E+08  1.166055E+10  9.666508E+26
        4.662056E+00  2.486830E+01  7.668698E+00  0.9998990149 -3.995743E+00
        1.949709E+11 -4.006107E+00 -1.970990E+00 -4.711351E-03  0.000000E+00
