     1    17904.6386    6.42503261  3.158233E+09  4.000000E+05  7.304120E+32
        7.844121E+00  2.085599E+01  4.993787E+00  0.0000000000  0.000000E+00
        2.428232E+31 -4.024170E+00 -2.000889E+00 -3.054276E-01 -3.054276E-01
     2    17820.8941    6.43176039  3.133864E+09  8.000000E+05  7.058230E+32
        7.842819E+00  2.086194E+01  4.998028E+00  0.0000000000  0.000000E+00
        2.435471E+31 -4.024170E+00 -2.000907E+00 -3.054274E-01 -3.054274E-01
     3    17749.7335    6.43802370  3.111348E+09  1.200000E+06  6.846709E+32
        7.841503E+00  2.086772E+01  5.002146E+00  0.0000000000  0.000000E+00
        2.444530E+31 -4.024170E+00 -2.000926E+00 -3.054272E-01 -3.054272E-01
     4    17685.3783    6.44396390  3.090142E+09  1.600000E+06  6.656283E+32
        7.840174E+00  2.087333E+01  5.006148E+00  0.0000000000  0.000000E+00
        2.449329E+31 -4.024170E+00 -2.000945E+00 -3.054270E-01 -3.054270E-01
     5    17625.4100    6.44964987  3.069979E+09  2.000000E+06  6.481049E+32
        7.838834E+00  2.087879E+01  5.010042E+00  0.0000000000  0.000000E+00
        2.455944E+31 -4.024170E+00 -2.000965E+00 -3.054268E-01 -3.054268E-01
     6    17568.5553    6.45512281  3.050696E+09  2.400000E+06  6.317709E+32
        7.837485E+00  2.088411E+01  5.013834E+00  0.0000000000  0.000000E+00
        2.458755E+31 -4.024170E+00 -2.000984E+00 -3.054266E-01 -3.054266E-01
     7    17513.1332    6.46044598  3.032057E+09  2.800000E+06  6.162369E+32
        7.836123E+00  2.088932E+01  5.017541E+00  0.0000000000  0.000000E+00
        2.460817E+31 -4.024170E+00 -2.001041E+00 -3.054260E-01 -3.054260E-01
     8    17455.1951    6.46605460  3.012542E+09  3.236631E+06  6.003195E+32
        7.834629E+00  2.089485E+01  5.021481E+00  0.0000000000  0.000000E+00
        2.464602E+31 -4.024170E+00 -2.001102E+00 -3.054254E-01 -3.054254E-01
     9    17394.9979    6.47188713  2.992381E+09  3.706765E+06  5.841826E+32
        7.833010E+00  2.090063E+01  5.025603E+00  0.0000000000  0.000000E+00
        2.465026E+31 -4.024170E+00 -2.001166E+00 -3.054248E-01 -3.054248E-01
    10    17332.8370    6.47788817  2.971778E+09  4.207470E+06  5.679743E+32
        7.831278E+00  2.090662E+01  5.029865E+00  0.0000000000  0.000000E+00
        2.466659E+31 -4.024170E+00 -2.001232E+00 -3.054241E-01 -3.054241E-01
    11    17268.8191    6.48402600  2.950852E+09  4.737466E+06  5.517760E+32
        7.829435E+00  2.091276E+01  5.034240E+00  0.0000000000  0.000000E+00
        2.464940E+31 -4.024170E+00 -2.001300E+00 -3.054234E-01 -3.054234E-01
    12    17203.1000    6.49026708  2.929725E+09  5.295125E+06  5.356709E+32
        7.827488E+00  2.091902E+01  5.038699E+00  0.0000000000  0.000000E+00
        2.463980E+31 -4.024170E+00 -2.001369E+00 -3.054227E-01 -3.054227E-01
    13    17135.6767    6.49659605  2.908455E+09  5.880298E+06  5.196934E+32
        7.825439E+00  2.092539E+01  5.043229E+00  0.0000000000  0.000000E+00
        2.459822E+31 -4.024170E+00 -2.001438E+00 -3.054220E-01 -3.054220E-01
    14    17066.7327    6.50298242  2.887149E+09  6.491340E+06  5.039151E+32
        7.823293E+00  2.093182E+01  5.047805E+00  0.0000000000  0.000000E+00
        2.456077E+31 -4.024170E+00 -2.001509E+00 -3.054213E-01 -3.054213E-01
    15    16996.2362    6.50941521  2.865846E+09  7.128375E+06  4.883532E+32
        7.821051E+00  2.093830E+01  5.052417E+00  0.0000000000  0.000000E+00
        2.449245E+31 -4.024170E+00 -2.001581E+00 -3.054206E-01 -3.054206E-01
    16    16924.3034    6.51587732  2.844604E+09  7.790760E+06  4.730468E+32
        7.818718E+00  2.094481E+01  5.057051E+00  0.0000000000  0.000000E+00
        2.442486E+31 -4.024170E+00 -2.001654E+00 -3.054198E-01 -3.054198E-01
    17    16850.9359    6.52236284  2.823443E+09  8.479000E+06  4.580064E+32
        7.816293E+00  2.095135E+01  5.061700E+00  0.0000000000  0.000000E+00
        2.432818E+31 -4.024170E+00 -2.001728E+00 -3.054191E-01 -3.054191E-01
    18    16776.2860    6.52885185  2.802428E+09  9.192067E+06  4.432714E+32
        7.813783E+00  2.095790E+01  5.066350E+00  0.0000000000  0.000000E+00
        2.422991E+31 -4.024170E+00 -2.001802E+00 -3.054184E-01 -3.054184E-01
    19    16700.3448    6.53534045  2.781571E+09  9.930578E+06  4.288442E+32
        7.811187E+00  2.096444E+01  5.070997E+00  0.0000000000  0.000000E+00
        2.410385E+31 -4.024170E+00 -2.001878E+00 -3.054176E-01 -3.054176E-01
    20    16623.1996    6.54181778  2.760905E+09  1.069437E+07  4.147429E+32
        7.808508E+00  2.097096E+01  5.075632E+00  0.0000000000  0.000000E+00
        2.397385E+31 -4.024170E+00 -2.001954E+00 -3.054168E-01 -3.054168E-01
    21    16544.8128    6.54828610  2.740421E+09  1.148480E+07  4.009586E+32
        7.805746E+00  2.097748E+01  5.080257E+00  0.0000000000  0.000000E+00
        2.381759E+31 -4.024170E+00 -2.002030E+00 -3.054161E-01 -3.054161E-01
    22    16465.4490    6.55472581  2.720179E+09  1.230044E+07  3.875313E+32
        7.802914E+00  2.098396E+01  5.084856E+00  0.0000000000  0.000000E+00
        2.365601E+31 -4.024170E+00 -2.002108E+00 -3.054153E-01 -3.054153E-01
    23    16405.1347    6.55955805  2.705088E+09  1.293132E+07  3.776586E+32
        7.800741E+00  2.098882E+01  5.088302E+00  0.0000000000  0.000000E+00
        2.351732E+31 -4.024170E+00 -2.002139E+00 -3.054150E-01 -3.054150E-01
    24    16319.7840    6.56627968  2.684235E+09  1.383972E+07  3.641801E+32
        7.797595E+00  2.099558E+01  5.093099E+00  0.0000000000  0.000000E+00
        2.331713E+31 -4.024170E+00 -2.002223E+00 -3.054141E-01 -3.054141E-01
    25    16237.7914    6.57263574  2.664665E+09  1.473188E+07  3.517307E+32
        7.794453E+00  2.100198E+01  5.097642E+00  0.0000000000  0.000000E+00
        2.310378E+31 -4.024170E+00 -2.002303E+00 -3.054133E-01 -3.054133E-01
    26    16155.3650    6.57893065  2.645423E+09  1.564922E+07  3.396837E+32
        7.791212E+00  2.100831E+01  5.102143E+00  0.0000000000  0.000000E+00
        2.288348E+31 -4.024170E+00 -2.002385E+00 -3.054125E-01 -3.054125E-01
    27    16071.9717    6.58520920  2.626369E+09  1.659937E+07  3.279485E+32
        7.787857E+00  2.101463E+01  5.106633E+00  0.0000000000  0.000000E+00
        2.264086E+31 -4.024170E+00 -2.002467E+00 -3.054117E-01 -3.054117E-01
    28    15987.7871    6.59146234  2.607530E+09  1.758241E+07  3.165405E+32
        7.784394E+00  2.102093E+01  5.111106E+00  0.0000000000  0.000000E+00
        2.238339E+31 -4.024170E+00 -2.002551E+00 -3.054108E-01 -3.054108E-01
    29    15902.7950    6.59769586  2.588883E+09  1.860072E+07  3.054473E+32
        7.780821E+00  2.102720E+01  5.115565E+00  0.0000000000  0.000000E+00
        2.211649E+31 -4.024170E+00 -2.002637E+00 -3.054100E-01 -3.054100E-01
    30    15816.5532    6.60394458  2.570325E+09  1.966185E+07  2.946056E+32
        7.777118E+00  2.103349E+01  5.120033E+00  0.0000000000  0.000000E+00
        2.182748E+31 -4.024170E+00 -2.002724E+00 -3.054091E-01 -3.054091E-01
    31    15729.5698    6.61017522  2.551954E+09  2.076243E+07  2.840733E+32
        7.773300E+00  2.103976E+01  5.124486E+00  0.0000000000  0.000000E+00
        2.152821E+31 -4.024170E+00 -2.002813E+00 -3.054082E-01 -3.054082E-01
    32    15641.7652    6.61640089  2.533728E+09  2.190688E+07  2.738296E+32
        7.769359E+00  2.104603E+01  5.128934E+00  0.0000000000  0.000000E+00
        2.120868E+31 -4.024170E+00 -2.002904E+00 -3.054073E-01 -3.054073E-01
    33    15551.8245    6.62270461  2.515406E+09  2.311262E+07  2.637297E+32
        7.765241E+00  2.105237E+01  5.133430E+00  0.0000000000  0.000000E+00
        2.087339E+31 -4.024170E+00 -2.002998E+00 -3.054063E-01 -3.054063E-01
    34    15459.8057    6.62906520  2.497053E+09  2.437829E+07  2.537986E+32
        7.760958E+00  2.105876E+01  5.137955E+00  0.0000000000  0.000000E+00
        2.051582E+31 -4.024170E+00 -2.003096E+00 -3.054054E-01 -3.054054E-01
    35    15366.2557    6.63543937  2.478796E+09  2.569809E+07  2.441019E+32
        7.756537E+00  2.106514E+01  5.142475E+00  0.0000000000  0.000000E+00
        2.014562E+31 -4.024170E+00 -2.003196E+00 -3.054044E-01 -3.054044E-01
    36    15270.9330    6.64183444  2.460612E+09  2.707582E+07  2.346206E+32
        7.751972E+00  2.107153E+01  5.146992E+00  0.0000000000  0.000000E+00
        1.975635E+31 -4.024170E+00 -2.003298E+00 -3.054033E-01 -3.054033E-01
    37    15174.3238    6.64823275  2.442553E+09  2.851184E+07  2.253943E+32
        7.747270E+00  2.107790E+01  5.151498E+00  0.0000000000  0.000000E+00
        1.935235E+31 -4.024170E+00 -2.003403E+00 -3.054023E-01 -3.054023E-01
    38    15075.7319    6.65466430  2.424534E+09  3.001508E+07  2.163653E+32
        7.742410E+00  2.108429E+01  5.156007E+00  0.0000000000  0.000000E+00
        1.893479E+31 -4.024170E+00 -2.003511E+00 -3.054012E-01 -3.054012E-01
    39    14975.4991    6.66108996  2.406664E+09  3.157919E+07  2.075743E+32
        7.737421E+00  2.109064E+01  5.160490E+00  0.0000000000  0.000000E+00
        1.850183E+31 -4.024170E+00 -2.003622E+00 -3.054001E-01 -3.054001E-01
    40    14874.4505    6.66745947  2.389080E+09  3.319462E+07  1.990868E+32
        7.732339E+00  2.109692E+01  5.164912E+00  0.0000000000  0.000000E+00
        1.806191E+31 -4.024170E+00 -2.003733E+00 -3.053990E-01 -3.053990E-01
    41    14772.5260    6.67378029  2.371757E+09  3.486569E+07  1.908873E+32
        7.727158E+00  2.110312E+01  5.169280E+00  0.0000000000  0.000000E+00
        1.761117E+31 -4.024170E+00 -2.003846E+00 -3.053978E-01 -3.053978E-01
    42    14669.2478    6.68006629  2.354655E+09  3.659738E+07  1.829378E+32
        7.721871E+00  2.110926E+01  5.173601E+00  0.0000000000  0.000000E+00
        1.715322E+31 -4.024170E+00 -2.003960E+00 -3.053967E-01 -3.053967E-01
    43    14566.2569    6.68625461  2.337939E+09  3.837707E+07  1.753378E+32
        7.716521E+00  2.111528E+01  5.177838E+00  0.0000000000  0.000000E+00
        1.668967E+31 -4.024170E+00 -2.004075E+00 -3.053955E-01 -3.053955E-01
    44    14461.0769    6.69248056  2.321240E+09  4.024533E+07  1.679037E+32
        7.710997E+00  2.112132E+01  5.182080E+00  0.0000000000  0.000000E+00
        1.621440E+31 -4.024170E+00 -2.004194E+00 -3.053944E-01 -3.053944E-01
    45    14354.4305    6.69869543  2.304691E+09  4.219232E+07  1.606892E+32
        7.705337E+00  2.112731E+01  5.186292E+00  0.0000000000  0.000000E+00
        1.572920E+31 -4.024170E+00 -2.004316E+00 -3.053931E-01 -3.053931E-01
    46    14246.6317    6.70487848  2.288343E+09  4.421578E+07  1.537123E+32
        7.699557E+00  2.113324E+01  5.190459E+00  0.0000000000  0.000000E+00
        1.523761E+31 -4.024170E+00 -2.004441E+00 -3.053919E-01 -3.053919E-01
    47    14137.4683    6.71103036  2.272193E+09  4.632169E+07  1.469584E+32
        7.693650E+00  2.113912E+01  5.194580E+00  0.0000000000  0.000000E+00
        1.474088E+31 -4.024170E+00 -2.004312E+00 -3.053932E-01 -3.053932E-01
    48    14024.2888    6.71731400  2.255815E+09  4.857142E+07  1.402645E+32
        7.687462E+00  2.114508E+01  5.198757E+00  0.0000000000  0.000000E+00
        1.422558E+31 -4.024170E+00 -2.004264E+00 -3.053937E-01 -3.053937E-01
    49    13909.6940    6.72357751  2.239606E+09  5.091851E+07  1.337923E+32
        7.681138E+00  2.115098E+01  5.202886E+00  0.0000000000  0.000000E+00
        1.370685E+31 -4.024170E+00 -2.004272E+00 -3.053936E-01 -3.053936E-01
    50    13793.9755    6.72980512  2.223606E+09  5.336165E+07  1.275531E+32
        7.674694E+00  2.115680E+01  5.206959E+00  0.0000000000  0.000000E+00
        1.318587E+31 -4.024170E+00 -2.004318E+00 -3.053931E-01 -3.053931E-01
    51    13677.2588    6.73599096  2.207826E+09  5.590294E+07  1.215468E+32
        7.668136E+00  2.116255E+01  5.210972E+00  0.0000000000  0.000000E+00
        1.266518E+31 -4.024170E+00 -2.004392E+00 -3.053924E-01 -3.053924E-01
    52    13559.3729    6.74213904  2.192254E+09  5.854740E+07  1.157598E+32
        7.661464E+00  2.116822E+01  5.214926E+00  0.0000000000  0.000000E+00
        1.214642E+31 -4.024170E+00 -2.004482E+00 -3.053915E-01 -3.053915E-01
    53    13440.8803    6.74822911  2.176937E+09  6.129280E+07  1.102097E+32
        7.654694E+00  2.117380E+01  5.218814E+00  0.0000000000  0.000000E+00
        1.163108E+31 -4.024170E+00 -2.004600E+00 -3.053903E-01 -3.053903E-01
    54    13321.6764    6.75426976  2.161850E+09  6.414714E+07  1.048827E+32
        7.647819E+00  2.117930E+01  5.222641E+00  0.0000000000  0.000000E+00
        1.112059E+31 -4.024170E+00 -2.004724E+00 -3.053891E-01 -3.053891E-01
    55    13200.8128    6.76030333  2.146885E+09  6.713585E+07  9.973271E+31
        7.640790E+00  2.118476E+01  5.226435E+00  0.0000000000  0.000000E+00
        1.061182E+31 -4.024170E+00 -2.004853E+00 -3.053878E-01 -3.053878E-01
    56    13078.5713    6.76631410  2.132079E+09  7.025863E+07  9.476880E+31
        7.633622E+00  2.119015E+01  5.230185E+00  0.0000000000  0.000000E+00
        1.010751E+31 -4.024170E+00 -2.004990E+00 -3.053864E-01 -3.053864E-01
    57    12955.0607    6.77229505  2.117449E+09  7.351993E+07  8.999140E+31
        7.626317E+00  2.119548E+01  5.233887E+00  0.0000000000  0.000000E+00
        9.608757E+30 -4.024170E+00 -2.005135E+00 -3.053850E-01 -3.053850E-01
    58    12830.3691    6.77824112  2.103003E+09  7.692540E+07  8.539919E+31
        7.618874E+00  2.120074E+01  5.237538E+00  0.0000000000  0.000000E+00
        9.117118E+30 -4.024170E+00 -2.005288E+00 -3.053834E-01 -3.053834E-01
    59    12704.3698    6.78415837  2.088725E+09  8.048655E+07  8.098273E+31
        7.611284E+00  2.120591E+01  5.241134E+00  0.0000000000  0.000000E+00
        8.632642E+30 -4.024170E+00 -2.005450E+00 -3.053818E-01 -3.053818E-01
    60    12577.2929    6.79004171  2.074625E+09  8.420764E+07  7.674414E+31
        7.603556E+00  2.121101E+01  5.244670E+00  0.0000000000  0.000000E+00
        8.157435E+30 -4.024170E+00 -2.005627E+00 -3.053801E-01 -3.053801E-01
    61    12451.9098    6.79576364  2.061003E+09  8.801230E+07  7.276432E+31
        7.595861E+00  2.121592E+01  5.248074E+00  0.0000000000  0.000000E+00
        7.702579E+30 -4.024170E+00 -2.005771E+00 -3.053786E-01 -3.053786E-01
    62    12327.7747    6.80135855  2.047770E+09  9.192224E+07  6.901102E+31
        7.588161E+00  2.122068E+01  5.251369E+00  0.0000000000  0.000000E+00
        7.264958E+30 -4.024170E+00 -2.005924E+00 -3.053771E-01 -3.053771E-01
    63    12203.9663    6.80686794  2.034822E+09  9.596459E+07  6.544467E+31
        7.580414E+00  2.122532E+01  5.254579E+00  0.0000000000  0.000000E+00
        6.842507E+30 -4.024170E+00 -2.006162E+00 -3.053747E-01 -3.053747E-01
    64    12074.9629    6.81253904  2.021580E+09  1.003423E+08  6.190738E+31
        7.572259E+00  2.123006E+01  5.257852E+00  0.0000000000  0.000000E+00
        6.417255E+30 -4.024170E+00 -2.006427E+00 -3.053721E-01 -3.053721E-01
    65    11945.0304    6.81818632  2.008479E+09  1.049367E+08  5.851955E+31
        7.563946E+00  2.123474E+01  5.261080E+00  0.0000000000  0.000000E+00
        6.003845E+30 -4.024170E+00 -2.006715E+00 -3.053692E-01 -3.053692E-01
    66    11813.9533    6.82381402  1.995508E+09  1.097622E+08  5.527201E+31
        7.555471E+00  2.123935E+01  5.264265E+00  0.0000000000  0.000000E+00
        5.602952E+30 -4.024170E+00 -2.007029E+00 -3.053661E-01 -3.053661E-01
    67    11682.9961    6.82937067  1.982782E+09  1.147895E+08  5.218966E+31
        7.546900E+00  2.124387E+01  5.267379E+00  0.0000000000  0.000000E+00
        5.218208E+30 -4.024170E+00 -2.007367E+00 -3.053627E-01 -3.053627E-01
    68    11552.4906    6.83484325  1.970329E+09  1.200164E+08  4.927169E+31
        7.538249E+00  2.124828E+01  5.270414E+00  0.0000000000  0.000000E+00
        4.850615E+30 -4.024170E+00 -2.007732E+00 -3.053591E-01 -3.053591E-01
    69    11420.8403    6.84029704  1.957996E+09  1.255186E+08  4.647650E+31
        7.529413E+00  2.125261E+01  5.273401E+00  0.0000000000  0.000000E+00
        4.495663E+30 -4.024170E+00 -2.008131E+00 -3.053552E-01 -3.053552E-01
    70    11288.3577    6.84571674  1.945817E+09  1.312949E+08  4.380711E+31
        7.520419E+00  2.125687E+01  5.276330E+00  0.0000000000  0.000000E+00
        4.155264E+30 -4.024170E+00 -2.008566E+00 -3.053508E-01 -3.053508E-01
    71    11155.7743    6.85107637  1.933847E+09  1.373320E+08  4.127250E+31
        7.511311E+00  2.126103E+01  5.279189E+00  0.0000000000  0.000000E+00
        3.831289E+30 -4.024170E+00 -2.009038E+00 -3.053462E-01 -3.053462E-01
    72    11025.0429    6.85630817  1.922234E+09  1.435612E+08  3.890015E+31
        7.502203E+00  2.126505E+01  5.281947E+00  0.0000000000  0.000000E+00
        3.527615E+30 -4.024170E+00 -2.009546E+00 -3.053411E-01 -3.053411E-01
    73    11004.2974    6.85714052  1.920393E+09  1.445816E+08  3.853426E+31
        7.500727E+00  2.126569E+01  5.282384E+00  0.0000000000  0.000000E+00
        3.480263E+30 -4.024170E+00 -2.009591E+00 -3.053407E-01 -3.053407E-01
    74    10973.0613    6.85838993  1.917633E+09  1.461321E+08  3.798915E+31
        7.498505E+00  2.126664E+01  5.283038E+00  0.0000000000  0.000000E+00
        3.409939E+30 -4.024170E+00 -2.009661E+00 -3.053400E-01 -3.053400E-01
    75    10942.1044    6.85962406  1.914910E+09  1.476825E+08  3.745567E+31
        7.496299E+00  2.126758E+01  5.283682E+00  0.0000000000  0.000000E+00
        3.341274E+30 -4.024170E+00 -2.009732E+00 -3.053393E-01 -3.053393E-01
    76    10911.4059    6.86084346  1.912224E+09  1.492330E+08  3.693326E+31
        7.494110E+00  2.126850E+01  5.284316E+00  0.0000000000  0.000000E+00
        3.274223E+30 -4.024170E+00 -2.009804E+00 -3.053386E-01 -3.053386E-01
    77    10881.0073    6.86204766  1.909574E+09  1.507834E+08  3.642227E+31
        7.491938E+00  2.126942E+01  5.284940E+00  0.0000000000  0.000000E+00
        3.208722E+30 -4.024170E+00 -2.009878E+00 -3.053379E-01 -3.053379E-01
    78    10850.8125    6.86323843  1.906958E+09  1.523338E+08  3.592104E+31
        7.489781E+00  2.127031E+01  5.285555E+00  0.0000000000  0.000000E+00
        3.144763E+30 -4.024170E+00 -2.009954E+00 -3.053371E-01 -3.053371E-01
    79    10820.8853    6.86441482  1.904377E+09  1.538843E+08  3.543028E+31
        7.487639E+00  2.127119E+01  5.286160E+00  0.0000000000  0.000000E+00
        3.082288E+30 -4.024170E+00 -2.010031E+00 -3.053364E-01 -3.053364E-01
    80    10790.8127    6.86558252  1.901819E+09  1.554347E+08  3.494398E+31
        7.485513E+00  2.127206E+01  5.286757E+00  0.0000000000  0.000000E+00
        3.021250E+30 -4.024170E+00 -2.010112E+00 -3.053356E-01 -3.053356E-01
    81    10760.9936    6.86673626  1.899294E+09  1.569852E+08  3.446763E+31
        7.483402E+00  2.127292E+01  5.287344E+00  0.0000000000  0.000000E+00
        2.961613E+30 -4.024170E+00 -2.010193E+00 -3.053348E-01 -3.053348E-01
    82    10731.9234    6.86787013  1.896817E+09  1.585356E+08  3.400779E+31
        7.481306E+00  2.127377E+01  5.287922E+00  0.0000000000  0.000000E+00
        2.903342E+30 -4.024170E+00 -2.010273E+00 -3.053340E-01 -3.053340E-01
    83    10703.2229    6.86898962  1.894373E+09  1.600861E+08  3.355884E+31
        7.479224E+00  2.127460E+01  5.288493E+00  0.0000000000  0.000000E+00
        2.846398E+30 -4.024170E+00 -2.010356E+00 -3.053332E-01 -3.053332E-01
    84    10674.8056    6.87009620  1.891962E+09  1.616365E+08  3.311936E+31
        7.477156E+00  2.127542E+01  5.289055E+00  0.0000000000  0.000000E+00
        2.790747E+30 -4.024170E+00 -2.010441E+00 -3.053323E-01 -3.053323E-01
    85    10646.6500    6.87119028  1.889580E+09  1.631869E+08  3.268887E+31
        7.475102E+00  2.127623E+01  5.289609E+00  0.0000000000  0.000000E+00
        2.736340E+30 -4.024170E+00 -2.010527E+00 -3.053315E-01 -3.053315E-01
    86    10618.7493    6.87227235  1.887227E+09  1.647374E+08  3.226706E+31
        7.473062E+00  2.127703E+01  5.290155E+00  0.0000000000  0.000000E+00
        2.683168E+30 -4.024170E+00 -2.010614E+00 -3.053306E-01 -3.053306E-01
    87    10591.0995    6.87334273  1.884903E+09  1.662878E+08  3.185369E+31
        7.471035E+00  2.127781E+01  5.290693E+00  0.0000000000  0.000000E+00
        2.631185E+30 -4.024170E+00 -2.010704E+00 -3.053297E-01 -3.053297E-01
    88    10563.6940    6.87440121  1.882608E+09  1.678383E+08  3.144853E+31
        7.469021E+00  2.127859E+01  5.291224E+00  0.0000000000  0.000000E+00
        2.580361E+30 -4.024170E+00 -2.010795E+00 -3.053288E-01 -3.053288E-01
    89    10536.5323    6.87544849  1.880339E+09  1.693887E+08  3.105136E+31
        7.467021E+00  2.127935E+01  5.291747E+00  0.0000000000  0.000000E+00
        2.530664E+30 -4.024170E+00 -2.010887E+00 -3.053279E-01 -3.053279E-01
    90    10509.6125    6.87648514  1.878096E+09  1.709391E+08  3.066196E+31
        7.465032E+00  2.128010E+01  5.292263E+00  0.0000000000  0.000000E+00
        2.482065E+30 -4.024170E+00 -2.010982E+00 -3.053270E-01 -3.053270E-01
    91    10482.9307    6.87751147  1.875878E+09  1.724896E+08  3.028012E+31
        7.463056E+00  2.128085E+01  5.292772E+00  0.0000000000  0.000000E+00
        2.434534E+30 -4.024170E+00 -2.011078E+00 -3.053260E-01 -3.053260E-01
    92    10454.3568    6.87855381  1.873629E+09  1.740400E+08  2.987953E+31
        7.461089E+00  2.128158E+01  5.293274E+00  0.0000000000  0.000000E+00
        2.387963E+30 -4.024170E+00 -2.011451E+00 -3.053224E-01 -3.053224E-01
    93    10428.4630    6.87958543  1.871405E+09  1.756640E+08  2.951440E+31
        7.459041E+00  2.128233E+01  5.293792E+00  0.0000000000  0.000000E+00
        2.340276E+30 -4.024170E+00 -2.011433E+00 -3.053226E-01 -3.053226E-01
    94    10378.7452    6.88152440  1.867232E+09  1.787262E+08  2.882659E+31
        7.455222E+00  2.128373E+01  5.294748E+00  0.0000000000  0.000000E+00
        2.253444E+30 -4.024170E+00 -2.011392E+00 -3.053230E-01 -3.053230E-01
    95    10329.2123    6.88343766  1.863123E+09  1.817884E+08  2.815590E+31
        7.451448E+00  2.128508E+01  5.295677E+00  0.0000000000  0.000000E+00
        2.170289E+30 -4.024170E+00 -2.011355E+00 -3.053233E-01 -3.053233E-01
    96    10302.1175    6.88448243  1.860884E+09  1.834777E+08  2.779469E+31
        7.449383E+00  2.128582E+01  5.296179E+00  0.0000000000  0.000000E+00
        2.125955E+30 -4.024170E+00 -2.011328E+00 -3.053236E-01 -3.053236E-01
    97    10252.3286    6.88624001  1.857122E+09  1.868563E+08  2.715115E+31
        7.445309E+00  2.128723E+01  5.297149E+00  0.0000000000  0.000000E+00
        2.040449E+30 -4.024170E+00 -1.993766E+00 -3.055000E-01 -3.055000E-01
    98    10201.9069    6.88826607  1.852795E+09  1.902349E+08  2.649706E+31
        7.441293E+00  2.128862E+01  5.298100E+00  0.0000000000  0.000000E+00
        1.959070E+30 -4.024170E+00 -1.993070E+00 -3.055071E-01 -3.055071E-01
    99    10150.2252    6.89031527  1.848429E+09  1.936135E+08  2.584197E+31
        7.437326E+00  2.128998E+01  5.299025E+00  0.0000000000  0.000000E+00
        1.881392E+30 -4.024170E+00 -1.993070E+00 -3.055071E-01 -3.055071E-01
   100    10099.6733    6.89232313  1.844161E+09  1.969921E+08  2.521416E+31
        7.433409E+00  2.129129E+01  5.299925E+00  0.0000000000  0.000000E+00
        1.807212E+30 -4.024170E+00 -1.993070E+00 -3.055071E-01 -3.055071E-01
   101    10050.8306    6.89428979  1.839990E+09  2.003708E+08  2.461820E+31
        7.429539E+00  2.129257E+01  5.300801E+00  0.0000000000  0.000000E+00
        1.736364E+30 -4.024170E+00 -1.993070E+00 -3.055071E-01 -3.055071E-01
   102    10002.8755    6.89623329  1.835878E+09  2.037494E+08  2.404387E+31
        7.425716E+00  2.129382E+01  5.301654E+00  0.0000000000  0.000000E+00
        1.668673E+30 -4.024170E+00 -1.993070E+00 -3.055071E-01 -3.055071E-01
   103     9955.5988    6.89815209  1.831827E+09  2.071280E+08  2.348852E+31
        7.421925E+00  2.129504E+01  5.302488E+00  0.0000000000  0.000000E+00
        1.603777E+30 -4.024170E+00 -1.993070E+00 -3.055071E-01 -3.055071E-01
   104     9872.1346    6.90154420  1.824687E+09  2.132456E+08  2.253400E+31
        7.415190E+00  2.129717E+01  5.303942E+00  0.0000000000  0.000000E+00
        1.493737E+30 -4.024170E+00 -1.993070E+00 -3.055071E-01 -3.055071E-01
   105     9789.2042    6.90497161  1.817501E+09  2.195312E+08  2.161505E+31
        7.408412E+00  2.129926E+01  5.305371E+00  0.0000000000  0.000000E+00
        1.389545E+30 -4.024170E+00 -1.993070E+00 -3.055071E-01 -3.055071E-01
   106     9710.9364    6.90828981  1.810571E+09  2.257928E+08  2.077270E+31
        7.401796E+00  2.130125E+01  5.306734E+00  0.0000000000  0.000000E+00
        1.293875E+30 -4.024170E+00 -1.993070E+00 -3.055071E-01 -3.055071E-01
   107     9623.5983    6.91200068  1.802852E+09  2.328739E+08  1.986495E+31
        7.394472E+00  2.130341E+01  5.308206E+00  0.0000000000  0.000000E+00
        1.194589E+30 -4.024170E+00 -1.993070E+00 -3.055071E-01 -3.055071E-01
   108     9543.4134    6.91545048  1.795706E+09  2.395936E+08  1.905911E+31
        7.387660E+00  2.130536E+01  5.309541E+00  0.0000000000  0.000000E+00
        1.108197E+30 -4.024170E+00 -1.993070E+00 -3.055071E-01 -3.055071E-01
   109     9458.9426    6.91905919  1.788261E+09  2.470381E+08  1.824103E+31
        7.380269E+00  2.130742E+01  5.310952E+00  0.0000000000  0.000000E+00
        1.020597E+30 -4.024170E+00 -1.993070E+00 -3.055071E-01 -3.055071E-01
   110     9362.2859    6.92317527  1.779806E+09  2.557125E+08  1.734166E+31
        7.371853E+00  2.130970E+01  5.312509E+00  0.0000000000  0.000000E+00
        9.281954E+29 -4.024170E+00 -1.993070E+00 -3.055071E-01 -3.055071E-01
   111     9270.9426    6.92713228  1.771717E+09  2.642397E+08  1.652348E+31
        7.363769E+00  2.131182E+01  5.313956E+00  0.0000000000  0.000000E+00
        8.463779E+29 -4.024170E+00 -1.993070E+00 -3.055071E-01 -3.055071E-01
   112     9191.1377    6.93059077  1.764676E+09  2.720390E+08  1.583524E+31
        7.356528E+00  2.131366E+01  5.315214E+00  0.0000000000  0.000000E+00
        7.784629E+29 -4.024170E+00 -1.993070E+00 -3.055071E-01 -3.055071E-01
   113     9121.4536    6.93360463  1.758564E+09  2.790586E+08  1.525421E+31
        7.350131E+00  2.131524E+01  5.316297E+00  0.0000000000  0.000000E+00
        7.224545E+29 -4.024170E+00 -1.993070E+00 -3.055071E-01 -3.055071E-01
   114     9029.4446    6.93746233  1.750771E+09  2.885904E+08  1.451844E+31
        7.341637E+00  2.131730E+01  5.317698E+00  0.0000000000  0.000000E+00
        6.535279E+29 -4.024170E+00 -1.993070E+00 -3.055071E-01 -3.055071E-01
   115     8937.6624    6.94127413  1.743104E+09  2.984475E+08  1.381529E+31
        7.333058E+00  2.131931E+01  5.319072E+00  0.0000000000  0.000000E+00
        5.898061E+29 -4.024170E+00 -1.993070E+00 -3.055071E-01 -3.055071E-01
   116     8827.0049    6.94592372  1.733798E+09  3.108964E+08  1.300373E+31
        7.322513E+00  2.132170E+01  5.320706E+00  0.0000000000  0.000000E+00
        5.189932E+29 -4.024170E+00 -1.993070E+00 -3.055071E-01 -3.055071E-01
   117     8725.2607    6.95020412  1.725275E+09  3.229256E+08  1.229271E+31
        7.312590E+00  2.132388E+01  5.322193E+00  0.0000000000  0.000000E+00
        4.592866E+29 -4.024170E+00 -1.993070E+00 -3.055071E-01 -3.055071E-01
   118     8619.4598    6.95462164  1.716523E+09  3.359925E+08  1.158876E+31
        7.302089E+00  2.132610E+01  5.323714E+00  0.0000000000  0.000000E+00
        4.027849E+29 -4.024170E+00 -1.993070E+00 -3.055071E-01 -3.055071E-01
   119     8499.7306    6.95950146  1.706906E+09  3.514575E+08  1.083571E+31
        7.290014E+00  2.132856E+01  5.325391E+00  0.0000000000  0.000000E+00
        3.454849E+29 -4.024170E+00 -1.993070E+00 -3.055071E-01 -3.055071E-01
   120     8363.5697    6.96497867  1.696177E+09  3.699742E+08  1.003059E+31
        7.276025E+00  2.133126E+01  5.327240E+00  0.0000000000  0.000000E+00
        2.882391E+29 -4.024170E+00 -1.993070E+00 -3.055071E-01 -3.055071E-01
   121     8230.9100    6.97019003  1.686030E+09  3.889816E+08  9.296931E+30
        7.262136E+00  2.133381E+01  5.328984E+00  0.0000000000  0.000000E+00
        2.399131E+29 -4.024170E+00 -1.993070E+00 -3.055071E-01 -3.055071E-01
   122     8095.9929    6.97531674  1.676108E+09  4.092735E+08  8.600070E+30
        7.247796E+00  2.133631E+01  5.330697E+00  0.0000000000  0.000000E+00
        1.977441E+29 -4.024170E+00 -1.993070E+00 -3.055071E-01 -3.055071E-01
   123     7977.1248    6.97972297  1.667627E+09  4.280104E+08  8.024183E+30
        7.234950E+00  2.133845E+01  5.332160E+00  0.0000000000  0.000000E+00
        1.657486E+29 -4.024170E+00 -1.993070E+00 -3.055071E-01 -3.055071E-01
   124     7840.0452    6.98469595  1.658107E+09  4.506935E+08  7.401446E+30
        7.219894E+00  2.134083E+01  5.333790E+00  0.0000000000  0.000000E+00
        1.342393E+29 -4.024170E+00 -1.993070E+00 -3.055071E-01 -3.055071E-01
   125     7702.7784    6.98958530  1.648799E+09  4.746384E+08  6.819343E+30
        7.204531E+00  2.134311E+01  5.335360E+00  0.0000000000  0.000000E+00
        1.077732E+29 -4.024170E+00 -1.993070E+00 -3.055071E-01 -3.055071E-01
   126     7563.1676    6.99445921  1.639573E+09  5.003484E+08  6.267494E+30
        7.188611E+00  2.134535E+01  5.336898E+00  0.0000000000  0.000000E+00
        8.542068E+28 -4.024170E+00 -1.993070E+00 -3.055071E-01 -3.055071E-01
   127     7492.8337    6.99689760  1.634977E+09  5.138266E+08  6.003784E+30
        7.180452E+00  2.134645E+01  5.337657E+00  0.0000000000  0.000000E+00
        7.567991E+28 -4.024170E+00 -1.993070E+00 -3.055071E-01 -3.055071E-01
   128     7358.2940    7.00154066  1.626260E+09  5.407830E+08  5.524667E+30
        7.164643E+00  2.134853E+01  5.339079E+00  0.0000000000  0.000000E+00
        5.962741E+28 -4.024170E+00 -1.993070E+00 -3.055071E-01 -3.055071E-01
   129     7220.5502    7.00626653  1.617436E+09  5.699579E+08  5.067023E+30
        7.148146E+00  2.135060E+01  5.340501E+00  0.0000000000  0.000000E+00
        4.624638E+28 -4.024170E+00 -1.993070E+00 -3.055071E-01 -3.055071E-01
   130     7082.7194    7.01096215  1.608716E+09  6.007771E+08  4.640623E+30
        7.131348E+00  2.135261E+01  5.341883E+00  0.0000000000  0.000000E+00
        3.550327E+28 -4.024170E+00 -1.993070E+00 -3.055071E-01 -3.055071E-01
   131     6946.5836    7.01555619  1.600230E+09  6.328497E+08  4.248808E+30
        7.114506E+00  2.135453E+01  5.343197E+00  0.0000000000  0.000000E+00
        2.708181E+28 -4.024170E+00 -1.993070E+00 -3.055071E-01 -3.055071E-01
   132     6815.6329    7.01993858  1.592176E+09  6.653169E+08  3.897844E+30
        7.098078E+00  2.135629E+01  5.344410E+00  0.0000000000  0.000000E+00
        2.067980E+28 -4.024170E+00 -1.993070E+00 -3.055071E-01 -3.055071E-01
   133     6689.3747    7.02411541  1.584538E+09  6.982147E+08  3.582325E+30
        7.082026E+00  2.135793E+01  5.345532E+00  0.0000000000  0.000000E+00
        1.580497E+28 -4.024170E+00 -1.993070E+00 -3.055071E-01 -3.055071E-01
   134     6568.3330    7.02807843  1.577325E+09  7.313685E+08  3.299746E+30
        7.066413E+00  2.135943E+01  5.346565E+00  0.0000000000  0.000000E+00
        1.210815E+28 -4.024170E+00 -1.993070E+00 -3.055071E-01 -3.055071E-01
   135     6453.7627    7.03181621  1.570552E+09  7.643641E+08  3.049117E+30
        7.051403E+00  2.136079E+01  5.347502E+00  0.0000000000  0.000000E+00
        9.329830E+27 -4.024170E+00 -1.993070E+00 -3.055071E-01 -3.055071E-01
   136     6345.2950    7.03537090  1.564138E+09  7.971899E+08  2.826016E+30
        7.036974E+00  2.136202E+01  5.348355E+00  0.0000000000  0.000000E+00
        7.231820E+27 -4.024170E+00 -1.993070E+00 -3.055071E-01 -3.055071E-01
   137     6275.6198    7.03768058  1.559984E+09  8.191062E+08  2.689578E+30
        7.027584E+00  2.136280E+01  5.348889E+00  0.0000000000  0.000000E+00
        6.113701E+27 -4.024170E+00 -1.993070E+00 -3.055071E-01 -3.055071E-01
   138     6176.5214    7.04106764  1.553913E+09  8.516754E+08  2.504070E+30
        7.014054E+00  2.136387E+01  5.349632E+00  0.0000000000  0.000000E+00
        4.785398E+27 -4.024170E+00 -1.993070E+00 -3.055071E-01 -3.055071E-01
   139     6086.4559    7.04429482  1.548150E+09  8.827544E+08  2.343696E+30
        7.001548E+00  2.136483E+01  5.350296E+00  0.0000000000  0.000000E+00
        3.803549E+27 -4.024170E+00 -1.993070E+00 -3.055071E-01 -3.055071E-01
   140     6002.3687    7.04752474  1.542404E+09  9.132079E+08  2.200413E+30
        6.989657E+00  2.136572E+01  5.350910E+00  0.0000000000  0.000000E+00
        3.049156E+27 -4.024170E+00 -1.993070E+00 -3.055071E-01 -3.055071E-01
   141     5924.3334    7.05084433  1.536520E+09  9.429381E+08  2.072296E+30
        6.978378E+00  2.136653E+01  5.351476E+00  0.0000000000  0.000000E+00
        2.466497E+27 -4.024170E+00 -1.993070E+00 -3.055071E-01 -3.055071E-01
   142     5851.0850    7.05440150  1.530240E+09  9.724060E+08  1.955611E+30
        6.967506E+00  2.136730E+01  5.352006E+00  0.0000000000  0.000000E+00
        2.006231E+27 -4.024170E+00 -1.993070E+00 -3.055071E-01 -3.055071E-01
   143     5782.1506    7.05816030  1.523633E+09  1.001641E+09  1.848994E+30
        6.957012E+00  2.136801E+01  5.352504E+00  0.0000000000  0.000000E+00
        1.640320E+27 -4.024170E+00 -1.993070E+00 -3.055071E-01 -3.055071E-01
   144     5714.6819    7.06202999  1.516860E+09  1.031536E+09  1.748544E+30
        6.946570E+00  2.136871E+01  5.352986E+00  0.0000000000  0.000000E+00
        1.340082E+27 -4.024170E+00 -1.993070E+00 -3.055071E-01 -3.055071E-01
   145     5648.8326    7.06598186  1.509974E+09  1.062037E+09  1.654212E+30
        6.936206E+00  2.136937E+01  5.353450E+00  0.0000000000  0.000000E+00
        1.094413E+27 -4.024170E+00 -1.993070E+00 -3.055071E-01 -3.055071E-01
   146     5585.1253    7.07014646  1.502752E+09  1.093153E+09  1.565754E+30
        6.925918E+00  2.137002E+01  5.353897E+00  0.0000000000  0.000000E+00
        8.936773E+26 -4.024170E+00 -1.993070E+00 -3.055071E-01 -3.055071E-01
   147     5517.0898    7.07494758  1.494468E+09  1.128332E+09  1.474453E+30
        6.914625E+00  2.137070E+01  5.354371E+00  0.0000000000  0.000000E+00
        7.141166E+26 -4.024170E+00 -1.993070E+00 -3.055071E-01 -3.055071E-01
   148     5446.1178    7.08003832  1.485735E+09  1.167048E+09  1.383719E+30
        6.902582E+00  2.137140E+01  5.354858E+00  0.0000000000  0.000000E+00
        5.609916E+26 -4.024170E+00 -1.993070E+00 -3.055071E-01 -3.055071E-01
   149     5371.2467    7.08524247  1.476859E+09  1.210274E+09  1.293589E+30
        6.889587E+00  2.137212E+01  5.355358E+00  0.0000000000  0.000000E+00
        4.313359E+26 -4.024170E+00 -1.993070E+00 -3.055071E-01 -3.055071E-01
   150     5350.6026    7.08681886  1.474182E+09  1.223025E+09  1.269200E+30
        6.885814E+00  2.137232E+01  5.355498E+00  0.0000000000  0.000000E+00
        3.994953E+26 -4.028420E+00 -1.993031E+00 -3.055071E-01 -3.055071E-01
   151     5340.0881    7.08770518  1.472678E+09  1.229724E+09  1.256686E+30
        6.883845E+00  2.137243E+01  5.355571E+00  0.0000000000  0.000000E+00
        3.837904E+26 -4.033019E+00 -1.992989E+00 -3.055071E-01 -3.055071E-01
   152     5328.5763    7.08859503  1.471170E+09  1.237101E+09  1.243334E+30
        6.881689E+00  2.137254E+01  5.355649E+00  0.0000000000  0.000000E+00
        3.672746E+26 -4.035531E+00 -1.992966E+00 -3.055071E-01 -3.055071E-01
   153     5318.3604    7.08937907  1.469843E+09  1.243778E+09  1.231602E+30
        6.879748E+00  2.137265E+01  5.355720E+00  0.0000000000  0.000000E+00
        3.529939E+26 -4.037348E+00 -1.992949E+00 -3.055071E-01 -3.055071E-01
   154     5307.3122    7.09024245  1.468382E+09  1.251147E+09  1.218974E+30
        6.877618E+00  2.137276E+01  5.355797E+00  0.0000000000  0.000000E+00
        3.379323E+26 -4.039595E+00 -1.992929E+00 -3.055071E-01 -3.055071E-01
   155     5301.3117    7.09064875  1.467696E+09  1.255244E+09  1.212336E+30
        6.876438E+00  2.137282E+01  5.355839E+00  0.0000000000  0.000000E+00
        3.298581E+26 -4.038049E+00 -1.992943E+00 -3.055071E-01 -3.055071E-01
   156     5297.0929    7.09084283  1.467368E+09  1.258018E+09  1.207941E+30
        6.875641E+00  2.137286E+01  5.355868E+00  0.0000000000  0.000000E+00
        3.245099E+26 -4.034006E+00 -1.992980E+00 -3.055071E-01 -3.055071E-01
   157     5292.7728    7.09107855  1.466970E+09  1.260889E+09  1.203352E+30
        6.874818E+00  2.137290E+01  5.355897E+00  0.0000000000  0.000000E+00
        3.190731E+26 -4.031122E+00 -1.993006E+00 -3.055071E-01 -3.055071E-01
   158     5288.2157    7.09139509  1.466435E+09  1.264020E+09  1.198339E+30
        6.873923E+00  2.137295E+01  5.355929E+00  0.0000000000  0.000000E+00
        3.132573E+26 -4.030385E+00 -1.993013E+00 -3.055071E-01 -3.055071E-01
   159     5279.6932    7.09200265  1.465410E+09  1.269989E+09  1.188968E+30
        6.872222E+00  2.137304E+01  5.355989E+00  0.0000000000  0.000000E+00
        3.024889E+26 -4.029440E+00 -1.993021E+00 -3.055071E-01 -3.055071E-01
   160     5266.1142    7.09299081  1.463744E+09  1.279784E+09  1.174109E+30
        6.869451E+00  2.137318E+01  5.356087E+00  0.0000000000  0.000000E+00
        2.856849E+26 -4.028339E+00 -1.993032E+00 -3.055071E-01 -3.055071E-01
   161     5245.8501    7.09444257  1.461299E+09  1.294939E+09  1.152283E+30
        6.865205E+00  2.137339E+01  5.356235E+00  0.0000000000  0.000000E+00
        2.615712E+26 -4.025185E+00 -1.993061E+00 -3.055071E-01 -3.055071E-01
   162     5223.4945    7.09613203  1.458460E+09  1.312595E+09  1.128368E+30
        6.860318E+00  2.137364E+01  5.356405E+00  0.0000000000  0.000000E+00
        2.362678E+26 -4.024982E+00 -1.993063E+00 -3.055071E-01 -3.055071E-01
   163     5181.6559    7.09925622  1.453223E+09  1.347906E+09  1.084817E+30
        6.850735E+00  2.137412E+01  5.356732E+00  0.0000000000  0.000000E+00
        1.930900E+26 -4.024633E+00 -1.993066E+00 -3.055071E-01 -3.055071E-01
   164     5107.3198    7.10466097  1.444209E+09  1.418528E+09  1.011229E+30
        6.832171E+00  2.137502E+01  5.357353E+00  0.0000000000  0.000000E+00
        1.297397E+26 -4.024588E+00 -1.993066E+00 -3.055071E-01 -3.055071E-01
   165     5012.9458    7.11154346  1.432810E+09  1.526600E+09  9.237764E+29
        6.804733E+00  2.137632E+01  5.358245E+00  0.0000000000  0.000000E+00
        7.078823E+25 -4.024581E+00 -1.993066E+00 -3.055071E-01 -3.055071E-01
   166     4897.9084    7.11954046  1.419679E+09  1.679409E+09  8.264954E+29
        6.766961E+00  2.137798E+01  5.359400E+00  0.0000000000  0.000000E+00
        2.983457E+25 -4.024581E+00 -1.993066E+00 -3.055071E-01 -3.055071E-01
   167     4718.8880    7.12906915  1.404190E+09  1.919179E+09  6.966711E+29
        6.708912E+00  2.138018E+01  5.360928E+00  0.0000000000  0.000000E+00
        7.668124E+24 -4.024581E+00 -1.993066E+00 -3.055071E-01 -3.055071E-01
   168     4612.3087    7.13359421  1.396894E+09  2.064410E+09  6.292417E+29
        6.674264E+00  2.138132E+01  5.361710E+00  0.0000000000  0.000000E+00
        3.431699E+24 -4.024581E+00 -1.993066E+00 -3.055071E-01 -3.055071E-01
   169     4522.6509    7.13651489  1.392204E+09  2.178710E+09  5.778241E+29
        6.647324E+00  2.138212E+01  5.362267E+00  0.0000000000  0.000000E+00
        1.873582E+24 -4.024581E+00 -1.993066E+00 -3.055071E-01 -3.055071E-01
   170     4442.9513    7.13852185  1.388991E+09  2.273212E+09  5.356765E+29
        6.625345E+00  2.138273E+01  5.362688E+00  0.0000000000  0.000000E+00
        1.169156E+24 -4.024581E+00 -1.993066E+00 -3.055071E-01 -3.055071E-01
   171     4362.7684    7.14018101  1.386340E+09  2.365728E+09  4.961419E+29
        6.604178E+00  2.138328E+01  5.363070E+00  0.0000000000  0.000000E+00
        7.597479E+23 -4.024581E+00 -1.993066E+00 -3.055071E-01 -3.055071E-01
   172     4284.2947    7.14162863  1.384032E+09  2.459308E+09  4.598614E+29
        6.583188E+00  2.138381E+01  5.363436E+00  0.0000000000  0.000000E+00
        5.066263E+23 -4.024581E+00 -1.993066E+00 -3.055071E-01 -3.055071E-01
   173     4198.6283    7.14312373  1.381652E+09  2.570141E+09  4.227117E+29
        6.558937E+00  2.138440E+01  5.363846E+00  0.0000000000  0.000000E+00
        3.250243E+23 -4.024581E+00 -1.993066E+00 -3.055071E-01 -3.055071E-01
   174     4106.3950    7.14462757  1.379262E+09  2.696212E+09  3.854371E+29
        6.532130E+00  2.138502E+01  5.364285E+00  0.0000000000  0.000000E+00
        2.045116E+23 -4.024581E+00 -1.993066E+00 -3.055071E-01 -3.055071E-01
   175     4036.4948    7.14561619  1.377693E+09  2.788043E+09  3.590374E+29
        6.513048E+00  2.138544E+01  5.364584E+00  0.0000000000  0.000000E+00
        1.495189E+23 -4.024581E+00 -1.993066E+00 -3.055071E-01 -3.055071E-01
   176     3972.0684    7.14639686  1.376455E+09  2.868642E+09  3.360534E+29
        6.496630E+00  2.138579E+01  5.364828E+00  0.0000000000  0.000000E+00
        1.153471E+23 -4.024581E+00 -1.993066E+00 -3.055071E-01 -3.055071E-01
   177     3908.4926    7.14707198  1.375385E+09  2.947162E+09  3.145599E+29
        6.480963E+00  2.138611E+01  5.365049E+00  0.0000000000  0.000000E+00
        9.070539E+22 -4.024581E+00 -1.993066E+00 -3.055071E-01 -3.055071E-01
   178     3845.1156    7.14767648  1.374429E+09  3.026938E+09  2.942384E+29
        6.465408E+00  2.138641E+01  5.365256E+00  0.0000000000  0.000000E+00
        7.184760E+22 -4.024581E+00 -1.993066E+00 -3.055071E-01 -3.055071E-01
   179     3786.9123    7.14818442  1.373625E+09  3.102487E+09  2.764998E+29
        6.451027E+00  2.138667E+01  5.365436E+00  0.0000000000  0.000000E+00
        5.813573E+22 -4.024581E+00 -1.993066E+00 -3.055071E-01 -3.055071E-01
   180     3718.1298    7.14874100  1.372745E+09  3.195917E+09  2.566229E+29
        6.433752E+00  2.138696E+01  5.365638E+00  0.0000000000  0.000000E+00
        4.523897E+22 -4.024581E+00 -1.993066E+00 -3.055071E-01 -3.055071E-01
   181     3644.8035    7.14929392  1.371872E+09  3.300796E+09  2.366687E+29
        6.415011E+00  2.138724E+01  5.365841E+00  0.0000000000  0.000000E+00
        3.456999E+22 -4.024581E+00 -1.993066E+00 -3.055071E-01 -3.055071E-01
   182     3570.0852    7.14982395  1.371035E+09  3.413527E+09  2.175848E+29
        6.395609E+00  2.138752E+01  5.366039E+00  0.0000000000  0.000000E+00
        2.623002E+22 -4.024581E+00 -1.993066E+00 -3.055071E-01 -3.055071E-01
   183     3495.5087    7.15033009  1.370236E+09  3.532454E+09  1.997330E+29
        6.375936E+00  2.138780E+01  5.366234E+00  0.0000000000  0.000000E+00
        1.985881E+22 -4.024581E+00 -1.993066E+00 -3.055071E-01 -3.055071E-01
   184     3421.4456    7.15081356  1.369473E+09  3.657098E+09  1.831316E+29
        6.356142E+00  2.138807E+01  5.366429E+00  0.0000000000  0.000000E+00
        1.502754E+22 -4.024581E+00 -1.993066E+00 -3.055071E-01 -3.055071E-01
   185     3348.4672    7.15126955  1.368755E+09  3.786660E+09  1.678235E+29
        6.336398E+00  2.138835E+01  5.366621E+00  0.0000000000  0.000000E+00
        1.139046E+22 -4.024581E+00 -1.993066E+00 -3.055071E-01 -3.055071E-01
   186     3280.0462    7.15166950  1.368125E+09  3.914349E+09  1.543791E+29
        6.317706E+00  2.138859E+01  5.366790E+00  0.0000000000  0.000000E+00
        8.768050E+21 -4.024581E+00 -1.993066E+00 -3.055071E-01 -3.055071E-01
   187     3209.4259    7.15204883  1.367527E+09  4.053113E+09  1.413835E+29
        6.298226E+00  2.138883E+01  5.366950E+00  0.0000000000  0.000000E+00
        6.679030E+21 -4.024581E+00 -1.993066E+00 -3.055071E-01 -3.055071E-01
   188     3139.4157    7.15238992  1.366990E+09  4.198343E+09  1.293432E+29
        6.278696E+00  2.138904E+01  5.367098E+00  0.0000000000  0.000000E+00
        5.086946E+21 -4.024581E+00 -1.993066E+00 -3.055071E-01 -3.055071E-01
   189     3070.3965    7.15269793  1.366506E+09  4.350040E+09  1.182546E+29
        6.259172E+00  2.138925E+01  5.367239E+00  0.0000000000  0.000000E+00
        3.876756E+21 -4.024581E+00 -1.993066E+00 -3.055071E-01 -3.055071E-01
   190     3001.9758    7.15298692  1.366051E+09  4.509953E+09  1.079891E+29
        6.239498E+00  2.138945E+01  5.367388E+00  0.0000000000  0.000000E+00
        2.949999E+21 -4.024581E+00 -1.993066E+00 -3.055071E-01 -3.055071E-01
   191     2934.5807    7.15326291  1.365617E+09  4.677853E+09  9.855067E+28
        6.219779E+00  2.138966E+01  5.367544E+00  0.0000000000  0.000000E+00
        2.244446E+21 -4.024581E+00 -1.993066E+00 -3.055071E-01 -3.055071E-01
   192     2868.4426    7.15352912  1.365199E+09  4.853820E+09  8.990705E+28
        6.200076E+00  2.138988E+01  5.367700E+00  0.0000000000  0.000000E+00
        1.708476E+21 -4.024581E+00 -1.993066E+00 -3.055071E-01 -3.055071E-01
   193     2851.6677    7.15359577  1.365094E+09  4.899893E+09  8.780882E+28
        6.195026E+00  2.138993E+01  5.367740E+00  0.0000000000  0.000000E+00
        1.593154E+21 -4.024581E+00 -1.993066E+00 -3.055071E-01 -3.055071E-01
   194     2819.1091    7.15372349  1.364893E+09  4.992037E+09  8.384212E+28
        6.185138E+00  2.139004E+01  5.367814E+00  0.0000000000  0.000000E+00
        1.394921E+21 -4.024581E+00 -1.993066E+00 -3.055071E-01 -3.055071E-01
   195     2760.7507    7.15394206  1.364550E+09  5.176327E+09  7.707348E+28
        6.185503E+00  2.139022E+01  5.368001E+00  0.0224792860 -9.874031E-03
        1.150276E+21 -4.024581E+00 -1.993066E+00 -3.055071E-01 -3.055071E-01
   196     2711.0429    7.15412088  1.364269E+09  5.360616E+09  7.164121E+28
        6.171051E+00  2.139038E+01  5.368107E+00  0.0610053842 -2.733690E-02
        9.910517E+20 -4.024581E+00 -1.993066E+00 -3.055071E-01 -3.055071E-01
   197     2670.3140    7.15426573  1.364041E+09  5.544906E+09  6.740962E+28
        6.157782E+00  2.139051E+01  5.368201E+00  0.1092392904 -5.023895E-02
        8.736536E+20 -4.024581E+00 -1.993066E+00 -3.055071E-01 -3.055071E-01
   198     2637.0963    7.15438791  1.363850E+09  5.729195E+09  6.409945E+28
        6.144726E+00  2.139064E+01  5.368292E+00  0.1614144911 -7.645265E-02
        7.739217E+20 -4.024581E+00 -1.993066E+00 -3.055071E-01 -3.055071E-01
   199     2609.1056    7.15449741  1.363678E+09  5.913484E+09  6.140552E+28
        6.132057E+00  2.139078E+01  5.368384E+00  0.2140898488 -1.046271E-01
        6.861418E+20 -4.024581E+00 -1.993066E+00 -3.055071E-01 -3.055071E-01
   200     2584.2402    7.15460047  1.363516E+09  6.097774E+09  5.908392E+28
        6.119797E+00  2.139091E+01  5.368475E+00  0.2655938358 -1.340637E-01
        6.067732E+20 -4.024581E+00 -1.993066E+00 -3.055071E-01 -3.055071E-01
   201     2560.8455    7.15469991  1.363360E+09  6.282063E+09  5.696024E+28
        6.107637E+00  2.139104E+01  5.368563E+00  0.3150140825 -1.643184E-01
        5.333745E+20 -4.024581E+00 -1.993066E+00 -3.055071E-01 -3.055071E-01
   202     2529.4157    7.15483213  1.363152E+09  6.539706E+09  5.419846E+28
        6.091490E+00  2.139120E+01  5.368675E+00  0.3812909308 -2.085135E-01
        4.442820E+20 -4.024581E+00 -1.993066E+00 -3.055071E-01 -3.055071E-01
   203     2490.0819    7.15498904  1.362906E+09  6.863162E+09  5.088663E+28
        6.071672E+00  2.139138E+01  5.368795E+00  0.4582315702 -2.661863E-01
        3.498817E+20 -4.024581E+00 -1.993066E+00 -3.055071E-01 -3.055071E-01
   204     2442.9122    7.15516425  1.362631E+09  7.246096E+09  4.712002E+28
        6.048631E+00  2.139156E+01  5.368916E+00  0.5404461486 -3.376636E-01
        2.620036E+20 -4.024581E+00 -1.993066E+00 -3.055071E-01 -3.055071E-01
   205     2389.0023    7.15535751  1.362328E+09  7.681555E+09  4.307715E+28
        6.022673E+00  2.139174E+01  5.369041E+00  0.6230643676 -4.237328E-01
        1.861731E+20 -4.024581E+00 -1.993066E+00 -3.055071E-01 -3.055071E-01
   206     2329.7254    7.15556687  1.362000E+09  8.166370E+09  3.893950E+28
        5.993748E+00  2.139193E+01  5.369173E+00  0.7023224042 -5.262539E-01
        1.257785E+20 -4.024581E+00 -1.993066E+00 -3.055071E-01 -3.055071E-01
   207     2266.6948    7.15578093  1.361664E+09  8.688449E+09  3.487623E+28
        5.962483E+00  2.139211E+01  5.369301E+00  0.7733346502 -6.446149E-01
        8.149255E+19 -4.024581E+00 -1.993066E+00 -3.055071E-01 -3.055071E-01
   208     2202.6793    7.15600165  1.361318E+09  9.238751E+09  3.108434E+28
        5.929261E+00  2.139229E+01  5.369425E+00  0.8338816293 -7.795823E-01
        5.091439E+19 -4.024580E+00 -1.993066E+00 -3.055071E-01 -3.055071E-01
   209     2136.9835    7.15622996  1.360960E+09  9.830388E+09  2.752409E+28
        5.893160E+00  2.139247E+01  5.369539E+00  0.8844159244 -9.371020E-01
        3.013212E+19 -4.024578E+00 -1.993066E+00 -3.055071E-01 -3.055071E-01
   210     2072.1617    7.15645646  1.360605E+09  1.046302E+10  2.432072E+28
        5.854010E+00  2.139265E+01  5.369659E+00  0.9246586482 -1.122967E+00
        1.683842E+19 -4.024573E+00 -1.993067E+00 -3.055071E-01 -3.055071E-01
   211     2004.0859    7.15670106  1.360222E+09  1.120987E+10  2.126682E+28
        5.806728E+00  2.139288E+01  5.369823E+00  0.9576306363 -1.372948E+00
        8.194867E+18 -4.024572E+00 -1.993067E+00 -3.055071E-01 -3.055071E-01
   212     1968.4548    7.15684331  1.360000E+09  1.175226E+10  1.978777E+28
        5.771154E+00  2.139301E+01  5.369913E+00  0.9752826413 -1.606998E+00
        4.691597E+18 -4.024571E+00 -1.992990E+00 -3.055077E-01 -3.055077E-01
   213     1954.8047    7.15690215  1.359907E+09  1.204246E+10  1.924197E+28
        5.751370E+00  2.139305E+01  5.369940E+00  0.9821548950 -1.748481E+00
        3.425901E+18 -4.024571E+00 -1.992396E+00 -3.055140E-01 -3.055140E-01
   214     1942.7008    7.15692848  1.359866E+09  1.215155E+10  1.876867E+28
        5.743767E+00  2.139306E+01  5.369947E+00  0.9832249697 -1.775337E+00
        3.032664E+18 -4.024425E+00 -1.991563E+00 -3.055226E-01 -3.055226E-01
   215     1927.0189    7.15695570  1.359824E+09  1.225082E+10  1.816881E+28
        5.736758E+00  2.139307E+01  5.369954E+00  0.9834481610 -1.781154E+00
        2.714758E+18 -4.024307E+00 -1.990493E+00 -3.055336E-01 -3.055336E-01
   216     1913.3565    7.15698040  1.359785E+09  1.234066E+10  1.765800E+28
        5.730388E+00  2.139307E+01  5.369959E+00  0.9836411074 -1.786246E+00
        2.458094E+18 -4.024234E+00 -1.989701E+00 -3.055418E-01 -3.055418E-01
   217     1898.2552    7.15700851  1.359741E+09  1.244288E+10  1.710599E+28
        5.723160E+00  2.139308E+01  5.369965E+00  0.9838595595 -1.792085E+00
        2.197659E+18 -4.024160E+00 -1.988929E+00 -3.055498E-01 -3.055498E-01
   218     1881.0457    7.15704224  1.359688E+09  1.256721E+10  1.649276E+28
        5.714453E+00  2.139309E+01  5.369973E+00  0.9841042634 -1.798719E+00
        1.921517E+18 -4.024091E+00 -1.988236E+00 -3.055570E-01 -3.055570E-01
   219     1864.4691    7.15707427  1.359638E+09  1.268010E+10  1.591786E+28
        5.706644E+00  2.139310E+01  5.369981E+00  0.9843330718 -1.805016E+00
        1.702997E+18 -4.024076E+00 -1.987368E+00 -3.055660E-01 -3.055660E-01
   220     1844.3562    7.15711817  1.359569E+09  1.282568E+10  1.524050E+28
        5.696709E+00  2.139312E+01  5.369993E+00  0.9846795794 -1.814729E+00
        1.459895E+18 -4.024062E+00 -1.987185E+00 -3.055679E-01 -3.055679E-01
   221     1825.2510    7.15715972  1.359504E+09  1.296662E+10  1.461736E+28
        5.687220E+00  2.139314E+01  5.370004E+00  0.9849788427 -1.823297E+00
        1.260290E+18 -4.024048E+00 -1.987021E+00 -3.055697E-01 -3.055697E-01
   222     1799.8233    7.15721481  1.359418E+09  1.315810E+10  1.381793E+28
        5.674557E+00  2.139316E+01  5.370019E+00  0.9853492021 -1.834139E+00
        1.035494E+18 -4.024032E+00 -1.986840E+00 -3.055715E-01 -3.055715E-01
   223     1768.3379    7.15728279  1.359312E+09  1.340170E+10  1.287409E+28
        5.658823E+00  2.139318E+01  5.370038E+00  0.9857727444 -1.846879E+00
        8.114474E+17 -4.024013E+00 -1.986647E+00 -3.055735E-01 -3.055735E-01
   224     1728.6022    7.15735129  1.359204E+09  1.372033E+10  1.175350E+28
        5.638865E+00  2.139322E+01  5.370064E+00  0.9862697760 -1.862322E+00
        5.948868E+17 -4.022231E+00 -1.986447E+00 -3.055758E-01 -3.055758E-01
   225     1672.2863    7.15744200  1.359062E+09  1.419444E+10  1.029292E+28
        5.610443E+00  2.139329E+01  5.370110E+00  0.9869314530 -1.883773E+00
        3.823905E+17 -4.018746E+00 -1.986207E+00 -3.055786E-01 -3.055786E-01
   226     1607.3579    7.15758009  1.358846E+09  1.477545E+10  8.782305E+27
        5.577487E+00  2.139339E+01  5.370181E+00  0.9875421015 -1.904555E+00
        2.287690E+17 -4.018190E+00 -1.985296E+00 -3.055882E-01 -3.055882E-01
   227     1570.1250    7.15765057  1.358736E+09  1.510739E+10  7.995112E+27
        5.559449E+00  2.139344E+01  5.370218E+00  0.9876265790 -1.907510E+00
        1.727568E+17 -4.017926E+00 -1.984009E+00 -3.056017E-01 -3.056017E-01
   228     1549.8741    7.15769386  1.358668E+09  1.543016E+10  7.589795E+27
        5.542304E+00  2.139348E+01  5.370246E+00  0.9876798413 -1.909384E+00
        1.316586E+17 -4.017782E+00 -1.982358E+00 -3.056191E-01 -3.056191E-01
   229     1539.5743    7.15771646  1.358633E+09  1.572533E+10  7.389659E+27
        5.526545E+00  2.139351E+01  5.370263E+00  0.9877557868 -1.912069E+00
        1.021665E+17 -4.017692E+00 -1.980452E+00 -3.056392E-01 -3.056392E-01
   230     1512.8511    7.15776113  1.358563E+09  1.602447E+10  6.889089E+27
        5.510320E+00  2.139353E+01  5.370274E+00  0.9878374761 -1.914976E+00
        7.904536E+16 -4.017487E+00 -1.979422E+00 -3.056501E-01 -3.056501E-01
   231     1456.6918    7.15788720  1.358366E+09  1.662274E+10  5.920001E+27
        5.479030E+00  2.139356E+01  5.370289E+00  0.9880274676 -1.921814E+00
        4.837564E+16 -4.019928E+00 -1.977586E+00 -3.056694E-01 -3.056694E-01
   232     1434.5243    7.15789970  1.358346E+09  1.686591E+10  5.567628E+27
        5.466648E+00  2.139357E+01  5.370297E+00  0.9881076738 -1.924733E+00
        3.982801E+16 -4.017386E+00 -1.976978E+00 -3.056761E-01 -3.056761E-01
   233     1412.2098    7.15787184  1.358390E+09  1.711411E+10  5.229537E+27
        5.454262E+00  2.139359E+01  5.370308E+00  0.9881852306 -1.927575E+00
        3.278788E+16 -4.011400E+00 -1.975838E+00 -3.056888E-01 -3.056888E-01
   234     1387.4215    7.15790106  1.358344E+09  1.741774E+10  4.871591E+27
        5.439453E+00  2.139361E+01  5.370326E+00  0.9882798511 -1.931067E+00
        2.597418E+16 -4.010103E+00 -1.974570E+00 -3.057025E-01 -3.057025E-01
   235     1361.0708    7.15794675  1.358273E+09  1.775693E+10  4.511432E+27
        5.423282E+00  2.139364E+01  5.370348E+00  0.9883857528 -1.935009E+00
        2.012917E+16 -4.010105E+00 -1.973239E+00 -3.057168E-01 -3.057168E-01
   236     1312.4565    7.15804344  1.358122E+09  1.843532E+10  3.899730E+27
        5.392033E+00  2.139369E+01  5.370387E+00  0.9886330774 -1.944357E+00
        1.228426E+16 -4.010112E+00 -1.972938E+00 -3.057201E-01 -3.057201E-01
   237     1266.6361    7.15812740  1.357990E+09  1.912381E+10  3.382348E+27
        5.361339E+00  2.139371E+01  5.370403E+00  0.9888754682 -1.953718E+00
        7.553848E+15 -4.010114E+00 -1.972693E+00 -3.057227E-01 -3.057227E-01
   238     1225.0408    7.15819666  1.357882E+09  1.978315E+10  2.958992E+27
        5.332794E+00  2.139371E+01  5.370403E+00  0.9890936030 -1.962319E+00
        4.801879E+15 -4.010114E+00 -1.972484E+00 -3.057249E-01 -3.057249E-01
   239     1166.0867    7.15829883  1.357722E+09  2.078232E+10  2.428638E+27
        5.291096E+00  2.139372E+01  5.370404E+00  0.9894021550 -1.974782E+00
        2.473777E+15 -4.010114E+00 -1.972220E+00 -3.057278E-01 -3.057278E-01
   240     1113.1595    7.15840294  1.357560E+09  2.187659E+10  2.016345E+27
        5.246493E+00  2.139374E+01  5.370416E+00  0.9897279846 -1.988344E+00
        1.211447E+15 -4.010114E+00 -1.971945E+00 -3.057308E-01 -3.057308E-01
   241     1040.3514    7.15854832  1.357332E+09  2.334091E+10  1.537837E+27
        5.187941E+00  2.139376E+01  5.370433E+00  0.9901236217 -2.005402E+00
        4.742837E+14 -4.010114E+00 -1.971631E+00 -3.057341E-01 -3.057341E-01
   242      971.4979    7.15868006  1.357127E+09  2.484798E+10  1.169030E+27
        5.129228E+00  2.139378E+01  5.370445E+00  0.9905022637 -2.022380E+00
        1.844416E+14 -4.010114E+00 -1.971345E+00 -3.057372E-01 -3.057372E-01
   243      889.3934    7.15881465  1.356916E+09  2.682471E+10  8.209171E+26
        5.053507E+00  2.139379E+01  5.370446E+00  0.9909373876 -2.042747E+00
        5.422748E+13 -4.010114E+00 -1.971056E+00 -3.057404E-01 -3.057404E-01
   244      819.7713    7.15892557  1.356743E+09  2.868840E+10  5.923569E+26
        4.981936E+00  2.139379E+01  5.370447E+00  0.9913112167 -2.061041E+00
        1.693590E+13 -4.010114E+00 -1.971105E+00 -3.057398E-01 -3.057398E-01
   245      756.8429    7.15902151  1.356593E+09  3.046382E+10  4.302687E+26
        4.912598E+00  2.139379E+01  5.370448E+00  0.9917288513 -2.082434E+00
        5.455064E+12 -4.010114E+00 -1.971446E+00 -3.057361E-01 -3.057361E-01
   246      707.4518    7.15907816  1.356505E+09  3.193597E+10  3.284335E+26
        4.853714E+00  2.139379E+01  5.370449E+00  0.9921007401 -2.102414E+00
        2.075252E+12 -4.010114E+00 -1.971750E+00 -3.057329E-01 -3.057329E-01
   247      671.4597    7.15929145  1.356172E+09  3.305899E+10  2.663953E+26
        4.807652E+00  2.139380E+01  5.370454E+00  0.9924144986 -2.120016E+00
        9.718860E+11 -4.010114E+00 -1.972049E+00 -3.057296E-01 -3.057296E-01
   248      637.1242    7.15959582  1.355697E+09  3.416063E+10  2.157937E+26
        4.761050E+00  2.139381E+01  5.370459E+00  0.9927394776 -2.139032E+00
        4.501949E+11 -4.010114E+00 -1.972387E+00 -3.057260E-01 -3.057260E-01
