     1    59551.1051    7.84222838  1.070057E+09  4.000000E+05  1.026102E+34
        8.032008E+00  2.313884E+01  6.468272E+00  0.0000000000  0.000000E+00
        7.920990E+34 -9.999593E+00 -1.975935E+00 -3.056448E-01 -3.056448E-01
     2    56816.2192    7.86483206  1.042569E+09  8.000000E+05  8.070803E+33
        7.936293E+00  2.316670E+01  6.488177E+00  0.0000000000  0.000000E+00
        3.761146E+34 -9.999662E+00 -1.975935E+00 -3.056448E-01 -3.056448E-01
     3    53674.2977    7.88225970  1.021859E+09  1.200000E+06  6.175403E+33
        7.884257E+00  2.318268E+01  6.499375E+00  0.0000000000  0.000000E+00
        2.258453E+34 -9.999741E+00 -1.975935E+00 -3.056448E-01 -3.056448E-01
     4    50676.0780    7.89605041  1.005763E+09  1.600000E+06  4.753583E+33
        7.850822E+00  2.319325E+01  6.506730E+00  0.0000000000  0.000000E+00
        1.527996E+34 -9.999816E+00 -1.975935E+00 -3.056448E-01 -3.056448E-01
     5    48016.2016    7.90713291  9.930122E+08  2.000000E+06  3.734890E+33
        7.827047E+00  2.320087E+01  6.512006E+00  0.0000000000  0.000000E+00
        1.111451E+34 -9.999886E+00 -1.975935E+00 -3.056448E-01 -3.056448E-01
     6    45714.5947    7.91619738  9.827031E+08  2.400000E+06  3.005257E+33
        7.808953E+00  2.320667E+01  6.516016E+00  0.0000000000  0.000000E+00
        8.489385E+33 -9.999950E+00 -1.975935E+00 -3.056448E-01 -3.056448E-01
     7    44611.0498    7.92044828  9.779055E+08  2.608854E+06  2.698864E+33
        7.800378E+00  2.320933E+01  6.517849E+00  0.0000000000  0.000000E+00
        7.423359E+33 -1.000005E+01 -1.975935E+00 -3.056448E-01 -3.056448E-01
     8    43707.3842    7.92392772  9.739960E+08  2.797440E+06  2.466897E+33
        7.793473E+00  2.321146E+01  6.519323E+00  0.0000000000  0.000000E+00
        6.631891E+33 -1.000001E+01 -1.975935E+00 -3.056448E-01 -3.056448E-01
     9    42764.5228    7.92750804  9.699895E+08  3.007903E+06  2.242260E+33
        7.786560E+00  2.321359E+01  6.520795E+00  0.0000000000  0.000000E+00
        5.898051E+33 -9.999987E+00 -1.975935E+00 -3.056448E-01 -3.056448E-01
    10    41870.2366    7.93085156  9.662628E+08  3.222599E+06  2.044700E+33
        7.780186E+00  2.321555E+01  6.522143E+00  0.0000000000  0.000000E+00
        5.273638E+33 -9.999966E+00 -1.975935E+00 -3.056448E-01 -3.056448E-01
    11    40902.9831    7.93440068  9.623226E+08  3.473189E+06  1.847050E+33
        7.773466E+00  2.321758E+01  6.523550E+00  0.0000000000  0.000000E+00
        4.668628E+33 -9.999961E+00 -1.975935E+00 -3.056448E-01 -3.056448E-01
    12    40020.5348    7.93761112  9.587723E+08  3.723974E+06  1.680273E+33
        7.767342E+00  2.321940E+01  6.524808E+00  0.0000000000  0.000000E+00
        4.164507E+33 -1.000006E+01 -1.975935E+00 -3.056448E-01 -3.056448E-01
    13    39154.5877    7.94072299  9.553435E+08  3.993046E+06  1.528506E+33
        7.761322E+00  2.322115E+01  6.526013E+00  0.0000000000  0.000000E+00
        3.711787E+33 -1.000017E+01 -1.975935E+00 -3.056448E-01 -3.056448E-01
    14    38313.3804    7.94368466  9.520915E+08  4.276675E+06  1.391800E+33
        7.755478E+00  2.322279E+01  6.527151E+00  0.0000000000  0.000000E+00
        3.311750E+33 -1.000026E+01 -1.975935E+00 -3.056448E-01 -3.056448E-01
    15    37553.0550    7.94637585  9.491462E+08  4.562388E+06  1.276629E+33
        7.750016E+00  2.322428E+01  6.528183E+00  0.0000000000  0.000000E+00
        2.971586E+33 -1.000035E+01 -1.975935E+00 -3.056448E-01 -3.056448E-01
    16    36770.1096    7.94911857  9.461538E+08  4.884372E+06  1.166059E+33
        7.744293E+00  2.322579E+01  6.529230E+00  0.0000000000  0.000000E+00
        2.648517E+33 -1.000044E+01 -1.975935E+00 -3.056448E-01 -3.056448E-01
    17    36007.6954    7.95173723  9.433056E+08  5.226724E+06  1.065868E+33
        7.738618E+00  2.322723E+01  6.530230E+00  0.0000000000  0.000000E+00
        2.359889E+33 -1.000053E+01 -1.975935E+00 -3.056448E-01 -3.056448E-01
    18    35249.8039    7.95435749  9.404643E+08  5.608899E+06  9.730359E+32
        7.732701E+00  2.322867E+01  6.531230E+00  0.0000000000  0.000000E+00
        2.090295E+33 -1.000062E+01 -1.975935E+00 -3.056448E-01 -3.056448E-01
    19    34528.6102    7.95682142  9.378002E+08  6.010405E+06  8.907472E+32
        7.726869E+00  2.323002E+01  6.532167E+00  0.0000000000  0.000000E+00
        1.853601E+33 -1.000070E+01 -1.975935E+00 -3.056448E-01 -3.056448E-01
    20    33816.4944    7.95918776  9.352488E+08  6.442561E+06  8.150534E+32
        7.720962E+00  2.323132E+01  6.533070E+00  0.0000000000  0.000000E+00
        1.640732E+33 -1.000078E+01 -1.975935E+00 -3.056448E-01 -3.056448E-01
    21    33108.0296    7.96157098  9.326862E+08  6.931934E+06  7.447695E+32
        7.714667E+00  2.323263E+01  6.533982E+00  0.0000000000  0.000000E+00
        1.440810E+33 -1.000086E+01 -1.975935E+00 -3.056448E-01 -3.056448E-01
    22    32426.2410    7.96379344  9.303028E+08  7.444242E+06  6.817929E+32
        7.708444E+00  2.323385E+01  6.534837E+00  0.0000000000  0.000000E+00
        1.267623E+33 -1.000094E+01 -1.975935E+00 -3.056448E-01 -3.056448E-01
    23    31767.0016    7.96598281  9.279608E+08  8.013455E+06  6.248584E+32
        7.701909E+00  2.323507E+01  6.535689E+00  0.0000000000  0.000000E+00
        1.108885E+33 -1.000101E+01 -1.975935E+00 -3.056448E-01 -3.056448E-01
    24    31261.1734    7.96758742  9.262481E+08  8.468736E+06  5.838391E+32
        7.696909E+00  2.323596E+01  6.536312E+00  0.0000000000  0.000000E+00
        1.001481E+33 -1.000107E+01 -1.975935E+00 -3.056448E-01 -3.056448E-01
    25    30742.8982    7.96930477  9.244185E+08  9.018040E+06  5.439187E+32
        7.691137E+00  2.323694E+01  6.536997E+00  0.0000000000  0.000000E+00
        8.911068E+32 -1.000113E+01 -1.975935E+00 -3.056448E-01 -3.056448E-01
    26    30134.9963    7.97123630  9.223652E+08  9.702157E+06  4.999284E+32
        7.684296E+00  2.323803E+01  6.537761E+00  0.0000000000  0.000000E+00
        7.769438E+32 -1.000120E+01 -1.975935E+00 -3.056448E-01 -3.056448E-01
    27    29613.6217    7.97294550  9.205519E+08  1.039399E+07  4.643871E+32
        7.677705E+00  2.323902E+01  6.538452E+00  0.0000000000  0.000000E+00
        6.816476E+32 -1.000126E+01 -1.975935E+00 -3.056448E-01 -3.056448E-01
    28    29051.3026    7.97471972  9.186735E+08  1.119131E+07  4.283534E+32
        7.670481E+00  2.324003E+01  6.539165E+00  0.0000000000  0.000000E+00
        5.914491E+32 -1.000132E+01 -1.975935E+00 -3.056448E-01 -3.056448E-01
    29    28553.9577    7.97634056  9.169608E+08  1.202670E+07  3.982761E+32
        7.663279E+00  2.324098E+01  6.539834E+00  0.0000000000  0.000000E+00
        5.141608E+32 -1.000138E+01 -1.975935E+00 -3.056448E-01 -3.056448E-01
    30    28037.2228    7.97797581  9.152361E+08  1.296815E+07  3.688278E+32
        7.655570E+00  2.324194E+01  6.540511E+00  0.0000000000  0.000000E+00
        4.432786E+32 -1.000144E+01 -1.975935E+00 -3.056448E-01 -3.056448E-01
    31    27554.7806    7.97954705  9.135819E+08  1.399929E+07  3.428469E+32
        7.647563E+00  2.324289E+01  6.541177E+00  0.0000000000  0.000000E+00
        3.805629E+32 -1.000149E+01 -1.975935E+00 -3.056448E-01 -3.056448E-01
    32    27070.3907    7.98108811  9.119625E+08  1.513194E+07  3.182361E+32
        7.639233E+00  2.324382E+01  6.541834E+00  0.0000000000  0.000000E+00
        3.251934E+32 -1.000155E+01 -1.975935E+00 -3.056448E-01 -3.056448E-01
    33    26604.0034    7.98258386  9.103934E+08  1.637889E+07  2.958446E+32
        7.630560E+00  2.324474E+01  6.542486E+00  0.0000000000  0.000000E+00
        2.764712E+32 -1.000160E+01 -1.975935E+00 -3.056448E-01 -3.056448E-01
    34    26150.2291    7.98404941  9.088586E+08  1.775936E+07  2.752403E+32
        7.621494E+00  2.324565E+01  6.543138E+00  0.0000000000  0.000000E+00
        2.336312E+32 -1.000166E+01 -1.975935E+00 -3.056448E-01 -3.056448E-01
    35    25715.5837    7.98545932  9.073845E+08  1.925958E+07  2.565581E+32
        7.612203E+00  2.324655E+01  6.543778E+00  0.0000000000  0.000000E+00
        1.968179E+32 -1.000172E+01 -1.975935E+00 -3.056448E-01 -3.056448E-01
    36    25288.9983    7.98684892  9.059340E+08  2.092912E+07  2.391867E+32
        7.602471E+00  2.324744E+01  6.544422E+00  0.0000000000  0.000000E+00
        1.646064E+32 -1.000177E+01 -1.975935E+00 -3.056448E-01 -3.056448E-01
    37    24867.5517    7.98822446  9.045005E+08  2.279545E+07  2.229293E+32
        7.592255E+00  2.324834E+01  6.545069E+00  0.0000000000  0.000000E+00
        1.365319E+32 -1.000182E+01 -1.975935E+00 -3.056448E-01 -3.056448E-01
    38    24447.0022    7.98960213  9.030670E+08  2.490989E+07  2.075677E+32
        7.581418E+00  2.324925E+01  6.545726E+00  0.0000000000  0.000000E+00
        1.119910E+32 -1.000188E+01 -1.975935E+00 -3.056448E-01 -3.056448E-01
    39    24029.7612    7.99096632  9.016498E+08  2.727439E+07  1.931484E+32
        7.570089E+00  2.325016E+01  6.546383E+00  0.0000000000  0.000000E+00
        9.102572E+31 -1.000193E+01 -1.975935E+00 -3.056448E-01 -3.056448E-01
    40    23614.5787    7.99231974  9.002459E+08  2.992049E+07  1.795811E+32
        7.558252E+00  2.325106E+01  6.547037E+00  0.0000000000  0.000000E+00
        7.325892E+31 -1.000198E+01 -1.975935E+00 -3.056448E-01 -3.056448E-01
    41    23199.5984    7.99366504  8.988527E+08  3.288416E+07  1.667694E+32
        7.545879E+00  2.325195E+01  6.547685E+00  0.0000000000  0.000000E+00
        5.833170E+31 -1.000203E+01 -1.975935E+00 -3.056448E-01 -3.056448E-01
    42    22783.2181    7.99500595  8.974661E+08  3.620793E+07  1.546371E+32
        7.532938E+00  2.325284E+01  6.548323E+00  0.0000000000  0.000000E+00
        4.590245E+31 -1.000209E+01 -1.975935E+00 -3.056448E-01 -3.056448E-01
    43    22364.3661    7.99634488  8.960837E+08  3.993177E+07  1.431334E+32
        7.519423E+00  2.325370E+01  6.548952E+00  0.0000000000  0.000000E+00
        3.567754E+31 -1.000214E+01 -1.975935E+00 -3.056448E-01 -3.056448E-01
    44    21942.1193    7.99768478  8.947025E+08  4.409897E+07  1.322175E+32
        7.505330E+00  2.325456E+01  6.549574E+00  0.0000000000  0.000000E+00
        2.737159E+31 -1.000219E+01 -1.975935E+00 -3.056448E-01 -3.056448E-01
    45    21515.9313    7.99902755  8.933204E+08  4.875440E+07  1.218632E+32
        7.490657E+00  2.325542E+01  6.550193E+00  0.0000000000  0.000000E+00
        2.071518E+31 -1.000225E+01 -1.975935E+00 -3.056448E-01 -3.056448E-01
    46    21085.5608    8.00037162  8.919392E+08  5.394115E+07  1.120543E+32
        7.475409E+00  2.325628E+01  6.550812E+00  0.0000000000  0.000000E+00
        1.545972E+31 -1.000231E+01 -1.975935E+00 -3.056448E-01 -3.056448E-01
    47    20651.2139    8.00171360  8.905622E+08  5.969609E+07  1.027846E+32
        7.459613E+00  2.325713E+01  6.551432E+00  0.0000000000  0.000000E+00
        1.137843E+31 -1.000236E+01 -1.975935E+00 -3.056448E-01 -3.056448E-01
    48    20214.9508    8.00304205  8.892011E+08  6.602322E+07  9.408236E+31
        7.443378E+00  2.325797E+01  6.552047E+00  0.0000000000  0.000000E+00
        8.273943E+30 -1.000242E+01 -1.975935E+00 -3.056448E-01 -3.056448E-01
    49    19779.6376    8.00435138  8.878617E+08  7.294025E+07  8.597683E+31
        7.426768E+00  2.325880E+01  6.552652E+00  0.0000000000  0.000000E+00
        5.949852E+30 -1.000248E+01 -1.975935E+00 -3.056448E-01 -3.056448E-01
    50    19343.0854    8.00564370  8.865417E+08  8.049221E+07  7.840049E+31
        7.409779E+00  2.325962E+01  6.553250E+00  0.0000000000  0.000000E+00
        4.230138E+30 -1.000254E+01 -1.975935E+00 -3.056448E-01 -3.056448E-01
    51    18906.4332    8.00691864  8.852414E+08  8.871461E+07  7.134759E+31
        7.392433E+00  2.326044E+01  6.553842E+00  0.0000000000  0.000000E+00
        2.974597E+30 -1.000259E+01 -1.975935E+00 -3.056448E-01 -3.056448E-01
    52    18470.8455    8.00817162  8.839653E+08  9.763556E+07  6.480895E+31
        7.374764E+00  2.326124E+01  6.554426E+00  0.0000000000  0.000000E+00
        2.070673E+30 -1.000266E+01 -1.975935E+00 -3.056448E-01 -3.056448E-01
    53    18038.0340    8.00939734  8.827188E+08  1.072613E+08  5.877856E+31
        7.356858E+00  2.326202E+01  6.554998E+00  0.0000000000  0.000000E+00
        1.429624E+30 -1.000272E+01 -1.975935E+00 -3.056448E-01 -3.056448E-01
    54    17610.1324    8.01059142  8.815061E+08  1.175919E+08  5.324987E+31
        7.338800E+00  2.326278E+01  6.555552E+00  0.0000000000  0.000000E+00
        9.809191E+29 -1.000278E+01 -1.975935E+00 -3.056448E-01 -3.056448E-01
    55    17187.8082    8.01175517  8.803258E+08  1.286600E+08  4.819326E+31
        7.320610E+00  2.326350E+01  6.556083E+00  0.0000000000  0.000000E+00
        6.693891E+29 -1.000284E+01 -1.975935E+00 -3.056448E-01 -3.056448E-01
    56    16772.3095    8.01289312  8.791733E+08  1.405016E+08  4.358508E+31
        7.302302E+00  2.326419E+01  6.556586E+00  0.0000000000  0.000000E+00
        4.546616E+29 -1.000290E+01 -1.975935E+00 -3.056448E-01 -3.056448E-01
    57    16364.9256    8.01401023  8.780433E+08  1.531484E+08  3.940083E+31
        7.283903E+00  2.326484E+01  6.557056E+00  0.0000000000  0.000000E+00
        3.076665E+29 -1.000292E+01 -1.975935E+00 -3.056448E-01 -3.056448E-01
    58    15968.1320    8.01510991  8.769323E+08  1.666061E+08  3.562592E+31
        7.265480E+00  2.326544E+01  6.557496E+00  0.0000000000  0.000000E+00
        2.077607E+29 -1.000297E+01 -1.975935E+00 -3.056448E-01 -3.056448E-01
    59    15579.4140    8.01620134  8.758311E+08  1.809553E+08  3.220050E+31
        7.246992E+00  2.326602E+01  6.557912E+00  0.0000000000  0.000000E+00
        1.399426E+29 -1.000302E+01 -1.975935E+00 -3.056448E-01 -3.056448E-01
    60    15199.9851    8.01728310  8.747410E+08  1.962397E+08  2.910376E+31
        7.228450E+00  2.326656E+01  6.558309E+00  0.0000000000  0.000000E+00
        9.409748E+28 -1.000307E+01 -1.975935E+00 -3.056448E-01 -3.056448E-01
    61    14828.3931    8.01835170  8.736655E+08  2.125312E+08  2.629567E+31
        7.209834E+00  2.326708E+01  6.558687E+00  0.0000000000  0.000000E+00
        6.317893E+28 -1.000312E+01 -1.975935E+00 -3.056448E-01 -3.056448E-01
    62    14466.0460    8.01939785  8.726139E+08  2.298175E+08  2.376080E+31
        7.191232E+00  2.326757E+01  6.559043E+00  0.0000000000  0.000000E+00
        4.246085E+28 -1.000317E+01 -1.975935E+00 -3.056448E-01 -3.056448E-01
    63    14112.8172    8.02041914  8.715884E+08  2.481360E+08  2.147312E+31
        7.172669E+00  2.326805E+01  6.559384E+00  0.0000000000  0.000000E+00
        2.859819E+28 -1.000322E+01 -1.975935E+00 -3.056448E-01 -3.056448E-01
    64    13767.6833    8.02141447  8.705903E+08  2.675634E+08  1.940388E+31
        7.154131E+00  2.326851E+01  6.559720E+00  0.0000000000  0.000000E+00
        1.931212E+28 -1.000327E+01 -1.975935E+00 -3.056448E-01 -3.056448E-01
    65    13430.2713    8.02238206  8.696210E+08  2.881623E+08  1.753140E+31
        7.135621E+00  2.326898E+01  6.560057E+00  0.0000000000  0.000000E+00
        1.308821E+28 -1.000333E+01 -1.975935E+00 -3.056448E-01 -3.056448E-01
    66    13117.0609    8.02327308  8.687294E+08  3.088548E+08  1.591961E+31
        7.118075E+00  2.326941E+01  6.560373E+00  0.0000000000  0.000000E+00
        9.082792E+27 -1.000338E+01 -1.975935E+00 -3.056448E-01 -3.056448E-01
    67    12838.0283    8.02406132  8.679413E+08  3.287049E+08  1.458114E+31
        7.102124E+00  2.326979E+01  6.560655E+00  0.0000000000  0.000000E+00
        6.537227E+27 -1.000342E+01 -1.975935E+00 -3.056448E-01 -3.056448E-01
    68    12586.1567    8.02476764  8.672358E+08  3.478973E+08  1.344821E+31
        7.087445E+00  2.327013E+01  6.560905E+00  0.0000000000  0.000000E+00
        4.844042E+27 -1.000346E+01 -1.975935E+00 -3.056448E-01 -3.056448E-01
    69    12385.0043    8.02532778  8.666767E+08  3.641576E+08  1.259263E+31
        7.075514E+00  2.327040E+01  6.561101E+00  0.0000000000  0.000000E+00
        3.807048E+27 -1.000350E+01 -1.975935E+00 -3.056448E-01 -3.056448E-01
    70    12227.7002    8.02576381  8.662418E+08  3.774962E+08  1.195294E+31
        7.066046E+00  2.327060E+01  6.561250E+00  0.0000000000  0.000000E+00
        3.150047E+27 -1.000352E+01 -1.975935E+00 -3.056448E-01 -3.056448E-01
    71    12098.8337    8.02612092  8.658857E+08  3.888623E+08  1.144755E+31
        7.058194E+00  2.327077E+01  6.561370E+00  0.0000000000  0.000000E+00
        2.695337E+27 -1.000354E+01 -1.975935E+00 -3.056448E-01 -3.056448E-01
    72    11994.8823    8.02641025  8.655973E+08  3.983345E+08  1.105181E+31
        7.051795E+00  2.327090E+01  6.561466E+00  0.0000000000  0.000000E+00
        2.375725E+27 -1.000356E+01 -1.975935E+00 -3.056448E-01 -3.056448E-01
    73    11901.1997    8.02667307  8.653355E+08  4.071194E+08  1.070408E+31
        7.045976E+00  2.327102E+01  6.561552E+00  0.0000000000  0.000000E+00
        2.119529E+27 -1.000358E+01 -1.975935E+00 -3.056448E-01 -3.056448E-01
    74    11808.9259    8.02693500  8.650745E+08  4.160147E+08  1.036970E+31
        7.040196E+00  2.327113E+01  6.561636E+00  0.0000000000  0.000000E+00
        1.893608E+27 -1.000359E+01 -1.975935E+00 -3.056448E-01 -3.056448E-01
    75    11726.5374    8.02717433  8.648362E+08  4.241667E+08  1.007777E+31
        7.034992E+00  2.327124E+01  6.561712E+00  0.0000000000  0.000000E+00
        1.711833E+27 -1.000361E+01 -1.975935E+00 -3.056448E-01 -3.056448E-01
    76    11646.9131    8.02741135  8.646003E+08  4.322421E+08  9.801476E+30
        7.029924E+00  2.327133E+01  6.561784E+00  0.0000000000  0.000000E+00
        1.552370E+27 -1.000362E+01 -1.975935E+00 -3.056448E-01 -3.056448E-01
    77    11567.0562    8.02765351  8.643592E+08  4.405429E+08  9.530098E+30
        7.024802E+00  2.327143E+01  6.561856E+00  0.0000000000  0.000000E+00
        1.407041E+27 -1.000363E+01 -1.975935E+00 -3.056448E-01 -3.056448E-01
    78    11485.9780    8.02790301  8.641110E+08  4.491820E+08  9.260372E+30
        7.019562E+00  2.327153E+01  6.561928E+00  0.0000000000  0.000000E+00
        1.273154E+27 -1.000364E+01 -1.975935E+00 -3.056448E-01 -3.056448E-01
    79    11403.5767    8.02816007  8.638553E+08  4.581871E+08  8.992155E+30
        7.014196E+00  2.327163E+01  6.562002E+00  0.0000000000  0.000000E+00
        1.149913E+27 -1.000366E+01 -1.975935E+00 -3.056448E-01 -3.056448E-01
    80    11319.7825    8.02842571  8.635911E+08  4.675832E+08  8.725416E+30
        7.008697E+00  2.327174E+01  6.562075E+00  0.0000000000  0.000000E+00
        1.036649E+27 -1.000367E+01 -1.975935E+00 -3.056448E-01 -3.056448E-01
    81    11235.5613    8.02869717  8.633213E+08  4.772769E+08  8.463333E+30
        7.003127E+00  2.327184E+01  6.562149E+00  0.0000000000  0.000000E+00
        9.339110E+26 -1.000368E+01 -1.975935E+00 -3.056448E-01 -3.056448E-01
    82    11149.8183    8.02897634  8.630439E+08  4.874092E+08  8.202653E+30
        6.997413E+00  2.327194E+01  6.562223E+00  0.0000000000  0.000000E+00
        8.396767E+26 -1.000369E+01 -1.975935E+00 -3.056448E-01 -3.056448E-01
    83    11060.4839    8.02926813  8.627540E+08  4.982548E+08  7.937576E+30
        6.991415E+00  2.327204E+01  6.562299E+00  0.0000000000  0.000000E+00
        7.515625E+26 -1.000369E+01 -1.975935E+00 -3.056448E-01 -3.056448E-01
    84    10967.2868    8.02957403  8.624502E+08  5.098931E+08  7.668003E+30
        6.985109E+00  2.327215E+01  6.562377E+00  0.0000000000  0.000000E+00
        6.694616E+26 -1.000370E+01 -1.975935E+00 -3.056448E-01 -3.056448E-01
    85    10873.1279    8.02988680  8.621397E+08  5.219966E+08  7.402709E+30
        6.978686E+00  2.327226E+01  6.562453E+00  0.0000000000  0.000000E+00
        5.956132E+26 -1.000370E+01 -1.975935E+00 -3.056448E-01 -3.056448E-01
    86    10777.6582    8.03020387  8.618250E+08  5.346311E+08  7.140905E+30
        6.972124E+00  2.327236E+01  6.562528E+00  0.0000000000  0.000000E+00
        5.290880E+26 -1.000371E+01 -1.975935E+00 -3.056448E-01 -3.056448E-01
    87    10688.1156    8.03049900  8.615322E+08  5.468174E+08  6.901843E+30
        6.965924E+00  2.327245E+01  6.562595E+00  0.0000000000  0.000000E+00
        4.735092E+26 -1.000371E+01 -1.975935E+00 -3.056448E-01 -3.056448E-01
    88    10583.3901    8.03084026  8.611938E+08  5.615138E+08  6.630075E+30
        6.958619E+00  2.327256E+01  6.562670E+00  0.0000000000  0.000000E+00
        4.159381E+26 -1.000373E+01 -1.975935E+00 -3.056448E-01 -3.056448E-01
    89    10471.5819    8.03120257  8.608347E+08  5.777535E+08  6.349012E+30
        6.950752E+00  2.327267E+01  6.562748E+00  0.0000000000  0.000000E+00
        3.622240E+26 -1.000375E+01 -1.975935E+00 -3.056448E-01 -3.056448E-01
    90    10359.2613    8.03157118  8.604694E+08  5.946654E+08  6.075800E+30
        6.942773E+00  2.327278E+01  6.562825E+00  0.0000000000  0.000000E+00
        3.152831E+26 -1.000379E+01 -1.975935E+00 -3.056448E-01 -3.056448E-01
    91    10247.1167    8.03194365  8.601005E+08  6.121755E+08  5.811960E+30
        6.934732E+00  2.327288E+01  6.562900E+00  0.0000000000  0.000000E+00
        2.745092E+26 -1.000387E+01 -1.975935E+00 -3.056448E-01 -3.056448E-01
    92    10134.5758    8.03231732  8.597306E+08  6.304121E+08  5.556029E+30
        6.926583E+00  2.327299E+01  6.562977E+00  0.0000000000  0.000000E+00
        2.389099E+26 -1.000403E+01 -1.975935E+00 -3.056448E-01 -3.056448E-01
    93    10016.4136    8.03270852  8.593435E+08  6.503207E+08  5.296634E+30
        6.917938E+00  2.327310E+01  6.563058E+00  0.0000000000  0.000000E+00
        2.064953E+26 -1.000437E+01 -1.975935E+00 -3.056448E-01 -3.056448E-01
    94     9896.7266    8.03310629  8.589500E+08  6.713273E+08  5.043355E+30
        6.909084E+00  2.327322E+01  6.563144E+00  0.0000000000  0.000000E+00
        1.781247E+26 -1.000507E+01 -1.975935E+00 -3.056448E-01 -3.056448E-01
    95     9771.3333    8.03352281  8.585382E+08  6.943142E+08  4.787976E+30
        6.899694E+00  2.327335E+01  6.563238E+00  0.0000000000  0.000000E+00
        1.525460E+26 -1.000652E+01 -1.975935E+00 -3.056448E-01 -3.056448E-01
    96     9672.8506    8.03384890  8.582160E+08  7.130739E+08  4.594397E+30
        6.892234E+00  2.327346E+01  6.563316E+00  0.0000000000  0.000000E+00
        1.350243E+26 -1.000932E+01 -1.975935E+00 -3.056448E-01 -3.056448E-01
    97     9535.5820    8.03431301  8.577575E+08  7.404582E+08  4.334463E+30
        6.881699E+00  2.327361E+01  6.563428E+00  0.0000000000  0.000000E+00
        1.138551E+26 -1.001116E+01 -1.975935E+00 -3.056448E-01 -3.056448E-01
    98     9400.1699    8.03476350  8.573128E+08  7.688789E+08  4.089204E+30
        6.871150E+00  2.327376E+01  6.563542E+00  0.0000000000  0.000000E+00
        9.615877E+25 -1.001116E+01 -1.975935E+00 -3.056448E-01 -3.056448E-01
    99     9263.4890    8.03521382  8.568684E+08  7.991042E+08  3.852512E+30
        6.860333E+00  2.327392E+01  6.563660E+00  0.0000000000  0.000000E+00
        8.102061E+25 -1.001116E+01 -1.975935E+00 -3.056448E-01 -3.056448E-01
   100     9122.0698    8.03567500  8.564136E+08  8.321302E+08  3.618746E+30
        6.848955E+00  2.327408E+01  6.563784E+00  0.0000000000  0.000000E+00
        6.778396E+25 -1.001116E+01 -1.975935E+00 -3.056448E-01 -3.056448E-01
   101     8980.0161    8.03613780  8.559574E+08  8.672190E+08  3.394925E+30
        6.837328E+00  2.327425E+01  6.563908E+00  0.0000000000  0.000000E+00
        5.660020E+25 -1.001116E+01 -1.975935E+00 -3.056448E-01 -3.056448E-01
   102     8861.3430    8.03652458  8.555763E+08  8.980431E+08  3.216126E+30
        6.827459E+00  2.327439E+01  6.564011E+00  0.0000000000  0.000000E+00
        4.863150E+25 -1.001116E+01 -1.975935E+00 -3.056448E-01 -3.056448E-01
   103     8719.8922    8.03698318  8.551247E+08  9.367894E+08  3.012457E+30
        6.815518E+00  2.327455E+01  6.564130E+00  0.0000000000  0.000000E+00
        4.053952E+25 -1.001116E+01 -1.975935E+00 -3.056448E-01 -3.056448E-01
   104     8581.6858    8.03743191  8.546830E+08  9.768006E+08  2.823047E+30
        6.803667E+00  2.327471E+01  6.564246E+00  0.0000000000  0.000000E+00
        3.389983E+25 -1.001116E+01 -1.975935E+00 -3.056448E-01 -3.056448E-01
   105     8469.8713    8.03779664  8.543242E+08  1.010745E+09  2.676518E+30
        6.793951E+00  2.327483E+01  6.564339E+00  0.0000000000  0.000000E+00
        2.930456E+25 -1.001116E+01 -1.975935E+00 -3.056448E-01 -3.056448E-01
   106     8337.7215    8.03822716  8.539009E+08  1.052921E+09  2.510856E+30
        6.782321E+00  2.327498E+01  6.564448E+00  0.0000000000  0.000000E+00
        2.464643E+25 -1.001116E+01 -1.975935E+00 -3.056448E-01 -3.056448E-01
   107     8203.8729    8.03865782  8.534776E+08  1.097985E+09  2.351134E+30
        6.770378E+00  2.327513E+01  6.564555E+00  0.0000000000  0.000000E+00
        2.066284E+25 -1.001116E+01 -1.975935E+00 -3.056448E-01 -3.056448E-01
   108     8067.5630    8.03908897  8.530541E+08  1.146501E+09  2.196544E+30
        6.758036E+00  2.327527E+01  6.564659E+00  0.0000000000  0.000000E+00
        1.723983E+25 -1.001116E+01 -1.975935E+00 -3.056448E-01 -3.056448E-01
   109     7933.6357    8.03950699  8.526436E+08  1.196941E+09  2.052303E+30
        6.745723E+00  2.327540E+01  6.564755E+00  0.0000000000  0.000000E+00
        1.440622E+25 -1.001116E+01 -1.975935E+00 -3.056448E-01 -3.056448E-01
   110     7802.1793    8.03991081  8.522473E+08  1.249381E+09  1.917840E+30
        6.733437E+00  2.327553E+01  6.564844E+00  0.0000000000  0.000000E+00
        1.205769E+25 -1.001116E+01 -1.975935E+00 -3.056448E-01 -3.056448E-01
   111     7672.9216    8.04030235  8.518632E+08  1.304074E+09  1.792257E+30
        6.721142E+00  2.327564E+01  6.564925E+00  0.0000000000  0.000000E+00
        1.009771E+25 -1.001116E+01 -1.975935E+00 -3.056448E-01 -3.056448E-01
   112     7546.6416    8.04068120  8.514917E+08  1.360846E+09  1.675688E+30
        6.708892E+00  2.327575E+01  6.564998E+00  0.0000000000  0.000000E+00
        8.468687E+24 -1.001116E+01 -1.975935E+00 -3.056448E-01 -3.056448E-01
   113     7423.0601    8.04104931  8.511309E+08  1.419968E+09  1.567264E+30
        6.696647E+00  2.327585E+01  6.565066E+00  0.0000000000  0.000000E+00
        7.107747E+24 -1.001116E+01 -1.975935E+00 -3.056448E-01 -3.056448E-01
   114     7302.5640    8.04140687  8.507806E+08  1.481394E+09  1.466743E+30
        6.684429E+00  2.327594E+01  6.565130E+00  0.0000000000  0.000000E+00
        5.971411E+24 -1.001116E+01 -1.975935E+00 -3.056448E-01 -3.056448E-01
   115     7185.2639    8.04175622  8.504385E+08  1.545119E+09  1.373644E+30
        6.672248E+00  2.327603E+01  6.565191E+00  0.0000000000  0.000000E+00
        5.022471E+24 -1.001116E+01 -1.975935E+00 -3.056448E-01 -3.056448E-01
   116     7070.8312    8.04209909  8.501029E+08  1.611405E+09  1.287189E+30
        6.660063E+00  2.327611E+01  6.565250E+00  0.0000000000  0.000000E+00
        4.225588E+24 -1.001116E+01 -1.975935E+00 -3.056448E-01 -3.056448E-01
   117     6961.1391    8.04243103  8.497781E+08  1.679086E+09  1.208230E+30
        6.648085E+00  2.327618E+01  6.565303E+00  0.0000000000  0.000000E+00
        3.566962E+24 -1.001116E+01 -1.975935E+00 -3.056448E-01 -3.056448E-01
   118     6864.4694    8.04272983  8.494858E+08  1.742345E+09  1.141715E+30
        6.637269E+00  2.327624E+01  6.565347E+00  0.0000000000  0.000000E+00
        3.061896E+24 -1.001116E+01 -1.975935E+00 -3.056448E-01 -3.056448E-01
   119     6763.9184    8.04305446  8.491684E+08  1.812263E+09  1.075470E+30
        6.625724E+00  2.327630E+01  6.565392E+00  0.0000000000  0.000000E+00
        2.601979E+24 -1.001116E+01 -1.975935E+00 -3.056448E-01 -3.056448E-01
   120     6668.2515    8.04338590  8.488444E+08  1.883330E+09  1.015130E+30
        6.614385E+00  2.327636E+01  6.565436E+00  0.0000000000  0.000000E+00
        2.218039E+24 -1.001116E+01 -1.975935E+00 -3.056448E-01 -3.056448E-01
   121     6577.0107    8.04373361  8.485047E+08  1.956351E+09  9.599311E+29
        6.603112E+00  2.327642E+01  6.565484E+00  0.0000000000  0.000000E+00
        1.892671E+24 -1.001116E+01 -1.975935E+00 -3.056448E-01 -3.056448E-01
   122     6493.4186    8.04408293  8.481635E+08  2.029373E+09  9.113185E+29
        6.592322E+00  2.327648E+01  6.565585E+00  0.0000077246 -3.354770E-06
        1.624736E+24 -1.001116E+01 -1.975935E+00 -3.056448E-01 -3.056448E-01
   123     6418.7986    8.04441183  8.478424E+08  2.102394E+09  8.694862E+29
        6.587580E+00  2.327657E+01  6.565643E+00  0.0061149473 -2.663841E-03
        1.419506E+24 -1.001116E+01 -1.975935E+00 -3.056448E-01 -3.056448E-01
   124     6354.1260    8.04470141  8.475598E+08  2.175415E+09  8.344136E+29
        6.580079E+00  2.327665E+01  6.565705E+00  0.0195424293 -8.571196E-03
        1.263775E+24 -1.001116E+01 -1.975935E+00 -3.056448E-01 -3.056448E-01
   125     6298.4911    8.04495383  8.473135E+08  2.248437E+09  8.051036E+29
        6.572387E+00  2.327674E+01  6.565766E+00  0.0378829652 -1.677210E-02
        1.139958E+24 -1.001116E+01 -1.975935E+00 -3.056448E-01 -3.056448E-01
   126     6250.0377    8.04517851  8.470943E+08  2.321458E+09  7.802100E+29
        6.564754E+00  2.327683E+01  6.565824E+00  0.0590424671 -2.642998E-02
        1.035503E+24 -1.001116E+01 -1.975935E+00 -3.056448E-01 -3.056448E-01
   127     6206.9698    8.04538549  8.468925E+08  2.394480E+09  7.585646E+29
        6.557322E+00  2.327690E+01  6.565876E+00  0.0816841571 -3.700792E-02
        9.455153E+23 -1.001116E+01 -1.975935E+00 -3.056448E-01 -3.056448E-01
   128     6167.5353    8.04557927  8.467036E+08  2.467501E+09  7.391402E+29
        6.550035E+00  2.327697E+01  6.565921E+00  0.1049924315 -4.817329E-02
        8.644028E+23 -1.001116E+01 -1.975935E+00 -3.056448E-01 -3.056448E-01
   129     6099.8247    8.04592357  8.463680E+08  2.608396E+09  7.066516E+29
        6.536747E+00  2.327707E+01  6.565992E+00  0.1508602322 -7.102082E-02
        7.313446E+23 -1.001116E+01 -1.975935E+00 -3.056448E-01 -3.056448E-01
   130     5991.8047    8.04648726  8.458189E+08  2.867730E+09  6.570567E+29
        6.513483E+00  2.327722E+01  6.566091E+00  0.2346409050 -1.161348E-01
        5.400688E+23 -1.001116E+01 -1.975935E+00 -3.056448E-01 -3.056448E-01
   131     5856.8348    8.04721760  8.451080E+08  3.252701E+09  5.988166E+29
        6.479917E+00  2.327746E+01  6.566265E+00  0.3549971023 -1.904383E-01
        3.441307E+23 -1.001116E+01 -1.975935E+00 -3.056448E-01 -3.056448E-01
   132     5672.4041    8.04823561  8.441181E+08  3.844793E+09  5.256450E+29
        6.427388E+00  2.327790E+01  6.566596E+00  0.5262849571 -3.244828E-01
        1.663383E+23 -1.001116E+01 -1.975935E+00 -3.056448E-01 -3.056448E-01
   133     5479.1899    8.04912603  8.432532E+08  4.445225E+09  4.566662E+29
        6.370554E+00  2.327817E+01  6.566778E+00  0.6762104028 -4.897371E-01
        7.461805E+22 -1.001116E+01 -1.975935E+00 -3.056448E-01 -3.056448E-01
   134     5361.4306    8.04964280  8.427517E+08  4.824693E+09  4.181571E+29
        6.331985E+00  2.327830E+01  6.566860E+00  0.7562561995 -6.130664E-01
        4.294194E+22 -1.001116E+01 -1.975935E+00 -3.056448E-01 -3.056448E-01
   135     5266.1173    8.05006830  8.423390E+08  5.149006E+09  3.888242E+29
        6.296784E+00  2.327841E+01  6.566936E+00  0.8153436353 -7.336357E-01
        2.574636E+22 -1.001116E+01 -1.975935E+00 -3.056448E-01 -3.056448E-01
   136     5183.1184    8.05043031  8.419880E+08  5.442039E+09  3.645807E+29
        6.262703E+00  2.327853E+01  6.567011E+00  0.8612230630 -8.576827E-01
        1.556616E+22 -1.001116E+01 -1.975935E+00 -3.056448E-01 -3.056448E-01
   137     5087.2770    8.05078343  8.416457E+08  5.735194E+09  3.380786E+29
        6.226091E+00  2.327866E+01  6.567112E+00  0.8997407572 -9.988756E-01
        9.003575E+21 -1.001116E+01 -1.975935E+00 -3.056448E-01 -3.056448E-01
   138     4958.3388    8.05111982  8.413198E+08  6.045076E+09  3.048488E+29
        6.184919E+00  2.327879E+01  6.567212E+00  0.9319102345 -1.166918E+00
        4.826783E+21 -1.001116E+01 -1.975935E+00 -3.056448E-01 -3.056448E-01
   139     4757.1679    8.05143282  8.410167E+08  6.463969E+09  2.581194E+29
        6.125843E+00  2.327880E+01  6.567226E+00  0.9624165423 -1.425003E+00
        1.952312E+21 -1.001116E+01 -1.975935E+00 -3.056448E-01 -3.056448E-01
   140     4601.8148    8.05166315  8.407937E+08  6.776135E+09  2.258983E+29
        6.079725E+00  2.327889E+01  6.567287E+00  0.9771521534 -1.641155E+00
        9.546392E+20 -1.001116E+01 -1.975920E+00 -3.056450E-01 -3.056450E-01
   141     4352.7540    8.05203281  8.404360E+08  7.225981E+09  1.806688E+29
        6.009938E+00  2.327917E+01  6.567476E+00  0.9853620756 -1.834520E+00
        3.200249E+20 -1.001116E+01 -1.975442E+00 -3.056501E-01 -3.056501E-01
   142     3998.4990    8.05239020  8.400902E+08  7.820059E+09  1.285456E+29
        5.915907E+00  2.327936E+01  6.567630E+00  0.9870365645 -1.887280E+00
        7.271045E+19 -1.001116E+01 -1.970206E+00 -3.057064E-01 -3.057064E-01
   143     3685.4922    8.05259795  8.398893E+08  8.365180E+09  9.273497E+28
        5.828268E+00  2.327937E+01  6.567629E+00  0.9877974462 -1.913549E+00
        1.812639E+19 -1.001116E+01 -1.967275E+00 -3.057383E-01 -3.057383E-01
   144     3353.9964    8.05276623  8.397266E+08  8.937096E+09  6.358339E+28
        5.734960E+00  2.327939E+01  6.567644E+00  0.9885057277 -1.939519E+00
        4.105428E+18 -1.001116E+01 -1.966625E+00 -3.057454E-01 -3.057454E-01
   145     3163.9266    8.05283953  8.396558E+08  9.250856E+09  5.034143E+28
        5.684211E+00  2.327939E+01  6.567648E+00  0.9888467685 -1.952599E+00
        1.827184E+18 -1.001116E+01 -1.966172E+00 -3.057503E-01 -3.057503E-01
   146     2950.1586    8.05291498  8.395828E+08  9.616993E+09  3.804749E+28
        5.625844E+00  2.327940E+01  6.567653E+00  0.9892200201 -1.967382E+00
        7.185980E+17 -1.001116E+01 -1.965696E+00 -3.057555E-01 -3.057555E-01
   147     2671.2083    8.05300158  8.394991E+08  1.014180E+10  2.556754E+28
        5.543026E+00  2.327941E+01  6.567656E+00  0.9897245671 -1.988200E+00
        1.900452E+17 -1.001116E+01 -1.965088E+00 -3.057622E-01 -3.057622E-01
   148     2354.3366    8.05308114  8.394222E+08  1.077519E+10  1.542597E+28
        5.443782E+00  2.327941E+01  6.567657E+00  0.9902721255 -2.011982E+00
        3.827252E+16 -1.001116E+01 -1.964365E+00 -3.057701E-01 -3.057701E-01
   149     2011.8977    8.05316445  8.393417E+08  1.154690E+10  8.224672E+27
        5.323108E+00  2.327941E+01  6.567659E+00  0.9908875460 -2.040365E+00
        5.376046E+15 -1.001116E+01 -1.965243E+00 -3.057605E-01 -3.057605E-01
   150     1735.5129    8.05322143  8.392867E+08  1.225683E+10  4.553543E+27
        5.210415E+00  2.327941E+01  6.567660E+00  0.9915396360 -2.072611E+00
        8.488086E+14 -1.001116E+01 -1.965682E+00 -3.057557E-01 -3.057557E-01
   151     1619.6586    8.05324513  8.392638E+08  1.258477E+10  3.453888E+27
        5.157975E+00  2.327941E+01  6.567660E+00  0.9919115564 -2.092135E+00
        3.582978E+14 -1.001116E+01 -1.966292E+00 -3.057490E-01 -3.057490E-01
   152     1593.8695    8.05325066  8.392584E+08  1.266143E+10  3.239067E+27
        5.145684E+00  2.327941E+01  6.567660E+00  0.9920112123 -2.097519E+00
        2.926533E+14 -1.001116E+01 -1.966502E+00 -3.057467E-01 -3.057467E-01
   153     1579.1838    8.05325391  8.392553E+08  1.270557E+10  3.121306E+27
        5.138590E+00  2.327941E+01  6.567660E+00  0.9920704997 -2.100754E+00
        2.603944E+14 -1.001116E+01 -1.966638E+00 -3.057452E-01 -3.057452E-01
   154     1566.2708    8.05325670  8.392526E+08  1.274389E+10  3.020440E+27
        5.132418E+00  2.327941E+01  6.567660E+00  0.9921224820 -2.103611E+00
        2.352509E+14 -1.001116E+01 -1.966762E+00 -3.057439E-01 -3.057439E-01
   155     1555.1693    8.05325912  8.392502E+08  1.277733E+10  2.935696E+27
        5.127026E+00  2.327941E+01  6.567660E+00  0.9921666210 -2.106051E+00
        2.152918E+14 -1.001116E+01 -1.966860E+00 -3.057428E-01 -3.057428E-01
   156     1541.7206    8.05326210  8.392474E+08  1.281834E+10  2.835438E+27
        5.120405E+00  2.327941E+01  6.567661E+00  0.9922203951 -2.109042E+00
        1.930980E+14 -1.001116E+01 -1.966978E+00 -3.057415E-01 -3.057415E-01
   157     1528.3667    8.05326515  8.392444E+08  1.285983E+10  2.738449E+27
        5.113700E+00  2.327941E+01  6.567661E+00  0.9922749780 -2.112100E+00
        1.729691E+14 -1.001116E+01 -1.967101E+00 -3.057402E-01 -3.057402E-01
   158     1519.7266    8.05326710  8.392425E+08  1.288672E+10  2.677037E+27
        5.109351E+00  2.327941E+01  6.567661E+00  0.9923105788 -2.114106E+00
        1.610589E+14 -1.001116E+01 -1.967184E+00 -3.057393E-01 -3.057393E-01
   159     1510.5918    8.05326919  8.392405E+08  1.291539E+10  2.613237E+27
        5.104711E+00  2.327941E+01  6.567661E+00  0.9923486082 -2.116260E+00
        1.492617E+14 -1.001116E+01 -1.967275E+00 -3.057383E-01 -3.057383E-01
   160     1501.7246    8.05327119  8.392386E+08  1.294326E+10  2.552405E+27
        5.100199E+00  2.327941E+01  6.567661E+00  0.9923854886 -2.118358E+00
        1.386284E+14 -1.001116E+01 -1.967364E+00 -3.057373E-01 -3.057373E-01
   161     1493.2591    8.05327309  8.392367E+08  1.297001E+10  2.495325E+27
        5.095866E+00  2.327941E+01  6.567661E+00  0.9924205750 -2.120364E+00
        1.291401E+14 -1.001116E+01 -1.967448E+00 -3.057364E-01 -3.057364E-01
   162     1484.8486    8.05327815  8.392319E+08  1.299676E+10  2.439552E+27
        5.091527E+00  2.327941E+01  6.567661E+00  0.9924772300 -2.123622E+00
        1.203159E+14 -1.001116E+01 -1.968421E+00 -3.057258E-01 -3.057258E-01
   163     1476.7564    8.05328177  8.392284E+08  1.302266E+10  2.386784E+27
        5.087309E+00  2.327941E+01  6.567661E+00  0.9926014573 -2.130854E+00
        1.123068E+14 -1.001116E+01 -1.969009E+00 -3.057194E-01 -3.057194E-01
   164     1468.0681    8.05328515  8.392251E+08  1.305057E+10  2.331091E+27
        5.082756E+00  2.327941E+01  6.567661E+00  0.9926978349 -2.136548E+00
        1.042666E+14 -1.001116E+01 -1.969506E+00 -3.057140E-01 -3.057140E-01
   165     1457.6240    8.05329101  8.392194E+08  1.308435E+10  2.265429E+27
        5.077208E+00  2.327941E+01  6.567661E+00  0.9929399119 -2.151190E+00
        9.525449E+13 -1.001116E+01 -1.970614E+00 -3.057020E-01 -3.057020E-01
   166     1436.6118    8.05329851  8.392122E+08  1.315190E+10  2.137562E+27
        5.066046E+00  2.327941E+01  6.567661E+00  0.9932557794 -2.171068E+00
        7.943647E+13 -1.001116E+01 -1.971674E+00 -3.056906E-01 -3.056906E-01
   167     1416.7590    8.05330255  8.392083E+08  1.321702E+10  2.021813E+27
        5.055203E+00  2.327941E+01  6.567661E+00  0.9935137601 -2.188007E+00
        6.661833E+13 -1.001116E+01 -1.971785E+00 -3.056894E-01 -3.056894E-01
   168     1395.4006    8.05330661  8.392044E+08  1.328654E+10  1.902605E+27
        5.043513E+00  2.327941E+01  6.567661E+00  0.9938037322 -2.207870E+00
        5.513521E+13 -1.001115E+01 -1.971910E+00 -3.056880E-01 -3.056880E-01
   169     1387.3951    8.05330800  8.392030E+08  1.331162E+10  1.859311E+27
        5.039277E+00  2.327941E+01  6.567661E+00  0.9939200291 -2.216099E+00
        5.149007E+13 -1.001115E+01 -1.971968E+00 -3.056874E-01 -3.056874E-01
   170     1379.8725    8.05330938  8.392017E+08  1.333592E+10  1.819307E+27
        5.035161E+00  2.327941E+01  6.567661E+00  0.9940337913 -2.224302E+00
        4.818192E+13 -1.001115E+01 -1.972022E+00 -3.056868E-01 -3.056868E-01
   171     1369.4834    8.05331137  8.391998E+08  1.337052E+10  1.765124E+27
        5.029275E+00  2.327941E+01  6.567662E+00  0.9941968049 -2.236333E+00
        4.355607E+13 -1.001115E+01 -1.972100E+00 -3.056860E-01 -3.056860E-01
   172     1358.9521    8.05331337  8.391978E+08  1.340548E+10  1.711444E+27
        5.023301E+00  2.327941E+01  6.567662E+00  0.9943639891 -2.249028E+00
        3.955103E+13 -1.001115E+01 -1.972182E+00 -3.056851E-01 -3.056851E-01
   173     1350.1094    8.05331533  8.391959E+08  1.343512E+10  1.667324E+27
        5.018210E+00  2.327941E+01  6.567662E+00  0.9945196656 -2.261193E+00
        3.617053E+13 -1.001115E+01 -1.972307E+00 -3.056838E-01 -3.056838E-01
   174     1339.8100    8.05331846  8.391929E+08  1.346951E+10  1.617014E+27
        5.012235E+00  2.327941E+01  6.567662E+00  0.9948360148 -2.287015E+00
        3.282947E+13 -1.001115E+01 -1.972609E+00 -3.056805E-01 -3.056805E-01
   175     1332.3099    8.05332047  8.391910E+08  1.349444E+10  1.581103E+27
        5.007865E+00  2.327941E+01  6.567662E+00  0.9950618475 -2.306436E+00
        3.060376E+13 -1.001115E+01 -1.972760E+00 -3.056789E-01 -3.056789E-01
   176     1325.3108    8.05332183  8.391897E+08  1.351803E+10  1.548134E+27
        5.003708E+00  2.327941E+01  6.567662E+00  0.9952419947 -2.322575E+00
        2.862402E+13 -1.001115E+01 -1.972775E+00 -3.056787E-01 -3.056787E-01
   177     1318.6496    8.05332314  8.391884E+08  1.354045E+10  1.517239E+27
        4.999733E+00  2.327941E+01  6.567662E+00  0.9954105378 -2.338238E+00
        2.682355E+13 -1.001115E+01 -1.972789E+00 -3.056786E-01 -3.056786E-01
   178     1305.6457    8.05332577  8.391858E+08  1.358530E+10  1.458261E+27
        4.991693E+00  2.327941E+01  6.567662E+00  0.9957359279 -2.370175E+00
        2.356679E+13 -1.001114E+01 -1.972797E+00 -3.056785E-01 -3.056785E-01
   179     1299.1232    8.05332732  8.391844E+08  1.360845E+10  1.429333E+27
        4.987503E+00  2.327941E+01  6.567662E+00  0.9959092923 -2.388202E+00
        2.203168E+13 -1.001114E+01 -1.972823E+00 -3.056782E-01 -3.056782E-01
   180     1293.3267    8.05332875  8.391830E+08  1.362949E+10  1.403989E+27
        4.983662E+00  2.327941E+01  6.567662E+00  0.9960636558 -2.404907E+00
        2.061419E+13 -1.001114E+01 -1.972840E+00 -3.056780E-01 -3.056780E-01
   181     1287.5542    8.05333033  8.391814E+08  1.365069E+10  1.379086E+27
        4.979752E+00  2.327941E+01  6.567662E+00  0.9962357727 -2.424324E+00
        1.935997E+13 -1.001114E+01 -1.972866E+00 -3.056777E-01 -3.056777E-01
   182     1283.1788    8.05333152  8.391803E+08  1.366683E+10  1.360431E+27
        4.976754E+00  2.327941E+01  6.567662E+00  0.9963584709 -2.438716E+00
        1.845150E+13 -1.001114E+01 -1.972881E+00 -3.056776E-01 -3.056776E-01
   183     1280.2801    8.05333227  8.391796E+08  1.367764E+10  1.348178E+27
        4.974734E+00  2.327941E+01  6.567662E+00  0.9964358012 -2.448038E+00
        1.786402E+13 -1.001114E+01 -1.972882E+00 -3.056776E-01 -3.056776E-01
   184     1277.1225    8.05333310  8.391788E+08  1.368945E+10  1.334924E+27
        4.972517E+00  2.327941E+01  6.567662E+00  0.9965191208 -2.458311E+00
        1.724174E+13 -1.001114E+01 -1.972883E+00 -3.056776E-01 -3.056776E-01
   185     1274.1940    8.05333386  8.391780E+08  1.370025E+10  1.322720E+27
        4.970478E+00  2.327941E+01  6.567662E+00  0.9965939208 -2.467745E+00
        1.668873E+13 -1.001114E+01 -1.972884E+00 -3.056775E-01 -3.056775E-01
   186     1271.5341    8.05333459  8.391773E+08  1.371047E+10  1.311707E+27
        4.968542E+00  2.327941E+01  6.567662E+00  0.9966636523 -2.476729E+00
        1.618026E+13 -1.001114E+01 -1.972885E+00 -3.056775E-01 -3.056775E-01
   187     1269.3476    8.05333518  8.391768E+08  1.371871E+10  1.302707E+27
        4.966973E+00  2.327941E+01  6.567662E+00  0.9967190443 -2.484000E+00
        1.578037E+13 -1.001113E+01 -1.972885E+00 -3.056775E-01 -3.056775E-01
   188     1266.3888    8.05333598  8.391760E+08  1.372982E+10  1.290600E+27
        4.964848E+00  2.327941E+01  6.567662E+00  0.9967932113 -2.493930E+00
        1.525432E+13 -1.001113E+01 -1.972886E+00 -3.056775E-01 -3.056775E-01
   189     1264.0550    8.05333659  8.391754E+08  1.373850E+10  1.281111E+27
        4.963181E+00  2.327941E+01  6.567662E+00  0.9968498999 -2.501676E+00
        1.485420E+13 -1.001113E+01 -1.972886E+00 -3.056775E-01 -3.056775E-01
   190     1261.8757    8.05333717  8.391748E+08  1.374663E+10  1.272298E+27
        4.961613E+00  2.327941E+01  6.567662E+00  0.9969025298 -2.508993E+00
        1.448747E+13 -1.001113E+01 -1.972887E+00 -3.056775E-01 -3.056775E-01
   191     1260.0913    8.05333765  8.391744E+08  1.375326E+10  1.265115E+27
        4.960331E+00  2.327941E+01  6.567662E+00  0.9969448378 -2.514966E+00
        1.419473E+13 -1.001113E+01 -1.972887E+00 -3.056775E-01 -3.056775E-01
   192     1258.3902    8.05333810  8.391739E+08  1.375959E+10  1.258296E+27
        4.959104E+00  2.327941E+01  6.567662E+00  0.9969850684 -2.520723E+00
        1.392016E+13 -1.001113E+01 -1.972888E+00 -3.056775E-01 -3.056775E-01
   193     1258.3299    8.05333811  8.391739E+08  1.375977E+10  1.258054E+27
        4.959069E+00  2.327941E+01  6.567662E+00  0.9969856567 -2.520807E+00
        1.391253E+13 -1.001113E+01 -1.972888E+00 -3.056775E-01 -3.056775E-01
   194     1258.2722    8.05333813  8.391739E+08  1.375998E+10  1.257824E+27
        4.959028E+00  2.327941E+01  6.567662E+00  0.9969870405 -2.521007E+00
        1.390332E+13 -1.001113E+01 -1.972888E+00 -3.056775E-01 -3.056775E-01
   195     1257.8204    8.05333813  8.391739E+08  1.376041E+10  1.256018E+27
        4.958944E+00  2.327941E+01  6.567662E+00  0.9969898195 -2.521407E+00
        1.388491E+13 -1.001113E+01 -1.972888E+00 -3.056775E-01 -3.056775E-01
   196     1257.6323    8.05333819  8.391738E+08  1.376127E+10  1.255267E+27
        4.958778E+00  2.327941E+01  6.567662E+00  0.9969953681 -2.522209E+00
        1.384816E+13 -1.001113E+01 -1.972888E+00 -3.056775E-01 -3.056775E-01
   197     1257.0364    8.05333828  8.391738E+08  1.376278E+10  1.252889E+27
        4.958485E+00  2.327941E+01  6.567662E+00  0.9970050937 -2.523617E+00
        1.378372E+13 -1.001113E+01 -1.972889E+00 -3.056775E-01 -3.056775E-01
   198     1256.7773    8.05333836  8.391737E+08  1.376392E+10  1.251856E+27
        4.958262E+00  2.327941E+01  6.567662E+00  0.9970123938 -2.524677E+00
        1.373493E+13 -1.001113E+01 -1.972889E+00 -3.056775E-01 -3.056775E-01
   199     1256.3278    8.05333849  8.391736E+08  1.376571E+10  1.250066E+27
        4.957914E+00  2.327941E+01  6.567662E+00  0.9970238717 -2.526348E+00
        1.365900E+13 -1.001113E+01 -1.972889E+00 -3.056775E-01 -3.056775E-01
   200     1255.6571    8.05333868  8.391734E+08  1.376833E+10  1.247398E+27
        4.957405E+00  2.327941E+01  6.567662E+00  0.9970405442 -2.528788E+00
        1.354878E+13 -1.001113E+01 -1.972889E+00 -3.056775E-01 -3.056775E-01
   201     1254.9745    8.05333884  8.391732E+08  1.377072E+10  1.244687E+27
        4.956937E+00  2.327941E+01  6.567662E+00  0.9970556677 -2.531013E+00
        1.344838E+13 -1.001113E+01 -1.972890E+00 -3.056775E-01 -3.056775E-01
   202     1254.5924    8.05333893  8.391731E+08  1.377199E+10  1.243172E+27
        4.956691E+00  2.327941E+01  6.567662E+00  0.9970635139 -2.532172E+00
        1.339577E+13 -1.001113E+01 -1.972890E+00 -3.056775E-01 -3.056775E-01
