     1    57674.0025    8.36722799  7.160654E+08  4.000000E+05  4.042436E+33
        7.959696E+00  2.425570E+01  7.231926E+00  0.0000000000  0.000000E+00
        6.019629E+34 -4.010597E+00 -1.991404E+00 -3.055254E-01 -3.055254E-01
     2    54331.2297    8.37675311  7.082558E+08  8.000000E+05  3.114553E+33
        7.904382E+00  2.426298E+01  7.237304E+00  0.0000000000  0.000000E+00
        2.436884E+34 -4.010597E+00 -1.991404E+00 -3.055254E-01 -3.055254E-01
     3    51301.2450    8.38394123  7.024187E+08  1.200000E+06  2.435124E+33
        7.871564E+00  2.426697E+01  7.240244E+00  0.0000000000  0.000000E+00
        1.354590E+34 -4.010597E+00 -1.991404E+00 -3.055254E-01 -3.055254E-01
     4    48815.4938    8.38938711  6.980284E+08  1.600000E+06  1.971489E+33
        7.848492E+00  2.426955E+01  7.242145E+00  0.0000000000  0.000000E+00
        8.768513E+33 -4.010597E+00 -1.991404E+00 -3.055254E-01 -3.055254E-01
     5    46819.3940    8.39359051  6.946586E+08  2.000000E+06  1.652203E+33
        7.830721E+00  2.427140E+01  7.243512E+00  0.0000000000  0.000000E+00
        6.202700E+33 -4.010597E+00 -1.991404E+00 -3.055254E-01 -3.055254E-01
     6    45214.0252    8.39690193  6.920153E+08  2.400000E+06  1.426072E+33
        7.816234E+00  2.427284E+01  7.244570E+00  0.0000000000  0.000000E+00
        4.649374E+33 -4.010597E+00 -1.991404E+00 -3.055254E-01 -3.055254E-01
     7    44300.7909    8.39878319  6.905181E+08  2.658225E+06  1.308620E+33
        7.807662E+00  2.427366E+01  7.245177E+00  0.0000000000  0.000000E+00
        3.910735E+33 -4.010597E+00 -1.991404E+00 -3.055254E-01 -3.055254E-01
     8    43542.9239    8.40031457  6.893017E+08  2.897496E+06  1.217045E+33
        7.800472E+00  2.427433E+01  7.245674E+00  0.0000000000  0.000000E+00
        3.379664E+33 -4.010597E+00 -1.991404E+00 -3.055254E-01 -3.055254E-01
     9    42848.9332    8.40174419  6.881682E+08  3.155122E+06  1.137540E+33
        7.793400E+00  2.427498E+01  7.246151E+00  0.0000000000  0.000000E+00
        2.926649E+33 -4.010597E+00 -1.991404E+00 -3.055254E-01 -3.055254E-01
    10    42176.5103    8.40312819  6.870725E+08  3.439411E+06  1.064401E+33
        7.786250E+00  2.427561E+01  7.246621E+00  0.0000000000  0.000000E+00
        2.530198E+33 -4.010597E+00 -1.991404E+00 -3.055254E-01 -3.055254E-01
    11    41700.1537    8.40411105  6.862955E+08  3.665199E+06  1.014823E+33
        7.780943E+00  2.427607E+01  7.246961E+00  0.0000000000  0.000000E+00
        2.271308E+33 -4.010597E+00 -1.991404E+00 -3.055254E-01 -3.055254E-01
    12    41071.3386    8.40538892  6.852865E+08  3.998467E+06  9.521761E+32
        7.773691E+00  2.427669E+01  7.247414E+00  0.0000000000  0.000000E+00
        1.960956E+33 -4.010597E+00 -1.991404E+00 -3.055254E-01 -3.055254E-01
    13    40474.6235    8.40663327  6.843055E+08  4.374884E+06  8.954653E+32
        7.766139E+00  2.427730E+01  7.247870E+00  0.0000000000  0.000000E+00
        1.684226E+33 -4.010597E+00 -1.991404E+00 -3.055254E-01 -3.055254E-01
    14    39876.5585    8.40785557  6.833432E+08  4.797329E+06  8.413290E+32
        7.758321E+00  2.427791E+01  7.248326E+00  0.0000000000  0.000000E+00
        1.440449E+33 -4.010597E+00 -1.991404E+00 -3.055254E-01 -3.055254E-01
    15    39336.8058    8.40899741  6.824455E+08  5.261913E+06  7.946021E+32
        7.750377E+00  2.427851E+01  7.248771E+00  0.0000000000  0.000000E+00
        1.230475E+33 -4.010597E+00 -1.991404E+00 -3.055254E-01 -3.055254E-01
    16    38793.8114    8.41014728  6.815426E+08  5.800200E+06  7.496409E+32
        7.741884E+00  2.427913E+01  7.249228E+00  0.0000000000  0.000000E+00
        1.041324E+33 -4.010597E+00 -1.991404E+00 -3.055254E-01 -3.055254E-01
    17    38240.7443    8.41129149  6.806454E+08  6.413766E+06  7.059348E+32
        7.732963E+00  2.427974E+01  7.249687E+00  0.0000000000  0.000000E+00
        8.753127E+32 -4.010597E+00 -1.991404E+00 -3.055254E-01 -3.055254E-01
    18    37739.9913    8.41236385  6.798056E+08  7.092975E+06  6.680271E+32
        7.723861E+00  2.428034E+01  7.250135E+00  0.0000000000  0.000000E+00
        7.343098E+32 -4.010597E+00 -1.991404E+00 -3.055254E-01 -3.055254E-01
    19    37200.9859    8.41348712  6.789270E+08  7.899685E+06  6.290446E+32
        7.713933E+00  2.428097E+01  7.250603E+00  0.0000000000  0.000000E+00
        6.071888E+32 -4.010597E+00 -1.991404E+00 -3.055254E-01 -3.055254E-01
    20    36705.5997    8.41455355  6.780940E+08  8.799540E+06  5.947391E+32
        7.703772E+00  2.428158E+01  7.251062E+00  0.0000000000  0.000000E+00
        5.004401E+32 -4.010597E+00 -1.991404E+00 -3.055254E-01 -3.055254E-01
    21    36184.6147    8.41567285  6.772207E+08  9.877196E+06  5.602395E+32
        7.692658E+00  2.428222E+01  7.251544E+00  0.0000000000  0.000000E+00
        4.053371E+32 -4.010597E+00 -1.991404E+00 -3.055254E-01 -3.055254E-01
    22    35643.1788    8.41681373  6.763318E+08  1.112619E+07  5.260690E+32
        7.680933E+00  2.428287E+01  7.252034E+00  0.0000000000  0.000000E+00
        3.245788E+32 -4.010597E+00 -1.991404E+00 -3.055254E-01 -3.055254E-01
    23    35108.5362    8.41794314  6.754529E+08  1.252787E+07  4.939222E+32
        7.668954E+00  2.428352E+01  7.252521E+00  0.0000000000  0.000000E+00
        2.585233E+32 -4.010597E+00 -1.991404E+00 -3.055254E-01 -3.055254E-01
    24    34595.3144    8.41905162  6.745915E+08  1.409779E+07  4.644813E+32
        7.656723E+00  2.428417E+01  7.253007E+00  0.0000000000  0.000000E+00
        2.046913E+32 -4.010597E+00 -1.991404E+00 -3.055254E-01 -3.055254E-01
    25    34065.5992    8.42017894  6.737165E+08  1.585976E+07  4.355479E+32
        7.644186E+00  2.428482E+01  7.253497E+00  0.0000000000  0.000000E+00
        1.608618E+32 -4.010597E+00 -1.991404E+00 -3.055254E-01 -3.055254E-01
    26    33532.0614    8.42131776  6.728338E+08  1.783811E+07  4.078252E+32
        7.631304E+00  2.428548E+01  7.253993E+00  0.0000000000  0.000000E+00
        1.253208E+32 -4.010597E+00 -1.991404E+00 -3.055254E-01 -3.055254E-01
    27    32989.3893    8.42247568  6.719374E+08  2.005984E+07  3.810414E+32
        7.618031E+00  2.428615E+01  7.254494E+00  0.0000000000  0.000000E+00
        9.665144E+31 -4.010597E+00 -1.991404E+00 -3.055254E-01 -3.055254E-01
    28    32438.2200    8.42365018  6.710294E+08  2.255072E+07  3.552455E+32
        7.604342E+00  2.428682E+01  7.254998E+00  0.0000000000  0.000000E+00
        7.373915E+31 -4.010597E+00 -1.991404E+00 -3.055254E-01 -3.055254E-01
    29    31876.3163    8.42484370  6.701080E+08  2.533936E+07  3.303540E+32
        7.590211E+00  2.428750E+01  7.255504E+00  0.0000000000  0.000000E+00
        5.560995E+31 -4.010597E+00 -1.991404E+00 -3.055254E-01 -3.055254E-01
    30    31296.9095    8.42606438  6.691669E+08  2.845998E+07  3.061204E+32
        7.575591E+00  2.428818E+01  7.256013E+00  0.0000000000  0.000000E+00
        4.140667E+31 -4.010597E+00 -1.991404E+00 -3.055254E-01 -3.055254E-01
    31    30706.2242    8.42730314  6.682133E+08  3.193891E+07  2.828481E+32
        7.560484E+00  2.428886E+01  7.256522E+00  0.0000000000  0.000000E+00
        3.043977E+31 -4.010597E+00 -1.991404E+00 -3.055254E-01 -3.055254E-01
    32    30101.6834    8.42856219  6.672454E+08  3.580845E+07  2.604664E+32
        7.544871E+00  2.428954E+01  7.257031E+00  0.0000000000  0.000000E+00
        2.208625E+31 -4.010597E+00 -1.991404E+00 -3.055254E-01 -3.055254E-01
    33    29485.6168    8.42983516  6.662682E+08  4.009123E+07  2.390873E+32
        7.528778E+00  2.429021E+01  7.257533E+00  0.0000000000  0.000000E+00
        1.582868E+31 -4.010597E+00 -1.991404E+00 -3.055254E-01 -3.055254E-01
    34    28860.5304    8.43111655  6.652860E+08  4.480115E+07  2.188021E+32
        7.512270E+00  2.429087E+01  7.258028E+00  0.0000000000  0.000000E+00
        1.122231E+31 -4.010597E+00 -1.991404E+00 -3.055254E-01 -3.055254E-01
    35    28228.9961    8.43240260  6.643017E+08  4.995117E+07  1.996779E+32
        7.495412E+00  2.429152E+01  7.258517E+00  0.0000000000  0.000000E+00
        7.884627E+30 -4.010597E+00 -1.991404E+00 -3.055254E-01 -3.055254E-01
    36    27593.8212    8.43369036  6.633175E+08  5.555571E+07  1.817640E+32
        7.478256E+00  2.429218E+01  7.259004E+00  0.0000000000  0.000000E+00
        5.498851E+30 -4.010597E+00 -1.991404E+00 -3.055254E-01 -3.055254E-01
    37    26958.3119    8.43497508  6.623372E+08  6.162636E+07  1.650998E+32
        7.460863E+00  2.429283E+01  7.259488E+00  0.0000000000  0.000000E+00
        3.813841E+30 -4.010597E+00 -1.991404E+00 -3.055254E-01 -3.055254E-01
    38    26326.4110    8.43625003  6.613657E+08  6.816851E+07  1.497157E+32
        7.443308E+00  2.429347E+01  7.259963E+00  0.0000000000  0.000000E+00
        2.636282E+30 -4.010597E+00 -1.991404E+00 -3.055254E-01 -3.055254E-01
    39    25701.5410    8.43750837  6.604082E+08  7.517907E+07  1.356060E+32
        7.425685E+00  2.429410E+01  7.260425E+00  0.0000000000  0.000000E+00
        1.820627E+30 -4.010597E+00 -1.991404E+00 -3.055254E-01 -3.055254E-01
    40    25086.9843    8.43874655  6.594675E+08  8.267471E+07  1.227434E+32
        7.408027E+00  2.429471E+01  7.260875E+00  0.0000000000  0.000000E+00
        1.257606E+30 -4.010597E+00 -1.991404E+00 -3.055254E-01 -3.055254E-01
    41    24481.3500    8.43996449  6.585434E+08  9.069038E+07  1.110012E+32
        7.390323E+00  2.429530E+01  7.261317E+00  0.0000000000  0.000000E+00
        8.692636E+29 -4.010597E+00 -1.991404E+00 -3.055254E-01 -3.055254E-01
    42    23886.8250    8.44116039  6.576373E+08  9.924857E+07  1.003284E+32
        7.372601E+00  2.429589E+01  7.261755E+00  0.0000000000  0.000000E+00
        6.018649E+29 -4.010597E+00 -1.991404E+00 -3.055254E-01 -3.055254E-01
    43    23305.7447    8.44233163  6.567512E+08  1.083612E+08  9.067156E+31
        7.354910E+00  2.429647E+01  7.262192E+00  0.0000000000  0.000000E+00
        4.180559E+29 -4.010597E+00 -1.991404E+00 -3.055254E-01 -3.055254E-01
    44    22737.7450    8.44347526  6.558870E+08  1.180605E+08  8.193417E+31
        7.337254E+00  2.429703E+01  7.262619E+00  0.0000000000  0.000000E+00
        2.914678E+29 -4.010597E+00 -1.991404E+00 -3.055254E-01 -3.055254E-01
    45    22182.4337    8.44458849  6.550469E+08  1.283857E+08  7.402852E+31
        7.319625E+00  2.429756E+01  7.263024E+00  0.0000000000  0.000000E+00
        2.040477E+29 -4.010597E+00 -1.991404E+00 -3.055254E-01 -3.055254E-01
    46    21639.0389    8.44566870  6.542328E+08  1.393798E+08  6.687040E+31
        7.302013E+00  2.429805E+01  7.263394E+00  0.0000000000  0.000000E+00
        1.434886E+29 -4.010597E+00 -1.991404E+00 -3.055254E-01 -3.055254E-01
    47    21107.7536    8.44671385  6.534461E+08  1.510729E+08  6.039555E+31
        7.284437E+00  2.429849E+01  7.263723E+00  0.0000000000  0.000000E+00
        1.014468E+29 -4.010597E+00 -1.991404E+00 -3.055254E-01 -3.055254E-01
    48    20589.6129    8.44772626  6.526849E+08  1.634771E+08  5.455282E+31
        7.266951E+00  2.429889E+01  7.264020E+00  0.0000000000  0.000000E+00
        7.221165E+28 -4.010597E+00 -1.991404E+00 -3.055254E-01 -3.055254E-01
    49    20084.7239    8.44871157  6.519449E+08  1.766452E+08  4.928363E+31
        7.249546E+00  2.429926E+01  7.264295E+00  0.0000000000  0.000000E+00
        5.175503E+28 -4.010597E+00 -1.991404E+00 -3.055254E-01 -3.055254E-01
    50    19593.1094    8.44967531  6.512219E+08  1.906527E+08  4.453371E+31
        7.232188E+00  2.429961E+01  7.264557E+00  0.0000000000  0.000000E+00
        3.732704E+28 -4.010597E+00 -1.991404E+00 -3.055254E-01 -3.055254E-01
    51    19112.1699    8.45062371  6.505112E+08  2.055879E+08  4.023158E+31
        7.214837E+00  2.429996E+01  7.264812E+00  0.0000000000  0.000000E+00
        2.707834E+28 -4.010597E+00 -1.991404E+00 -3.055254E-01 -3.055254E-01
    52    18643.7784    8.45155441  6.498146E+08  2.214727E+08  3.635232E+31
        7.197536E+00  2.430029E+01  7.265054E+00  0.0000000000  0.000000E+00
        1.977554E+28 -4.010597E+00 -1.991404E+00 -3.055254E-01 -3.055254E-01
    53    18188.4176    8.45246711  6.491321E+08  2.383513E+08  3.285968E+31
        7.180303E+00  2.430061E+01  7.265283E+00  0.0000000000  0.000000E+00
        1.454244E+28 -4.010597E+00 -1.991404E+00 -3.055254E-01 -3.055254E-01
    54    17745.4550    8.45336358  6.484625E+08  2.563319E+08  2.971226E+31
        7.163091E+00  2.430092E+01  7.265503E+00  0.0000000000  0.000000E+00
        1.075734E+28 -4.010597E+00 -1.991404E+00 -3.055254E-01 -3.055254E-01
    55    17313.7120    8.45424481  6.478049E+08  2.755271E+08  2.686994E+31
        7.145856E+00  2.430121E+01  7.265718E+00  0.0000000000  0.000000E+00
        7.997594E+27 -4.010597E+00 -1.991404E+00 -3.055254E-01 -3.055254E-01
    56    16891.9072    8.45510670  6.471625E+08  2.960334E+08  2.429734E+31
        7.128581E+00  2.430149E+01  7.265923E+00  0.0000000000  0.000000E+00
        5.973638E+27 -4.010597E+00 -1.991404E+00 -3.055254E-01 -3.055254E-01
    57    16480.0773    8.45594475  6.465383E+08  3.178734E+08  2.197065E+31
        7.111318E+00  2.430174E+01  7.266116E+00  0.0000000000  0.000000E+00
        4.486181E+27 -4.010597E+00 -1.991404E+00 -3.055254E-01 -3.055254E-01
    58    16077.8497    8.45676017  6.459317E+08  3.410972E+08  1.986564E+31
        7.094098E+00  2.430199E+01  7.266303E+00  0.0000000000  0.000000E+00
        3.388403E+27 -4.010597E+00 -1.991404E+00 -3.055254E-01 -3.055254E-01
    59    15685.0816    8.45755633  6.453399E+08  3.657815E+08  1.796146E+31
        7.076930E+00  2.430223E+01  7.266491E+00  0.0000000000  0.000000E+00
        2.573344E+27 -4.010597E+00 -1.991404E+00 -3.055254E-01 -3.055254E-01
    60    15301.7374    8.45834001  6.447579E+08  3.920338E+08  1.623954E+31
        7.059808E+00  2.430249E+01  7.266688E+00  0.0000000000  0.000000E+00
        1.962760E+27 -4.010597E+00 -1.991404E+00 -3.055254E-01 -3.055254E-01
    61    14928.2108    8.45911579  6.441823E+08  4.199706E+08  1.468473E+31
        7.042725E+00  2.430277E+01  7.266900E+00  0.0000000000  0.000000E+00
        1.500511E+27 -4.010597E+00 -1.991404E+00 -3.055254E-01 -3.055254E-01
    62    14565.1559    8.45987964  6.436160E+08  4.496895E+08  1.328409E+31
        7.025683E+00  2.430306E+01  7.267121E+00  0.0000000000  0.000000E+00
        1.154923E+27 -4.010597E+00 -1.991404E+00 -3.055254E-01 -3.055254E-01
    63    14212.1683    8.46062820  6.430616E+08  4.813724E+08  1.202165E+31
        7.008634E+00  2.430334E+01  7.267335E+00  0.0000000000  0.000000E+00
        8.915018E+26 -4.010597E+00 -1.991404E+00 -3.055254E-01 -3.055254E-01
    64    13869.5911    8.46135545  6.425234E+08  5.151138E+08  1.088554E+31
        6.991580E+00  2.430360E+01  7.267528E+00  0.0000000000  0.000000E+00
        6.899279E+26 -4.010597E+00 -1.991404E+00 -3.055254E-01 -3.055254E-01
    65    13558.0687    8.46201042  6.420391E+08  5.486203E+08  9.925026E+30
        6.975607E+00  2.430380E+01  7.267675E+00  0.0000000000  0.000000E+00
        5.438467E+26 -4.010597E+00 -1.991404E+00 -3.055254E-01 -3.055254E-01
    66    13273.6786    8.46260182  6.416021E+08  5.817748E+08  9.105717E+30
        6.960638E+00  2.430395E+01  7.267783E+00  0.0000000000  0.000000E+00
        4.358999E+26 -4.010597E+00 -1.991404E+00 -3.055254E-01 -3.055254E-01
    67    13063.6472    8.46303607  6.412814E+08  6.078658E+08  8.534390E+30
        6.949359E+00  2.430405E+01  7.267850E+00  0.0000000000  0.000000E+00
        3.693402E+26 -4.010597E+00 -1.991404E+00 -3.055254E-01 -3.055254E-01
    68    12905.2337    8.46336317  6.410399E+08  6.284869E+08  8.121778E+30
        6.940734E+00  2.430412E+01  7.267898E+00  0.0000000000  0.000000E+00
        3.255719E+26 -4.010597E+00 -1.991404E+00 -3.055254E-01 -3.055254E-01
    69    12775.0104    8.46363257  6.408411E+08  6.460753E+08  7.794051E+30
        6.933573E+00  2.430418E+01  7.267937E+00  0.0000000000  0.000000E+00
        2.933008E+26 -4.010597E+00 -1.991404E+00 -3.055254E-01 -3.055254E-01
    70    12667.6105    8.46385579  6.406765E+08  6.610260E+08  7.531366E+30
        6.927620E+00  2.430422E+01  7.267970E+00  0.0000000000  0.000000E+00
        2.689883E+26 -4.010597E+00 -1.991404E+00 -3.055254E-01 -3.055254E-01
    71    12575.2099    8.46404946  6.405336E+08  6.742215E+08  7.310756E+30
        6.922466E+00  2.430427E+01  7.268000E+00  0.0000000000  0.000000E+00
        2.496132E+26 -4.010597E+00 -1.991404E+00 -3.055254E-01 -3.055254E-01
    72    12482.9601    8.46424594  6.403888E+08  6.877205E+08  7.095372E+30
        6.917290E+00  2.430431E+01  7.268032E+00  0.0000000000  0.000000E+00
        2.315959E+26 -4.010597E+00 -1.991404E+00 -3.055254E-01 -3.055254E-01
    73    12398.8938    8.46442848  6.402542E+08  7.003100E+08  6.903257E+30
        6.912546E+00  2.430436E+01  7.268062E+00  0.0000000000  0.000000E+00
        2.162554E+26 -4.010597E+00 -1.991404E+00 -3.055254E-01 -3.055254E-01
    74    12314.8763    8.46461358  6.401178E+08  7.131780E+08  6.715176E+30
        6.907779E+00  2.430440E+01  7.268095E+00  0.0000000000  0.000000E+00
        2.018892E+26 -4.010597E+00 -1.991404E+00 -3.055254E-01 -3.055254E-01
    75    12229.6325    8.46480368  6.399777E+08  7.265351E+08  6.528309E+30
        6.902916E+00  2.430445E+01  7.268131E+00  0.0000000000  0.000000E+00
        1.882402E+26 -4.010597E+00 -1.991404E+00 -3.055254E-01 -3.055254E-01
    76    12142.0505    8.46500087  6.398324E+08  7.405859E+08  6.340420E+30
        6.897892E+00  2.430451E+01  7.268171E+00  0.0000000000  0.000000E+00
        1.751265E+26 -4.010597E+00 -1.991404E+00 -3.055254E-01 -3.055254E-01
    77    12052.4482    8.46520475  6.396822E+08  7.553144E+08  6.152436E+30
        6.892721E+00  2.430456E+01  7.268214E+00  0.0000000000  0.000000E+00
        1.626061E+26 -4.010597E+00 -1.991404E+00 -3.055254E-01 -3.055254E-01
    78    11962.2327    8.46541206  6.395296E+08  7.705170E+08  5.967435E+30
        6.887482E+00  2.430462E+01  7.268260E+00  0.0000000000  0.000000E+00
        1.508562E+26 -4.010597E+00 -1.991404E+00 -3.055254E-01 -3.055254E-01
    79    11868.9265    8.46562810  6.393705E+08  7.866534E+08  5.780540E+30
        6.882029E+00  2.430469E+01  7.268310E+00  0.0000000000  0.000000E+00
        1.395427E+26 -4.010597E+00 -1.991404E+00 -3.055254E-01 -3.055254E-01
    80    11772.2344    8.46585380  6.392044E+08  8.038403E+08  5.591554E+30
        6.876337E+00  2.430476E+01  7.268363E+00  0.0000000000  0.000000E+00
        1.286575E+26 -4.010597E+00 -1.991404E+00 -3.055254E-01 -3.055254E-01
    81    11674.4953    8.46608473  6.390345E+08  8.217176E+08  5.405284E+30
        6.870540E+00  2.430483E+01  7.268418E+00  0.0000000000  0.000000E+00
        1.184569E+26 -4.010597E+00 -1.991404E+00 -3.055254E-01 -3.055254E-01
    82    11580.3168    8.46630919  6.388694E+08  8.394400E+08  5.230261E+30
        6.864909E+00  2.430490E+01  7.268473E+00  0.0000000000  0.000000E+00
        1.093378E+26 -4.010597E+00 -1.991404E+00 -3.055254E-01 -3.055254E-01
    83    11478.7702    8.46655177  6.386910E+08  8.591328E+08  5.046386E+30
        6.858787E+00  2.430497E+01  7.268532E+00  0.0000000000  0.000000E+00
        1.002279E+26 -4.010597E+00 -1.991404E+00 -3.055254E-01 -3.055254E-01
    84    11371.5172    8.46680842  6.385023E+08  8.806254E+08  4.857536E+30
        6.852259E+00  2.430505E+01  7.268595E+00  0.0000000000  0.000000E+00
        9.136185E+25 -4.010597E+00 -1.991404E+00 -3.055254E-01 -3.055254E-01
    85    11259.7689    8.46707681  6.383050E+08  9.038227E+08  4.666506E+30
        6.845384E+00  2.430513E+01  7.268659E+00  0.0000000000  0.000000E+00
        8.287928E+25 -4.010597E+00 -1.991404E+00 -3.055254E-01 -3.055254E-01
    86    11145.6581    8.46735256  6.381024E+08  9.284040E+08  4.477350E+30
        6.838282E+00  2.430521E+01  7.268723E+00  0.0000000000  0.000000E+00
        7.495206E+25 -4.010597E+00 -1.991404E+00 -3.055254E-01 -3.055254E-01
    87    11029.1385    8.46763534  6.378947E+08  9.544965E+08  4.290242E+30
        6.830938E+00  2.430529E+01  7.268786E+00  0.0000000000  0.000000E+00
        6.755947E+25 -4.010597E+00 -1.991404E+00 -3.055254E-01 -3.055254E-01
    88    10910.8187    8.46792458  6.376823E+08  9.821279E+08  4.106346E+30
        6.826103E+00  2.430537E+01  7.268879E+00  0.0004838304 -2.101757E-04
        6.077618E+25 -4.010597E+00 -1.991404E+00 -3.055254E-01 -3.055254E-01
    89    10806.1985    8.46818261  6.374929E+08  1.008108E+09  3.948753E+30
        6.822193E+00  2.430544E+01  7.268929E+00  0.0040503146 -1.762601E-03
        5.554419E+25 -4.010597E+00 -1.991404E+00 -3.055254E-01 -3.055254E-01
    90    10718.1207    8.46840128  6.373324E+08  1.032000E+09  3.819654E+30
        6.817639E+00  2.430550E+01  7.268974E+00  0.0103838695 -4.533234E-03
        5.157043E+25 -4.010597E+00 -1.991404E+00 -3.055254E-01 -3.055254E-01
    91    10637.7853    8.46860152  6.371855E+08  1.056149E+09  3.704709E+30
        6.812736E+00  2.430556E+01  7.269018E+00  0.0190619232 -8.358407E-03
        4.816416E+25 -4.010597E+00 -1.991404E+00 -3.055254E-01 -3.055254E-01
    92    10554.8093    8.46880906  6.370333E+08  1.083922E+09  3.588751E+30
        6.807065E+00  2.430563E+01  7.269066E+00  0.0308775815 -1.362136E-02
        4.478286E+25 -4.010597E+00 -1.991404E+00 -3.055254E-01 -3.055254E-01
    93    10480.7582    8.46899564  6.368965E+08  1.111037E+09  3.487594E+30
        6.801644E+00  2.430569E+01  7.269113E+00  0.0434646627 -1.929898E-02
        4.188206E+25 -4.010597E+00 -1.991404E+00 -3.055254E-01 -3.055254E-01
    94    10372.8772    8.46926945  6.366957E+08  1.154185E+09  3.344092E+30
        6.793446E+00  2.430579E+01  7.269186E+00  0.0645597451 -2.898394E-02
        3.783361E+25 -4.010597E+00 -1.991404E+00 -3.055254E-01 -3.055254E-01
    95    10227.7720    8.46964002  6.364242E+08  1.217300E+09  3.158166E+30
        6.782242E+00  2.430593E+01  7.269293E+00  0.0960521560 -4.385663E-02
        3.285781E+25 -4.010597E+00 -1.991404E+00 -3.055254E-01 -3.055254E-01
    96    10042.2390    8.47011370  6.360772E+08  1.304582E+09  2.931968E+30
        6.767925E+00  2.430613E+01  7.269440E+00  0.1393034961 -6.514996E-02
        2.732833E+25 -4.010597E+00 -1.991404E+00 -3.055254E-01 -3.055254E-01
    97     9826.9793    8.47065882  6.356781E+08  1.413652E+09  2.685172E+30
        6.751351E+00  2.430636E+01  7.269606E+00  0.1917468763 -9.245261E-02
        2.195516E+25 -4.010597E+00 -1.991404E+00 -3.055254E-01 -3.055254E-01
    98     9596.6547    8.47122169  6.352663E+08  1.538659E+09  2.438982E+30
        6.733612E+00  2.430656E+01  7.269748E+00  0.2489552879 -1.243342E-01
        1.729944E+25 -4.010597E+00 -1.991404E+00 -3.055254E-01 -3.055254E-01
    99     9353.5443    8.47178126  6.348572E+08  1.679605E+09  2.198236E+30
        6.714792E+00  2.430667E+01  7.269830E+00  0.3093380621 -1.607345E-01
        1.338714E+25 -4.010597E+00 -1.991404E+00 -3.055254E-01 -3.055254E-01
   100     9112.7034    8.47231269  6.344689E+08  1.828850E+09  1.978003E+30
        6.695917E+00  2.430673E+01  7.269868E+00  0.3684766519 -1.996106E-01
        1.032993E+25 -4.010597E+00 -1.991404E+00 -3.055254E-01 -3.055254E-01
   101     8877.1416    8.47283405  6.340882E+08  1.985306E+09  1.779137E+30
        6.677096E+00  2.430678E+01  7.269908E+00  0.4253097102 -2.405661E-01
        7.950474E+24 -4.010597E+00 -1.991404E+00 -3.055254E-01 -3.055254E-01
   102     8645.4749    8.47336482  6.337008E+08  2.150818E+09  1.598606E+30
        6.658101E+00  2.430688E+01  7.269980E+00  0.4800140601 -2.840084E-01
        6.100505E+24 -4.010597E+00 -1.991404E+00 -3.055254E-01 -3.055254E-01
   103     8418.2531    8.47389208  6.333162E+08  2.325769E+09  1.435313E+30
        6.638869E+00  2.430700E+01  7.270063E+00  0.5322942010 -3.300272E-01
        4.651805E+24 -4.010597E+00 -1.991404E+00 -3.055254E-01 -3.055254E-01
   104     8225.6304    8.47433474  6.329936E+08  2.484405E+09  1.307052E+30
        6.622025E+00  2.430709E+01  7.270125E+00  0.5752911300 -3.719087E-01
        3.667703E+24 -4.010597E+00 -1.991404E+00 -3.055254E-01 -3.055254E-01
   105     8005.4130    8.47484017  6.326253E+08  2.678430E+09  1.171239E+30
        6.602171E+00  2.430719E+01  7.270193E+00  0.6225732050 -4.231673E-01
        2.766111E+24 -4.010597E+00 -1.991404E+00 -3.055254E-01 -3.055254E-01
   106     7812.8247    8.47528970  6.322980E+08  2.858124E+09  1.061435E+30
        6.584357E+00  2.430729E+01  7.270265E+00  0.6617743101 -4.707934E-01
        2.145311E+24 -4.010597E+00 -1.991404E+00 -3.055254E-01 -3.055254E-01
   107     7602.6371    8.47578961  6.319342E+08  3.064354E+09  9.506446E+29
        6.564595E+00  2.430743E+01  7.270363E+00  0.7017569544 -5.254297E-01
        1.616390E+24 -4.010597E+00 -1.991404E+00 -3.055254E-01 -3.055254E-01
   108     7402.4451    8.47626683  6.315871E+08  3.269836E+09  8.534630E+29
        6.545550E+00  2.430756E+01  7.270464E+00  0.7368601999 -5.798135E-01
        1.228935E+24 -4.010597E+00 -1.991404E+00 -3.055254E-01 -3.055254E-01
   109     7215.0298    8.47671151  6.312638E+08  3.470769E+09  7.694701E+29
        6.527522E+00  2.430767E+01  7.270552E+00  0.7671164992 -6.328613E-01
        9.461515E+23 -4.010597E+00 -1.991404E+00 -3.055254E-01 -3.055254E-01
   110     7041.3511    8.47712992  6.309598E+08  3.665961E+09  6.973404E+29
        6.510544E+00  2.430775E+01  7.270621E+00  0.7930808930 -6.841994E-01
        7.383076E+23 -4.010597E+00 -1.991404E+00 -3.055254E-01 -3.055254E-01
   111     6880.9216    8.47753521  6.306655E+08  3.855869E+09  6.353339E+29
        6.494497E+00  2.430782E+01  7.270669E+00  0.8154562862 -7.339007E-01
        5.838851E+23 -4.010597E+00 -1.991404E+00 -3.055254E-01 -3.055254E-01
   112     6731.9127    8.47793419  6.303759E+08  4.042304E+09  5.815278E+29
        6.479166E+00  2.430786E+01  7.270699E+00  0.8349683631 -7.824328E-01
        4.660414E+23 -4.010597E+00 -1.991404E+00 -3.055254E-01 -3.055254E-01
   113     6593.7813    8.47831968  6.300961E+08  4.225158E+09  5.347727E+29
        6.464510E+00  2.430789E+01  7.270719E+00  0.8520285369 -8.298220E-01
        3.748525E+23 -4.010597E+00 -1.991404E+00 -3.055254E-01 -3.055254E-01
   114     6462.6917    8.47871153  6.298120E+08  4.409112E+09  4.930523E+29
        6.450118E+00  2.430791E+01  7.270735E+00  0.8673536001 -8.773045E-01
        3.025258E+23 -4.010597E+00 -1.991404E+00 -3.055254E-01 -3.055254E-01
   115     6337.1463    8.47912430  6.295127E+08  4.596374E+09  4.554088E+29
        6.435794E+00  2.430794E+01  7.270751E+00  0.8812789313 -9.254722E-01
        2.445307E+23 -4.010597E+00 -1.991404E+00 -3.055254E-01 -3.055254E-01
   116     6212.7556    8.47956424  6.291940E+08  4.794877E+09  4.202654E+29
        6.420931E+00  2.430797E+01  7.270774E+00  0.8944167833 -9.764051E-01
        1.955342E+23 -4.010597E+00 -1.991404E+00 -3.055254E-01 -3.055254E-01
   117     6088.0308    8.48002861  6.288577E+08  5.010808E+09  3.871057E+29
        6.405077E+00  2.430802E+01  7.270807E+00  0.9070592292 -1.031794E+00
        1.539931E+23 -4.010597E+00 -1.991404E+00 -3.055254E-01 -3.055254E-01
   118     5962.4363    8.48055486  6.284768E+08  5.258141E+09  3.557058E+29
        6.387202E+00  2.430808E+01  7.270851E+00  0.9197566525 -1.095591E+00
        1.175234E+23 -4.010597E+00 -1.991404E+00 -3.055254E-01 -3.055254E-01
   119     5827.7904    8.48120627  6.280056E+08  5.587203E+09  3.241606E+29
        6.363529E+00  2.430816E+01  7.270908E+00  0.9342880700 -1.182356E+00
        8.195704E+22 -4.010597E+00 -1.991404E+00 -3.055254E-01 -3.055254E-01
   120     5698.9600    8.48195272  6.274662E+08  6.029703E+09  2.959242E+29
        6.330810E+00  2.430824E+01  7.270961E+00  0.9506316261 -1.306551E+00
        4.958134E+22 -4.010597E+00 -1.991404E+00 -3.055254E-01 -3.055254E-01
   121     5622.5698    8.48249508  6.270745E+08  6.398289E+09  2.800239E+29
        6.301923E+00  2.430826E+01  7.270974E+00  0.9620053361 -1.420277E+00
        3.175512E+22 -4.010597E+00 -1.991404E+00 -3.055254E-01 -3.055254E-01
   122     5556.6389    8.48296766  6.267334E+08  6.736483E+09  2.668283E+29
        6.273607E+00  2.430826E+01  7.270979E+00  0.9708486495 -1.535341E+00
        2.044017E+22 -4.010597E+00 -1.991404E+00 -3.055254E-01 -3.055254E-01
   123     5493.4017    8.48338724  6.264307E+08  7.040558E+09  2.546414E+29
        6.246425E+00  2.430828E+01  7.270992E+00  0.9775337856 -1.648470E+00
        1.337909E+22 -4.010597E+00 -1.991388E+00 -3.055255E-01 -3.055255E-01
   124     5424.3089    8.48380881  6.261268E+08  7.349630E+09  2.418352E+29
        6.216796E+00  2.430831E+01  7.271010E+00  0.9829787374 -1.769008E+00
        8.404898E+21 -4.010597E+00 -1.991289E+00 -3.055265E-01 -3.055265E-01
   125     5352.3136    8.48419627  6.258475E+08  7.635482E+09  2.290449E+29
        6.187279E+00  2.430834E+01  7.271030E+00  0.9861421817 -1.858305E+00
        5.283555E+21 -4.010597E+00 -1.991239E+00 -3.055271E-01 -3.055271E-01
   126     5278.9998    8.48453303  6.256049E+08  7.899410E+09  2.165830E+29
        6.157865E+00  2.430837E+01  7.271054E+00  0.9872397133 -1.894140E+00
        3.316809E+21 -4.010597E+00 -1.982682E+00 -3.056162E-01 -3.056162E-01
   127     5215.2128    8.48480222  6.254111E+08  8.113369E+09  2.061753E+29
        6.132526E+00  2.430840E+01  7.271079E+00  0.9873013498 -1.896242E+00
        2.219428E+21 -4.010597E+00 -1.977138E+00 -3.056749E-01 -3.056749E-01
   128     5140.3729    8.48508489  6.252076E+08  8.342619E+09  1.944663E+29
        6.103790E+00  2.430844E+01  7.271105E+00  0.9873870586 -1.899184E+00
        1.405052E+21 -4.010597E+00 -1.972021E+00 -3.057297E-01 -3.057297E-01
   129     5063.7042    8.48533305  6.250290E+08  8.549711E+09  1.830168E+29
        6.076355E+00  2.430847E+01  7.271122E+00  0.9874990207 -1.903056E+00
        9.079597E+20 -4.010597E+00 -1.968126E+00 -3.057719E-01 -3.057719E-01
   130     4974.9373    8.48557484  6.248550E+08  8.760279E+09  1.704223E+29
        6.046937E+00  2.430848E+01  7.271135E+00  0.9876211228 -1.907319E+00
        5.679905E+20 -4.010597E+00 -1.964304E+00 -3.058136E-01 -3.058136E-01
   131     4893.7593    8.48576732  6.247165E+08  8.944459E+09  1.594975E+29
        6.019793E+00  2.430850E+01  7.271147E+00  0.9877391253 -1.911479E+00
        3.681557E+20 -4.010597E+00 -1.961081E+00 -3.058492E-01 -3.058492E-01
   132     4802.2907    8.48596752  6.245726E+08  9.132925E+09  1.478349E+29
        5.990543E+00  2.430853E+01  7.271165E+00  0.9878701641 -1.916145E+00
        2.305368E+20 -4.010597E+00 -1.958308E+00 -3.058799E-01 -3.058799E-01
   133     4712.8081    8.48614945  6.244418E+08  9.310594E+09  1.370630E+29
        5.961464E+00  2.430855E+01  7.271182E+00  0.9879968963 -1.920706E+00
        1.446536E+20 -4.010597E+00 -1.954544E+00 -3.059220E-01 -3.059220E-01
   134     4627.3947    8.48630421  6.243305E+08  9.473495E+09  1.273482E+29
        5.933267E+00  2.430857E+01  7.271192E+00  0.9881175499 -1.925094E+00
        9.198392E+19 -4.010597E+00 -1.950888E+00 -3.059632E-01 -3.059632E-01
   135     4542.6251    8.48643863  6.242339E+08  9.623305E+09  1.182333E+29
        5.905893E+00  2.430857E+01  7.271194E+00  0.9882764381 -1.930940E+00
        5.924466E+19 -4.010597E+00 -1.950167E+00 -3.059714E-01 -3.059714E-01
   136     4455.0790    8.48655855  6.241477E+08  9.766341E+09  1.093488E+29
        5.878365E+00  2.430857E+01  7.271192E+00  0.9884350710 -1.936857E+00
        3.805091E+19 -4.010597E+00 -1.949570E+00 -3.059782E-01 -3.059782E-01
   137     4362.5044    8.48667526  6.240639E+08  9.909694E+09  1.005123E+29
        5.849126E+00  2.430857E+01  7.271192E+00  0.9885972261 -1.942989E+00
        2.376177E+19 -4.010597E+00 -1.949024E+00 -3.059844E-01 -3.059844E-01
   138     4272.2139    8.48678377  6.239859E+08  1.004102E+10  9.242277E+28
        5.820897E+00  2.430857E+01  7.271193E+00  0.9887467084 -1.948720E+00
        1.507256E+19 -4.010597E+00 -1.948549E+00 -3.059898E-01 -3.059898E-01
   139     4193.0500    8.48687571  6.239199E+08  1.015376E+10  8.574232E+28
        5.795400E+00  2.430857E+01  7.271194E+00  0.9888765678 -1.953761E+00
        9.986401E+18 -4.010597E+00 -1.948160E+00 -3.059942E-01 -3.059942E-01
   140     4125.0211    8.48695468  6.238631E+08  1.025277E+10  8.029727E+28
        5.771736E+00  2.430857E+01  7.271195E+00  0.9889931226 -1.958336E+00
        6.812382E+18 -4.010597E+00 -1.947822E+00 -3.059981E-01 -3.059981E-01
   141     4057.0748    8.48703507  6.238054E+08  1.035229E+10  7.512211E+28
        5.746580E+00  2.430857E+01  7.271195E+00  0.9891127724 -1.963083E+00
        4.533976E+18 -4.010597E+00 -1.947473E+00 -3.060021E-01 -3.060021E-01
   142     3993.1783    8.48711170  6.237504E+08  1.044704E+10  7.048779E+28
        5.721060E+00  2.430857E+01  7.271195E+00  0.9892303980 -1.967800E+00
        2.998138E+18 -4.010597E+00 -1.947138E+00 -3.060059E-01 -3.060059E-01
   143     3930.5091    8.48718247  6.236995E+08  1.053455E+10  6.615513E+28
        5.695859E+00  2.430857E+01  7.271196E+00  0.9893428469 -1.972359E+00
        1.991903E+18 -4.010597E+00 -1.946822E+00 -3.060095E-01 -3.060095E-01
   144     3864.4476    8.48724643  6.236536E+08  1.061429E+10  6.180933E+28
        5.671409E+00  2.430857E+01  7.271196E+00  0.9894484830 -1.976685E+00
        1.339192E+18 -4.010597E+00 -1.946530E+00 -3.060128E-01 -3.060128E-01
   145     3783.6319    8.48731010  6.236079E+08  1.069634E+10  5.679056E+28
        5.644816E+00  2.430857E+01  7.271197E+00  0.9895597317 -1.981288E+00
        8.691398E+17 -4.010597E+00 -1.946228E+00 -3.060163E-01 -3.060163E-01
   146     3686.5148    8.48737393  6.235621E+08  1.078265E+10  5.117299E+28
        5.615338E+00  2.430857E+01  7.271197E+00  0.9896787462 -1.986268E+00
        5.379728E+17 -4.010597E+00 -1.945911E+00 -3.060199E-01 -3.060199E-01
   147     3580.9154    8.48743347  6.235193E+08  1.086965E+10  4.555054E+28
        5.584109E+00  2.430857E+01  7.271197E+00  0.9898002676 -1.991411E+00
        3.234032E+17 -4.010597E+00 -1.945593E+00 -3.060236E-01 -3.060236E-01
   148     3461.4260    8.48749112  6.234780E+08  1.096350E+10  3.976306E+28
        5.548771E+00  2.430857E+01  7.271197E+00  0.9899325102 -1.997079E+00
        1.816504E+17 -4.010597E+00 -1.945253E+00 -3.060275E-01 -3.060275E-01
   149     3338.0935    8.48754887  6.234365E+08  1.105643E+10  3.438713E+28
        5.511858E+00  2.430857E+01  7.271197E+00  0.9900636549 -2.002773E+00
        9.934741E+16 -4.010597E+00 -1.944922E+00 -3.060313E-01 -3.060313E-01
   150     3210.7241    8.48762350  6.233829E+08  1.114783E+10  2.942654E+28
        5.474024E+00  2.430857E+01  7.271198E+00  0.9902444657 -2.010749E+00
        5.347749E+16 -4.010597E+00 -1.948217E+00 -3.059936E-01 -3.059936E-01
   151     3063.4382    8.48769355  6.233327E+08  1.124954E+10  2.438337E+28
        5.430017E+00  2.430858E+01  7.271198E+00  0.9905678338 -2.025389E+00
        2.597922E+16 -4.010597E+00 -1.949405E+00 -3.059801E-01 -3.059801E-01
   152     2907.5374    8.48774918  6.232928E+08  1.135487E+10  1.978349E+28
        5.382633E+00  2.430858E+01  7.271199E+00  0.9910750275 -2.049393E+00
        1.192432E+16 -4.010597E+00 -1.952738E+00 -3.059423E-01 -3.059423E-01
   153     2720.7865    8.48780469  6.232529E+08  1.148044E+10  1.516785E+28
        5.323859E+00  2.430858E+01  7.271200E+00  0.9917068127 -2.081279E+00
        4.545116E+15 -4.010597E+00 -1.955519E+00 -3.059111E-01 -3.059111E-01
   154     2511.9241    8.48785607  6.232161E+08  1.162400E+10  1.101846E+28
        5.254379E+00  2.430858E+01  7.271200E+00  0.9924330390 -2.121079E+00
        1.469774E+15 -4.010597E+00 -1.955971E+00 -3.059060E-01 -3.059060E-01
   155     2403.9686    8.48788411  6.231959E+08  1.170004E+10  9.242338E+27
        5.216177E+00  2.430858E+01  7.271201E+00  0.9934589993 -2.184356E+00
        7.888660E+14 -4.010597E+00 -1.957066E+00 -3.058938E-01 -3.058938E-01
   156     2346.3287    8.48790190  6.231832E+08  1.174004E+10  8.386954E+27
        5.194701E+00  2.430858E+01  7.271201E+00  0.9946618243 -2.272607E+00
        5.545281E+14 -4.010597E+00 -1.957686E+00 -3.058869E-01 -3.058869E-01
   157     2282.1440    8.48792372  6.231675E+08  1.178297E+10  7.505838E+27
        5.169994E+00  2.430858E+01  7.271201E+00  0.9958744647 -2.384520E+00
        3.732484E+14 -4.010597E+00 -1.957699E+00 -3.058867E-01 -3.058867E-01
   158     2218.9505    8.48794863  6.231496E+08  1.182369E+10  6.707993E+27
        5.144873E+00  2.430858E+01  7.271201E+00  0.9968376874 -2.499995E+00
        2.505526E+14 -4.010597E+00 -1.957699E+00 -3.058867E-01 -3.058867E-01
   159     2158.0479    8.48797262  6.231324E+08  1.186145E+10  6.000984E+27
        5.119871E+00  2.430858E+01  7.271201E+00  0.9975810682 -2.616376E+00
        1.692628E+14 -4.010597E+00 -1.957699E+00 -3.058867E-01 -3.058867E-01
   160     2098.7507    8.48799248  6.231182E+08  1.189698E+10  5.367866E+27
        5.094765E+00  2.430858E+01  7.271201E+00  0.9981577852 -2.734660E+00
        1.142321E+14 -4.010597E+00 -1.957699E+00 -3.058867E-01 -3.058867E-01
   161     2038.4640    8.48800857  6.231066E+08  1.193205E+10  4.776991E+27
        5.068331E+00  2.430858E+01  7.271202E+00  0.9986202733 -2.860207E+00
        7.619861E+13 -4.010597E+00 -1.957699E+00 -3.058867E-01 -3.058867E-01
   162     1980.6892    8.48802069  6.230979E+08  1.196461E+10  4.257900E+27
        5.042048E+00  2.430858E+01  7.271202E+00  0.9989677295 -2.986206E+00
        5.120204E+13 -4.010597E+00 -1.957699E+00 -3.058867E-01 -3.058867E-01
   163     1926.2294    8.48803032  6.230910E+08  1.199444E+10  3.808487E+27
        5.016409E+00  2.430858E+01  7.271202E+00  0.9992240898 -3.110189E+00
        3.489869E+13 -4.010597E+00 -1.957699E+00 -3.058867E-01 -3.058867E-01
   164     1871.2288    8.48803968  6.230843E+08  1.202384E+10  3.391710E+27
        4.989503E+00  2.430858E+01  7.271202E+00  0.9994263396 -3.241345E+00
        2.339206E+13 -4.010597E+00 -1.957699E+00 -3.058867E-01 -3.058867E-01
   165     1824.7402    8.48804777  6.230785E+08  1.204812E+10  3.066953E+27
        4.965844E+00  2.430858E+01  7.271202E+00  0.9995609063 -3.357443E+00
        1.654590E+13 -4.010597E+00 -1.957699E+00 -3.058867E-01 -3.058867E-01
   166     1776.7649    8.48805676  6.230721E+08  1.207253E+10  2.756855E+27
        4.940534E+00  2.430858E+01  7.271202E+00  0.9996706654 -3.482363E+00
        1.146144E+13 -4.010597E+00 -1.957699E+00 -3.058867E-01 -3.058867E-01
   167     1728.8234    8.48806567  6.230657E+08  1.209638E+10  2.471085E+27
        4.914196E+00  2.430858E+01  7.271202E+00  0.9997564211 -3.613360E+00
        7.846497E+12 -4.010597E+00 -1.957699E+00 -3.058867E-01 -3.058867E-01
   168     1689.7196    8.48807240  6.230609E+08  1.211541E+10  2.254950E+27
        4.891822E+00  2.430858E+01  7.271202E+00  0.9998121736 -3.726243E+00
        5.699580E+12 -4.010587E+00 -1.957700E+00 -3.058867E-01 -3.058867E-01
   169     1648.6497    8.48806567  6.230657E+08  1.213468E+10  2.043613E+27
        4.867708E+00  2.430858E+01  7.271202E+00  0.9998549003 -3.838333E+00
        4.046660E+12 -4.009477E+00 -1.957709E+00 -3.058867E-01 -3.058867E-01
   170     1605.9410    8.48805997  6.230698E+08  1.215328E+10  1.839963E+27
        4.843254E+00  2.430858E+01  7.271202E+00  0.9998687896 -3.882032E+00
        2.864703E+12 -4.008510E+00 -1.957718E+00 -3.058867E-01 -3.058867E-01
   171     1561.4718    8.48806191  6.230684E+08  1.217193E+10  1.644468E+27
        4.817410E+00  2.430858E+01  7.271202E+00  0.9998770057 -3.910115E+00
        1.992097E+12 -4.008269E+00 -1.957720E+00 -3.058867E-01 -3.058867E-01
   172     1518.4518    8.48806136  6.230688E+08  1.218946E+10  1.470596E+27
        4.791657E+00  2.430858E+01  7.271202E+00  0.9998836194 -3.934119E+00
        1.388223E+12 -4.007928E+00 -1.957723E+00 -3.058867E-01 -3.058867E-01
   173     1474.5728    8.48806088  6.230691E+08  1.220693E+10  1.307840E+27
        4.764584E+00  2.430858E+01  7.271202E+00  0.9998899784 -3.958522E+00
        9.514524E+11 -4.007670E+00 -1.957725E+00 -3.058867E-01 -3.058867E-01
   174     1436.0379    8.48804925  6.230775E+08  1.222188E+10  1.176427E+27
        4.740205E+00  2.430858E+01  7.271202E+00  0.9998945495 -3.976951E+00
        6.776658E+11 -4.006598E+00 -1.957735E+00 -3.058867E-01 -3.058867E-01
   175     1400.8424    8.48803512  6.230876E+08  1.223507E+10  1.065302E+27
        4.717697E+00  2.430858E+01  7.271202E+00  0.9998950776 -3.979132E+00
        4.956608E+11 -4.005298E+00 -1.957747E+00 -3.058867E-01 -3.058867E-01
   176     1360.9773    8.48799756  6.231145E+08  1.224969E+10  9.491978E+26
        4.691667E+00  2.430858E+01  7.271201E+00  0.9998941314 -3.975233E+00
        3.454151E+11 -4.002243E+00 -1.957774E+00 -3.058867E-01 -3.058867E-01
   177     1323.3586    8.48796686  6.231366E+08  1.226339E+10  8.485824E+26
        4.666213E+00  2.430858E+01  7.271201E+00  0.9998937991 -3.973872E+00
        2.427408E+11 -3.999760E+00 -1.957797E+00 -3.058867E-01 -3.058867E-01
