     1    49463.8401    7.19753706  1.835299E+09  4.000000E+05  1.436754E+34
        8.192346E+00  2.204778E+01  5.741188E+00  0.0000000000  0.000000E+00
        1.437270E+34 -1.002664E+01 -2.007824E+00 -3.053164E-01 -3.053164E-01
     2    48818.7185    7.22696822  1.774154E+09  8.000000E+05  1.273930E+34
        8.148979E+00  2.209383E+01  5.776361E+00  0.0000000000  0.000000E+00
        1.272001E+34 -1.002664E+01 -2.007837E+00 -3.053163E-01 -3.053163E-01
     3    47998.9379    7.25399504  1.719800E+09  1.200000E+06  1.118664E+34
        8.111601E+00  2.213229E+01  5.804812E+00  0.0000000000  0.000000E+00
        1.130472E+34 -1.002663E+01 -2.007855E+00 -3.053161E-01 -3.053161E-01
     4    47058.3670    7.27862696  1.671714E+09  1.600000E+06  9.765370E+33
        8.078882E+00  2.216481E+01  5.828367E+00  0.0000000000  0.000000E+00
        1.006381E+34 -1.002660E+01 -2.007877E+00 -3.053159E-01 -3.053159E-01
     5    46054.9598    7.30088230  1.629425E+09  2.000000E+06  8.511215E+33
        8.049994E+00  2.219245E+01  5.848061E+00  0.0000000000  0.000000E+00
        8.966060E+33 -1.002657E+01 -2.007898E+00 -3.053156E-01 -3.053156E-01
     6    45035.3839    7.32086853  1.592360E+09  2.400000E+06  7.432162E+33
        8.024338E+00  2.221604E+01  5.864692E+00  0.0000000000  0.000000E+00
        7.994080E+33 -1.002654E+01 -2.007917E+00 -3.053155E-01 -3.053155E-01
     7    44594.2015    7.32892862  1.577652E+09  2.571054E+06  7.013797E+33
        8.013698E+00  2.222531E+01  5.871204E+00  0.0000000000  0.000000E+00
        7.601052E+33 -1.002651E+01 -2.007937E+00 -3.053153E-01 -3.053153E-01
     8    44174.3397    7.33643159  1.564082E+09  2.738449E+06  6.637689E+33
        8.003838E+00  2.223383E+01  5.877163E+00  0.0000000000  0.000000E+00
        7.238710E+33 -1.002649E+01 -2.007953E+00 -3.053151E-01 -3.053151E-01
     9    43733.4605    7.34408512  1.550361E+09  2.917428E+06  6.265251E+33
        7.993863E+00  2.224239E+01  5.883123E+00  0.0000000000  0.000000E+00
        6.875549E+33 -1.002646E+01 -2.007969E+00 -3.053150E-01 -3.053150E-01
    10    43270.4160    7.35178439  1.536679E+09  3.106809E+06  5.898589E+33
        7.984038E+00  2.225081E+01  5.888964E+00  0.0000000000  0.000000E+00
        6.519043E+33 -1.002966E+01 -2.007975E+00 -3.053149E-01 -3.053149E-01
    11    42812.2830    7.35911973  1.523756E+09  3.296190E+06  5.558045E+33
        7.974721E+00  2.225871E+01  5.894423E+00  0.0000000000  0.000000E+00
        6.184432E+33 -1.002966E+01 -2.007980E+00 -3.053148E-01 -3.053148E-01
    12    42360.0737    7.36611705  1.511530E+09  3.485571E+06  5.241771E+33
        7.965873E+00  2.226612E+01  5.899535E+00  0.0000000000  0.000000E+00
        5.871429E+33 -1.002965E+01 -2.007984E+00 -3.053148E-01 -3.053148E-01
    13    41914.3521    7.37279330  1.499957E+09  3.674952E+06  4.947958E+33
        7.957455E+00  2.227308E+01  5.904327E+00  0.0000000000  0.000000E+00
        5.577556E+33 -1.002965E+01 -2.007987E+00 -3.053148E-01 -3.053148E-01
    14    41475.5253    7.37916408  1.488995E+09  3.864334E+06  4.674894E+33
        7.949434E+00  2.227962E+01  5.908824E+00  0.0000000000  0.000000E+00
        5.302234E+33 -1.002965E+01 -2.007990E+00 -3.053147E-01 -3.053147E-01
    15    41044.0986    7.38524427  1.478609E+09  4.053715E+06  4.421065E+33
        7.941780E+00  2.228578E+01  5.913049E+00  0.0000000000  0.000000E+00
        5.043399E+33 -1.002964E+01 -2.007991E+00 -3.053147E-01 -3.053147E-01
    16    40614.0468    7.39107790  1.468711E+09  4.243096E+06  4.182110E+33
        7.934467E+00  2.229158E+01  5.917023E+00  0.0000000000  0.000000E+00
        4.800454E+33 -1.003197E+01 -2.007991E+00 -3.053147E-01 -3.053147E-01
    17    40195.4930    7.39663399  1.459346E+09  4.432477E+06  3.961354E+33
        7.927473E+00  2.229705E+01  5.920767E+00  0.0000000000  0.000000E+00
        4.572587E+33 -1.003198E+01 -2.007991E+00 -3.053147E-01 -3.053147E-01
    18    39788.2502    7.40193802  1.450462E+09  4.621858E+06  3.757073E+33
        7.920778E+00  2.230222E+01  5.924299E+00  0.0000000000  0.000000E+00
        4.358363E+33 -1.003198E+01 -2.007991E+00 -3.053147E-01 -3.053147E-01
    19    39390.6744    7.40701431  1.442010E+09  4.811239E+06  3.567201E+33
        7.914361E+00  2.230711E+01  5.927637E+00  0.0000000000  0.000000E+00
        4.157450E+33 -1.003386E+01 -2.007994E+00 -3.053147E-01 -3.053147E-01
    20    39001.9728    7.41187326  1.433966E+09  5.000620E+06  3.390325E+33
        7.908204E+00  2.231175E+01  5.930797E+00  0.0000000000  0.000000E+00
        3.968566E+33 -1.003387E+01 -2.007999E+00 -3.053147E-01 -3.053147E-01
    21    38622.0153    7.41653058  1.426297E+09  5.190001E+06  3.225354E+33
        7.902291E+00  2.231615E+01  5.933792E+00  0.0000000000  0.000000E+00
        3.791066E+33 -1.003388E+01 -2.008005E+00 -3.053146E-01 -3.053146E-01
    22    38250.7124    7.42100043  1.418976E+09  5.379382E+06  3.071326E+33
        7.896604E+00  2.232033E+01  5.936635E+00  0.0000000000  0.000000E+00
        3.624280E+33 -1.003538E+01 -2.008013E+00 -3.053145E-01 -3.053145E-01
    23    37881.4830    7.42531511  1.411945E+09  5.568763E+06  2.925237E+33
        7.891130E+00  2.232430E+01  5.939336E+00  0.0000000000  0.000000E+00
        3.467204E+33 -1.003540E+01 -2.008024E+00 -3.053144E-01 -3.053144E-01
    24    37522.0498    7.42945157  1.405237E+09  5.758144E+06  2.789092E+33
        7.885855E+00  2.232809E+01  5.941905E+00  0.0000000000  0.000000E+00
        3.319371E+33 -1.003661E+01 -2.008035E+00 -3.053143E-01 -3.053143E-01
    25    37173.9892    7.43341464  1.398840E+09  5.947525E+06  2.662627E+33
        7.880766E+00  2.233169E+01  5.944353E+00  0.0000000000  0.000000E+00
        3.179962E+33 -1.003663E+01 -2.008047E+00 -3.053142E-01 -3.053142E-01
    26    36835.9652    7.43722136  1.392723E+09  6.136906E+06  2.544691E+33
        7.875851E+00  2.233513E+01  5.946686E+00  0.0000000000  0.000000E+00
        3.048474E+33 -1.003760E+01 -2.008061E+00 -3.053140E-01 -3.053140E-01
    27    36501.5034    7.44090376  1.386831E+09  6.326287E+06  2.432806E+33
        7.871098E+00  2.233841E+01  5.948912E+00  0.0000000000  0.000000E+00
        2.924332E+33 -1.003840E+01 -2.008078E+00 -3.053139E-01 -3.053139E-01
    28    36172.0467    7.44446405  1.381158E+09  6.515669E+06  2.327001E+33
        7.866455E+00  2.234156E+01  5.951047E+00  0.0000000000  0.000000E+00
        2.806205E+33 -1.003843E+01 -2.008109E+00 -3.053136E-01 -3.053136E-01
    29    35868.2672    7.44772002  1.375990E+09  6.695940E+06  2.233006E+33
        7.862172E+00  2.234443E+01  5.952991E+00  0.0000000000  0.000000E+00
        2.699698E+33 -1.003908E+01 -2.008140E+00 -3.053133E-01 -3.053133E-01
    30    35537.7701    7.45123417  1.370435E+09  6.898611E+06  2.134493E+33
        7.857511E+00  2.234750E+01  5.955077E+00  0.0000000000  0.000000E+00
        2.586629E+33 -1.003958E+01 -2.008178E+00 -3.053129E-01 -3.053129E-01
    31    35196.5402    7.45482159  1.364786E+09  7.114265E+06  2.036791E+33
        7.852721E+00  2.235062E+01  5.957190E+00  0.0000000000  0.000000E+00
        2.473526E+33 -1.004001E+01 -2.008222E+00 -3.053124E-01 -3.053124E-01
    32    34852.5117    7.45836958  1.359223E+09  7.335284E+06  1.942384E+33
        7.847977E+00  2.235366E+01  5.959250E+00  0.0000000000  0.000000E+00
        2.364658E+33 -1.004039E+01 -2.008273E+00 -3.053119E-01 -3.053119E-01
    33    34513.8297    7.46179883  1.353867E+09  7.557706E+06  1.853284E+33
        7.843363E+00  2.235657E+01  5.961224E+00  0.0000000000  0.000000E+00
        2.261778E+33 -1.004071E+01 -2.008325E+00 -3.053114E-01 -3.053114E-01
    34    34184.2268    7.46510924  1.348717E+09  7.781876E+06  1.769954E+33
        7.838865E+00  2.235937E+01  5.963120E+00  0.0000000000  0.000000E+00
        2.164370E+33 -1.004099E+01 -2.008380E+00 -3.053109E-01 -3.053109E-01
    35    33858.0600    7.46834811  1.343697E+09  8.009530E+06  1.690707E+33
        7.834444E+00  2.236208E+01  5.964956E+00  0.0000000000  0.000000E+00
        2.071458E+33 -1.004125E+01 -2.008441E+00 -3.053103E-01 -3.053103E-01
    36    33530.0644    7.47156176  1.338735E+09  8.244623E+06  1.614151E+33
        7.830025E+00  2.236475E+01  5.966764E+00  0.0000000000  0.000000E+00
        1.981344E+33 -1.004147E+01 -2.008530E+00 -3.053094E-01 -3.053094E-01
    37    33193.9576    7.47485265  1.333672E+09  8.496392E+06  1.538692E+33
        7.825450E+00  2.236748E+01  5.968609E+00  0.0000000000  0.000000E+00
        1.890954E+33 -1.004168E+01 -2.008620E+00 -3.053085E-01 -3.053085E-01
    38    32832.3541    7.47836157  1.328295E+09  8.776765E+06  1.460881E+33
        7.820535E+00  2.237036E+01  5.970559E+00  0.0000000000  0.000000E+00
        1.797167E+33 -1.004195E+01 -2.008718E+00 -3.053075E-01 -3.053075E-01
    39    32257.1712    7.48382721  1.319963E+09  9.240020E+06  1.344145E+33
        7.812831E+00  2.237479E+01  5.973551E+00  0.0000000000  0.000000E+00
        1.656916E+33 -1.004245E+01 -2.008887E+00 -3.053059E-01 -3.053059E-01
    40    31730.0285    7.48853128  1.312834E+09  9.680736E+06  1.244855E+33
        7.805875E+00  2.237866E+01  5.976170E+00  0.0000000000  0.000000E+00
        1.537371E+33 -1.004281E+01 -2.002265E+00 -3.053719E-01 -3.053719E-01
    41    31085.3668    7.49366149  1.305103E+09  1.020880E+07  1.133263E+33
        7.798109E+00  2.238283E+01  5.978995E+00  0.0000000000  0.000000E+00
        1.411472E+33 -1.004306E+01 -1.990782E+00 -3.054888E-01 -3.054888E-01
    42    30579.1344    7.49828170  1.298179E+09  1.073687E+07  1.049995E+33
        7.790748E+00  2.238666E+01  5.981585E+00  0.0000000000  0.000000E+00
        1.299774E+33 -1.004325E+01 -1.982130E+00 -3.055790E-01 -3.055790E-01
    43    30083.7506    7.50282510  1.291406E+09  1.126493E+07  9.733546E+32
        7.783755E+00  2.239019E+01  5.983974E+00  0.0000000000  0.000000E+00
        1.200358E+33 -1.004343E+01 -1.982130E+00 -3.055790E-01 -3.055790E-01
    44    29612.8470    7.50707197  1.285107E+09  1.179300E+07  9.049340E+32
        7.777093E+00  2.239344E+01  5.986181E+00  0.0000000000  0.000000E+00
        1.111471E+33 -1.004359E+01 -1.982130E+00 -3.055790E-01 -3.055790E-01
    45    29166.7344    7.51104636  1.279241E+09  1.232106E+07  8.438653E+32
        7.770732E+00  2.239646E+01  5.988226E+00  0.0000000000  0.000000E+00
        1.031718E+33 -1.004373E+01 -1.982130E+00 -3.055790E-01 -3.055790E-01
    46    28737.0367    7.51477689  1.273758E+09  1.284913E+07  7.884230E+32
        7.764646E+00  2.239927E+01  5.990129E+00  0.0000000000  0.000000E+00
        9.599211E+32 -1.004386E+01 -1.982130E+00 -3.055790E-01 -3.055790E-01
    47    28335.9789    7.51829644  1.268607E+09  1.337719E+07  7.393068E+32
        7.758744E+00  2.240192E+01  5.991922E+00  0.0000000000  0.000000E+00
        8.943742E+32 -1.004382E+01 -1.982130E+00 -3.055790E-01 -3.055790E-01
    48    27859.5308    7.52242847  1.262587E+09  1.404149E+07  6.842818E+32
        7.751678E+00  2.240500E+01  5.994009E+00  0.0000000000  0.000000E+00
        8.208736E+32 -1.004328E+01 -1.982130E+00 -3.055790E-01 -3.055790E-01
    49    27396.1704    7.52641042  1.256812E+09  1.473184E+07  6.340409E+32
        7.744696E+00  2.240795E+01  5.996006E+00  0.0000000000  0.000000E+00
        7.533253E+32 -1.004284E+01 -1.982130E+00 -3.055790E-01 -3.055790E-01
    50    26932.9282    7.53030280  1.251192E+09  1.546103E+07  5.869482E+32
        7.737678E+00  2.241081E+01  5.997942E+00  0.0000000000  0.000000E+00
        6.902393E+32 -1.004253E+01 -1.982130E+00 -3.055790E-01 -3.055790E-01
    51    26466.4709    7.53425085  1.245518E+09  1.626580E+07  5.423773E+32
        7.730317E+00  2.241369E+01  5.999895E+00  0.0000000000  0.000000E+00
        6.290020E+32 -1.004257E+01 -1.982130E+00 -3.055790E-01 -3.055790E-01
    52    26016.7451    7.53801377  1.240134E+09  1.709702E+07  5.020724E+32
        7.723085E+00  2.241641E+01  6.001742E+00  0.0000000000  0.000000E+00
        5.735082E+32 -1.004261E+01 -1.982130E+00 -3.055790E-01 -3.055790E-01
    53    25576.2467    7.54167071  1.234923E+09  1.797328E+07  4.649913E+32
        7.715827E+00  2.241904E+01  6.003526E+00  0.0000000000  0.000000E+00
        5.222171E+32 -1.004264E+01 -1.982130E+00 -3.055790E-01 -3.055790E-01
    54    25142.7178    7.54524711  1.229849E+09  1.890358E+07  4.306952E+32
        7.708489E+00  2.242160E+01  6.005264E+00  0.0000000000  0.000000E+00
        4.745765E+32 -1.004267E+01 -1.982130E+00 -3.055790E-01 -3.055790E-01
    55    24711.2178    7.54875854  1.224887E+09  1.989364E+07  3.986450E+32
        7.701051E+00  2.242409E+01  6.006962E+00  0.0000000000  0.000000E+00
        4.303331E+32 -1.004270E+01 -1.982130E+00 -3.055790E-01 -3.055790E-01
    56    24309.2478    7.55204879  1.220256E+09  2.090491E+07  3.705148E+32
        7.693802E+00  2.242644E+01  6.008560E+00  0.0000000000  0.000000E+00
        3.908711E+32 -1.004273E+01 -1.982130E+00 -3.055790E-01 -3.055790E-01
    57    23891.2459    7.55545222  1.215484E+09  2.204191E+07  3.429819E+32
        7.686036E+00  2.242885E+01  6.010208E+00  0.0000000000  0.000000E+00
        3.523066E+32 -1.004275E+01 -1.982130E+00 -3.055790E-01 -3.055790E-01
    58    23482.9041    7.55875236  1.210875E+09  2.324567E+07  3.177043E+32
        7.678200E+00  2.243118E+01  6.011799E+00  0.0000000000  0.000000E+00
        3.169759E+32 -1.004277E+01 -1.982130E+00 -3.055790E-01 -3.055790E-01
    59    23080.1488    7.56197204  1.206395E+09  2.452868E+07  2.942731E+32
        7.670236E+00  2.243344E+01  6.013342E+00  0.0000000000  0.000000E+00
        2.844663E+32 -1.004279E+01 -1.982130E+00 -3.055790E-01 -3.055790E-01
    60    22692.9502    7.56506223  1.202110E+09  2.587829E+07  2.730674E+32
        7.662247E+00  2.243560E+01  6.014820E+00  0.0000000000  0.000000E+00
        2.550011E+32 -1.004281E+01 -1.982130E+00 -3.055790E-01 -3.055790E-01
    61    22305.4458    7.56813957  1.197859E+09  2.734938E+07  2.530884E+32
        7.653946E+00  2.243774E+01  6.016287E+00  0.0000000000  0.000000E+00
        2.274431E+32 -1.004282E+01 -1.982130E+00 -3.055790E-01 -3.055790E-01
    62    21926.1378    7.57113807  1.193731E+09  2.892042E+07  2.346814E+32
        7.645501E+00  2.243982E+01  6.017714E+00  0.0000000000  0.000000E+00
        2.022985E+32 -1.004281E+01 -1.982130E+00 -3.055790E-01 -3.055790E-01
    63    21555.0882    7.57406211  1.189719E+09  3.060083E+07  2.177235E+32
        7.636894E+00  2.244185E+01  6.019106E+00  0.0000000000  0.000000E+00
        1.793889E+32 -1.004280E+01 -1.982130E+00 -3.055790E-01 -3.055790E-01
    64    21192.0984    7.57692448  1.185805E+09  3.240931E+07  2.020876E+32
        7.628069E+00  2.244383E+01  6.020473E+00  0.0000000000  0.000000E+00
        1.584606E+32 -1.004279E+01 -1.982130E+00 -3.055790E-01 -3.055790E-01
    65    20834.5169    7.57974174  1.181965E+09  3.436793E+07  1.875686E+32
        7.618963E+00  2.244579E+01  6.021822E+00  0.0000000000  0.000000E+00
        1.393052E+32 -1.004279E+01 -1.982130E+00 -3.055790E-01 -3.055790E-01
    66    20482.8352    7.58250380  1.178212E+09  3.648546E+07  1.741104E+32
        7.609583E+00  2.244770E+01  6.023143E+00  0.0000000000  0.000000E+00
        1.218837E+32 -1.004278E+01 -1.982130E+00 -3.055790E-01 -3.055790E-01
    67    20136.6218    7.58521101  1.174546E+09  3.877801E+07  1.616232E+32
        7.599911E+00  2.244957E+01  6.024434E+00  0.0000000000  0.000000E+00
        1.061009E+32 -1.004278E+01 -1.982130E+00 -3.055790E-01 -3.055790E-01
    68    19795.4112    7.58786101  1.170968E+09  4.125846E+07  1.500256E+32
        7.589949E+00  2.245139E+01  6.025696E+00  0.0000000000  0.000000E+00
        9.189087E+31 -1.004278E+01 -1.982130E+00 -3.055790E-01 -3.055790E-01
    69    19458.5616    7.59045900  1.167470E+09  4.394763E+07  1.392362E+32
        7.579675E+00  2.245318E+01  6.026932E+00  0.0000000000  0.000000E+00
        7.914340E+31 -1.004278E+01 -1.982130E+00 -3.055790E-01 -3.055790E-01
    70    19124.6727    7.59301283  1.164043E+09  4.687265E+07  1.291610E+32
        7.569051E+00  2.245493E+01  6.028147E+00  0.0000000000  0.000000E+00
        6.774045E+31 -1.004278E+01 -1.982130E+00 -3.055790E-01 -3.055790E-01
    71    18792.4094    7.59553128  1.160673E+09  5.006644E+07  1.197200E+32
        7.558027E+00  2.245665E+01  6.029346E+00  0.0000000000  0.000000E+00
        5.757048E+31 -1.004278E+01 -1.982130E+00 -3.055790E-01 -3.055790E-01
    72    18461.4158    7.59800988  1.157365E+09  5.355032E+07  1.108711E+32
        7.546604E+00  2.245834E+01  6.030527E+00  0.0000000000  0.000000E+00
        4.857284E+31 -1.004279E+01 -1.982130E+00 -3.055790E-01 -3.055790E-01
    73    18130.8470    7.60044894  1.154120E+09  5.735919E+07  1.025632E+32
        7.534743E+00  2.246000E+01  6.031689E+00  0.0000000000  0.000000E+00
        4.065490E+31 -1.004281E+01 -1.982130E+00 -3.055790E-01 -3.055790E-01
    74    17799.8001    7.60285581  1.150926E+09  6.153720E+07  9.474863E+31
        7.522399E+00  2.246163E+01  6.032832E+00  0.0000000000  0.000000E+00
        3.372669E+31 -1.004282E+01 -1.982130E+00 -3.055790E-01 -3.055790E-01
    75    17467.9735    7.60523364  1.147780E+09  6.612567E+07  8.739865E+31
        7.509555E+00  2.246323E+01  6.033959E+00  0.0000000000  0.000000E+00
        2.771601E+31 -1.004284E+01 -1.982130E+00 -3.055790E-01 -3.055790E-01
    76    17135.0881    7.60758816  1.144673E+09  7.117698E+07  8.048695E+31
        7.496178E+00  2.246482E+01  6.035075E+00  0.0000000000  0.000000E+00
        2.254224E+31 -1.004285E+01 -1.982130E+00 -3.055790E-01 -3.055790E-01
    77    16798.4470    7.60993529  1.141584E+09  7.677802E+07  7.394512E+31
        7.482162E+00  2.246639E+01  6.036186E+00  0.0000000000  0.000000E+00
        1.810856E+31 -1.004287E+01 -1.982130E+00 -3.055790E-01 -3.055790E-01
    78    16459.9873    7.61226384  1.138527E+09  8.296991E+07  6.779886E+31
        7.467531E+00  2.246796E+01  6.037288E+00  0.0000000000  0.000000E+00
        1.436682E+31 -1.004288E+01 -1.982130E+00 -3.055790E-01 -3.055790E-01
    79    16117.5437    7.61457716  1.135499E+09  8.984954E+07  6.199926E+31
        7.452193E+00  2.246950E+01  6.038374E+00  0.0000000000  0.000000E+00
        1.123473E+31 -1.004290E+01 -1.982130E+00 -3.055790E-01 -3.055790E-01
    80    15775.7042    7.61683734  1.132548E+09  9.738138E+07  5.660906E+31
        7.436363E+00  2.247099E+01  6.039423E+00  0.0000000000  0.000000E+00
        8.684035E+30 -1.004292E+01 -1.982130E+00 -3.055790E-01 -3.055790E-01
    81    15435.4017    7.61903751  1.129683E+09  1.055914E+08  5.161816E+31
        7.420103E+00  2.247243E+01  6.040435E+00  0.0000000000  0.000000E+00
        6.638119E+30 -1.004293E+01 -1.982130E+00 -3.055790E-01 -3.055790E-01
    82    15096.5851    7.62118025  1.126900E+09  1.145367E+08  4.700054E+31
        7.403410E+00  2.247383E+01  6.041421E+00  0.0000000000  0.000000E+00
        5.015099E+30 -1.004295E+01 -1.982130E+00 -3.055790E-01 -3.055790E-01
    83    14759.6058    7.62326699  1.124196E+09  1.242710E+08  4.273663E+31
        7.386290E+00  2.247520E+01  6.042389E+00  0.0000000000  0.000000E+00
        3.743267E+30 -1.004296E+01 -1.982130E+00 -3.055790E-01 -3.055790E-01
    84    14421.8451    7.62531187  1.121552E+09  1.348669E+08  3.877392E+31
        7.368724E+00  2.247655E+01  6.043344E+00  0.0000000000  0.000000E+00
        2.758406E+30 -1.004298E+01 -1.982130E+00 -3.055790E-01 -3.055790E-01
    85    14088.1255    7.62729694  1.118992E+09  1.462610E+08  3.514667E+31
        7.350921E+00  2.247786E+01  6.044271E+00  0.0000000000  0.000000E+00
        2.013179E+30 -1.004299E+01 -1.982130E+00 -3.055790E-01 -3.055790E-01
    86    13756.3704    7.62924591  1.116484E+09  1.585752E+08  3.180810E+31
        7.332787E+00  2.247914E+01  6.045172E+00  0.0000000000  0.000000E+00
        1.452326E+30 -1.004301E+01 -1.982130E+00 -3.055790E-01 -3.055790E-01
    87    13429.0095    7.63116021  1.114026E+09  1.718092E+08  2.875967E+31
        7.314414E+00  2.248036E+01  6.046040E+00  0.0000000000  0.000000E+00
        1.037031E+30 -1.004302E+01 -1.982130E+00 -3.055790E-01 -3.055790E-01
    88    13107.1345    7.63304749  1.111608E+09  1.860020E+08  2.598674E+31
        7.295827E+00  2.248153E+01  6.046869E+00  0.0000000000  0.000000E+00
        7.331796E+29 -1.004303E+01 -1.982130E+00 -3.055790E-01 -3.055790E-01
    89    12791.2001    7.63491656  1.109219E+09  2.011785E+08  2.346912E+31
        7.277079E+00  2.248264E+01  6.047661E+00  0.0000000000  0.000000E+00
        5.136819E+29 -1.004305E+01 -1.982130E+00 -3.055790E-01 -3.055790E-01
    90    12507.6629    7.63661644  1.107050E+09  2.159397E+08  2.137256E+31
        7.259816E+00  2.248361E+01  6.048353E+00  0.0000000000  0.000000E+00
        3.682045E+29 -1.004306E+01 -1.982130E+00 -3.055790E-01 -3.055790E-01
    91    12251.7376    7.63817043  1.105071E+09  2.302804E+08  1.960598E+31
        7.243861E+00  2.248446E+01  6.048961E+00  0.0000000000  0.000000E+00
        2.694805E+29 -1.004307E+01 -1.982130E+00 -3.055790E-01 -3.055790E-01
    92    12019.1462    7.63959408  1.103261E+09  2.442014E+08  1.809959E+31
        7.229065E+00  2.248521E+01  6.049497E+00  0.0000000000  0.000000E+00
        2.010201E+29 -1.004308E+01 -1.982130E+00 -3.055790E-01 -3.055790E-01
    93    11827.5042    7.64077055  1.101768E+09  2.563495E+08  1.692662E+31
        7.216646E+00  2.248581E+01  6.049925E+00  0.0000000000  0.000000E+00
        1.567866E+29 -1.004309E+01 -1.982130E+00 -3.055790E-01 -3.055790E-01
    94    11675.3927    7.64170365  1.100585E+09  2.664349E+08  1.603801E+31
        7.206655E+00  2.248627E+01  6.050252E+00  0.0000000000  0.000000E+00
        1.281753E+29 -1.004309E+01 -1.982130E+00 -3.055790E-01 -3.055790E-01
    95    11552.6561    7.64245657  1.099631E+09  2.748765E+08  1.534755E+31
        7.198506E+00  2.248663E+01  6.050509E+00  0.0000000000  0.000000E+00
        1.086404E+29 -1.004310E+01 -1.982130E+00 -3.055790E-01 -3.055790E-01
    96    11448.7325    7.64309521  1.098823E+09  2.822473E+08  1.478096E+31
        7.191544E+00  2.248693E+01  6.050723E+00  0.0000000000  0.000000E+00
        9.426275E+28 -1.004310E+01 -1.982130E+00 -3.055790E-01 -3.055790E-01
    97    11362.9078    7.64362500  1.098153E+09  2.884909E+08  1.432522E+31
        7.185754E+00  2.248718E+01  6.050897E+00  0.0000000000  0.000000E+00
        8.372662E+28 -1.004311E+01 -1.982130E+00 -3.055790E-01 -3.055790E-01
    98    11277.8014    7.64415573  1.097482E+09  2.948343E+08  1.388386E+31
        7.179974E+00  2.248742E+01  6.051068E+00  0.0000000000  0.000000E+00
        7.435203E+28 -1.004311E+01 -1.982130E+00 -3.055790E-01 -3.055790E-01
    99    11199.1961    7.64465159  1.096856E+09  3.008292E+08  1.348541E+31
        7.174601E+00  2.248765E+01  6.051226E+00  0.0000000000  0.000000E+00
        6.655829E+28 -1.004311E+01 -1.982130E+00 -3.055790E-01 -3.055790E-01
   100    11117.9432    7.64517197  1.096199E+09  3.071712E+08  1.308260E+31
        7.169011E+00  2.248788E+01  6.051389E+00  0.0000000000  0.000000E+00
        5.929562E+28 -1.004311E+01 -1.982130E+00 -3.055790E-01 -3.055790E-01
   101    11038.4721    7.64568940  1.095546E+09  3.135207E+08  1.269740E+31
        7.163508E+00  2.248810E+01  6.051548E+00  0.0000000000  0.000000E+00
        5.290243E+28 -1.004312E+01 -1.982130E+00 -3.055790E-01 -3.055790E-01
   102    10958.3218    7.64621985  1.094877E+09  3.200766E+08  1.231756E+31
        7.157921E+00  2.248833E+01  6.051709E+00  0.0000000000  0.000000E+00
        4.710168E+28 -1.004312E+01 -1.982130E+00 -3.055790E-01 -3.055790E-01
   103    10878.2072    7.64675953  1.094197E+09  3.267875E+08  1.194643E+31
        7.152298E+00  2.248856E+01  6.051871E+00  0.0000000000  0.000000E+00
        4.189336E+28 -1.004312E+01 -1.982130E+00 -3.055790E-01 -3.055790E-01
   104    10798.2497    7.64730533  1.093510E+09  3.336469E+08  1.158448E+31
        7.146648E+00  2.248879E+01  6.052034E+00  0.0000000000  0.000000E+00
        3.722943E+28 -1.004313E+01 -1.982130E+00 -3.055790E-01 -3.055790E-01
   105    10718.3105    7.64785420  1.092819E+09  3.406708E+08  1.123102E+31
        7.140961E+00  2.248902E+01  6.052198E+00  0.0000000000  0.000000E+00
        3.305057E+28 -1.004313E+01 -1.982130E+00 -3.055790E-01 -3.055790E-01
   106    10633.4818    7.64844549  1.092075E+09  3.483175E+08  1.086487E+31
        7.134882E+00  2.248926E+01  6.052373E+00  0.0000000000  0.000000E+00
        2.909231E+28 -1.004313E+01 -1.982130E+00 -3.055790E-01 -3.055790E-01
   107    10548.2508    7.64904701  1.091319E+09  3.562054E+08  1.050614E+31
        7.128728E+00  2.248951E+01  6.052551E+00  0.0000000000  0.000000E+00
        2.556086E+28 -1.004314E+01 -1.982130E+00 -3.055790E-01 -3.055790E-01
   108    10458.9035    7.64968275  1.090521E+09  3.647048E+08  1.013982E+31
        7.122226E+00  2.248978E+01  6.052738E+00  0.0000000000  0.000000E+00
        2.228812E+28 -1.004314E+01 -1.982130E+00 -3.055790E-01 -3.055790E-01
   109    10368.8784    7.65033315  1.089705E+09  3.735169E+08  9.780526E+30
        7.115620E+00  2.249004E+01  6.052927E+00  0.0000000000  0.000000E+00
        1.938661E+28 -1.004315E+01 -1.982130E+00 -3.055790E-01 -3.055790E-01
   110    10276.7641    7.65099620  1.088873E+09  3.827974E+08  9.423182E+30
        7.108806E+00  2.249031E+01  6.053121E+00  0.0000000000  0.000000E+00
        1.678456E+28 -1.004315E+01 -1.982130E+00 -3.055790E-01 -3.055790E-01
   111    10178.4014    7.65170429  1.087986E+09  3.930190E+08  9.052786E+30
        7.101467E+00  2.249060E+01  6.053326E+00  0.0000000000  0.000000E+00
        1.436712E+28 -1.004317E+01 -1.982130E+00 -3.055790E-01 -3.055790E-01
   112    10075.6287    7.65243957  1.087065E+09  4.040550E+08  8.677953E+30
        7.093728E+00  2.249089E+01  6.053538E+00  0.0000000000  0.000000E+00
        1.219083E+28 -1.004321E+01 -1.982130E+00 -3.055790E-01 -3.055790E-01
   113     9967.5182    7.65321382  1.086097E+09  4.160812E+08  8.296646E+30
        7.085502E+00  2.249120E+01  6.053758E+00  0.0000000000  0.000000E+00
        1.023542E+28 -1.004328E+01 -1.982130E+00 -3.055790E-01 -3.055790E-01
   114     9910.6081    7.65361883  1.085590E+09  4.225706E+08  8.101224E+30
        7.081136E+00  2.249136E+01  6.053872E+00  0.0000000000  0.000000E+00
        9.327443E+27 -1.004333E+01 -1.982130E+00 -3.055790E-01 -3.055790E-01
   115     9896.6473    7.65371811  1.085466E+09  4.241782E+08  8.053831E+30
        7.080060E+00  2.249140E+01  6.053900E+00  0.0000000000  0.000000E+00
        9.116394E+27 -1.004335E+01 -1.982130E+00 -3.055790E-01 -3.055790E-01
   116     9868.9392    7.65390942  1.085227E+09  4.273934E+08  7.960507E+30
        7.077926E+00  2.249147E+01  6.053954E+00  0.0000000000  0.000000E+00
        8.711378E+27 -1.004516E+01 -1.982130E+00 -3.055790E-01 -3.055790E-01
   117     9841.5188    7.65410390  1.084984E+09  4.306086E+08  7.868879E+30
        7.075804E+00  2.249155E+01  6.054008E+00  0.0000000000  0.000000E+00
        8.326725E+27 -1.004586E+01 -1.982130E+00 -3.055790E-01 -3.055790E-01
   118     9814.4105    7.65430696  1.084731E+09  4.338238E+08  7.778900E+30
        7.073697E+00  2.249162E+01  6.054061E+00  0.0000000000  0.000000E+00
        7.961300E+27 -1.004721E+01 -1.982130E+00 -3.055790E-01 -3.055790E-01
   119     9787.5945    7.65451563  1.084470E+09  4.370391E+08  7.690534E+30
        7.071603E+00  2.249169E+01  6.054113E+00  0.0000000000  0.000000E+00
        7.614037E+27 -1.004720E+01 -1.982130E+00 -3.055790E-01 -3.055790E-01
   120     9761.0219    7.65472198  1.084213E+09  4.402543E+08  7.603743E+30
        7.069522E+00  2.249176E+01  6.054164E+00  0.0000000000  0.000000E+00
        7.283934E+27 -1.004719E+01 -1.982130E+00 -3.055790E-01 -3.055790E-01
   121     9734.6878    7.65492582  1.083958E+09  4.434695E+08  7.518488E+30
        7.067455E+00  2.249183E+01  6.054214E+00  0.0000000000  0.000000E+00
        6.970050E+27 -1.004719E+01 -1.982130E+00 -3.055790E-01 -3.055790E-01
   122     9708.5522    7.65512744  1.083707E+09  4.466847E+08  7.434619E+30
        7.065397E+00  2.249190E+01  6.054263E+00  0.0000000000  0.000000E+00
        6.671041E+27 -1.004718E+01 -1.982130E+00 -3.055790E-01 -3.055790E-01
   123     9672.6936    7.65540356  1.083362E+09  4.511451E+08  7.320730E+30
        7.062565E+00  2.249200E+01  6.054330E+00  0.0000000000  0.000000E+00
        6.280393E+27 -1.004718E+01 -1.982130E+00 -3.055790E-01 -3.055790E-01
   124     9602.4516    7.65594695  1.082685E+09  4.600658E+08  7.101495E+30
        7.056986E+00  2.249218E+01  6.054458E+00  0.0000000000  0.000000E+00
        5.576309E+27 -1.004718E+01 -1.982130E+00 -3.055790E-01 -3.055790E-01
   125     9497.9009    7.65675372  1.081679E+09  4.737894E+08  6.784613E+30
        7.048605E+00  2.249243E+01  6.054642E+00  0.0000000000  0.000000E+00
        4.663983E+27 -1.004718E+01 -1.982130E+00 -3.055790E-01 -3.055790E-01
   126     9391.1091    7.65756705  1.080667E+09  4.883439E+08  6.472450E+30
        7.039950E+00  2.249269E+01  6.054823E+00  0.0000000000  0.000000E+00
        3.878276E+27 -1.004718E+01 -1.982130E+00 -3.055790E-01 -3.055790E-01
   127     9285.4644    7.65838056  1.079655E+09  5.033124E+08  6.174506E+30
        7.031286E+00  2.249294E+01  6.054998E+00  0.0000000000  0.000000E+00
        3.224518E+27 -1.004718E+01 -1.982130E+00 -3.055790E-01 -3.055790E-01
   128     9177.3678    7.65921258  1.078622E+09  5.192389E+08  5.880689E+30
        7.022320E+00  2.249318E+01  6.055173E+00  0.0000000000  0.000000E+00
        2.664134E+27 -1.004718E+01 -1.982130E+00 -3.055790E-01 -3.055790E-01
   129     9067.6354    7.66004902  1.077583E+09  5.360599E+08  5.593652E+30
        7.013117E+00  2.249343E+01  6.055348E+00  0.0000000000  0.000000E+00
        2.190608E+27 -1.004718E+01 -1.982130E+00 -3.055790E-01 -3.055790E-01
   130     8950.1901    7.66092709  1.076495E+09  5.548258E+08  5.298711E+30
        7.003161E+00  2.249370E+01  6.055534E+00  0.0000000000  0.000000E+00
        1.773250E+27 -1.004718E+01 -1.982130E+00 -3.055790E-01 -3.055790E-01
   131     8829.2689    7.66182442  1.075383E+09  5.750126E+08  5.007752E+30
        6.992790E+00  2.249397E+01  6.055727E+00  0.0000000000  0.000000E+00
        1.423626E+27 -1.004718E+01 -1.982130E+00 -3.055790E-01 -3.055790E-01
   132     8754.4244    7.66237906  1.074697E+09  5.879268E+08  4.833921E+30
        6.986309E+00  2.249414E+01  6.055848E+00  0.0000000000  0.000000E+00
        1.241526E+27 -1.004718E+01 -1.982130E+00 -3.055790E-01 -3.055790E-01
   133     8634.7022    7.66326954  1.073595E+09  6.094131E+08  4.565498E+30
        6.975842E+00  2.249442E+01  6.056045E+00  0.0000000000  0.000000E+00
        9.960348E+26 -1.004718E+01 -1.982130E+00 -3.055790E-01 -3.055790E-01
   134     8513.0139    7.66416737  1.072486E+09  6.322615E+08  4.304614E+30
        6.965081E+00  2.249470E+01  6.056245E+00  0.0000000000  0.000000E+00
        7.949743E+26 -1.004718E+01 -1.982130E+00 -3.055790E-01 -3.055790E-01
   135     8389.1999    7.66507041  1.071372E+09  6.566217E+08  4.051166E+30
        6.954002E+00  2.249499E+01  6.056449E+00  0.0000000000  0.000000E+00
        6.311023E+26 -1.004718E+01 -1.982130E+00 -3.055790E-01 -3.055790E-01
   136     8261.9468    7.66598549  1.070244E+09  6.829087E+08  3.802877E+30
        6.942474E+00  2.249528E+01  6.056656E+00  0.0000000000  0.000000E+00
        4.971022E+26 -1.004718E+01 -1.982130E+00 -3.055790E-01 -3.055790E-01
   137     8131.1042    7.66690649  1.069109E+09  7.113576E+08  3.560081E+30
        6.930465E+00  2.249557E+01  6.056867E+00  0.0000000000  0.000000E+00
        3.884064E+26 -1.004718E+01 -1.982130E+00 -3.055790E-01 -3.055790E-01
   138     7996.6432    7.66783676  1.067965E+09  7.422231E+08  3.323245E+30
        6.917944E+00  2.249587E+01  6.057080E+00  0.0000000000  0.000000E+00
        3.009574E+26 -1.004718E+01 -1.982130E+00 -3.055790E-01 -3.055790E-01
   139     7862.7318    7.66875074  1.066842E+09  7.747525E+08  3.099641E+30
        6.905272E+00  2.249616E+01  6.057286E+00  0.0000000000  0.000000E+00
        2.330684E+26 -1.004718E+01 -1.982130E+00 -3.055790E-01 -3.055790E-01
   140     7731.6024    7.66963769  1.065753E+09  8.084974E+08  2.892069E+30
        6.892651E+00  2.249644E+01  6.057482E+00  0.0000000000  0.000000E+00
        1.811824E+26 -1.004718E+01 -1.982130E+00 -3.055790E-01 -3.055790E-01
   141     7603.1256    7.67049798  1.064698E+09  8.435505E+08  2.699224E+30
        6.880064E+00  2.249670E+01  6.057668E+00  0.0000000000  0.000000E+00
        1.413260E+26 -1.004718E+01 -1.982130E+00 -3.055790E-01 -3.055790E-01
   142     7476.4483    7.67133631  1.063671E+09  8.802165E+08  2.518914E+30
        6.867428E+00  2.249695E+01  6.057848E+00  0.0000000000  0.000000E+00
        1.104519E+26 -1.004718E+01 -1.982130E+00 -3.055790E-01 -3.055790E-01
   143     7352.5937    7.67214757  1.062678E+09  9.182592E+08  2.351706E+30
        6.854844E+00  2.249720E+01  6.058023E+00  0.0000000000  0.000000E+00
        8.669355E+25 -1.004718E+01 -1.982130E+00 -3.055790E-01 -3.055790E-01
   144     7231.2488    7.67293373  1.061716E+09  9.577930E+08  2.196280E+30
        6.842290E+00  2.249744E+01  6.058195E+00  0.0000000000  0.000000E+00
        6.828620E+25 -1.004718E+01 -1.982130E+00 -3.055790E-01 -3.055790E-01
   145     7112.8429    7.67369681  1.060784E+09  9.986823E+08  2.052316E+30
        6.829819E+00  2.249767E+01  6.058364E+00  0.0000000000  0.000000E+00
        5.406634E+25 -1.004718E+01 -1.982130E+00 -3.055790E-01 -3.055790E-01
   146     6998.1271    7.67443804  1.059879E+09  1.040621E+09  1.919807E+30
        6.817527E+00  2.249791E+01  6.058530E+00  0.0000000000  0.000000E+00
        4.308050E+25 -1.004718E+01 -1.982130E+00 -3.055790E-01 -3.055790E-01
   147     6887.3457    7.67516129  1.058997E+09  1.083456E+09  1.798103E+30
        6.805453E+00  2.249813E+01  6.058692E+00  0.0000000000  0.000000E+00
        3.459173E+25 -1.004718E+01 -1.982130E+00 -3.055790E-01 -3.055790E-01
   148     6780.8778    7.67586580  1.058138E+09  1.126963E+09  1.686732E+30
        6.793651E+00  2.249835E+01  6.058849E+00  0.0000000000  0.000000E+00
        2.798933E+25 -1.004718E+01 -1.982130E+00 -3.055790E-01 -3.055790E-01
   149     6695.8252    7.67643897  1.057440E+09  1.163469E+09  1.601569E+30
        6.784066E+00  2.249852E+01  6.058974E+00  0.0000000000  0.000000E+00
        2.362932E+25 -1.004718E+01 -1.982130E+00 -3.055790E-01 -3.055790E-01
   150     6620.4631    7.67695311  1.056815E+09  1.197243E+09  1.528863E+30
        6.775448E+00  2.249867E+01  6.059085E+00  0.0000000000  0.000000E+00
        2.031631E+25 -1.004718E+01 -1.982130E+00 -3.055790E-01 -3.055790E-01
   151     6526.0110    7.67760861  1.056017E+09  1.241783E+09  1.441288E+30
        6.764455E+00  2.249886E+01  6.059223E+00  0.0000000000  0.000000E+00
        1.680549E+25 -1.004718E+01 -1.982130E+00 -3.055790E-01 -3.055790E-01
   152     6436.2079    7.67824681  1.055242E+09  1.286593E+09  1.361575E+30
        6.753768E+00  2.249904E+01  6.059353E+00  0.0000000000  0.000000E+00
        1.399975E+25 -1.004718E+01 -1.982130E+00 -3.055790E-01 -3.055790E-01
   153     6355.4139    7.67884522  1.054515E+09  1.329344E+09  1.292702E+30
        6.743889E+00  2.249920E+01  6.059469E+00  0.0000000000  0.000000E+00
        1.185446E+25 -1.004718E+01 -1.982130E+00 -3.055790E-01 -3.055790E-01
   154     6274.1781    7.67948772  1.053735E+09  1.375381E+09  1.226049E+30
        6.733580E+00  2.249936E+01  6.059585E+00  0.0000000000  0.000000E+00
        9.977124E+24 -1.004718E+01 -1.982130E+00 -3.055790E-01 -3.055790E-01
   155     6195.0477    7.68017475  1.052902E+09  1.424582E+09  1.163515E+30
        6.722908E+00  2.249953E+01  6.059702E+00  0.0000000000  0.000000E+00
        8.364083E+24 -1.004718E+01 -1.982130E+00 -3.055790E-01 -3.055790E-01
   156     6115.2586    7.68093427  1.051982E+09  1.480568E+09  1.102791E+30
        6.711151E+00  2.249970E+01  6.059826E+00  0.0000000000  0.000000E+00
        6.891316E+24 -1.004718E+01 -1.982130E+00 -3.055790E-01 -3.055790E-01
   157     6036.3010    7.68175083  1.050993E+09  1.544497E+09  1.044963E+30
        6.698146E+00  2.249988E+01  6.059959E+00  0.0000000000  0.000000E+00
        5.569254E+24 -1.004718E+01 -1.982130E+00 -3.055790E-01 -3.055790E-01
   158     5952.2841    7.68272787  1.049812E+09  1.626412E+09  9.857686E+29
        6.681996E+00  2.250010E+01  6.060116E+00  0.0000000000  0.000000E+00
        4.281733E+24 -1.004718E+01 -1.982130E+00 -3.055790E-01 -3.055790E-01
   159     5852.6830    7.68402213  1.048249E+09  1.745499E+09  9.186839E+29
        6.659202E+00  2.250039E+01  6.060322E+00  0.0000000000  0.000000E+00
        2.966418E+24 -1.004718E+01 -1.982130E+00 -3.055790E-01 -3.055790E-01
   160     5733.9654    7.68557791  1.046373E+09  1.909164E+09  8.433554E+29
        6.628626E+00  2.250072E+01  6.060557E+00  0.0000000000  0.000000E+00
        1.832964E+24 -1.004718E+01 -1.982130E+00 -3.055790E-01 -3.055790E-01
   161     5606.5122    7.68721330  1.044405E+09  2.108254E+09  7.679377E+29
        6.592123E+00  2.250110E+01  6.060818E+00  0.0000000000  0.000000E+00
        1.048071E+24 -1.004718E+01 -1.982130E+00 -3.055790E-01 -3.055790E-01
   162     5477.2293    7.68876512  1.042540E+09  2.324735E+09  6.970225E+29
        6.552944E+00  2.250153E+01  6.061123E+00  0.0000000000  0.000000E+00
        5.835149E+23 -1.004718E+01 -1.982130E+00 -3.055790E-01 -3.055790E-01
   163     5363.6039    7.68980480  1.041293E+09  2.498452E+09  6.394259E+29
        6.521903E+00  2.250186E+01  6.061359E+00  0.0000000000  0.000000E+00
        3.702086E+23 -1.004718E+01 -1.982130E+00 -3.055790E-01 -3.055790E-01
   164     5243.4556    7.69069291  1.040229E+09  2.676578E+09  5.828351E+29
        6.490642E+00  2.250215E+01  6.061567E+00  0.0000000000  0.000000E+00
        2.354132E+23 -1.004718E+01 -1.982130E+00 -3.055790E-01 -3.055790E-01
   165     5128.8883    7.69140005  1.039382E+09  2.845420E+09  5.326736E+29
        6.461654E+00  2.250239E+01  6.061742E+00  0.0000000000  0.000000E+00
        1.551850E+23 -1.004718E+01 -1.982130E+00 -3.055790E-01 -3.055790E-01
   166     5035.9535    7.69186252  1.038829E+09  2.977607E+09  4.945755E+29
        6.439438E+00  2.250256E+01  6.061867E+00  0.0000000000  0.000000E+00
        1.129591E+23 -1.004718E+01 -1.982130E+00 -3.055790E-01 -3.055790E-01
   167     4943.8684    7.69226117  1.038353E+09  3.109355E+09  4.589598E+29
        6.422971E+00  2.250272E+01  6.062036E+00  0.0020097790 -8.737142E-04
        8.350812E+22 -1.004718E+01 -1.982130E+00 -3.055790E-01 -3.055790E-01
   168     4896.3597    7.69245725  1.038118E+09  3.180234E+09  4.413715E+29
        6.417353E+00  2.250281E+01  6.062094E+00  0.0105202600 -4.593094E-03
        7.257239E+22 -1.004718E+01 -1.982130E+00 -3.055790E-01 -3.055790E-01
   169     4848.7629    7.69264723  1.037891E+09  3.256544E+09  4.242724E+29
        6.409667E+00  2.250290E+01  6.062155E+00  0.0286685865 -1.263257E-02
        6.384028E+22 -1.004718E+01 -1.982130E+00 -3.055790E-01 -3.055790E-01
   170     4805.3616    7.69281928  1.037686E+09  3.334208E+09  4.091224E+29
        6.400702E+00  2.250298E+01  6.062215E+00  0.0547260181 -2.444230E-02
        5.710037E+22 -1.004718E+01 -1.982130E+00 -3.055790E-01 -3.055790E-01
   171     4766.3838    7.69296988  1.037506E+09  3.413182E+09  3.958717E+29
        6.391294E+00  2.250307E+01  6.062273E+00  0.0859174196 -3.901457E-02
        5.145465E+22 -1.004718E+01 -1.982130E+00 -3.055790E-01 -3.055790E-01
   172     4727.4850    7.69311943  1.037327E+09  3.502228E+09  3.829741E+29
        6.380790E+00  2.250316E+01  6.062335E+00  0.1238582211 -5.742561E-02
        4.598758E+22 -1.004718E+01 -1.982130E+00 -3.055790E-01 -3.055790E-01
   173     4682.4265    7.69328737  1.037126E+09  3.616467E+09  3.684383E+29
        6.367722E+00  2.250327E+01  6.062408E+00  0.1737297990 -8.287791E-02
        3.986649E+22 -1.004718E+01 -1.982130E+00 -3.055790E-01 -3.055790E-01
   174     4622.1432    7.69350355  1.036868E+09  3.778606E+09  3.496538E+29
        6.349949E+00  2.250340E+01  6.062500E+00  0.2434713039 -1.211746E-01
        3.253800E+22 -1.004718E+01 -1.982130E+00 -3.055790E-01 -3.055790E-01
   175     4546.3895    7.69376413  1.036557E+09  3.987047E+09  3.270926E+29
        6.327941E+00  2.250356E+01  6.062609E+00  0.3291885945 -1.733996E-01
        2.496040E+22 -1.004718E+01 -1.982130E+00 -3.055790E-01 -3.055790E-01
   176     4453.5511    7.69406846  1.036194E+09  4.245332E+09  3.009716E+29
        6.301359E+00  2.250374E+01  6.062736E+00  0.4279718967 -2.425826E-01
        1.782216E+22 -1.004718E+01 -1.982130E+00 -3.055790E-01 -3.055790E-01
   177     4345.4580    7.69440476  1.035793E+09  4.547477E+09  2.725874E+29
        6.270587E+00  2.250395E+01  6.062879E+00  0.5322772721 -3.300115E-01
        1.187002E+22 -1.004718E+01 -1.982130E+00 -3.055790E-01 -3.055790E-01
   178     4223.3554    7.69477125  1.035356E+09  4.888800E+09  2.430119E+29
        6.235600E+00  2.250419E+01  6.063047E+00  0.6353108877 -4.380772E-01
        7.373922E+21 -1.004718E+01 -1.982130E+00 -3.055790E-01 -3.055790E-01
   179     4091.3335    7.69515205  1.034902E+09  5.257320E+09  2.138335E+29
        6.197282E+00  2.250446E+01  6.063230E+00  0.7286285258 -5.664358E-01
        4.329022E+21 -1.004718E+01 -1.982130E+00 -3.055790E-01 -3.055790E-01
   180     3953.8228    7.69546726  1.034527E+09  5.643130E+09  1.863673E+29
        6.156264E+00  2.250460E+01  6.063320E+00  0.8071966111 -7.148853E-01
        2.418799E+21 -1.004718E+01 -1.982130E+00 -3.055790E-01 -3.055790E-01
   181     3810.6439    7.69573239  1.034211E+09  6.045499E+09  1.607050E+29
        6.112555E+00  2.250464E+01  6.063348E+00  0.8698636293 -8.856013E-01
        1.282272E+21 -1.004718E+01 -1.982130E+00 -3.055790E-01 -3.055790E-01
   182     3668.5920    7.69598848  1.033906E+09  6.453121E+09  1.379677E+29
        6.067395E+00  2.250478E+01  6.063451E+00  0.9160444512 -1.075951E+00
        6.564202E+20 -1.004718E+01 -1.982130E+00 -3.055790E-01 -3.055790E-01
   183     3526.5889    7.69623357  1.033615E+09  6.878383E+09  1.177481E+29
        6.019474E+00  2.250497E+01  6.063597E+00  0.9492303325 -1.294396E+00
        3.179266E+20 -1.004718E+01 -1.982130E+00 -3.055790E-01 -3.055790E-01
   184     3375.9456    7.69649743  1.033301E+09  7.368344E+09  9.882176E+28
        5.963039E+00  2.250520E+01  6.063768E+00  0.9735027053 -1.576798E+00
        1.334167E+20 -1.004718E+01 -1.982129E+00 -3.055790E-01 -3.055790E-01
   185     3294.7672    7.69661716  1.033158E+09  7.648346E+09  8.962930E+28
        5.929953E+00  2.250528E+01  6.063824E+00  0.9819598389 -1.743760E+00
        7.966278E+19 -1.004718E+01 -1.981744E+00 -3.055831E-01 -3.055831E-01
   186     3207.6671    7.69670065  1.033059E+09  7.868153E+09  8.050535E+28
        5.903736E+00  2.250529E+01  6.063830E+00  0.9835478835 -1.783778E+00
        5.291197E+19 -1.004718E+01 -1.981282E+00 -3.055879E-01 -3.055879E-01
   187     3124.9794    7.69677064  1.032976E+09  8.076931E+09  7.250806E+28
        5.879217E+00  2.250529E+01  6.063827E+00  0.9845273275 -1.810435E+00
        3.610599E+19 -1.004718E+01 -1.981008E+00 -3.055908E-01 -3.055908E-01
   188     3067.6950    7.69682091  1.032916E+09  8.224732E+09  6.732805E+28
        5.862136E+00  2.250530E+01  6.063832E+00  0.9850850052 -1.826377E+00
        2.767507E+19 -1.004718E+01 -1.980778E+00 -3.055933E-01 -3.055933E-01
   189     2957.7859    7.69692013  1.032798E+09  8.520335E+09  5.817215E+28
        5.829112E+00  2.250535E+01  6.063864E+00  0.9859978779 -1.853806E+00
        1.653592E+19 -1.004718E+01 -1.978704E+00 -3.056152E-01 -3.056152E-01
   190     2855.5082    7.69701128  1.032690E+09  8.796992E+09  5.052317E+28
        5.799406E+00  2.250540E+01  6.063897E+00  0.9863925220 -1.866222E+00
        1.039630E+19 -1.004718E+01 -1.977563E+00 -3.056274E-01 -3.056274E-01
   191     2759.5352    7.69708326  1.032604E+09  9.066922E+09  4.405840E+28
        5.771574E+00  2.250544E+01  6.063918E+00  0.9866286320 -1.873824E+00
        6.726710E+18 -1.004718E+01 -1.975693E+00 -3.056473E-01 -3.056473E-01
   192     2690.8941    7.69713120  1.032547E+09  9.320049E+09  3.983121E+28
        5.746049E+00  2.250545E+01  6.063927E+00  0.9868692754 -1.881711E+00
        4.495993E+18 -1.004718E+01 -1.973973E+00 -3.056657E-01 -3.056657E-01
   193     2606.4721    7.69718938  1.032478E+09  9.643294E+09  3.505833E+28
        5.713544E+00  2.250546E+01  6.063936E+00  0.9872132146 -1.893239E+00
        2.690962E+18 -1.004718E+01 -1.972421E+00 -3.056824E-01 -3.056824E-01
   194     2478.3626    7.69727607  1.032375E+09  1.007829E+10  2.865178E+28
        5.671897E+00  2.250549E+01  6.063951E+00  0.9876524986 -1.908421E+00
        1.396143E+18 -1.004718E+01 -1.970227E+00 -3.057061E-01 -3.057061E-01
   195     2379.9028    7.69734654  1.032291E+09  1.044562E+10  2.435895E+28
        5.637860E+00  2.250551E+01  6.063964E+00  0.9880515620 -1.922689E+00
        8.144840E+17 -1.004718E+01 -1.969984E+00 -3.057087E-01 -3.057087E-01
   196     2292.9285    7.69740583  1.032221E+09  1.078054E+10  2.098575E+28
        5.607813E+00  2.250552E+01  6.063972E+00  0.9883818946 -1.934865E+00
        5.061580E+17 -1.004718E+01 -1.969783E+00 -3.057109E-01 -3.057109E-01
   197     2205.1745    7.69746346  1.032152E+09  1.114116E+10  1.795051E+28
        5.576482E+00  2.250553E+01  6.063979E+00  0.9887134473 -1.947439E+00
        3.079036E+17 -1.004718E+01 -1.969589E+00 -3.057130E-01 -3.057130E-01
   198     2146.9158    7.69749953  1.032109E+09  1.139459E+10  1.612608E+28
        5.554964E+00  2.250554E+01  6.063982E+00  0.9889337876 -1.956001E+00
        2.187158E+17 -1.004718E+01 -1.969455E+00 -3.057145E-01 -3.057145E-01
   199     2086.7058    7.69753716  1.032064E+09  1.167846E+10  1.439050E+28
        5.531284E+00  2.250554E+01  6.063984E+00  0.9891719200 -1.965449E+00
        1.499986E+17 -1.004718E+01 -1.969312E+00 -3.057160E-01 -3.057160E-01
   200     2030.6283    7.69757347  1.032021E+09  1.196513E+10  1.290377E+28
        5.507669E+00  2.250554E+01  6.063986E+00  0.9894050335 -1.974900E+00
        1.028949E+17 -1.004718E+01 -1.969168E+00 -3.057176E-01 -3.057176E-01
   201     1982.2527    7.69760776  1.031981E+09  1.225179E+10  1.171646E+28
        5.483969E+00  2.250554E+01  6.063987E+00  0.9896427180 -1.984754E+00
        7.038667E+16 -1.004718E+01 -1.969084E+00 -3.057185E-01 -3.057185E-01
   202     1933.2102    7.69764492  1.031936E+09  1.253846E+10  1.059838E+28
        5.460262E+00  2.250555E+01  6.063988E+00  0.9898535899 -1.993688E+00
        4.813893E+16 -1.004718E+01 -1.968551E+00 -3.057243E-01 -3.057243E-01
   203     1887.3424    7.69768522  1.031889E+09  1.282512E+10  9.626885E+27
        5.436346E+00  2.250555E+01  6.063991E+00  0.9900032785 -2.000142E+00
        3.278348E+16 -1.004718E+01 -1.968200E+00 -3.057281E-01 -3.057281E-01
   204     1843.4749    7.69772591  1.031840E+09  1.311179E+10  8.761758E+27
        5.412088E+00  2.250556E+01  6.063995E+00  0.9901531198 -2.006701E+00
        2.218706E+16 -1.004718E+01 -1.967842E+00 -3.057320E-01 -3.057320E-01
   205     1802.1971    7.69776414  1.031795E+09  1.339846E+10  8.002271E+27
        5.387230E+00  2.250556E+01  6.063998E+00  0.9903055693 -2.013478E+00
        1.485879E+16 -1.004718E+01 -1.967478E+00 -3.057360E-01 -3.057360E-01
   206     1760.4551    7.69779885  1.031754E+09  1.368512E+10  7.285665E+27
        5.361718E+00  2.250556E+01  6.063999E+00  0.9904589872 -2.020406E+00
        9.842730E+15 -1.004718E+01 -1.967112E+00 -3.057400E-01 -3.057400E-01
   207     1746.0099    7.69780874  1.031742E+09  1.378173E+10  7.049304E+27
        5.353069E+00  2.250556E+01  6.063999E+00  0.9905048187 -2.022497E+00
        8.559068E+15 -1.004717E+01 -1.966889E+00 -3.057424E-01 -3.057424E-01
   208     1738.2610    7.69781167  1.031738E+09  1.382822E+10  6.924948E+27
        5.348887E+00  2.250556E+01  6.063998E+00  0.9905270334 -2.023514E+00
        7.999923E+15 -1.004717E+01 -1.966398E+00 -3.057477E-01 -3.057477E-01
   209     1734.4080    7.69781263  1.031737E+09  1.385133E+10  6.863738E+27
        5.346804E+00  2.250556E+01  6.063998E+00  0.9905381658 -2.024025E+00
        7.735214E+15 -1.004717E+01 -1.966020E+00 -3.057519E-01 -3.057519E-01
   210     1731.3451    7.69781351  1.031736E+09  1.387055E+10  6.815368E+27
        5.345070E+00  2.250556E+01  6.063998E+00  0.9905472134 -2.024440E+00
        7.521405E+15 -1.004717E+01 -1.965718E+00 -3.057552E-01 -3.057552E-01
   211     1728.3708    7.69781457  1.031735E+09  1.388960E+10  6.768639E+27
        5.343349E+00  2.250556E+01  6.063998E+00  0.9905560911 -2.024848E+00
        7.315177E+15 -1.004717E+01 -1.965471E+00 -3.057579E-01 -3.057579E-01
   212     1725.3930    7.69781580  1.031733E+09  1.390891E+10  6.722094E+27
        5.341603E+00  2.250556E+01  6.063998E+00  0.9905650530 -2.025261E+00
        7.111613E+15 -1.004717E+01 -1.965265E+00 -3.057601E-01 -3.057601E-01
   213     1723.4148    7.69781643  1.031733E+09  1.392125E+10  6.691309E+27
        5.340486E+00  2.250556E+01  6.063998E+00  0.9905706343 -2.025518E+00
        6.984425E+15 -1.004717E+01 -1.965102E+00 -3.057619E-01 -3.057619E-01
   214     1721.2985    7.69781724  1.031732E+09  1.393443E+10  6.658491E+27
        5.339292E+00  2.250556E+01  6.063998E+00  0.9905765573 -2.025790E+00
        6.850925E+15 -1.004716E+01 -1.964967E+00 -3.057634E-01 -3.057634E-01
   215     1719.0910    7.69781817  1.031731E+09  1.394828E+10  6.624384E+27
        5.338037E+00  2.250556E+01  6.063998E+00  0.9905827765 -2.026077E+00
        6.713271E+15 -1.004716E+01 -1.964853E+00 -3.057646E-01 -3.057646E-01
   216     1716.8834    7.69781916  1.031729E+09  1.396219E+10  6.590408E+27
        5.336774E+00  2.250556E+01  6.063998E+00  0.9905890264 -2.026365E+00
        6.577687E+15 -1.004716E+01 -1.964755E+00 -3.057657E-01 -3.057657E-01
   217     1714.6565    7.69782021  1.031728E+09  1.397628E+10  6.556266E+27
        5.335494E+00  2.250556E+01  6.063998E+00  0.9905953690 -2.026658E+00
        6.442969E+15 -1.004716E+01 -1.964669E+00 -3.057667E-01 -3.057667E-01
   218     1712.3903    7.69782131  1.031727E+09  1.399067E+10  6.521657E+27
        5.334186E+00  2.250556E+01  6.063998E+00  0.9906018583 -2.026958E+00
        6.308137E+15 -1.004716E+01 -1.964592E+00 -3.057675E-01 -3.057675E-01
   219     1710.0899    7.69782245  1.031726E+09  1.400532E+10  6.486667E+27
        5.332853E+00  2.250556E+01  6.063998E+00  0.9906084822 -2.027264E+00
        6.173640E+15 -1.004716E+01 -1.964522E+00 -3.057683E-01 -3.057683E-01
   220     1707.7888    7.69782363  1.031724E+09  1.402016E+10  6.451805E+27
        5.331502E+00  2.250556E+01  6.063998E+00  0.9906152114 -2.027576E+00
        6.040220E+15 -1.004716E+01 -1.964457E+00 -3.057690E-01 -3.057690E-01
   221     1705.3774    7.69782490  1.031723E+09  1.403576E+10  6.415424E+27
        5.330080E+00  2.250556E+01  6.063998E+00  0.9906223121 -2.027904E+00
        5.902884E+15 -1.004715E+01 -1.964395E+00 -3.057697E-01 -3.057697E-01
   222     1702.9002    7.69782621  1.031721E+09  1.405184E+10  6.378211E+27
        5.328612E+00  2.250556E+01  6.063998E+00  0.9906296603 -2.028245E+00
        5.764407E+15 -1.004715E+01 -1.964334E+00 -3.057703E-01 -3.057703E-01
   223     1700.3723    7.69782756  1.031719E+09  1.406830E+10  6.340401E+27
        5.327108E+00  2.250556E+01  6.063998E+00  0.9906372136 -2.028595E+00
        5.625827E+15 -1.004715E+01 -1.964275E+00 -3.057710E-01 -3.057710E-01
   224     1697.8013    7.69782894  1.031718E+09  1.408509E+10  6.302121E+27
        5.325572E+00  2.250556E+01  6.063998E+00  0.9906449503 -2.028954E+00
        5.487722E+15 -1.004715E+01 -1.964217E+00 -3.057716E-01 -3.057716E-01
   225     1695.1912    7.69783053  1.031716E+09  1.410219E+10  6.263433E+27
        5.324005E+00  2.250556E+01  6.063998E+00  0.9906529495 -2.029325E+00
        5.350412E+15 -1.004715E+01 -1.964209E+00 -3.057717E-01 -3.057717E-01
   226     1692.5438    7.69783213  1.031714E+09  1.411958E+10  6.224375E+27
        5.322411E+00  2.250556E+01  6.063998E+00  0.9906611994 -2.029709E+00
        5.214102E+15 -1.004714E+01 -1.964200E+00 -3.057718E-01 -3.057718E-01
   227     1689.8599    7.69783377  1.031712E+09  1.413725E+10  6.184965E+27
        5.320787E+00  2.250556E+01  6.063998E+00  0.9906696919 -2.030104E+00
        5.078924E+15 -1.004714E+01 -1.964193E+00 -3.057719E-01 -3.057719E-01
   228     1687.1403    7.69783544  1.031710E+09  1.415519E+10  6.145222E+27
        5.319136E+00  2.250556E+01  6.063998E+00  0.9906784201 -2.030510E+00
        4.944987E+15 -1.004714E+01 -1.964185E+00 -3.057720E-01 -3.057720E-01
   229     1684.3875    7.69783713  1.031708E+09  1.417341E+10  6.105190E+27
        5.317458E+00  2.250556E+01  6.063998E+00  0.9906873733 -2.030928E+00
        4.812462E+15 -1.004714E+01 -1.964178E+00 -3.057720E-01 -3.057720E-01
   230     1681.6023    7.69783885  1.031706E+09  1.419189E+10  6.064885E+27
        5.315752E+00  2.250556E+01  6.063998E+00  0.9906965469 -2.031356E+00
        4.681410E+15 -1.004714E+01 -1.964171E+00 -3.057721E-01 -3.057721E-01
   231     1678.7808    7.69784060  1.031704E+09  1.421066E+10  6.024259E+27
        5.314017E+00  2.250556E+01  6.063998E+00  0.9907059489 -2.031795E+00
        4.551735E+15 -1.004714E+01 -1.964164E+00 -3.057722E-01 -3.057722E-01
   232     1676.0279    7.69784231  1.031702E+09  1.422901E+10  5.984818E+27
        5.312318E+00  2.250556E+01  6.063998E+00  0.9907152189 -2.032228E+00
        4.428189E+15 -1.004714E+01 -1.964158E+00 -3.057723E-01 -3.057723E-01
   233     1673.2576    7.69784404  1.031700E+09  1.424751E+10  5.945323E+27
        5.310602E+00  2.250556E+01  6.063998E+00  0.9907246335 -2.032669E+00
        4.306834E+15 -1.004714E+01 -1.964152E+00 -3.057723E-01 -3.057723E-01
   234     1670.4064    7.69784583  1.031698E+09  1.426661E+10  5.904878E+27
        5.308827E+00  2.250556E+01  6.063998E+00  0.9907344263 -2.033128E+00
        4.184771E+15 -1.004713E+01 -1.964146E+00 -3.057724E-01 -3.057724E-01
   235     1667.5062    7.69784765  1.031696E+09  1.428609E+10  5.863952E+27
        5.307014E+00  2.250556E+01  6.063998E+00  0.9907444771 -2.033599E+00
        4.063650E+15 -1.004713E+01 -1.964140E+00 -3.057725E-01 -3.057725E-01
   236     1664.5688    7.69784950  1.031693E+09  1.430586E+10  5.822718E+27
        5.305170E+00  2.250556E+01  6.063998E+00  0.9907547439 -2.034081E+00
        3.944047E+15 -1.004713E+01 -1.964134E+00 -3.057725E-01 -3.057725E-01
   237     1661.6308    7.69785139  1.031691E+09  1.432587E+10  5.781692E+27
        5.303299E+00  2.250556E+01  6.063998E+00  0.9907652032 -2.034573E+00
        3.826279E+15 -1.004713E+01 -1.964128E+00 -3.057726E-01 -3.057726E-01
   238     1658.5605    7.69785335  1.031689E+09  1.434664E+10  5.739052E+27
        5.301353E+00  2.250556E+01  6.063998E+00  0.9907761195 -2.035086E+00
        3.707517E+15 -1.004713E+01 -1.964123E+00 -3.057727E-01 -3.057727E-01
   239     1655.4829    7.69785532  1.031687E+09  1.436750E+10  5.696547E+27
        5.299394E+00  2.250556E+01  6.063998E+00  0.9907871412 -2.035606E+00
        3.591686E+15 -1.004713E+01 -1.964117E+00 -3.057727E-01 -3.057727E-01
   240     1652.3924    7.69785729  1.031684E+09  1.438848E+10  5.654103E+27
        5.297419E+00  2.250556E+01  6.063998E+00  0.9907982874 -2.036131E+00
        3.478519E+15 -1.004713E+01 -1.964112E+00 -3.057728E-01 -3.057728E-01
   241     1649.2885    7.69785927  1.031682E+09  1.440960E+10  5.611714E+27
        5.295426E+00  2.250556E+01  6.063998E+00  0.9908095566 -2.036664E+00
        3.367978E+15 -1.004713E+01 -1.964106E+00 -3.057728E-01 -3.057728E-01
   242     1646.1743    7.69786126  1.031679E+09  1.443082E+10  5.569423E+27
        5.293420E+00  2.250556E+01  6.063998E+00  0.9908209322 -2.037201E+00
        3.260169E+15 -1.004713E+01 -1.964101E+00 -3.057729E-01 -3.057729E-01
   243     1643.0569    7.69786324  1.031677E+09  1.445210E+10  5.527331E+27
        5.291402E+00  2.250556E+01  6.063998E+00  0.9908323884 -2.037744E+00
        3.155258E+15 -1.004713E+01 -1.964096E+00 -3.057729E-01 -3.057729E-01
   244     1639.9438    7.69786523  1.031675E+09  1.447341E+10  5.485534E+27
        5.289378E+00  2.250556E+01  6.063998E+00  0.9908439009 -2.038290E+00
        3.053378E+15 -1.004713E+01 -1.964091E+00 -3.057730E-01 -3.057730E-01
   245     1636.8192    7.69786722  1.031672E+09  1.449479E+10  5.443821E+27
        5.287342E+00  2.250556E+01  6.063998E+00  0.9908555020 -2.038840E+00
        2.954156E+15 -1.004713E+01 -1.964087E+00 -3.057731E-01 -3.057731E-01
   246     1633.7021    7.69786921  1.031670E+09  1.451614E+10  5.402446E+27
        5.285303E+00  2.250556E+01  6.063998E+00  0.9908671260 -2.039393E+00
        2.858057E+15 -1.004713E+01 -1.964082E+00 -3.057731E-01 -3.057731E-01
   247     1630.6045    7.69787119  1.031668E+09  1.453738E+10  5.361565E+27
        5.283270E+00  2.250556E+01  6.063998E+00  0.9908787271 -2.039945E+00
        2.765325E+15 -1.004713E+01 -1.964078E+00 -3.057732E-01 -3.057732E-01
   248     1627.5346    7.69787315  1.031665E+09  1.455846E+10  5.321279E+27
        5.281248E+00  2.250556E+01  6.063998E+00  0.9908902714 -2.040495E+00
        2.676076E+15 -1.004713E+01 -1.964073E+00 -3.057732E-01 -3.057732E-01
   249     1624.5844    7.69787502  1.031663E+09  1.457873E+10  5.282778E+27
        5.279298E+00  2.250556E+01  6.063998E+00  0.9909014094 -2.041026E+00
        2.592722E+15 -1.004713E+01 -1.964069E+00 -3.057732E-01 -3.057732E-01
   250     1621.6792    7.69787686  1.031661E+09  1.459869E+10  5.245069E+27
        5.277374E+00  2.250556E+01  6.063998E+00  0.9909124052 -2.041551E+00
        2.512996E+15 -1.004713E+01 -1.964065E+00 -3.057733E-01 -3.057733E-01
   251     1618.7615    7.69787871  1.031659E+09  1.461879E+10  5.207400E+27
        5.275431E+00  2.250556E+01  6.063998E+00  0.9909235050 -2.042082E+00
        2.434997E+15 -1.004713E+01 -1.964061E+00 -3.057733E-01 -3.057733E-01
   252     1615.8598    7.69788054  1.031657E+09  1.463878E+10  5.170142E+27
        5.273495E+00  2.250556E+01  6.063998E+00  0.9909345706 -2.042612E+00
        2.359641E+15 -1.004713E+01 -1.964057E+00 -3.057734E-01 -3.057734E-01
   253     1613.0257    7.69788235  1.031654E+09  1.465854E+10  5.133943E+27
        5.271577E+00  2.250556E+01  6.063999E+00  0.9909455333 -2.043137E+00
        2.287279E+15 -1.004713E+01 -1.964054E+00 -3.057734E-01 -3.057734E-01
   254     1610.1085    7.69788422  1.031652E+09  1.467894E+10  5.096883E+27
        5.269591E+00  2.250556E+01  6.063999E+00  0.9909568832 -2.043682E+00
        2.214688E+15 -1.004712E+01 -1.964050E+00 -3.057735E-01 -3.057735E-01
   255     1607.1447    7.69788610  1.031650E+09  1.469955E+10  5.059436E+27
        5.267580E+00  2.250556E+01  6.063999E+00  0.9909683725 -2.044234E+00
        2.143521E+15 -1.004712E+01 -1.964046E+00 -3.057735E-01 -3.057735E-01
   256     1604.2774    7.69788791  1.031648E+09  1.471952E+10  5.023405E+27
        5.265626E+00  2.250556E+01  6.063999E+00  0.9909795294 -2.044771E+00
        2.076564E+15 -1.004712E+01 -1.964042E+00 -3.057735E-01 -3.057735E-01
   257     1601.4558    7.69788969  1.031646E+09  1.473921E+10  4.988137E+27
        5.263696E+00  2.250556E+01  6.063999E+00  0.9909905495 -2.045302E+00
        2.012440E+15 -1.004712E+01 -1.964039E+00 -3.057736E-01 -3.057736E-01
   258     1598.6590    7.69789144  1.031644E+09  1.475874E+10  4.953363E+27
        5.261775E+00  2.250556E+01  6.063999E+00  0.9910015063 -2.045830E+00
        1.950603E+15 -1.004712E+01 -1.964035E+00 -3.057736E-01 -3.057736E-01
   259     1595.8807    7.69789318  1.031642E+09  1.477815E+10  4.919000E+27
        5.259861E+00  2.250556E+01  6.063999E+00  0.9910124151 -2.046357E+00
        1.890877E+15 -1.004712E+01 -1.964032E+00 -3.057736E-01 -3.057736E-01
   260     1593.1228    7.69789491  1.031639E+09  1.479743E+10  4.885066E+27
        5.257957E+00  2.250556E+01  6.063999E+00  0.9910232633 -2.046882E+00
        1.833244E+15 -1.004712E+01 -1.964029E+00 -3.057737E-01 -3.057737E-01
   261     1590.3972    7.69789661  1.031637E+09  1.481651E+10  4.851701E+27
        5.256066E+00  2.250556E+01  6.063999E+00  0.9910340254 -2.047402E+00
        1.777750E+15 -1.004712E+01 -1.964026E+00 -3.057737E-01 -3.057737E-01
   262     1587.7069    7.69789829  1.031635E+09  1.483538E+10  4.818938E+27
        5.254192E+00  2.250556E+01  6.063999E+00  0.9910446792 -2.047919E+00
        1.724417E+15 -1.004712E+01 -1.964023E+00 -3.057738E-01 -3.057738E-01
   263     1585.0228    7.69789996  1.031633E+09  1.485419E+10  4.786415E+27
        5.252318E+00  2.250556E+01  6.063999E+00  0.9910553236 -2.048435E+00
        1.672674E+15 -1.004712E+01 -1.964019E+00 -3.057738E-01 -3.057738E-01
   264     1582.3449    7.69790162  1.031632E+09  1.487295E+10  4.754132E+27
        5.250445E+00  2.250556E+01  6.063999E+00  0.9910659520 -2.048952E+00
        1.622500E+15 -1.004712E+01 -1.964016E+00 -3.057738E-01 -3.057738E-01
   265     1579.6996    7.69790326  1.031630E+09  1.489160E+10  4.722403E+27
        5.248578E+00  2.250556E+01  6.063999E+00  0.9910765370 -2.049467E+00
        1.573972E+15 -1.004712E+01 -1.964013E+00 -3.057739E-01 -3.057739E-01
   266     1576.9988    7.69790492  1.031628E+09  1.491059E+10  4.690172E+27
        5.246672E+00  2.250556E+01  6.063999E+00  0.9910873270 -2.049992E+00
        1.525937E+15 -1.004712E+01 -1.964010E+00 -3.057739E-01 -3.057739E-01
   267     1574.4037    7.69790650  1.031626E+09  1.492879E+10  4.659358E+27
        5.244840E+00  2.250556E+01  6.063999E+00  0.9910976883 -2.050497E+00
        1.481131E+15 -1.004712E+01 -1.964007E+00 -3.057739E-01 -3.057739E-01
   268     1571.8461    7.69790805  1.031624E+09  1.494672E+10  4.629139E+27
        5.243031E+00  2.250556E+01  6.063999E+00  0.9911079056 -2.050996E+00
        1.438177E+15 -1.004712E+01 -1.964005E+00 -3.057740E-01 -3.057740E-01
   269     1569.2684    7.69790960  1.031622E+09  1.496483E+10  4.598832E+27
        5.241199E+00  2.250556E+01  6.063999E+00  0.9911182406 -2.051501E+00
        1.395937E+15 -1.004711E+01 -1.964002E+00 -3.057740E-01 -3.057740E-01
   270     1566.6985    7.69791113  1.031620E+09  1.498290E+10  4.568765E+27
        5.239366E+00  2.250556E+01  6.063999E+00  0.9911285669 -2.052006E+00
        1.354913E+15 -1.004711E+01 -1.963999E+00 -3.057740E-01 -3.057740E-01
   271     1564.1603    7.69791266  1.031618E+09  1.500091E+10  4.539213E+27
        5.237533E+00  2.250556E+01  6.063999E+00  0.9911388748 -2.052511E+00
        1.315106E+15 -1.004711E+01 -1.963996E+00 -3.057740E-01 -3.057740E-01
   272     1533.4437    7.69792696  1.031601E+09  1.518719E+10  4.192882E+27
        5.217990E+00  2.250556E+01  6.064000E+00  0.9912425749 -2.057624E+00
        9.568781E+14 -1.004709E+01 -1.963980E+00 -3.057742E-01 -3.057742E-01
   273     1508.8467    7.69794108  1.031585E+09  1.537347E+10  3.930136E+27
        5.197809E+00  2.250556E+01  6.064000E+00  0.9913531344 -2.063141E+00
        6.886762E+14 -1.004705E+01 -1.963964E+00 -3.057744E-01 -3.057744E-01
   274     1484.2926    7.69795188  1.031572E+09  1.555975E+10  3.680395E+27
        5.176783E+00  2.250557E+01  6.064001E+00  0.9914660544 -2.068850E+00
        4.885483E+14 -1.004676E+01 -1.963947E+00 -3.057746E-01 -3.057746E-01
   275     1466.9334    7.69795326  1.031570E+09  1.574603E+10  3.511208E+27
        5.154300E+00  2.250557E+01  6.064001E+00  0.9915826754 -2.074826E+00
        3.380955E+14 -1.004651E+01 -1.963931E+00 -3.057748E-01 -3.057748E-01
   276     1451.5620    7.69793677  1.031590E+09  1.593231E+10  3.366463E+27
        5.129804E+00  2.250557E+01  6.064001E+00  0.9917081141 -2.081347E+00
        2.262498E+14 -1.004617E+01 -1.963914E+00 -3.057749E-01 -3.057749E-01
   277     1433.2094    7.69789765  1.031636E+09  1.611860E+10  3.199699E+27
        5.102909E+00  2.250557E+01  6.064002E+00  0.9918405746 -2.088340E+00
        1.454858E+14 -1.004574E+01 -1.963896E+00 -3.057751E-01 -3.057751E-01
   278     1432.0385    7.69789454  1.031640E+09  1.613024E+10  3.189279E+27
        5.101220E+00  2.250557E+01  6.064002E+00  0.9918485511 -2.088765E+00
        1.415061E+14 -1.004574E+01 -1.963895E+00 -3.057752E-01 -3.057752E-01
   279     1426.5061    7.69789135  1.031644E+09  1.615352E+10  3.140302E+27
        5.097810E+00  2.250557E+01  6.064002E+00  0.9918649735 -2.089641E+00
        1.337964E+14 -1.004552E+01 -1.963892E+00 -3.057752E-01 -3.057752E-01
   280     1420.9711    7.69788132  1.031656E+09  1.619614E+10  3.091918E+27
        5.091467E+00  2.250557E+01  6.064002E+00  0.9918949186 -2.091243E+00
        1.205667E+14 -1.004536E+01 -1.963886E+00 -3.057753E-01 -3.057753E-01
   281     1418.3114    7.69787267  1.031666E+09  1.622380E+10  3.068895E+27
        5.087297E+00  2.250557E+01  6.064002E+00  0.9919143634 -2.092286E+00
        1.125897E+14 -1.004533E+01 -1.963883E+00 -3.057753E-01 -3.057753E-01
   282     1414.8798    7.69786117  1.031680E+09  1.625712E+10  3.039382E+27
        5.082203E+00  2.250557E+01  6.064002E+00  0.9919381995 -2.093568E+00
        1.035488E+14 -1.004530E+01 -1.963879E+00 -3.057753E-01 -3.057753E-01
   283     1411.2497    7.69784839  1.031695E+09  1.629188E+10  3.008398E+27
        5.076796E+00  2.250557E+01  6.064002E+00  0.9919633501 -2.094925E+00
        9.474213E+13 -1.004505E+01 -1.963874E+00 -3.057754E-01 -3.057754E-01
   284     1409.0203    7.69784046  1.031704E+09  1.631253E+10  2.989488E+27
        5.073541E+00  2.250557E+01  6.064002E+00  0.9919783857 -2.095738E+00
        8.980526E+13 -1.004499E+01 -1.963871E+00 -3.057754E-01 -3.057754E-01
   285     1408.0691    7.69783689  1.031708E+09  1.632149E+10  2.981448E+27
        5.072120E+00  2.250557E+01  6.064002E+00  0.9919849184 -2.096092E+00
        8.773176E+13 -1.004496E+01 -1.963870E+00 -3.057754E-01 -3.057754E-01
   286     1405.7491    7.69783700  1.031708E+09  1.632596E+10  2.961847E+27
        5.071408E+00  2.250557E+01  6.064002E+00  0.9919881893 -2.096269E+00
        8.670985E+13 -1.004488E+01 -1.963870E+00 -3.057754E-01 -3.057754E-01
   287     1404.5688    7.69783687  1.031708E+09  1.632902E+10  2.951912E+27
        5.070920E+00  2.250557E+01  6.064002E+00  0.9919904250 -2.096391E+00
        8.601703E+13 -1.004484E+01 -1.963869E+00 -3.057754E-01 -3.057754E-01
   288     1404.0773    7.69783571  1.031710E+09  1.633357E+10  2.947791E+27
        5.070194E+00  2.250557E+01  6.064002E+00  0.9919937443 -2.096571E+00
        8.499554E+13 -1.004483E+01 -1.963869E+00 -3.057754E-01 -3.057754E-01
   289     1403.3236    7.69783403  1.031712E+09  1.633905E+10  2.941478E+27
        5.069315E+00  2.250557E+01  6.064002E+00  0.9919977352 -2.096787E+00
        8.377720E+13 -1.004480E+01 -1.963868E+00 -3.057755E-01 -3.057755E-01
   290     1402.7486    7.69783226  1.031714E+09  1.634411E+10  2.936672E+27
        5.068502E+00  2.250557E+01  6.064002E+00  0.9920014146 -2.096987E+00
        8.266505E+13 -1.004478E+01 -1.963868E+00 -3.057755E-01 -3.057755E-01
   291     1401.9593    7.69782982  1.031717E+09  1.635077E+10  2.930084E+27
        5.067430E+00  2.250557E+01  6.064002E+00  0.9920062542 -2.097250E+00
        8.122183E+13 -1.004476E+01 -1.963867E+00 -3.057755E-01 -3.057755E-01
   292     1401.3064    7.69782779  1.031719E+09  1.635617E+10  2.924643E+27
        5.066557E+00  2.250557E+01  6.064002E+00  0.9920101857 -2.097463E+00
        8.006569E+13 -1.004474E+01 -1.963866E+00 -3.057755E-01 -3.057755E-01
   293     1400.7422    7.69782603  1.031721E+09  1.636079E+10  2.919948E+27
        5.065809E+00  2.250557E+01  6.064002E+00  0.9920135546 -2.097646E+00
        7.908746E+13 -1.004472E+01 -1.963866E+00 -3.057755E-01 -3.057755E-01
   294     1399.9656    7.69782335  1.031724E+09  1.636757E+10  2.913496E+27
        5.064708E+00  2.250557E+01  6.064002E+00  0.9920185146 -2.097916E+00
        7.766909E+13 -1.004470E+01 -1.963865E+00 -3.057755E-01 -3.057755E-01
   295     1398.5236    7.69781759  1.031731E+09  1.638113E+10  2.901549E+27
        5.062492E+00  2.250557E+01  6.064002E+00  0.9920284898 -2.098459E+00
        7.489211E+13 -1.004468E+01 -1.963863E+00 -3.057755E-01 -3.057755E-01
   296     1396.7818    7.69781037  1.031740E+09  1.639731E+10  2.887168E+27
        5.059830E+00  2.250557E+01  6.064002E+00  0.9920404574 -2.099112E+00
        7.168473E+13 -1.004459E+01 -1.963861E+00 -3.057755E-01 -3.057755E-01
   297     1394.7188    7.69780188  1.031750E+09  1.641586E+10  2.870205E+27
        5.056744E+00  2.250557E+01  6.064002E+00  0.9920542938 -2.099867E+00
        6.813784E+13 -1.004452E+01 -1.963859E+00 -3.057756E-01 -3.057756E-01
   298     1390.4538    7.69778437  1.031771E+09  1.645298E+10  2.835372E+27
        5.050455E+00  2.250557E+01  6.064002E+00  0.9920823529 -2.101404E+00
        6.143958E+13 -1.004436E+01 -1.963854E+00 -3.057756E-01 -3.057756E-01
   299     1388.8105    7.69777761  1.031779E+09  1.646677E+10  2.822036E+27
        5.048090E+00  2.250557E+01  6.064002E+00  0.9920927953 -2.101977E+00
        5.909406E+13 -1.004434E+01 -1.963852E+00 -3.057756E-01 -3.057756E-01
   300     1386.9725    7.69777791  1.031778E+09  1.646804E+10  2.807125E+27
        5.047872E+00  2.250557E+01  6.064002E+00  0.9920937422 -2.102029E+00
        5.888296E+13 -1.004422E+01 -1.963852E+00 -3.057756E-01 -3.057756E-01
   301     1386.4361    7.69777791  1.031778E+09  1.646978E+10  2.802785E+27
        5.047573E+00  2.250557E+01  6.064002E+00  0.9920950666 -2.102102E+00
        5.859322E+13 -1.004419E+01 -1.963852E+00 -3.057756E-01 -3.057756E-01
