     1    57999.5226    8.18435827  8.333190E+08  4.000000E+05  5.599350E+33
        7.971551E+00  2.389610E+01  6.981596E+00  0.0000000000  0.000000E+00
        8.084228E+34 -4.011642E+00 -1.992173E+00 -3.055174E-01 -3.055174E-01
     2    54403.3086    8.19880080  8.195775E+08  8.000000E+05  4.192747E+33
        7.899660E+00  2.390768E+01  6.990068E+00  0.0000000000  0.000000E+00
        3.112996E+34 -4.011642E+00 -1.992173E+00 -3.055174E-01 -3.055174E-01
     3    51014.3219    8.20970648  8.093515E+08  1.200000E+06  3.161260E+33
        7.860517E+00  2.391382E+01  6.994524E+00  0.0000000000  0.000000E+00
        1.695060E+34 -4.011642E+00 -1.992173E+00 -3.055174E-01 -3.055174E-01
     4    48170.5968    8.21805714  8.016076E+08  1.600000E+06  2.465297E+33
        7.834566E+00  2.391769E+01  6.997328E+00  0.0000000000  0.000000E+00
        1.083751E+34 -4.011642E+00 -1.992173E+00 -3.055174E-01 -3.055174E-01
     5    45835.4958    8.22455257  7.956354E+08  2.000000E+06  1.990918E+33
        7.815427E+00  2.392042E+01  6.999302E+00  0.0000000000  0.000000E+00
        7.597332E+33 -4.011642E+00 -1.992173E+00 -3.055174E-01 -3.055174E-01
     6    43923.8419    8.22970036  7.909340E+08  2.400000E+06  1.659202E+33
        7.800328E+00  2.392249E+01  7.000801E+00  0.0000000000  0.000000E+00
        5.653064E+33 -4.011642E+00 -1.992173E+00 -3.055174E-01 -3.055174E-01
     7    42947.0294    8.23230373  7.885669E+08  2.627184E+06  1.507395E+33
        7.792494E+00  2.392354E+01  7.001556E+00  0.0000000000  0.000000E+00
        4.827527E+33 -4.011642E+00 -1.992173E+00 -3.055174E-01 -3.055174E-01
     8    42106.4832    8.23450105  7.865745E+08  2.842277E+06  1.385776E+33
        7.785821E+00  2.392441E+01  7.002191E+00  0.0000000000  0.000000E+00
        4.208518E+33 -4.011642E+00 -1.992173E+00 -3.055174E-01 -3.055174E-01
     9    41297.5448    8.23661696  7.846607E+08  3.074972E+06  1.276081E+33
        7.779269E+00  2.392526E+01  7.002802E+00  0.0000000000  0.000000E+00
        3.670054E+33 -4.011642E+00 -1.992173E+00 -3.055174E-01 -3.055174E-01
    10    40509.8646    8.23863222  7.828423E+08  3.323096E+06  1.176005E+33
        7.772892E+00  2.392606E+01  7.003382E+00  0.0000000000  0.000000E+00
        3.206807E+33 -4.011642E+00 -1.992173E+00 -3.055174E-01 -3.055174E-01
    11    39818.0131    8.24042581  7.812275E+08  3.573838E+06  1.093178E+33
        7.766958E+00  2.392678E+01  7.003906E+00  0.0000000000  0.000000E+00
        2.825273E+33 -4.011642E+00 -1.992173E+00 -3.055174E-01 -3.055174E-01
    12    39108.4819    8.24225416  7.795847E+08  3.860863E+06  1.013043E+33
        7.760693E+00  2.392753E+01  7.004444E+00  0.0000000000  0.000000E+00
        2.469770E+33 -4.011642E+00 -1.992173E+00 -3.055174E-01 -3.055174E-01
    13    38414.0068    8.24401243  7.780082E+08  4.173006E+06  9.391701E+32
        7.754390E+00  2.392825E+01  7.004968E+00  0.0000000000  0.000000E+00
        2.156616E+33 -4.011642E+00 -1.992173E+00 -3.055174E-01 -3.055174E-01
    14    37764.6678    8.24568630  7.765104E+08  4.512707E+06  8.738857E+32
        7.748024E+00  2.392895E+01  7.005478E+00  0.0000000000  0.000000E+00
        1.880805E+33 -4.011642E+00 -1.992173E+00 -3.055174E-01 -3.055174E-01
    15    37118.3524    8.24731601  7.750548E+08  4.884580E+06  8.125255E+32
        7.741536E+00  2.392964E+01  7.005978E+00  0.0000000000  0.000000E+00
        1.636849E+33 -4.011642E+00 -1.992173E+00 -3.055174E-01 -3.055174E-01
    16    36556.1188    8.24877540  7.737536E+08  5.270672E+06  7.618389E+32
        7.735233E+00  2.393028E+01  7.006445E+00  0.0000000000  0.000000E+00
        1.431351E+33 -4.011642E+00 -1.992173E+00 -3.055174E-01 -3.055174E-01
    17    35980.7987    8.25026613  7.724268E+08  5.717361E+06  7.125499E+32
        7.728411E+00  2.393095E+01  7.006928E+00  0.0000000000  0.000000E+00
        1.239397E+33 -4.011642E+00 -1.992173E+00 -3.055174E-01 -3.055174E-01
    18    35407.5483    8.25172037  7.711346E+08  6.212899E+06  6.659802E+32
        7.721328E+00  2.393160E+01  7.007405E+00  0.0000000000  0.000000E+00
        1.068915E+33 -4.011642E+00 -1.992173E+00 -3.055174E-01 -3.055174E-01
    19    34873.4907    8.25311112  7.699009E+08  6.763752E+06  6.246961E+32
        7.713955E+00  2.393224E+01  7.007874E+00  0.0000000000  0.000000E+00
        9.179461E+32 -4.011642E+00 -1.992173E+00 -3.055174E-01 -3.055174E-01
    20    34335.7181    8.25447866  7.686897E+08  7.379597E+06  5.851997E+32
        7.706239E+00  2.393287E+01  7.008337E+00  0.0000000000  0.000000E+00
        7.842769E+32 -4.011642E+00 -1.992173E+00 -3.055174E-01 -3.055174E-01
    21    33831.7621    8.25579630  7.675245E+08  8.071388E+06  5.499211E+32
        7.698135E+00  2.393350E+01  7.008797E+00  0.0000000000  0.000000E+00
        6.661638E+32 -4.011642E+00 -1.992173E+00 -3.055174E-01 -3.055174E-01
    22    33316.3518    8.25711316  7.663618E+08  8.851828E+06  5.156023E+32
        7.689604E+00  2.393412E+01  7.009255E+00  0.0000000000  0.000000E+00
        5.621254E+32 -4.011642E+00 -1.992173E+00 -3.055174E-01 -3.055174E-01
    23    32852.3152    8.25833758  7.652822E+08  9.704906E+06  4.860988E+32
        7.680906E+00  2.393472E+01  7.009698E+00  0.0000000000  0.000000E+00
        4.736272E+32 -4.011642E+00 -1.992173E+00 -3.055174E-01 -3.055174E-01
    24    32359.9811    8.25961273  7.641595E+08  1.070728E+07  4.562665E+32
        7.671412E+00  2.393535E+01  7.010161E+00  0.0000000000  0.000000E+00
        3.935338E+32 -4.011642E+00 -1.992173E+00 -3.055174E-01 -3.055174E-01
    25    31885.3989    8.26087353  7.630511E+08  1.185613E+07  4.288369E+32
        7.661342E+00  2.393599E+01  7.010632E+00  0.0000000000  0.000000E+00
        3.237714E+32 -4.011642E+00 -1.992173E+00 -3.055174E-01 -3.055174E-01
    26    31399.0552    8.26215060  7.619301E+08  1.317049E+07  4.020814E+32
        7.650709E+00  2.393664E+01  7.011112E+00  0.0000000000  0.000000E+00
        2.637460E+32 -4.011642E+00 -1.992173E+00 -3.055174E-01 -3.055174E-01
    27    30914.4131    8.26343622  7.608031E+08  1.468059E+07  3.767090E+32
        7.639465E+00  2.393731E+01  7.011607E+00  0.0000000000  0.000000E+00
        2.124370E+32 -4.011642E+00 -1.992173E+00 -3.055174E-01 -3.055174E-01
    28    30425.9580    8.26474212  7.596601E+08  1.641665E+07  3.523978E+32
        7.627591E+00  2.393801E+01  7.012117E+00  0.0000000000  0.000000E+00
        1.690303E+32 -4.011642E+00 -1.992173E+00 -3.055174E-01 -3.055174E-01
    29    29941.7767    8.26604135  7.585247E+08  1.837176E+07  3.295089E+32
        7.615309E+00  2.393870E+01  7.012632E+00  0.0000000000  0.000000E+00
        1.333521E+32 -4.011642E+00 -1.992173E+00 -3.055174E-01 -3.055174E-01
    30    29451.2386    8.26735939  7.573746E+08  2.060609E+07  3.075057E+32
        7.602419E+00  2.393941E+01  7.013155E+00  0.0000000000  0.000000E+00
        1.038482E+32 -4.011642E+00 -1.992173E+00 -3.055174E-01 -3.055174E-01
    31    28961.4840    8.26867361  7.562295E+08  2.310247E+07  2.866869E+32
        7.589178E+00  2.394011E+01  7.013676E+00  0.0000000000  0.000000E+00
        8.017910E+31 -4.011642E+00 -1.992173E+00 -3.055174E-01 -3.055174E-01
    32    28465.7207    8.26999717  7.550780E+08  2.589449E+07  2.667410E+32
        7.575532E+00  2.394082E+01  7.014195E+00  0.0000000000  0.000000E+00
        6.128051E+31 -4.011642E+00 -1.992173E+00 -3.055174E-01 -3.055174E-01
    33    27965.5316    8.27132836  7.539217E+08  2.901544E+07  2.477206E+32
        7.561444E+00  2.394152E+01  7.014712E+00  0.0000000000  0.000000E+00
        4.631231E+31 -4.011642E+00 -1.992173E+00 -3.055174E-01 -3.055174E-01
    34    27456.7222    8.27267391  7.527547E+08  3.250307E+07  2.294664E+32
        7.546867E+00  2.394221E+01  7.015229E+00  0.0000000000  0.000000E+00
        3.456737E+31 -4.011642E+00 -1.992173E+00 -3.055174E-01 -3.055174E-01
    35    26938.9321    8.27403473  7.515762E+08  3.639235E+07  2.119752E+32
        7.531779E+00  2.394291E+01  7.015744E+00  0.0000000000  0.000000E+00
        2.546547E+31 -4.011642E+00 -1.992173E+00 -3.055174E-01 -3.055174E-01
    36    26411.7681    8.27540983  7.503873E+08  4.071004E+07  1.952443E+32
        7.516202E+00  2.394360E+01  7.016253E+00  0.0000000000  0.000000E+00
        1.852100E+31 -4.011642E+00 -1.992173E+00 -3.055174E-01 -3.055174E-01
    37    25875.6605    8.27679810  7.491889E+08  4.548308E+07  1.792941E+32
        7.500158E+00  2.394428E+01  7.016760E+00  0.0000000000  0.000000E+00
        1.330441E+31 -4.011642E+00 -1.992173E+00 -3.055174E-01 -3.055174E-01
    38    25332.0102    8.27819745  7.479829E+08  5.073867E+07  1.641646E+32
        7.483670E+00  2.394497E+01  7.017269E+00  0.0000000000  0.000000E+00
        9.444826E+30 -4.011642E+00 -1.992173E+00 -3.055174E-01 -3.055174E-01
    39    24782.6078    8.27960461  7.467721E+08  5.650065E+07  1.498931E+32
        7.466772E+00  2.394566E+01  7.017780E+00  0.0000000000  0.000000E+00
        6.632545E+30 -4.011642E+00 -1.992173E+00 -3.055174E-01 -3.055174E-01
    40    24229.6979    8.28101283  7.455624E+08  6.278640E+07  1.365141E+32
        7.449518E+00  2.394635E+01  7.018294E+00  0.0000000000  0.000000E+00
        4.614133E+30 -4.011642E+00 -1.992173E+00 -3.055174E-01 -3.055174E-01
    41    23677.1051    8.28241237  7.443620E+08  6.959316E+07  1.240796E+32
        7.432017E+00  2.394704E+01  7.018805E+00  0.0000000000  0.000000E+00
        3.188291E+30 -4.011642E+00 -1.992173E+00 -3.055174E-01 -3.055174E-01
    42    23127.3057    8.28379677  7.431766E+08  7.692905E+07  1.125905E+32
        7.414337E+00  2.394772E+01  7.019309E+00  0.0000000000  0.000000E+00
        2.192276E+30 -4.011642E+00 -1.992173E+00 -3.055174E-01 -3.055174E-01
    43    22581.8652    8.28516032  7.420108E+08  8.481143E+07  1.020181E+32
        7.396518E+00  2.394837E+01  7.019800E+00  0.0000000000  0.000000E+00
        1.502094E+30 -4.011642E+00 -1.992173E+00 -3.055174E-01 -3.055174E-01
    44    22042.4589    8.28649739  7.408695E+08  9.325745E+07  9.232961E+31
        7.378598E+00  2.394901E+01  7.020274E+00  0.0000000000  0.000000E+00
        1.027020E+30 -4.011642E+00 -1.992173E+00 -3.055174E-01 -3.055174E-01
    45    21510.7271    8.28780336  7.397564E+08  1.022729E+08  8.348630E+31
        7.360646E+00  2.394962E+01  7.020728E+00  0.0000000000  0.000000E+00
        7.021336E+29 -4.011642E+00 -1.992173E+00 -3.055174E-01 -3.055174E-01
    46    20989.0927    8.28907227  7.386765E+08  1.118547E+08  7.545719E+31
        7.342738E+00  2.395020E+01  7.021161E+00  0.0000000000  0.000000E+00
        4.810202E+29 -4.011642E+00 -1.992173E+00 -3.055174E-01 -3.055174E-01
    47    20477.5448    8.29030408  7.376296E+08  1.220345E+08  6.817195E+31
        7.324881E+00  2.395075E+01  7.021570E+00  0.0000000000  0.000000E+00
        3.304468E+29 -4.011642E+00 -1.992173E+00 -3.055174E-01 -3.055174E-01
    48    19976.1228    8.29150036  7.366144E+08  1.328474E+08  6.156625E+31
        7.307078E+00  2.395127E+01  7.021956E+00  0.0000000000  0.000000E+00
        2.277864E+29 -4.011642E+00 -1.992173E+00 -3.055174E-01 -3.055174E-01
    49    19485.1023    8.29266307  7.356290E+08  1.443263E+08  5.558351E+31
        7.289338E+00  2.395175E+01  7.022315E+00  0.0000000000  0.000000E+00
        1.576891E+29 -4.011642E+00 -1.992173E+00 -3.055174E-01 -3.055174E-01
    50    19007.2506    8.29379294  7.346728E+08  1.564802E+08  5.019755E+31
        7.271717E+00  2.395220E+01  7.022648E+00  0.0000000000  0.000000E+00
        1.097814E+29 -4.011642E+00 -1.992173E+00 -3.055174E-01 -3.055174E-01
    51    18541.6730    8.29489804  7.337386E+08  1.693708E+08  4.534150E+31
        7.254187E+00  2.395262E+01  7.022961E+00  0.0000000000  0.000000E+00
        7.684382E+28 -4.011642E+00 -1.992173E+00 -3.055174E-01 -3.055174E-01
    52    18087.4805    8.29598476  7.328212E+08  1.830660E+08  4.095678E+31
        7.236721E+00  2.395303E+01  7.023260E+00  0.0000000000  0.000000E+00
        5.407250E+28 -4.011642E+00 -1.992173E+00 -3.055174E-01 -3.055174E-01
    53    17644.9064    8.29705584  7.319181E+08  1.976332E+08  3.700154E+31
        7.219296E+00  2.395342E+01  7.023550E+00  0.0000000000  0.000000E+00
        3.824670E+28 -4.011642E+00 -1.992173E+00 -3.055174E-01 -3.055174E-01
    54    17213.1750    8.29811181  7.310288E+08  2.131264E+08  3.342954E+31
        7.201915E+00  2.395379E+01  7.023830E+00  0.0000000000  0.000000E+00
        2.720608E+28 -4.011642E+00 -1.992173E+00 -3.055174E-01 -3.055174E-01
    55    16793.4035    8.29915163  7.301542E+08  2.295900E+08  3.021353E+31
        7.184598E+00  2.395415E+01  7.024102E+00  0.0000000000  0.000000E+00
        1.947334E+28 -4.011642E+00 -1.992173E+00 -3.055174E-01 -3.055174E-01
    56    16385.0713    8.30017679  7.292929E+08  2.471122E+08  2.731585E+31
        7.167316E+00  2.395450E+01  7.024365E+00  0.0000000000  0.000000E+00
        1.402037E+28 -4.011642E+00 -1.992173E+00 -3.055174E-01 -3.055174E-01
    57    15987.0923    8.30118846  7.284440E+08  2.657971E+08  2.469947E+31
        7.150032E+00  2.395484E+01  7.024619E+00  0.0000000000  0.000000E+00
        1.014895E+28 -4.011642E+00 -1.992173E+00 -3.055174E-01 -3.055174E-01
    58    15598.1894    8.30218334  7.276101E+08  2.857369E+08  2.233118E+31
        7.132729E+00  2.395516E+01  7.024857E+00  0.0000000000  0.000000E+00
        7.386247E+27 -4.011642E+00 -1.992173E+00 -3.055174E-01 -3.055174E-01
    59    15218.1793    8.30315298  7.267983E+08  3.069576E+08  2.018813E+31
        7.115453E+00  2.395546E+01  7.025073E+00  0.0000000000  0.000000E+00
        5.410612E+27 -4.011642E+00 -1.992173E+00 -3.055174E-01 -3.055174E-01
    60    14847.1999    8.30409479  7.260107E+08  3.294850E+08  1.825079E+31
        7.098252E+00  2.395574E+01  7.025274E+00  0.0000000000  0.000000E+00
        3.992761E+27 -4.011642E+00 -1.992173E+00 -3.055174E-01 -3.055174E-01
    61    14485.0444    8.30501133  7.252450E+08  3.533974E+08  1.649933E+31
        7.081128E+00  2.395602E+01  7.025467E+00  0.0000000000  0.000000E+00
        2.967826E+27 -4.011642E+00 -1.992173E+00 -3.055174E-01 -3.055174E-01
    62    14131.4898    8.30590646  7.244980E+08  3.787968E+08  1.491570E+31
        7.064072E+00  2.395629E+01  7.025662E+00  0.0000000000  0.000000E+00
        2.218543E+27 -4.011642E+00 -1.992173E+00 -3.055174E-01 -3.055174E-01
    63    13786.8318    8.30678638  7.237644E+08  4.057939E+08  1.348558E+31
        7.047079E+00  2.395657E+01  7.025870E+00  0.0000000000  0.000000E+00
        1.669472E+27 -4.011642E+00 -1.992173E+00 -3.055174E-01 -3.055174E-01
    64    13474.0667    8.30759254  7.230930E+08  4.324623E+08  1.228006E+31
        7.031293E+00  2.395684E+01  7.026070E+00  0.0000000000  0.000000E+00
        1.288820E+27 -4.011642E+00 -1.992173E+00 -3.055174E-01 -3.055174E-01
    65    13190.8467    8.30832821  7.224808E+08  4.586477E+08  1.126058E+31
        7.016650E+00  2.395709E+01  7.026254E+00  0.0000000000  0.000000E+00
        1.017363E+27 -4.011642E+00 -1.992173E+00 -3.055174E-01 -3.055174E-01
    66    12932.7947    8.30900276  7.219199E+08  4.844141E+08  1.038879E+31
        7.002981E+00  2.395731E+01  7.026419E+00  0.0000000000  0.000000E+00
        8.181084E+26 -4.011642E+00 -1.992173E+00 -3.055174E-01 -3.055174E-01
    67    12745.7840    8.30949350  7.215122E+08  5.042940E+08  9.789735E+30
        6.992861E+00  2.395747E+01  7.026533E+00  0.0000000000  0.000000E+00
        6.973235E+26 -4.011642E+00 -1.992173E+00 -3.055174E-01 -3.055174E-01
    68    12603.3209    8.30986781  7.212013E+08  5.201762E+08  9.351266E+30
        6.985024E+00  2.395758E+01  7.026616E+00  0.0000000000  0.000000E+00
        6.167416E+26 -4.011642E+00 -1.992173E+00 -3.055174E-01 -3.055174E-01
    69    12482.5942    8.31018489  7.209381E+08  5.341683E+08  8.991513E+30
        6.978296E+00  2.395766E+01  7.026681E+00  0.0000000000  0.000000E+00
        5.553601E+26 -4.011642E+00 -1.992173E+00 -3.055174E-01 -3.055174E-01
    70    12380.7496    8.31045270  7.207158E+08  5.463684E+08  8.696276E+30
        6.972556E+00  2.395773E+01  7.026733E+00  0.0000000000  0.000000E+00
        5.080723E+26 -4.011642E+00 -1.992173E+00 -3.055174E-01 -3.055174E-01
    71    12292.2780    8.31068646  7.205219E+08  5.572712E+08  8.445809E+30
        6.967524E+00  2.395779E+01  7.026777E+00  0.0000000000  0.000000E+00
        4.700850E+26 -4.011642E+00 -1.992173E+00 -3.055174E-01 -3.055174E-01
    72    12205.2950    8.31091918  7.203289E+08  5.682817E+08  8.204879E+30
        6.962535E+00  2.395784E+01  7.026818E+00  0.0000000000  0.000000E+00
        4.353472E+26 -4.011642E+00 -1.992173E+00 -3.055174E-01 -3.055174E-01
    73    12124.3073    8.31113905  7.201465E+08  5.787956E+08  7.985221E+30
        6.957853E+00  2.395789E+01  7.026856E+00  0.0000000000  0.000000E+00
        4.051899E+26 -4.011642E+00 -1.992173E+00 -3.055174E-01 -3.055174E-01
    74    12043.5692    8.31136045  7.199630E+08  5.895369E+08  7.770673E+30
        6.953151E+00  2.395794E+01  7.026892E+00  0.0000000000  0.000000E+00
        3.770964E+26 -4.011642E+00 -1.992173E+00 -3.055174E-01 -3.055174E-01
    75    11961.3905    8.31158763  7.197747E+08  6.007423E+08  7.556789E+30
        6.948331E+00  2.395798E+01  7.026929E+00  0.0000000000  0.000000E+00
        3.504067E+26 -4.011642E+00 -1.992173E+00 -3.055174E-01 -3.055174E-01
    76    11877.7142    8.31182046  7.195818E+08  6.124395E+08  7.343604E+30
        6.943390E+00  2.395803E+01  7.026966E+00  0.0000000000  0.000000E+00
        3.250847E+26 -4.011642E+00 -1.992173E+00 -3.055174E-01 -3.055174E-01
    77    11791.8433    8.31206108  7.193825E+08  6.247503E+08  7.129580E+30
        6.938284E+00  2.395808E+01  7.027004E+00  0.0000000000  0.000000E+00
        3.009237E+26 -4.011642E+00 -1.992173E+00 -3.055174E-01 -3.055174E-01
    78    11705.9638    8.31230372  7.191816E+08  6.373786E+08  6.920273E+30
        6.933145E+00  2.395813E+01  7.027042E+00  0.0000000000  0.000000E+00
        2.784866E+26 -4.011642E+00 -1.992173E+00 -3.055174E-01 -3.055174E-01
    79    11617.2803    8.31255572  7.189729E+08  6.507570E+08  6.709040E+30
        6.927804E+00  2.395818E+01  7.027082E+00  0.0000000000  0.000000E+00
        2.570167E+26 -4.011642E+00 -1.992173E+00 -3.055174E-01 -3.055174E-01
    80    11524.8679    8.31281996  7.187542E+08  6.650758E+08  6.494147E+30
        6.922204E+00  2.395823E+01  7.027124E+00  0.0000000000  0.000000E+00
        2.363452E+26 -4.011642E+00 -1.992173E+00 -3.055174E-01 -3.055174E-01
    81    11430.9511    8.31309168  7.185294E+08  6.800336E+08  6.281105E+30
        6.916474E+00  2.395829E+01  7.027167E+00  0.0000000000  0.000000E+00
        2.169835E+26 -4.011642E+00 -1.992173E+00 -3.055174E-01 -3.055174E-01
    82    11339.4509    8.31335907  7.183083E+08  6.950091E+08  6.078652E+30
        6.910856E+00  2.395835E+01  7.027211E+00  0.0000000000  0.000000E+00
        1.995945E+26 -4.011642E+00 -1.992173E+00 -3.055174E-01 -3.055174E-01
    83    11242.3220    8.31364403  7.180727E+08  7.113630E+08  5.869192E+30
        6.904854E+00  2.395841E+01  7.027260E+00  0.0000000000  0.000000E+00
        1.826088E+26 -4.011642E+00 -1.992173E+00 -3.055174E-01 -3.055174E-01
    84    11139.6224    8.31394642  7.178227E+08  7.291847E+08  5.653712E+30
        6.898463E+00  2.395848E+01  7.027313E+00  0.0000000000  0.000000E+00
        1.661647E+26 -4.011642E+00 -1.992173E+00 -3.055174E-01 -3.055174E-01
    85    11032.4434    8.31426320  7.175610E+08  7.483889E+08  5.435279E+30
        6.891744E+00  2.395856E+01  7.027370E+00  0.0000000000  0.000000E+00
        1.505195E+26 -4.011642E+00 -1.992173E+00 -3.055174E-01 -3.055174E-01
    86    10922.4091    8.31459077  7.172904E+08  7.687819E+08  5.217726E+30
        6.884790E+00  2.395864E+01  7.027428E+00  0.0000000000  0.000000E+00
        1.359252E+26 -4.011642E+00 -1.992173E+00 -3.055174E-01 -3.055174E-01
    87    10810.0333    8.31492730  7.170125E+08  7.903580E+08  5.002407E+30
        6.877625E+00  2.395872E+01  7.027489E+00  0.0000000000  0.000000E+00
        1.224092E+26 -4.011642E+00 -1.992173E+00 -3.055174E-01 -3.055174E-01
    88    10695.3831    8.31527458  7.167259E+08  8.132020E+08  4.789708E+30
        6.870243E+00  2.395881E+01  7.027552E+00  0.0000000000  0.000000E+00
        1.099247E+26 -4.011642E+00 -1.992173E+00 -3.055174E-01 -3.055174E-01
    89    10582.0363    8.31562215  7.164392E+08  8.366632E+08  4.586201E+30
        6.862868E+00  2.395890E+01  7.027615E+00  0.0000000000  0.000000E+00
        9.875696E+25 -4.011642E+00 -1.992173E+00 -3.055174E-01 -3.055174E-01
    90    10466.2721    8.31597929  7.161447E+08  8.615904E+08  4.385176E+30
        6.855251E+00  2.395898E+01  7.027679E+00  0.0000000000  0.000000E+00
        8.843676E+25 -4.011642E+00 -1.992173E+00 -3.055174E-01 -3.055174E-01
    91    10399.8231    8.31618380  7.159761E+08  8.763183E+08  4.272856E+30
        6.850836E+00  2.395904E+01  7.027716E+00  0.0000000000  0.000000E+00
        8.297019E+25 -4.011642E+00 -1.992173E+00 -3.055174E-01 -3.055174E-01
    92    10275.0628    8.31656741  7.156599E+08  9.050456E+08  4.067886E+30
        6.842459E+00  2.395913E+01  7.027786E+00  0.0000000000  0.000000E+00
        7.352668E+25 -4.011642E+00 -1.992173E+00 -3.055174E-01 -3.055174E-01
    93    10146.0159    8.31696441  7.153329E+08  9.361999E+08  3.863812E+30
        6.833661E+00  2.395923E+01  7.027858E+00  0.0000000000  0.000000E+00
        6.478337E+25 -4.011642E+00 -1.992173E+00 -3.055174E-01 -3.055174E-01
    94    10010.2914    8.31738116  7.149898E+08  9.706767E+08  3.657665E+30
        6.824249E+00  2.395934E+01  7.027934E+00  0.0000000000  0.000000E+00
        5.659979E+25 -4.011642E+00 -1.992173E+00 -3.055174E-01 -3.055174E-01
    95     9868.1879    8.31781671  7.146313E+08  1.008802E+09  3.450890E+30
        6.814208E+00  2.395945E+01  7.028015E+00  0.0000000000  0.000000E+00
        4.902234E+25 -4.011642E+00 -1.992173E+00 -3.055174E-01 -3.055174E-01
    96     9739.0914    8.31821461  7.143040E+08  1.045324E+09  3.270826E+30
        6.804911E+00  2.395955E+01  7.028092E+00  0.0000000000  0.000000E+00
        4.293073E+25 -4.011642E+00 -1.992173E+00 -3.055174E-01 -3.055174E-01
    97     9645.9801    8.31850279  7.140671E+08  1.072791E+09  3.145436E+30
        6.798102E+00  2.395963E+01  7.028148E+00  0.0000000000  0.000000E+00
        3.896067E+25 -4.011642E+00 -1.992173E+00 -3.055174E-01 -3.055174E-01
    98     9493.9269    8.31897430  7.136796E+08  1.120043E+09  2.948543E+30
        6.786804E+00  2.395976E+01  7.028241E+00  0.0000000000  0.000000E+00
        3.317809E+25 -4.011642E+00 -1.992173E+00 -3.055174E-01 -3.055174E-01
    99     9361.4131    8.31938329  7.133436E+08  1.163474E+09  2.784714E+30
        6.776790E+00  2.395987E+01  7.028320E+00  0.0000000000  0.000000E+00
        2.878528E+25 -4.011642E+00 -1.992173E+00 -3.055174E-01 -3.055174E-01
   100     9282.3311    8.31962634  7.131440E+08  1.190334E+09  2.690296E+30
        6.770747E+00  2.395993E+01  7.028366E+00  0.0000000000  0.000000E+00
        2.642310E+25 -4.011642E+00 -1.992173E+00 -3.055174E-01 -3.055174E-01
   101     9131.2935    8.32008705  7.127658E+08  1.244054E+09  2.516752E+30
        6.759088E+00  2.396005E+01  7.028450E+00  0.0000000000  0.000000E+00
        2.240781E+25 -4.011642E+00 -1.992173E+00 -3.055174E-01 -3.055174E-01
   102     8977.4371    8.32054872  7.123871E+08  1.301779E+09  2.348870E+30
        6.747072E+00  2.396015E+01  7.028526E+00  0.0000000000  0.000000E+00
        1.891312E+25 -4.011642E+00 -1.992173E+00 -3.055174E-01 -3.055174E-01
   103     8911.9376    8.32074272  7.122280E+08  1.327235E+09  2.280048E+30
        6.745288E+00  2.396020E+01  7.028629E+00  0.0008149077 -3.540542E-04
        1.761748E+25 -4.011642E+00 -1.992173E+00 -3.055174E-01 -3.055174E-01
   104     8844.3891    8.32094138  7.120651E+08  1.354725E+09  2.210692E+30
        6.742236E+00  2.396024E+01  7.028662E+00  0.0040425816 -1.759229E-03
        1.642577E+25 -4.011642E+00 -1.992173E+00 -3.055174E-01 -3.055174E-01
   105     8761.1875    8.32118494  7.118655E+08  1.391971E+09  2.127479E+30
        6.736821E+00  2.396030E+01  7.028705E+00  0.0122753852 -5.364123E-03
        1.510027E+25 -4.011642E+00 -1.992173E+00 -3.055174E-01 -3.055174E-01
   106     8667.3870    8.32145954  7.116405E+08  1.440150E+09  2.036533E+30
        6.729453E+00  2.396037E+01  7.028754E+00  0.0270530781 -1.191085E-02
        1.370707E+25 -4.011642E+00 -1.992173E+00 -3.055174E-01 -3.055174E-01
   107     8580.3097    8.32171297  7.114329E+08  1.490825E+09  1.954777E+30
        6.721913E+00  2.396043E+01  7.028795E+00  0.0450296044 -2.001009E-02
        1.248667E+25 -4.011642E+00 -1.992173E+00 -3.055174E-01 -3.055174E-01
   108     8459.9795    8.32205963  7.111490E+08  1.569152E+09  1.845933E+30
        6.711044E+00  2.396050E+01  7.028843E+00  0.0747012560 -3.371803E-02
        1.091487E+25 -4.011642E+00 -1.992173E+00 -3.055174E-01 -3.055174E-01
   109     8302.0579    8.32250983  7.107805E+08  1.682527E+09  1.710139E+30
        6.696643E+00  2.396058E+01  7.028893E+00  0.1182360196 -5.464765E-02
        9.100836E+24 -4.011642E+00 -1.992173E+00 -3.055174E-01 -3.055174E-01
   110     8116.9522    8.32304136  7.103456E+08  1.828267E+09  1.560734E+30
        6.679711E+00  2.396068E+01  7.028959E+00  0.1729806968 -8.248435E-02
        7.301672E+24 -4.011642E+00 -1.992173E+00 -3.055174E-01 -3.055174E-01
   111     7963.5960    8.32349141  7.099777E+08  1.958853E+09  1.444587E+30
        6.665523E+00  2.396079E+01  7.029035E+00  0.2202186642 -1.080272E-01
        6.053099E+24 -4.011642E+00 -1.992173E+00 -3.055174E-01 -3.055174E-01
   112     7767.5233    8.32407574  7.095002E+08  2.140076E+09  1.305728E+30
        6.647085E+00  2.396095E+01  7.029150E+00  0.2820895379 -1.439297E-01
        4.722443E+24 -4.011642E+00 -1.992173E+00 -3.055174E-01 -3.055174E-01
   113     7573.9289    8.32464872  7.090323E+08  2.334707E+09  1.178784E+30
        6.628376E+00  2.396108E+01  7.029248E+00  0.3438378914 -1.829889E-01
        3.658438E+24 -4.011642E+00 -1.992173E+00 -3.055174E-01 -3.055174E-01
   114     7384.1907    8.32520889  7.085752E+08  2.540758E+09  1.063655E+30
        6.609526E+00  2.396118E+01  7.029326E+00  0.4040232336 -2.247707E-01
        2.821842E+24 -4.011642E+00 -1.992173E+00 -3.055174E-01 -3.055174E-01
   115     7223.1197    8.32569573  7.081782E+08  2.726815E+09  9.727512E+29
        6.593159E+00  2.396127E+01  7.029398E+00  0.4540871324 -2.628767E-01
        2.246739E+24 -4.011642E+00 -1.992173E+00 -3.055174E-01 -3.055174E-01
   116     7047.3293    8.32625201  7.077248E+08  2.941147E+09  8.803279E+29
        6.575026E+00  2.396140E+01  7.029494E+00  0.5068355317 -3.070082E-01
        1.743810E+24 -4.011642E+00 -1.992173E+00 -3.055174E-01 -3.055174E-01
   117     6884.0829    8.32679721  7.072807E+08  3.149780E+09  8.005444E+29
        6.557985E+00  2.396154E+01  7.029593E+00  0.5535229819 -3.502009E-01
        1.371119E+24 -4.011642E+00 -1.992173E+00 -3.055174E-01 -3.055174E-01
   118     6733.4926    8.32732893  7.068478E+08  3.350357E+09  7.318648E+29
        6.542123E+00  2.396167E+01  7.029679E+00  0.5943683178 -3.918681E-01
        1.095420E+24 -4.011642E+00 -1.992173E+00 -3.055174E-01 -3.055174E-01
   119     6593.7814    8.32784779  7.064257E+08  3.543990E+09  6.721847E+29
        6.527252E+00  2.396177E+01  7.029749E+00  0.6302522416 -4.320945E-01
        8.870914E+23 -4.011642E+00 -1.992173E+00 -3.055174E-01 -3.055174E-01
   120     6464.5425    8.32834299  7.060231E+08  3.730768E+09  6.203067E+29
        6.513295E+00  2.396185E+01  7.029806E+00  0.6618397676 -4.708775E-01
        7.277432E+23 -4.011642E+00 -1.992173E+00 -3.055174E-01 -3.055174E-01
   121     6343.4642    8.32883703  7.056216E+08  3.913977E+09  5.744698E+29
        6.499950E+00  2.396192E+01  7.029853E+00  0.6901683395 -5.088742E-01
        6.016954E+23 -4.011642E+00 -1.992173E+00 -3.055174E-01 -3.055174E-01
   122     6228.4664    8.32935214  7.052033E+08  4.097358E+09  5.332988E+29
        6.486909E+00  2.396198E+01  7.029893E+00  0.7161156922 -5.468586E-01
        4.992674E+23 -4.011642E+00 -1.992173E+00 -3.055174E-01 -3.055174E-01
   123     6115.5558    8.32989110  7.047659E+08  4.289286E+09  4.950520E+29
        6.473574E+00  2.396203E+01  7.029929E+00  0.7409293938 -5.865819E-01
        4.121984E+23 -4.011642E+00 -1.992173E+00 -3.055174E-01 -3.055174E-01
   124     6002.7619    8.33045367  7.043095E+08  4.498076E+09  4.589327E+29
        6.459377E+00  2.396209E+01  7.029963E+00  0.7654891506 -6.298371E-01
        3.354454E+23 -4.011642E+00 -1.992173E+00 -3.055174E-01 -3.055174E-01
   125     5890.5425    8.33107970  7.038021E+08  4.735874E+09  4.249518E+29
        6.443494E+00  2.396214E+01  7.029999E+00  0.7908087899 -6.794566E-01
        2.660522E+23 -4.011642E+00 -1.992173E+00 -3.055174E-01 -3.055174E-01
   126     5771.7928    8.33184311  7.031838E+08  5.046162E+09  3.910192E+29
        6.422933E+00  2.396220E+01  7.030046E+00  0.8203370111 -7.455414E-01
        1.968554E+23 -4.011642E+00 -1.992173E+00 -3.055174E-01 -3.055174E-01
   127     5626.0419    8.33293191  7.023029E+08  5.561008E+09  3.521099E+29
        6.388193E+00  2.396231E+01  7.030135E+00  0.8625511091 -8.618588E-01
        1.175907E+23 -4.011642E+00 -1.992173E+00 -3.055174E-01 -3.055174E-01
   128     5528.1839    8.33385069  7.015604E+08  6.053335E+09  3.275499E+29
        6.352971E+00  2.396241E+01  7.030217E+00  0.8967303789 -9.860274E-01
        6.930102E+22 -4.011642E+00 -1.992173E+00 -3.055174E-01 -3.055174E-01
   129     5458.9012    8.33452879  7.010129E+08  6.447807E+09  3.109499E+29
        6.322669E+00  2.396246E+01  7.030260E+00  0.9201481397 -1.097715E+00
        4.380320E+22 -4.011642E+00 -1.992173E+00 -3.055174E-01 -3.055174E-01
   130     5383.3007    8.33515308  7.005092E+08  6.826742E+09  2.936566E+29
        6.291514E+00  2.396249E+01  7.030278E+00  0.9393352747 -1.217064E+00
        2.722949E+22 -4.011642E+00 -1.992173E+00 -3.055174E-01 -3.055174E-01
   131     5297.5321    8.33577657  7.000066E+08  7.218124E+09  2.749895E+29
        6.257032E+00  2.396252E+01  7.030300E+00  0.9557871944 -1.354452E+00
        1.601555E+22 -4.011642E+00 -1.992173E+00 -3.055174E-01 -3.055174E-01
   132     5227.0329    8.33626139  6.996160E+08  7.530293E+09  2.603501E+29
        6.227685E+00  2.396256E+01  7.030329E+00  0.9665607920 -1.475744E+00
        1.016555E+22 -4.011642E+00 -1.992173E+00 -3.055173E-01 -3.055173E-01
   133     5152.3535    8.33672941  6.992391E+08  7.843580E+09  2.455226E+29
        6.196274E+00  2.396261E+01  7.030363E+00  0.9754518589 -1.609981E+00
        6.232570E+21 -4.011642E+00 -1.992173E+00 -3.055174E-01 -3.055174E-01
   134     5097.1109    8.33703303  6.989947E+08  8.060821E+09  2.349966E+29
        6.173280E+00  2.396265E+01  7.030391E+00  0.9804624389 -1.709130E+00
        4.352834E+21 -4.011642E+00 -1.992171E+00 -3.055174E-01 -3.055174E-01
   135     5017.9176    8.33740028  6.986992E+08  8.337864E+09  2.205424E+29
        6.142103E+00  2.396272E+01  7.030437E+00  0.9850490053 -1.825330E+00
        2.665628E+21 -4.011642E+00 -1.992058E+00 -3.055185E-01 -3.055185E-01
   136     4921.6578    8.33776166  6.984086E+08  8.621676E+09  2.039305E+29
        6.108007E+00  2.396280E+01  7.030488E+00  0.9873892731 -1.899260E+00
        1.556788E+21 -4.011642E+00 -1.989782E+00 -3.055420E-01 -3.055420E-01
   137     4818.9180    8.33807844  6.981539E+08  8.882793E+09  1.872914E+29
        6.074731E+00  2.396285E+01  7.030523E+00  0.9875846366 -1.906041E+00
        9.186308E+20 -4.011642E+00 -1.981739E+00 -3.056260E-01 -3.056260E-01
   138     4700.9002    8.33841368  6.978845E+08  9.167480E+09  1.694762E+29
        6.036643E+00  2.396289E+01  7.030552E+00  0.9877203988 -1.910816E+00
        5.019469E+20 -4.011642E+00 -1.975884E+00 -3.056882E-01 -3.056882E-01
   139     4588.6089    8.33870705  6.976488E+08  9.427678E+09  1.537501E+29
        6.000001E+00  2.396294E+01  7.030585E+00  0.9878493424 -1.915400E+00
        2.800813E+20 -4.011642E+00 -1.970917E+00 -3.057415E-01 -3.057415E-01
   140     4493.8349    8.33892871  6.974708E+08  9.633571E+09  1.413637E+29
        5.969695E+00  2.396298E+01  7.030616E+00  0.9879580766 -1.919304E+00
        1.727292E+20 -4.011642E+00 -1.967592E+00 -3.057776E-01 -3.057776E-01
   141     4402.7600    8.33910757  6.973272E+08  9.832196E+09  1.301939E+29
        5.938963E+00  2.396302E+01  7.030638E+00  0.9880672933 -1.923261E+00
        1.056897E+20 -4.011642E+00 -1.963265E+00 -3.058250E-01 -3.058250E-01
   142     4299.0949    8.33927150  6.971956E+08  1.003188E+10  1.183137E+29
        5.906660E+00  2.396302E+01  7.030642E+00  0.9881817279 -1.927446E+00
        6.304036E+19 -4.011642E+00 -1.958908E+00 -3.058732E-01 -3.058732E-01
   143     4188.7084    8.33943407  6.970651E+08  1.023816E+10  1.065822E+29
        5.871642E+00  2.396301E+01  7.030638E+00  0.9883769847 -1.934681E+00
        3.596113E+19 -4.011642E+00 -1.957884E+00 -3.058846E-01 -3.058846E-01
   144     4105.6828    8.33955679  6.969667E+08  1.039189E+10  9.835196E+28
        5.844314E+00  2.396302E+01  7.030639E+00  0.9885238118 -1.940202E+00
        2.319049E+19 -4.011642E+00 -1.957227E+00 -3.058919E-01 -3.058919E-01
   145     4022.9206    8.33967941  6.968683E+08  1.054408E+10  9.063265E+28
        5.815946E+00  2.396302E+01  7.030641E+00  0.9886694478 -1.945749E+00
        1.469990E+19 -4.011642E+00 -1.956605E+00 -3.058988E-01 -3.058988E-01
   146     3945.1160    8.33979279  6.967773E+08  1.069244E+10  8.380011E+28
        5.786644E+00  2.396302E+01  7.030643E+00  0.9888139574 -1.951324E+00
        9.170870E+18 -4.011642E+00 -1.956024E+00 -3.059053E-01 -3.059053E-01
   147     3872.6676    8.33989497  6.966954E+08  1.082705E+10  7.779365E+28
        5.758398E+00  2.396302E+01  7.030644E+00  0.9889466825 -1.956507E+00
        5.817654E+18 -4.011642E+00 -1.955513E+00 -3.059111E-01 -3.059111E-01
   148     3802.1494    8.33998651  6.966219E+08  1.095071E+10  7.226507E+28
        5.730857E+00  2.396302E+01  7.030645E+00  0.9890714970 -1.961439E+00
        3.730100E+18 -4.011642E+00 -1.955048E+00 -3.059163E-01 -3.059163E-01
   149     3724.3055    8.34007122  6.965540E+08  1.106900E+10  6.651325E+28
        5.702958E+00  2.396303E+01  7.030645E+00  0.9891931548 -1.966301E+00
        2.377066E+18 -4.011642E+00 -1.954610E+00 -3.059212E-01 -3.059212E-01
   150     3630.3910    8.34015310  6.964883E+08  1.118977E+10  6.004250E+28
        5.672940E+00  2.396303E+01  7.030646E+00  0.9893190227 -1.971389E+00
        1.463419E+18 -4.011642E+00 -1.954170E+00 -3.059261E-01 -3.059261E-01
   151     3513.6714    8.34023736  6.964208E+08  1.132349E+10  5.267511E+28
        5.638134E+00  2.396303E+01  7.030647E+00  0.9894592756 -1.977130E+00
        8.333038E+17 -4.011642E+00 -1.953695E+00 -3.059315E-01 -3.059315E-01
   152     3380.2500    8.34032217  6.963528E+08  1.146739E+10  4.510985E+28
        5.598826E+00  2.396303E+01  7.030647E+00  0.9896108726 -1.983421E+00
        4.407436E+17 -4.011642E+00 -1.953194E+00 -3.059371E-01 -3.059371E-01
   153     3248.4128    8.34039417  6.962951E+08  1.160410E+10  3.846705E+28
        5.559803E+00  2.396303E+01  7.030648E+00  0.9897546438 -1.989473E+00
        2.338684E+17 -4.011642E+00 -1.952724E+00 -3.059424E-01 -3.059424E-01
   154     3107.4459    8.34046251  6.962403E+08  1.174486E+10  3.220698E+28
        5.517791E+00  2.396303E+01  7.030648E+00  0.9899024326 -1.995783E+00
        1.180530E+17 -4.011642E+00 -1.952249E+00 -3.059478E-01 -3.059478E-01
   155     2969.1998    8.34052828  6.961876E+08  1.187957E+10  2.684279E+28
        5.476013E+00  2.396303E+01  7.030648E+00  0.9900426329 -2.001855E+00
        5.972572E+16 -4.011642E+00 -1.951807E+00 -3.059528E-01 -3.059528E-01
   156     2819.9095    8.34059215  6.961364E+08  1.202341E+10  2.183468E+28
        5.429454E+00  2.396303E+01  7.030648E+00  0.9901907989 -2.008366E+00
        2.790440E+16 -4.011642E+00 -1.951379E+00 -3.059576E-01 -3.059576E-01
   157     2672.5919    8.34065260  6.960879E+08  1.216422E+10  1.761474E+28
        5.382363E+00  2.396303E+01  7.030649E+00  0.9903875204 -2.017165E+00
        1.290353E+16 -4.011642E+00 -1.954337E+00 -3.059242E-01 -3.059242E-01
   158     2517.0643    8.34071100  6.960411E+08  1.231388E+10  1.385685E+28
        5.330378E+00  2.396303E+01  7.030650E+00  0.9909254402 -2.042174E+00
        5.495765E+15 -4.011642E+00 -1.957795E+00 -3.058856E-01 -3.058856E-01
   159     2357.6954    8.34076622  6.959969E+08  1.246998E+10  1.066554E+28
        5.274109E+00  2.396303E+01  7.030651E+00  0.9915437699 -2.072823E+00
        2.178936E+15 -4.011642E+00 -1.961077E+00 -3.058491E-01 -3.058491E-01
   160     2197.5680    8.34081067  6.959613E+08  1.263180E+10  8.049277E+27
        5.213901E+00  2.396303E+01  7.030651E+00  0.9921749529 -2.106513E+00
        8.144231E+14 -4.011642E+00 -1.961439E+00 -3.058451E-01 -3.058451E-01
   161     2118.1304    8.34084107  6.959369E+08  1.271461E+10  6.946530E+27
        5.182286E+00  2.396303E+01  7.030651E+00  0.9926520777 -2.133835E+00
        4.880858E+14 -4.011642E+00 -1.962811E+00 -3.058300E-01 -3.058300E-01
   162     2051.2871    8.34087238  6.959118E+08  1.278530E+10  6.109866E+27
        5.154450E+00  2.396303E+01  7.030651E+00  0.9935990338 -2.193754E+00
        3.092634E+14 -4.011642E+00 -1.963412E+00 -3.058234E-01 -3.058234E-01
   163     2001.3439    8.34089862  6.958908E+08  1.283747E+10  5.535878E+27
        5.132639E+00  2.396304E+01  7.030652E+00  0.9947627837 -2.280899E+00
        2.159843E+14 -4.011642E+00 -1.963849E+00 -3.058186E-01 -3.058186E-01
   164     1946.3892    8.34092433  6.958702E+08  1.289304E+10  4.952137E+27
        5.107777E+00  2.396304E+01  7.030652E+00  0.9959721024 -2.394922E+00
        1.448806E+14 -4.011642E+00 -1.963874E+00 -3.058183E-01 -3.058183E-01
   165     1891.7988    8.34094549  6.958533E+08  1.294649E+10  4.419290E+27
        5.082266E+00  2.396304E+01  7.030652E+00  0.9969363798 -2.513765E+00
        9.653381E+13 -4.011642E+00 -1.963875E+00 -3.058183E-01 -3.058183E-01
   166     1843.1166    8.34096097  6.958408E+08  1.299284E+10  3.981517E+27
        5.058744E+00  2.396304E+01  7.030652E+00  0.9976250528 -2.624346E+00
        6.665149E+13 -4.011642E+00 -1.963875E+00 -3.058183E-01 -3.058183E-01
   167     1792.1660    8.34097417  6.958303E+08  1.303985E+10  3.559074E+27
        5.033293E+00  2.396304E+01  7.030652E+00  0.9982018514 -2.745174E+00
        4.467950E+13 -4.011642E+00 -1.963875E+00 -3.058183E-01 -3.058183E-01
   168     1741.6073    8.34098614  6.958207E+08  1.308533E+10  3.174044E+27
        5.007105E+00  2.396304E+01  7.030652E+00  0.9986534115 -2.870765E+00
        2.987034E+13 -4.011642E+00 -1.963875E+00 -3.058183E-01 -3.058183E-01
   169     1696.9306    8.34099641  6.958125E+08  1.312474E+10  2.860607E+27
        4.983063E+00  2.396304E+01  7.030652E+00  0.9989698748 -2.987110E+00
        2.073202E+13 -4.011642E+00 -1.963875E+00 -3.058183E-01 -3.058183E-01
   170     1650.1889    8.34100796  6.958032E+08  1.316496E+10  2.558144E+27
        4.956889E+00  2.396304E+01  7.030652E+00  0.9992322802 -3.114797E+00
        1.399593E+13 -4.011642E+00 -1.963875E+00 -3.058183E-01 -3.058183E-01
   171     1605.4744    8.34101982  6.957937E+08  1.320260E+10  2.291880E+27
        4.930848E+00  2.396304E+01  7.030652E+00  0.9994283139 -3.242842E+00
        9.510554E+12 -4.011642E+00 -1.963875E+00 -3.058183E-01 -3.058183E-01
   172     1566.3746    8.34102977  6.957857E+08  1.323494E+10  2.076591E+27
        4.907142E+00  2.396304E+01  7.030652E+00  0.9995643999 -3.360912E+00
        6.701502E+12 -4.011642E+00 -1.963875E+00 -3.058183E-01 -3.058183E-01
   173     1525.3744    8.34103974  6.957777E+08  1.326798E+10  1.867516E+27
        4.881243E+00  2.396304E+01  7.030652E+00  0.9996777275 -3.491777E+00
        4.597767E+12 -4.011642E+00 -1.963875E+00 -3.058183E-01 -3.058183E-01
   174     1487.4341    8.34104849  6.957707E+08  1.329774E+10  1.688498E+27
        4.856372E+00  2.396304E+01  7.030652E+00  0.9997578864 -3.615981E+00
        3.212039E+12 -4.011642E+00 -1.963875E+00 -3.058183E-01 -3.058183E-01
   175     1449.5692    8.34105631  6.957645E+08  1.332660E+10  1.522992E+27
        4.830659E+00  2.396304E+01  7.030652E+00  0.9998174913 -3.738716E+00
        2.223416E+12 -4.011621E+00 -1.963875E+00 -3.058183E-01 -3.058183E-01
   176     1417.5852    8.34105028  6.957693E+08  1.335011E+10  1.392979E+27
        4.808370E+00  2.396304E+01  7.030652E+00  0.9998536284 -3.834543E+00
        1.619757E+12 -4.010573E+00 -1.963884E+00 -3.058183E-01 -3.058183E-01
   177     1383.4374    8.34104280  6.957753E+08  1.337333E+10  1.263553E+27
        4.785156E+00  2.396304E+01  7.030652E+00  0.9998684399 -3.880876E+00
        1.166586E+12 -4.009433E+00 -1.963894E+00 -3.058183E-01 -3.058183E-01
   178     1347.6114    8.34103857  6.957787E+08  1.339651E+10  1.137675E+27
        4.760814E+00  2.396304E+01  7.030652E+00  0.9998758658 -3.906109E+00
        8.281771E+11 -4.008609E+00 -1.963902E+00 -3.058183E-01 -3.058183E-01
   179     1313.9498    8.34103774  6.957794E+08  1.341767E+10  1.028195E+27
        4.737383E+00  2.396304E+01  7.030652E+00  0.9998814189 -3.925984E+00
        5.962966E+11 -4.008208E+00 -1.963906E+00 -3.058183E-01 -3.058183E-01
   180     1278.7765    8.34103692  6.957800E+08  1.343914E+10  9.224436E+26
        4.712175E+00  2.396304E+01  7.030652E+00  0.9998866896 -3.945730E+00
        4.192801E+11 -4.007799E+00 -1.963909E+00 -3.058183E-01 -3.058183E-01
   181     1243.2371    8.34103608  6.957807E+08  1.346035E+10  8.240964E+26
        4.685875E+00  2.396304E+01  7.030652E+00  0.9998920015 -3.966582E+00
        2.905122E+11 -4.007387E+00 -1.963913E+00 -3.058183E-01 -3.058183E-01
   182     1211.6301    8.34102400  6.957904E+08  1.347871E+10  7.434546E+26
        4.661920E+00  2.396304E+01  7.030652E+00  0.9998958666 -3.982410E+00
        2.082201E+11 -4.006116E+00 -1.963924E+00 -3.058183E-01 -3.058183E-01
   183     1182.9107    8.34100945  6.958020E+08  1.349480E+10  6.754553E+26
        4.639890E+00  2.396304E+01  7.030652E+00  0.9998960669 -3.983246E+00
        1.533645E+11 -4.004804E+00 -1.963936E+00 -3.058183E-01 -3.058183E-01
