     1    59129.3390    7.37720255  1.668511E+09  4.000000E+05  2.424866E+34
        8.163721E+00  2.260003E+01  6.108715E+00  0.0000000000  0.000000E+00
        7.231223E+34 -4.020917E+00 -1.992247E+00 -3.055157E-01 -3.055157E-01
     2    57258.4919    7.42945252  1.571101E+09  8.000000E+05  1.890538E+34
        8.057663E+00  2.266525E+01  6.155578E+00  0.0000000000  0.000000E+00
        4.508731E+34 -4.020917E+00 -1.992075E+00 -3.055175E-01 -3.055175E-01
     3    54630.9137    7.47256416  1.495025E+09  1.200000E+06  1.418626E+34
        7.990705E+00  2.270638E+01  6.184255E+00  0.0000000000  0.000000E+00
        3.066303E+34 -4.020917E+00 -2.001451E+00 -3.054220E-01 -3.054220E-01
     4    52035.9374    7.50700778  1.436900E+09  1.600000E+06  1.078659E+34
        7.944819E+00  2.273472E+01  6.203733E+00  0.0000000000  0.000000E+00
        2.211407E+34 -4.020917E+00 -2.001421E+00 -3.054223E-01 -3.054223E-01
     5    49615.0678    7.53482554  1.391610E+09  2.000000E+06  8.361941E+33
        7.911217E+00  2.275530E+01  6.217780E+00  0.0000000000  0.000000E+00
        1.664196E+34 -4.020917E+00 -2.001411E+00 -3.054224E-01 -3.054224E-01
     6    47394.9116    7.55771510  1.355417E+09  2.400000E+06  6.605262E+33
        7.885369E+00  2.277092E+01  6.228389E+00  0.0000000000  0.000000E+00
        1.294737E+34 -4.020917E+00 -2.001387E+00 -3.054227E-01 -3.054227E-01
     7    46740.1122    7.56412432  1.345452E+09  2.521340E+06  6.156203E+33
        7.877918E+00  2.277516E+01  6.231273E+00  0.0000000000  0.000000E+00
        1.200100E+34 -4.020917E+00 -2.001364E+00 -3.054229E-01 -3.054229E-01
     8    46147.6309    7.56980687  1.336679E+09  2.636105E+06  5.773897E+33
        7.871495E+00  2.277885E+01  6.233775E+00  0.0000000000  0.000000E+00
        1.120928E+34 -4.020917E+00 -2.001354E+00 -3.054230E-01 -3.054230E-01
     9    45573.3323    7.57519846  1.328407E+09  2.750870E+06  5.424041E+33
        7.865486E+00  2.278229E+01  6.236105E+00  0.0000000000  0.000000E+00
        1.049374E+34 -4.020917E+00 -2.001343E+00 -3.054231E-01 -3.054231E-01
    10    45016.7075    7.58032148  1.320595E+09  2.865635E+06  5.103307E+33
        7.859847E+00  2.278549E+01  6.238281E+00  0.0000000000  0.000000E+00
        9.845147E+33 -4.020917E+00 -2.001331E+00 -3.054232E-01 -3.054232E-01
    11    44477.3903    7.58519555  1.313205E+09  2.980400E+06  4.808835E+33
        7.854537E+00  2.278850E+01  6.240318E+00  0.0000000000  0.000000E+00
        9.255124E+33 -4.020917E+00 -2.001318E+00 -3.054234E-01 -3.054234E-01
    12    43942.1112    7.58988726  1.306131E+09  3.095165E+06  4.532259E+33
        7.849523E+00  2.279131E+01  6.242229E+00  0.0000000000  0.000000E+00
        8.716942E+33 -4.020917E+00 -2.001304E+00 -3.054235E-01 -3.054235E-01
    13    43430.9558    7.59432901  1.299469E+09  3.209930E+06  4.281016E+33
        7.844776E+00  2.279397E+01  6.244026E+00  0.0000000000  0.000000E+00
        8.224701E+33 -4.020917E+00 -2.001291E+00 -3.054236E-01 -3.054236E-01
    14    42940.8962    7.59855167  1.293167E+09  3.324695E+06  4.051455E+33
        7.840270E+00  2.279647E+01  6.245721E+00  0.0000000000  0.000000E+00
        7.773415E+33 -4.020917E+00 -2.001278E+00 -3.054238E-01 -3.054238E-01
    15    42467.7498    7.60258300  1.287179E+09  3.439460E+06  3.840009E+33
        7.835984E+00  2.279883E+01  6.247321E+00  0.0000000000  0.000000E+00
        7.358570E+33 -4.020917E+00 -2.001264E+00 -3.054239E-01 -3.054239E-01
    16    42009.5920    7.60644017  1.281476E+09  3.554225E+06  3.644450E+33
        7.831897E+00  2.280107E+01  6.248836E+00  0.0000000000  0.000000E+00
        6.976375E+33 -4.020917E+00 -2.001249E+00 -3.054241E-01 -3.054241E-01
    17    41554.0568    7.61018076  1.275969E+09  3.668990E+06  3.459005E+33
        7.827992E+00  2.280319E+01  6.250272E+00  0.0000000000  0.000000E+00
        6.623399E+33 -4.020917E+00 -2.001232E+00 -3.054242E-01 -3.054242E-01
    18    41116.3345    7.61374697  1.270741E+09  3.783755E+06  3.288432E+33
        7.824254E+00  2.280520E+01  6.251635E+00  0.0000000000  0.000000E+00
        6.296748E+33 -4.020917E+00 -2.001217E+00 -3.054244E-01 -3.054244E-01
    19    40697.1071    7.61714921  1.265773E+09  3.898520E+06  3.131722E+33
        7.820668E+00  2.280711E+01  6.252931E+00  0.0000000000  0.000000E+00
        5.993812E+33 -4.020917E+00 -2.001202E+00 -3.054245E-01 -3.054245E-01
    20    40290.4527    7.62042657  1.261006E+09  4.013285E+06  2.985797E+33
        7.817187E+00  2.280895E+01  6.254173E+00  0.0000000000  0.000000E+00
        5.709955E+33 -4.020917E+00 -2.001157E+00 -3.054250E-01 -3.054250E-01
    21    39688.6365    7.62522615  1.254057E+09  4.191024E+06  2.780461E+33
        7.812082E+00  2.281160E+01  6.255971E+00  0.0000000000  0.000000E+00
        5.310470E+33 -4.020917E+00 -2.001085E+00 -3.054257E-01 -3.054257E-01
    22    39054.2545    7.63015626  1.246959E+09  4.383312E+06  2.577481E+33
        7.806878E+00  2.281426E+01  6.257771E+00  0.0000000000  0.000000E+00
        4.924168E+33 -4.020917E+00 -2.001003E+00 -3.054266E-01 -3.054266E-01
    23    38485.8597    7.63443921  1.240826E+09  4.564688E+06  2.406821E+33
        7.802227E+00  2.281659E+01  6.259345E+00  0.0000000000  0.000000E+00
        4.596817E+33 -4.020917E+00 -1.997269E+00 -3.054644E-01 -3.054644E-01
    24    37816.9475    7.63948481  1.233639E+09  4.791882E+06  2.217887E+33
        7.796739E+00  2.281928E+01  6.261166E+00  0.0000000000  0.000000E+00
        4.232067E+33 -4.020917E+00 -1.994519E+00 -3.054924E-01 -3.054924E-01
    25    37182.2112    7.64427920  1.226848E+09  5.024651E+06  2.049934E+33
        7.791442E+00  2.282182E+01  6.262886E+00  0.0000000000  0.000000E+00
        3.901840E+33 -4.020917E+00 -1.992604E+00 -3.055120E-01 -3.055120E-01
    26    36485.0199    7.64954229  1.219437E+09  5.299398E+06  1.877562E+33
        7.785572E+00  2.282456E+01  6.264746E+00  0.0000000000  0.000000E+00
        3.560395E+33 -4.020917E+00 -1.991302E+00 -3.055254E-01 -3.055254E-01
    27    35871.4172    7.65410571  1.213047E+09  5.552483E+06  1.736068E+33
        7.780465E+00  2.282689E+01  6.266322E+00  0.0000000000  0.000000E+00
        3.283781E+33 -4.020917E+00 -1.991302E+00 -3.055254E-01 -3.055254E-01
    28    35299.5658    7.65831648  1.207180E+09  5.802208E+06  1.612275E+33
        7.775679E+00  2.282902E+01  6.267762E+00  0.0000000000  0.000000E+00
        3.041238E+33 -4.020917E+00 -1.991302E+00 -3.055254E-01 -3.055254E-01
    29    34746.8371    7.66236989  1.201560E+09  6.061011E+06  1.499579E+33
        7.770956E+00  2.283106E+01  6.269144E+00  0.0000000000  0.000000E+00
        2.817197E+33 -4.020917E+00 -1.991302E+00 -3.055254E-01 -3.055254E-01
    30    34129.4486    7.66685110  1.195377E+09  6.370704E+06  1.381479E+33
        7.765596E+00  2.283330E+01  6.270660E+00  0.0000000000  0.000000E+00
        2.580512E+33 -4.020917E+00 -1.991302E+00 -3.055254E-01 -3.055254E-01
    31    33514.4856    7.67129254  1.189280E+09  6.703985E+06  1.271499E+33
        7.760130E+00  2.283550E+01  6.272150E+00  0.0000000000  0.000000E+00
        2.357613E+33 -4.020917E+00 -1.991302E+00 -3.055254E-01 -3.055254E-01
    32    32939.4117    7.67540449  1.183663E+09  7.037938E+06  1.175269E+33
        7.754927E+00  2.283751E+01  6.273516E+00  0.0000000000  0.000000E+00
        2.161801E+33 -4.020917E+00 -1.991302E+00 -3.055254E-01 -3.055254E-01
    33    32399.5049    7.67923810  1.178451E+09  7.374645E+06  1.090420E+33
        7.749927E+00  2.283938E+01  6.274784E+00  0.0000000000  0.000000E+00
        1.987863E+33 -4.020917E+00 -1.991302E+00 -3.055254E-01 -3.055254E-01
    34    31854.6572    7.68304182  1.173301E+09  7.735774E+06  1.010016E+33
        7.744815E+00  2.284122E+01  6.276035E+00  0.0000000000  0.000000E+00
        1.823548E+33 -4.020917E+00 -1.991302E+00 -3.055254E-01 -3.055254E-01
    35    31297.0756    7.68696900  1.168008E+09  8.142918E+06  9.326620E+32
        7.739333E+00  2.284313E+01  6.277329E+00  0.0000000000  0.000000E+00
        1.661522E+33 -4.020917E+00 -1.991302E+00 -3.055254E-01 -3.055254E-01
    36    30761.3997    7.69064594  1.163074E+09  8.553262E+06  8.630912E+32
        7.734067E+00  2.284489E+01  6.278526E+00  0.0000000000  0.000000E+00
        1.518751E+33 -4.020917E+00 -1.991302E+00 -3.055254E-01 -3.055254E-01
    37    30330.6511    7.69366968  1.159032E+09  8.923583E+06  8.100942E+32
        7.729510E+00  2.284636E+01  6.279527E+00  0.0000000000  0.000000E+00
        1.404641E+33 -4.020917E+00 -1.991302E+00 -3.055254E-01 -3.055254E-01
    38    29806.0689    7.69731145  1.154183E+09  9.405132E+06  7.491790E+32
        7.723853E+00  2.284811E+01  6.280722E+00  0.0000000000  0.000000E+00
        1.274427E+33 -4.020917E+00 -1.991302E+00 -3.055254E-01 -3.055254E-01
    39    29311.4163    7.70071892  1.149664E+09  9.896211E+06  6.951949E+32
        7.718346E+00  2.284975E+01  6.281835E+00  0.0000000000  0.000000E+00
        1.158897E+33 -4.020917E+00 -1.991302E+00 -3.055254E-01 -3.055254E-01
    40    28859.7210    7.70372956  1.145686E+09  1.036000E+07  6.488095E+32
        7.713358E+00  2.285117E+01  6.282804E+00  0.0000000000  0.000000E+00
        1.063085E+33 -4.020917E+00 -1.991302E+00 -3.055254E-01 -3.055254E-01
    41    28479.3755    7.70634754  1.142238E+09  1.080601E+07  6.115790E+32
        7.708738E+00  2.285243E+01  6.283670E+00  0.0000000000  0.000000E+00
        9.813005E+32 -4.020917E+00 -1.991302E+00 -3.055254E-01 -3.055254E-01
    42    27978.7592    7.70975641  1.137764E+09  1.143366E+07  5.652436E+32
        7.702529E+00  2.285407E+01  6.284790E+00  0.0000000000  0.000000E+00
        8.811457E+32 -4.020917E+00 -1.991302E+00 -3.055254E-01 -3.055254E-01
    43    27503.2510    7.71289852  1.133656E+09  1.206091E+07  5.239814E+32
        7.696599E+00  2.285556E+01  6.285816E+00  0.0000000000  0.000000E+00
        7.950139E+32 -4.020917E+00 -1.991302E+00 -3.055254E-01 -3.055254E-01
    44    27032.2148    7.71608435  1.129505E+09  1.276862E+07  4.854231E+32
        7.690213E+00  2.285711E+01  6.286876E+00  0.0000000000  0.000000E+00
        7.116665E+32 -4.020917E+00 -1.991302E+00 -3.055254E-01 -3.055254E-01
    45    26585.5647    7.71907730  1.125620E+09  1.349414E+07  4.510083E+32
        7.683953E+00  2.285855E+01  6.287871E+00  0.0000000000  0.000000E+00
        6.385051E+32 -4.020917E+00 -1.991302E+00 -3.055254E-01 -3.055254E-01
    46    26142.4835    7.72195407  1.121898E+09  1.425145E+07  4.189012E+32
        7.677695E+00  2.285993E+01  6.288819E+00  0.0000000000  0.000000E+00
        5.729483E+32 -4.020917E+00 -1.991302E+00 -3.055254E-01 -3.055254E-01
    47    25694.8961    7.72485969  1.118151E+09  1.509473E+07  3.883345E+32
        7.671026E+00  2.286132E+01  6.289779E+00  0.0000000000  0.000000E+00
        5.105988E+32 -4.020917E+00 -1.991302E+00 -3.055254E-01 -3.055254E-01
    48    25329.6638    7.72727771  1.115043E+09  1.587883E+07  3.646853E+32
        7.665068E+00  2.286250E+01  6.290597E+00  0.0000000000  0.000000E+00
        4.607462E+32 -4.020917E+00 -1.991302E+00 -3.055254E-01 -3.055254E-01
    49    24910.9534    7.73003244  1.111512E+09  1.685591E+07  3.390059E+32
        7.657962E+00  2.286385E+01  6.291526E+00  0.0000000000  0.000000E+00
        4.077709E+32 -4.020917E+00 -1.991302E+00 -3.055254E-01 -3.055254E-01
    50    24502.8389    7.73264942  1.108168E+09  1.786539E+07  3.154238E+32
        7.650939E+00  2.286511E+01  6.292400E+00  0.0000000000  0.000000E+00
        3.615156E+32 -4.020917E+00 -1.991302E+00 -3.055254E-01 -3.055254E-01
    51    24111.2454    7.73517697  1.104948E+09  1.894700E+07  2.940220E+32
        7.643739E+00  2.286634E+01  6.293255E+00  0.0000000000  0.000000E+00
        3.196505E+32 -4.020917E+00 -1.991302E+00 -3.055254E-01 -3.055254E-01
    52    23751.8921    7.73752711  1.101963E+09  2.007091E+07  2.753874E+32
        7.636577E+00  2.286750E+01  6.294068E+00  0.0000000000  0.000000E+00
        2.829001E+32 -4.020917E+00 -1.991302E+00 -3.055254E-01 -3.055254E-01
    53    23372.2504    7.73999295  1.098839E+09  2.136475E+07  2.567364E+32
        7.628702E+00  2.286872E+01  6.294921E+00  0.0000000000  0.000000E+00
        2.474391E+32 -4.020917E+00 -1.991302E+00 -3.055254E-01 -3.055254E-01
    54    23011.7166    7.74234174  1.095871E+09  2.273599E+07  2.399565E+32
        7.620735E+00  2.286990E+01  6.295744E+00  0.0000000000  0.000000E+00
        2.161443E+32 -4.020917E+00 -1.991302E+00 -3.055254E-01 -3.055254E-01
    55    22651.3247    7.74468054  1.092924E+09  2.424643E+07  2.240640E+32
        7.612364E+00  2.287107E+01  6.296567E+00  0.0000000000  0.000000E+00
        1.875739E+32 -4.020917E+00 -1.991302E+00 -3.055254E-01 -3.055254E-01
    56    22303.4057    7.74693200  1.090095E+09  2.585787E+07  2.095227E+32
        7.603852E+00  2.287220E+01  6.297362E+00  0.0000000000  0.000000E+00
        1.624232E+32 -4.020917E+00 -1.991302E+00 -3.055254E-01 -3.055254E-01
    57    21959.4262    7.74914725  1.087319E+09  2.761365E+07  1.958912E+32
        7.595021E+00  2.287331E+01  6.298148E+00  0.0000000000  0.000000E+00
        1.399068E+32 -4.020917E+00 -1.991302E+00 -3.055254E-01 -3.055254E-01
    58    21614.0889    7.75136019  1.084552E+09  2.955835E+07  1.829219E+32
        7.585725E+00  2.287443E+01  6.298937E+00  0.0000000000  0.000000E+00
        1.195723E+32 -4.020917E+00 -1.991302E+00 -3.055254E-01 -3.055254E-01
    59    21270.7950    7.75354885  1.081822E+09  3.169354E+07  1.707121E+32
        7.576040E+00  2.287553E+01  6.299720E+00  0.0000000000  0.000000E+00
        1.015122E+32 -4.020917E+00 -1.991302E+00 -3.055254E-01 -3.055254E-01
    60    20929.1260    7.75571567  1.079127E+09  3.404240E+07  1.592088E+32
        7.565944E+00  2.287663E+01  6.300498E+00  0.0000000000  0.000000E+00
        8.555985E+31 -4.020917E+00 -1.991302E+00 -3.055254E-01 -3.055254E-01
    61    20588.0169    7.75786470  1.076460E+09  3.663310E+07  1.483446E+32
        7.555405E+00  2.287771E+01  6.301272E+00  0.0000000000  0.000000E+00
        7.154296E+31 -4.020917E+00 -1.991302E+00 -3.055254E-01 -3.055254E-01
    62    20246.3740    7.76000390  1.073813E+09  3.950365E+07  1.380586E+32
        7.544367E+00  2.287879E+01  6.302043E+00  0.0000000000  0.000000E+00
        5.927974E+31 -4.020917E+00 -1.991302E+00 -3.055254E-01 -3.055254E-01
    63    19903.7467    7.76213520  1.071181E+09  4.268779E+07  1.283165E+32
        7.532809E+00  2.287987E+01  6.302809E+00  0.0000000000  0.000000E+00
        4.864363E+31 -4.020917E+00 -1.991302E+00 -3.055254E-01 -3.055254E-01
    64    19558.2997    7.76427078  1.068550E+09  4.623943E+07  1.190507E+32
        7.520661E+00  2.288094E+01  6.303572E+00  0.0000000000  0.000000E+00
        3.946873E+31 -4.020917E+00 -1.991302E+00 -3.055254E-01 -3.055254E-01
    65    19209.9257    7.76641203  1.065919E+09  5.020252E+07  1.102476E+32
        7.507911E+00  2.288201E+01  6.304334E+00  0.0000000000  0.000000E+00
        3.164429E+31 -4.020917E+00 -1.991302E+00 -3.055254E-01 -3.055254E-01
    66    18856.0626    7.76857310  1.063271E+09  5.465173E+07  1.018378E+32
        7.494468E+00  2.288309E+01  6.305099E+00  0.0000000000  0.000000E+00
        2.501782E+31 -4.020917E+00 -1.991302E+00 -3.055254E-01 -3.055254E-01
    67    18497.3228    7.77075048  1.060609E+09  5.963986E+07  9.383466E+31
        7.480327E+00  2.288417E+01  6.305867E+00  0.0000000000  0.000000E+00
        1.949155E+31 -4.020917E+00 -1.991302E+00 -3.055254E-01 -3.055254E-01
    68    18133.7620    7.77293696  1.057942E+09  6.522008E+07  8.623686E+31
        7.465493E+00  2.288524E+01  6.306636E+00  0.0000000000  0.000000E+00
        1.495756E+31 -4.020917E+00 -1.991302E+00 -3.055254E-01 -3.055254E-01
    69    17768.0547    7.77510954  1.055299E+09  7.139667E+07  7.909122E+31
        7.450094E+00  2.288630E+01  6.307393E+00  0.0000000000  0.000000E+00
        1.132552E+31 -4.020917E+00 -1.991302E+00 -3.055254E-01 -3.055254E-01
    70    17400.8272    7.77726216  1.052687E+09  7.820478E+07  7.239285E+31
        7.434176E+00  2.288733E+01  6.308134E+00  0.0000000000  0.000000E+00
        8.463653E+30 -4.020917E+00 -1.991302E+00 -3.055254E-01 -3.055254E-01
    71    17032.2725    7.77939384  1.050107E+09  8.568744E+07  6.612639E+31
        7.417768E+00  2.288834E+01  6.308864E+00  0.0000000000  0.000000E+00
        6.242285E+30 -4.020917E+00 -1.991302E+00 -3.055254E-01 -3.055254E-01
    72    16662.6284    7.78150431  1.047558E+09  9.388756E+07  6.027649E+31
        7.400895E+00  2.288934E+01  6.309583E+00  0.0000000000  0.000000E+00
        4.543888E+30 -4.020917E+00 -1.991302E+00 -3.055254E-01 -3.055254E-01
    73    16293.1320    7.78359120  1.045045E+09  1.028345E+08  5.484100E+31
        7.383608E+00  2.289033E+01  6.310296E+00  0.0000000000  0.000000E+00
        3.266579E+30 -4.020917E+00 -1.991302E+00 -3.055254E-01 -3.055254E-01
    74    15927.2209    7.78561560  1.042612E+09  1.125453E+08  4.984512E+31
        7.365973E+00  2.289130E+01  6.310995E+00  0.0000000000  0.000000E+00
        2.321285E+30 -4.020917E+00 -1.988018E+00 -3.055594E-01 -3.055594E-01
    75    15561.4556    7.78763912  1.040186E+09  1.230265E+08  4.521057E+31
        7.348076E+00  2.289225E+01  6.311676E+00  0.0000000000  0.000000E+00
        1.633371E+30 -4.020917E+00 -1.988018E+00 -3.055594E-01 -3.055594E-01
    76    15199.6702    7.78962731  1.037807E+09  1.342923E+08  4.096261E+31
        7.329980E+00  2.289316E+01  6.312333E+00  0.0000000000  0.000000E+00
        1.139395E+30 -4.020917E+00 -1.988018E+00 -3.055594E-01 -3.055594E-01
    77    14842.3136    7.79158674  1.035469E+09  1.463899E+08  3.707643E+31
        7.311688E+00  2.289404E+01  6.312965E+00  0.0000000000  0.000000E+00
        7.880954E+29 -4.020917E+00 -1.988018E+00 -3.055594E-01 -3.055594E-01
    78    14490.6481    7.79352433  1.033162E+09  1.593692E+08  3.353553E+31
        7.293204E+00  2.289488E+01  6.313568E+00  0.0000000000  0.000000E+00
        5.406543E+29 -4.020917E+00 -1.988018E+00 -3.055594E-01 -3.055594E-01
    79    14145.8147    7.79544162  1.030884E+09  1.732310E+08  3.032135E+31
        7.274611E+00  2.289568E+01  6.314142E+00  0.0000000000  0.000000E+00
        3.685387E+29 -4.020917E+00 -1.988018E+00 -3.055594E-01 -3.055594E-01
    80    13807.7661    7.79734392  1.028628E+09  1.880227E+08  2.740489E+31
        7.255918E+00  2.289644E+01  6.314686E+00  0.0000000000  0.000000E+00
        2.497376E+29 -4.020917E+00 -1.988018E+00 -3.055594E-01 -3.055594E-01
    81    13476.5068    7.79923075  1.026396E+09  2.038021E+08  2.476035E+31
        7.237124E+00  2.289717E+01  6.315205E+00  0.0000000000  0.000000E+00
        1.682909E+29 -4.020917E+00 -1.988018E+00 -3.055594E-01 -3.055594E-01
    82    13150.7725    7.80109681  1.024193E+09  2.206355E+08  2.235561E+31
        7.218216E+00  2.289786E+01  6.315698E+00  0.0000000000  0.000000E+00
        1.128190E+29 -4.020917E+00 -1.988018E+00 -3.055594E-01 -3.055594E-01
    83    12841.7795    7.80286644  1.022109E+09  2.379218E+08  2.024476E+31
        7.199878E+00  2.289848E+01  6.316145E+00  0.0000000000  0.000000E+00
        7.638961E+28 -4.020917E+00 -1.988018E+00 -3.055594E-01 -3.055594E-01
    84    12566.7171    7.80443719  1.020262E+09  2.544573E+08  1.849816E+31
        7.183246E+00  2.289901E+01  6.316532E+00  0.0000000000  0.000000E+00
        5.356138E+28 -4.020917E+00 -1.988018E+00 -3.055594E-01 -3.055594E-01
    85    12321.1331    7.80583306  1.018624E+09  2.701969E+08  1.703914E+31
        7.168164E+00  2.289948E+01  6.316873E+00  0.0000000000  0.000000E+00
        3.879222E+28 -4.020917E+00 -1.988018E+00 -3.055594E-01 -3.055594E-01
    86    12097.9258    7.80709531  1.017145E+09  2.853597E+08  1.579162E+31
        7.154270E+00  2.289991E+01  6.317182E+00  0.0000000000  0.000000E+00
        2.881303E+28 -4.020917E+00 -1.988018E+00 -3.055594E-01 -3.055594E-01
    87    11940.8400    7.80798066  1.016108E+09  2.965256E+08  1.495675E+31
        7.144386E+00  2.290022E+01  6.317402E+00  0.0000000000  0.000000E+00
        2.332044E+28 -4.020917E+00 -1.988018E+00 -3.055594E-01 -3.055594E-01
    88    11811.8218    7.80870695  1.015259E+09  3.060305E+08  1.429680E+31
        7.136199E+00  2.290047E+01  6.317583E+00  0.0000000000  0.000000E+00
        1.957621E+28 -4.020917E+00 -1.988018E+00 -3.055594E-01 -3.055594E-01
    89    11708.5135    7.80928868  1.014579E+09  3.138681E+08  1.378468E+31
        7.129598E+00  2.290068E+01  6.317728E+00  0.0000000000  0.000000E+00
        1.700212E+28 -4.020917E+00 -1.988018E+00 -3.055594E-01 -3.055594E-01
    90    11618.9560    7.80979452  1.013989E+09  3.208356E+08  1.335218E+31
        7.123842E+00  2.290085E+01  6.317854E+00  0.0000000000  0.000000E+00
        1.503698E+28 -4.020917E+00 -1.988018E+00 -3.055594E-01 -3.055594E-01
    91    11529.8916    7.81030078  1.013398E+09  3.279353E+08  1.293238E+31
        7.118085E+00  2.290102E+01  6.317978E+00  0.0000000000  0.000000E+00
        1.330038E+28 -4.020917E+00 -1.988018E+00 -3.055594E-01 -3.055594E-01
    92    11449.2873    7.81076309  1.012859E+09  3.345101E+08  1.256114E+31
        7.112845E+00  2.290118E+01  6.318090E+00  0.0000000000  0.000000E+00
        1.189662E+28 -4.020917E+00 -1.988018E+00 -3.055594E-01 -3.055594E-01
    93    11371.0459    7.81121856  1.012328E+09  3.410350E+08  1.220847E+31
        7.107732E+00  2.290133E+01  6.318198E+00  0.0000000000  0.000000E+00
        1.067074E+28 -4.020917E+00 -1.988018E+00 -3.055594E-01 -3.055594E-01
    94    11294.4038    7.81167096  1.011801E+09  3.475685E+08  1.187027E+31
        7.102696E+00  2.290148E+01  6.318303E+00  0.0000000000  0.000000E+00
        9.588670E+27 -4.020917E+00 -1.988018E+00 -3.055594E-01 -3.055594E-01
    95    11216.6762    7.81213393  1.011261E+09  3.543407E+08  1.153456E+31
        7.097563E+00  2.290163E+01  6.318409E+00  0.0000000000  0.000000E+00
        8.600118E+27 -4.020917E+00 -1.988018E+00 -3.055594E-01 -3.055594E-01
    96    11141.0386    7.81258877  1.010732E+09  3.610768E+08  1.121482E+31
        7.092541E+00  2.290177E+01  6.318511E+00  0.0000000000  0.000000E+00
        7.733191E+27 -4.020917E+00 -1.988018E+00 -3.055594E-01 -3.055594E-01
    97    11061.9745    7.81306900  1.010173E+09  3.682789E+08  1.088779E+31
        7.087263E+00  2.290192E+01  6.318616E+00  0.0000000000  0.000000E+00
        6.917568E+27 -4.020917E+00 -1.988018E+00 -3.055594E-01 -3.055594E-01
    98    10982.0075    7.81355976  1.009603E+09  3.757346E+08  1.056441E+31
        7.081895E+00  2.290206E+01  6.318722E+00  0.0000000000  0.000000E+00
        6.177663E+27 -4.020917E+00 -1.988018E+00 -3.055594E-01 -3.055594E-01
    99    10901.5506    7.81405944  1.009022E+09  3.834162E+08  1.024641E+31
        7.076463E+00  2.290221E+01  6.318827E+00  0.0000000000  0.000000E+00
        5.510851E+27 -4.020917E+00 -1.988018E+00 -3.055594E-01 -3.055594E-01
   100    10820.2478    7.81456628  1.008434E+09  3.913661E+08  9.932551E+30
        7.070942E+00  2.290235E+01  6.318931E+00  0.0000000000  0.000000E+00
        4.908349E+27 -4.020917E+00 -1.988018E+00 -3.055594E-01 -3.055594E-01
   101    10733.3248    7.81510530  1.007808E+09  4.000810E+08  9.605280E+30
        7.065006E+00  2.290251E+01  6.319040E+00  0.0000000000  0.000000E+00
        4.335352E+27 -4.020917E+00 -1.988018E+00 -3.055594E-01 -3.055594E-01
   102    10642.6854    7.81567237  1.007150E+09  4.094189E+08  9.272798E+30
        7.058775E+00  2.290266E+01  6.319153E+00  0.0000000000  0.000000E+00
        3.807283E+27 -4.020917E+00 -1.988018E+00 -3.055594E-01 -3.055594E-01
   103    10564.8322    7.81616566  1.006578E+09  4.176448E+08  8.994210E+30
        7.053389E+00  2.290279E+01  6.319249E+00  0.0000000000  0.000000E+00
        3.404131E+27 -4.020917E+00 -1.988018E+00 -3.055594E-01 -3.055594E-01
   104    10473.6068    7.81674550  1.005907E+09  4.275462E+08  8.675966E+30
        7.047038E+00  2.290294E+01  6.319360E+00  0.0000000000  0.000000E+00
        2.984627E+27 -4.020917E+00 -1.988018E+00 -3.055594E-01 -3.055594E-01
   105    10378.3662    7.81734677  1.005211E+09  4.381871E+08  8.353096E+30
        7.040365E+00  2.290310E+01  6.319475E+00  0.0000000000  0.000000E+00
        2.600807E+27 -4.020917E+00 -1.988018E+00 -3.055594E-01 -3.055594E-01
   106    10274.7714    7.81799173  1.004464E+09  4.501298E+08  8.012632E+30
        7.033058E+00  2.290327E+01  6.319599E+00  0.0000000000  0.000000E+00
        2.238381E+27 -4.020917E+00 -1.988018E+00 -3.055594E-01 -3.055594E-01
   107    10165.9309    7.81867363  1.003676E+09  4.631160E+08  7.666431E+30
        7.025318E+00  2.290344E+01  6.319728E+00  0.0000000000  0.000000E+00
        1.911009E+27 -4.020917E+00 -1.988018E+00 -3.055594E-01 -3.055594E-01
   108    10057.5532    7.81936004  1.002883E+09  4.765131E+08  7.333099E+30
        7.017547E+00  2.290361E+01  6.319855E+00  0.0000000000  0.000000E+00
        1.631880E+27 -4.020917E+00 -1.988018E+00 -3.055594E-01 -3.055594E-01
   109     9948.7300    7.82005620  1.002080E+09  4.904560E+08  7.009590E+30
        7.009678E+00  2.290379E+01  6.319981E+00  0.0000000000  0.000000E+00
        1.392075E+27 -4.020917E+00 -1.988018E+00 -3.055594E-01 -3.055594E-01
   110     9873.8319    7.82053375  1.001529E+09  5.003236E+08  6.793404E+30
        7.004226E+00  2.290390E+01  6.320068E+00  0.0000000000  0.000000E+00
        1.247660E+27 -4.020917E+00 -1.988018E+00 -3.055594E-01 -3.055594E-01
   111     9758.7655    7.82127240  1.000678E+09  5.160105E+08  6.471208E+30
        6.995790E+00  2.290408E+01  6.320200E+00  0.0000000000  0.000000E+00
        1.054231E+27 -4.020917E+00 -1.988018E+00 -3.055594E-01 -3.055594E-01
   112     9644.2772    7.82200976  9.998285E+08  5.322287E+08  6.162362E+30
        6.987326E+00  2.290426E+01  6.320330E+00  0.0000000000  0.000000E+00
        8.914240E+26 -4.020917E+00 -1.988018E+00 -3.055594E-01 -3.055594E-01
   113     9525.0692    7.82277504  9.989480E+08  5.497963E+08  5.852963E+30
        6.978438E+00  2.290444E+01  6.320462E+00  0.0000000000  0.000000E+00
        7.485467E+26 -4.020917E+00 -1.988018E+00 -3.055594E-01 -3.055594E-01
   114     9399.0178    7.82356860  9.980358E+08  5.691559E+08  5.539104E+30
        6.968966E+00  2.290463E+01  6.320598E+00  0.0000000000  0.000000E+00
        6.224442E+26 -4.020917E+00 -1.988018E+00 -3.055594E-01 -3.055594E-01
   115     9266.6230    7.82439627  9.970852E+08  5.904143E+08  5.223577E+30
        6.958929E+00  2.290483E+01  6.320736E+00  0.0000000000  0.000000E+00
        5.129380E+26 -4.020917E+00 -1.988018E+00 -3.055594E-01 -3.055594E-01
   116     9192.4349    7.82485724  9.965562E+08  6.027096E+08  5.052930E+30
        6.953264E+00  2.290493E+01  6.320811E+00  0.0000000000  0.000000E+00
        4.603032E+26 -4.020917E+00 -1.988018E+00 -3.055594E-01 -3.055594E-01
   117     9054.4972    7.82570970  9.955786E+08  6.265447E+08  4.747073E+30
        6.942655E+00  2.290513E+01  6.320948E+00  0.0000000000  0.000000E+00
        3.765055E+26 -4.020917E+00 -1.988018E+00 -3.055594E-01 -3.055594E-01
   118     8909.3757    7.82659692  9.945622E+08  6.529356E+08  4.440894E+30
        6.931381E+00  2.290533E+01  6.321090E+00  0.0000000000  0.000000E+00
        3.049098E+26 -4.020917E+00 -1.988018E+00 -3.055594E-01 -3.055594E-01
   119     8769.3102    7.82745111  9.935846E+08  6.797697E+08  4.159957E+30
        6.920382E+00  2.290552E+01  6.321224E+00  0.0000000000  0.000000E+00
        2.488704E+26 -4.020917E+00 -1.988018E+00 -3.055594E-01 -3.055594E-01
   120     8630.2940    7.82829859  9.926157E+08  7.078423E+08  3.894772E+30
        6.909341E+00  2.290570E+01  6.321356E+00  0.0000000000  0.000000E+00
        2.035111E+26 -4.020917E+00 -1.988018E+00 -3.055594E-01 -3.055594E-01
   121     8490.9922    7.82914460  9.916493E+08  7.375441E+08  3.642231E+30
        6.898142E+00  2.290589E+01  6.321489E+00  0.0000000000  0.000000E+00
        1.664020E+26 -4.020917E+00 -1.988018E+00 -3.055594E-01 -3.055594E-01
   122     8355.5592    7.82996813  9.907095E+08  7.680632E+08  3.408884E+30
        6.887111E+00  2.290607E+01  6.321618E+00  0.0000000000  0.000000E+00
        1.368193E+26 -4.020917E+00 -1.988018E+00 -3.055594E-01 -3.055594E-01
   123     8248.6150    7.83062082  9.899654E+08  7.933685E+08  3.232820E+30
        6.878287E+00  2.290620E+01  6.321719E+00  0.0000000000  0.000000E+00
        1.172131E+26 -4.020917E+00 -1.988018E+00 -3.055594E-01 -3.055594E-01
   124     8116.2510    7.83143161  9.890417E+08  8.264409E+08  3.024604E+30
        6.867216E+00  2.290638E+01  6.321845E+00  0.0000000000  0.000000E+00
        9.674006E+25 -4.020917E+00 -1.988018E+00 -3.055594E-01 -3.055594E-01
   125     7985.9630    7.83223297  9.881296E+08  8.609935E+08  2.829792E+30
        6.856136E+00  2.290655E+01  6.321968E+00  0.0000000000  0.000000E+00
        8.003116E+25 -4.020917E+00 -1.988018E+00 -3.055594E-01 -3.055594E-01
   126     7856.5410    7.83303329  9.872196E+08  8.974857E+08  2.645882E+30
        6.844932E+00  2.290672E+01  6.322093E+00  0.0000000000  0.000000E+00
        6.621155E+25 -4.020917E+00 -1.988018E+00 -3.055594E-01 -3.055594E-01
   127     7729.8774    7.83382295  9.863225E+08  9.355206E+08  2.474832E+30
        6.833750E+00  2.290688E+01  6.322216E+00  0.0000000000  0.000000E+00
        5.491925E+25 -4.020917E+00 -1.988018E+00 -3.055594E-01 -3.055594E-01
   128     7605.4392    7.83460339  9.854367E+08  9.753452E+08  2.315112E+30
        6.822536E+00  2.290705E+01  6.322340E+00  0.0000000000  0.000000E+00
        4.563560E+25 -4.020917E+00 -1.988018E+00 -3.055594E-01 -3.055594E-01
   129     7482.8329    7.83537729  9.845591E+08  1.017184E+09  2.165535E+30
        6.811253E+00  2.290723E+01  6.322465E+00  0.0000000000  0.000000E+00
        3.794726E+25 -4.020917E+00 -1.988018E+00 -3.055594E-01 -3.055594E-01
   130     7362.9441    7.83614035  9.836945E+08  1.060784E+09  2.026487E+30
        6.799990E+00  2.290740E+01  6.322590E+00  0.0000000000  0.000000E+00
        3.162589E+25 -4.020917E+00 -1.988018E+00 -3.055594E-01 -3.055594E-01
   131     7245.7253    7.83689123  9.828445E+08  1.106121E+09  1.897206E+30
        6.788765E+00  2.290757E+01  6.322714E+00  0.0000000000  0.000000E+00
        2.643267E+25 -4.020917E+00 -1.988018E+00 -3.055594E-01 -3.055594E-01
   132     7131.6255    7.83762643  9.820129E+08  1.152935E+09  1.777485E+30
        6.777650E+00  2.290773E+01  6.322835E+00  0.0000000000  0.000000E+00
        2.216437E+25 -4.020917E+00 -1.988018E+00 -3.055594E-01 -3.055594E-01
   133     7046.4003    7.83818013  9.813871E+08  1.189603E+09  1.691872E+30
        6.769235E+00  2.290786E+01  6.322924E+00  0.0000000000  0.000000E+00
        1.942584E+25 -4.020917E+00 -1.988018E+00 -3.055594E-01 -3.055594E-01
   134     6971.3048    7.83867094  9.808327E+08  1.223182E+09  1.619062E+30
        6.761748E+00  2.290796E+01  6.323002E+00  0.0000000000  0.000000E+00
        1.728340E+25 -4.020917E+00 -1.988018E+00 -3.055594E-01 -3.055594E-01
   135     6867.2407    7.83935819  9.800570E+08  1.271928E+09  1.522121E+30
        6.751266E+00  2.290811E+01  6.323106E+00  0.0000000000  0.000000E+00
        1.470164E+25 -4.020917E+00 -1.988018E+00 -3.055594E-01 -3.055594E-01
   136     6767.1899    7.84002902  9.793003E+08  1.321169E+09  1.433120E+30
        6.741076E+00  2.290824E+01  6.323202E+00  0.0000000000  0.000000E+00
        1.257481E+25 -4.020917E+00 -1.988018E+00 -3.055594E-01 -3.055594E-01
   137     6679.8809    7.84062794  9.786253E+08  1.366102E+09  1.358705E+30
        6.732096E+00  2.290835E+01  6.323283E+00  0.0000000000  0.000000E+00
        1.097263E+25 -4.020917E+00 -1.988018E+00 -3.055594E-01 -3.055594E-01
   138     6589.2499    7.84127040  9.779017E+08  1.414891E+09  1.284552E+30
        6.722683E+00  2.290847E+01  6.323364E+00  0.0000000000  0.000000E+00
        9.518305E+24 -4.020917E+00 -1.988018E+00 -3.055594E-01 -3.055594E-01
   139     6503.4625    7.84190869  9.771834E+08  1.463217E+09  1.217161E+30
        6.713678E+00  2.290857E+01  6.323440E+00  0.0000000000  0.000000E+00
        8.318258E+24 -4.020917E+00 -1.988018E+00 -3.055594E-01 -3.055594E-01
   140     6421.8382    7.84255685  9.764545E+08  1.511317E+09  1.155470E+30
        6.705011E+00  2.290867E+01  6.323509E+00  0.0000000000  0.000000E+00
        7.312126E+24 -4.020917E+00 -1.988018E+00 -3.055594E-01 -3.055594E-01
   141     6344.1298    7.84322120  9.757079E+08  1.559231E+09  1.098867E+30
        6.696656E+00  2.290876E+01  6.323574E+00  0.0000000000  0.000000E+00
        6.459819E+24 -4.020917E+00 -1.988018E+00 -3.055594E-01 -3.055594E-01
   142     6270.0434    7.84389612  9.749500E+08  1.607015E+09  1.046801E+30
        6.688581E+00  2.290884E+01  6.323634E+00  0.0000000000  0.000000E+00
        5.735713E+24 -4.020917E+00 -1.988018E+00 -3.055594E-01 -3.055594E-01
   143     6198.7352    7.84457202  9.741917E+08  1.655090E+09  9.984322E+29
        6.680704E+00  2.290892E+01  6.323691E+00  0.0000000000  0.000000E+00
        5.108765E+24 -4.020917E+00 -1.988018E+00 -3.055594E-01 -3.055594E-01
   144     6129.7967    7.84525195  9.734294E+08  1.703695E+09  9.532583E+29
        6.672976E+00  2.290900E+01  6.323744E+00  0.0000000000  0.000000E+00
        4.563466E+24 -4.020917E+00 -1.988018E+00 -3.055594E-01 -3.055594E-01
   145     6062.6902    7.84595647  9.726401E+08  1.753248E+09  9.107167E+29
        6.665326E+00  2.290907E+01  6.323794E+00  0.0000000000  0.000000E+00
        4.082606E+24 -4.020917E+00 -1.988018E+00 -3.055594E-01 -3.055594E-01
   146     5996.7971    7.84670418  9.718032E+08  1.804314E+09  8.702650E+29
        6.657671E+00  2.290913E+01  6.323842E+00  0.0000000000  0.000000E+00
        3.652681E+24 -4.020917E+00 -1.988018E+00 -3.055594E-01 -3.055594E-01
   147     5931.8302    7.84749094  9.709233E+08  1.857256E+09  8.316530E+29
        6.649963E+00  2.290920E+01  6.323886E+00  0.0000000000  0.000000E+00
        3.267182E+24 -4.020917E+00 -1.988018E+00 -3.055594E-01 -3.055594E-01
   148     5866.6873    7.84831038  9.700078E+08  1.913227E+09  7.942178E+29
        6.642052E+00  2.290925E+01  6.323927E+00  0.0000000000  0.000000E+00
        2.914179E+24 -4.020917E+00 -1.988018E+00 -3.055594E-01 -3.055594E-01
   149     5801.1932    7.84914511  9.690760E+08  1.972804E+09  7.578835E+29
        6.633882E+00  2.290931E+01  6.323967E+00  0.0000000000  0.000000E+00
        2.590588E+24 -4.020917E+00 -1.988018E+00 -3.055594E-01 -3.055594E-01
   150     5736.0710    7.84998838  9.681357E+08  2.035939E+09  7.230161E+29
        6.625481E+00  2.290937E+01  6.324006E+00  0.0000000000  0.000000E+00
        2.295575E+24 -4.020917E+00 -1.988018E+00 -3.055594E-01 -3.055594E-01
   151     5669.1048    7.85091111  9.671077E+08  2.106331E+09  6.883750E+29
        6.616404E+00  2.290943E+01  6.324047E+00  0.0000000000  0.000000E+00
        2.014894E+24 -4.020917E+00 -1.988018E+00 -3.055594E-01 -3.055594E-01
   152     5600.9386    7.85194231  9.659602E+08  2.186220E+09  6.543034E+29
        6.606429E+00  2.290949E+01  6.324093E+00  0.0000000000  0.000000E+00
        1.745748E+24 -4.020917E+00 -1.988018E+00 -3.055594E-01 -3.055594E-01
   153     5529.9279    7.85308807  9.646869E+08  2.281461E+09  6.201091E+29
        6.594922E+00  2.290957E+01  6.324149E+00  0.0000000000  0.000000E+00
        1.479460E+24 -4.020917E+00 -1.988018E+00 -3.055594E-01 -3.055594E-01
   154     5457.3764    7.85432395  9.633153E+08  2.396385E+09  5.865296E+29
        6.581478E+00  2.290968E+01  6.324223E+00  0.0000000000  0.000000E+00
        1.218895E+24 -4.020917E+00 -1.988018E+00 -3.055594E-01 -3.055594E-01
   155     5382.3562    7.85574533  9.617401E+08  2.545574E+09  5.531242E+29
        6.564537E+00  2.290982E+01  6.324331E+00  0.0000000000  0.000000E+00
        9.542878E+23 -4.020917E+00 -1.988018E+00 -3.055594E-01 -3.055594E-01
   156     5298.8783    7.85760408  9.596843E+08  2.772275E+09  5.173804E+29
        6.539376E+00  2.291006E+01  6.324508E+00  0.0000000000  0.000000E+00
        6.627965E+23 -4.020917E+00 -1.988018E+00 -3.055594E-01 -3.055594E-01
   157     5195.5615    7.86000467  9.570356E+08  3.138146E+09  4.755581E+29
        6.504454E+00  2.291040E+01  6.324782E+00  0.0112351761 -4.906992E-03
        3.788347E+23 -4.020917E+00 -1.988018E+00 -3.055594E-01 -3.055594E-01
   158     5039.6591    7.86290794  9.538420E+08  3.869887E+09  4.181912E+29
        6.446561E+00  2.291088E+01  6.325124E+00  0.1969856369 -9.527669E-02
        1.732743E+23 -4.020917E+00 -1.988018E+00 -3.055594E-01 -3.055594E-01
   159     4902.7593    7.86501951  9.515260E+08  4.590267E+09  3.727529E+29
        6.389827E+00  2.291131E+01  6.325423E+00  0.4053629851 -2.257481E-01
        8.147778E+22 -4.020917E+00 -1.988018E+00 -3.055594E-01 -3.055594E-01
   160     4749.2706    7.86671548  9.496699E+08  5.285483E+09  3.269418E+29
        6.332044E+00  2.291166E+01  6.325670E+00  0.5885094112 -3.856401E-01
        3.664434E+22 -4.020917E+00 -1.988018E+00 -3.055594E-01 -3.055594E-01
   161     4519.6122    7.86844155  9.477846E+08  6.140227E+09  2.670800E+29
        6.254604E+00  2.291206E+01  6.325954E+00  0.7681201562 -6.347370E-01
        1.224644E+22 -4.020917E+00 -1.988018E+00 -3.055594E-01 -3.055594E-01
   162     4172.7371    7.87024315  9.458207E+08  7.284290E+09  1.932499E+29
        6.137626E+00  2.291233E+01  6.326135E+00  0.9170032484 -1.080939E+00
        2.184899E+21 -4.020917E+00 -1.988018E+00 -3.055594E-01 -3.055594E-01
   163     3976.2777    7.87098294  9.450155E+08  7.897748E+09  1.590751E+29
        6.068679E+00  2.291253E+01  6.326282E+00  0.9587119360 -1.384175E+00
        7.630007E+20 -4.020917E+00 -1.988018E+00 -3.055594E-01 -3.055594E-01
   164     3845.8660    7.87148026  9.444746E+08  8.330884E+09  1.390511E+29
        6.017012E+00  2.291281E+01  6.326497E+00  0.9767782280 -1.634105E+00
        3.426317E+20 -4.020917E+00 -1.988004E+00 -3.055595E-01 -3.055595E-01
   165     3700.7577    7.87193949  9.439754E+08  8.773487E+09  1.190971E+29
        5.960863E+00  2.291295E+01  6.326597E+00  0.9852832428 -1.832188E+00
        1.419651E+20 -4.020917E+00 -1.987673E+00 -3.055630E-01 -3.055630E-01
   166     3500.8649    7.87236727  9.435106E+08  9.276915E+09  9.528234E+28
        5.895140E+00  2.291299E+01  6.326621E+00  0.9870196802 -1.886715E+00
        5.048273E+19 -4.020917E+00 -1.984887E+00 -3.055921E-01 -3.055921E-01
   167     3229.4737    7.87281223  9.430274E+08  9.981928E+09  6.892758E+28
        5.801964E+00  2.291303E+01  6.326650E+00  0.9878811022 -1.916537E+00
        1.155847E+19 -4.020917E+00 -1.979876E+00 -3.056448E-01 -3.056448E-01
   168     2969.8895    7.87309611  9.427192E+08  1.062246E+10  4.926555E+28
        5.717210E+00  2.291306E+01  6.326668E+00  0.9883294388 -1.932908E+00
        3.011410E+18 -4.020917E+00 -1.974898E+00 -3.056978E-01 -3.056978E-01
   169     2745.7304    7.87330376  9.424939E+08  1.116274E+10  3.597544E+28
        5.646837E+00  2.291308E+01  6.326679E+00  0.9888164054 -1.951419E+00
        9.841082E+17 -4.020917E+00 -1.974231E+00 -3.057050E-01 -3.057050E-01
   170     2595.8462    7.87343045  9.423564E+08  1.154672E+10  2.873185E+28
        5.597534E+00  2.291309E+01  6.326686E+00  0.9891232234 -1.963500E+00
        4.483835E+17 -4.020917E+00 -1.973771E+00 -3.057099E-01 -3.057099E-01
   171     2423.4322    7.87356261  9.422130E+08  1.202275E+10  2.181922E+28
        5.536908E+00  2.291309E+01  6.326689E+00  0.9894808688 -1.978020E+00
        1.699974E+17 -4.020917E+00 -1.973264E+00 -3.057153E-01 -3.057153E-01
   172     2170.1217    7.87373691  9.420240E+08  1.277582E+10  1.402419E+28
        5.440529E+00  2.291310E+01  6.326692E+00  0.9900113566 -2.000493E+00
        3.611697E+16 -4.020917E+00 -1.972585E+00 -3.057226E-01 -3.057226E-01
   173     1999.2978    7.87385082  9.419004E+08  1.331155E+10  1.010037E+28
        5.370837E+00  2.291310E+01  6.326696E+00  0.9903586034 -2.015860E+00
        1.171510E+16 -4.020917E+00 -1.972098E+00 -3.057279E-01 -3.057279E-01
   174     1877.4929    7.87392488  9.418201E+08  1.371330E+10  7.853560E+27
        5.317624E+00  2.291310E+01  6.326696E+00  0.9906084728 -2.027264E+00
        4.941457E+15 -4.020917E+00 -1.972457E+00 -3.057240E-01 -3.057240E-01
   175     1757.7725    7.87400176  9.417368E+08  1.412492E+10  6.032914E+27
        5.261529E+00  2.291310E+01  6.326696E+00  0.9909371182 -2.042734E+00
        1.982929E+15 -4.020917E+00 -1.973485E+00 -3.057130E-01 -3.057130E-01
   176     1669.3155    7.87405901  9.416747E+08  1.444092E+10  4.906513E+27
        5.217220E+00  2.291311E+01  6.326697E+00  0.9912179232 -2.056403E+00
        9.617061E+14 -4.020917E+00 -1.974293E+00 -3.057043E-01 -3.057043E-01
   177     1581.2527    7.87411498  9.416140E+08  1.476024E+10  3.949739E+27
        5.170997E+00  2.291311E+01  6.326697E+00  0.9915318010 -2.072209E+00
        4.512072E+14 -4.020917E+00 -1.975418E+00 -3.056922E-01 -3.056922E-01
   178     1502.6239    7.87416363  9.415613E+08  1.505161E+10  3.220444E+27
        5.127446E+00  2.291311E+01  6.326698E+00  0.9918343354 -2.088008E+00
        2.207683E+14 -4.020917E+00 -1.975875E+00 -3.056874E-01 -3.056874E-01
   179     1426.1449    7.87421173  9.415092E+08  1.534067E+10  2.612890E+27
        5.082729E+00  2.291311E+01  6.326698E+00  0.9921675730 -2.106104E+00
        1.058076E+14 -4.020917E+00 -1.976364E+00 -3.056821E-01 -3.056821E-01
   180     1356.0770    7.87425202  9.414655E+08  1.561049E+10  2.135815E+27
        5.039449E+00  2.291311E+01  6.326698E+00  0.9925180681 -2.125986E+00
        5.190603E+13 -4.020917E+00 -1.976945E+00 -3.056759E-01 -3.056759E-01
   181     1289.0958    7.87428773  9.414268E+08  1.587335E+10  1.743939E+27
        4.995792E+00  2.291311E+01  6.326698E+00  0.9928847072 -2.147807E+00
        2.541744E+13 -4.020917E+00 -1.977633E+00 -3.056686E-01 -3.056686E-01
   182     1251.8440    7.87431225  9.414002E+08  1.602298E+10  1.550840E+27
        4.970083E+00  2.291311E+01  6.326699E+00  0.9934942676 -2.186704E+00
        1.674947E+13 -4.020917E+00 -1.978413E+00 -3.056603E-01 -3.056603E-01
   183     1218.6113    7.87434130  9.413687E+08  1.615757E+10  1.392508E+27
        4.945690E+00  2.291311E+01  6.326699E+00  0.9947454403 -2.279464E+00
        1.116096E+13 -4.020917E+00 -1.979989E+00 -3.056436E-01 -3.056436E-01
   184     1182.7034    7.87436504  9.413430E+08  1.630149E+10  1.235426E+27
        4.917912E+00  2.291311E+01  6.326699E+00  0.9961110546 -2.410168E+00
        7.088152E+12 -4.020917E+00 -1.980347E+00 -3.056398E-01 -3.056398E-01
   185     1153.1600    7.87438140  9.413253E+08  1.641814E+10  1.116491E+27
        4.894033E+00  2.291311E+01  6.326699E+00  0.9970185939 -2.525579E+00
        4.834595E+12 -4.020917E+00 -1.980347E+00 -3.056398E-01 -3.056398E-01
   186     1122.6621    7.87440552  9.412991E+08  1.653606E+10  1.002926E+27
        4.868399E+00  2.291311E+01  6.326699E+00  0.9977638823 -2.650505E+00
        3.218179E+12 -4.020917E+00 -1.980347E+00 -3.056398E-01 -3.056398E-01
   187     1092.2914    7.87444897  9.412520E+08  1.665138E+10  8.986351E+26
        4.841822E+00  2.291311E+01  6.326699E+00  0.9983298956 -2.777256E+00
        2.120406E+12 -4.020917E+00 -1.980347E+00 -3.056398E-01 -3.056398E-01
   188     1070.2607    7.87449640  9.412006E+08  1.673394E+10  8.282094E+26
        4.821829E+00  2.291311E+01  6.326699E+00  0.9986483178 -2.869125E+00
        1.550680E+12 -4.020917E+00 -1.980347E+00 -3.056398E-01 -3.056398E-01
   189     1042.8660    7.87456108  9.411306E+08  1.683426E+10  7.465025E+26
        4.795990E+00  2.291311E+01  6.326699E+00  0.9989812467 -2.991931E+00
        1.043928E+12 -4.020917E+00 -1.980347E+00 -3.056398E-01 -3.056398E-01
   190     1017.2654    7.87460898  9.410787E+08  1.692618E+10  6.757817E+26
        4.770731E+00  2.291311E+01  6.326700E+00  0.9992491376 -3.124440E+00
        7.124375E+11 -4.020917E+00 -1.980347E+00 -3.056398E-01 -3.056398E-01
   191      995.6730    7.87462939  9.410565E+08  1.700185E+10  6.201773E+26
        4.748613E+00  2.291311E+01  6.326700E+00  0.9994268696 -3.241747E+00
        5.117883E+11 -4.020917E+00 -1.980347E+00 -3.056398E-01 -3.056398E-01
   192      972.8962    7.87463318  9.410524E+08  1.707855E+10  5.653418E+26
        4.724641E+00  2.291311E+01  6.326700E+00  0.9995655773 -3.362088E+00
        3.582625E+11 -4.020917E+00 -1.980347E+00 -3.056398E-01 -3.056398E-01
   193      951.2532    7.87462721  9.410589E+08  1.714964E+10  5.166965E+26
        4.700955E+00  2.291311E+01  6.326700E+00  0.9996719469 -3.484056E+00
        2.532089E+11 -4.020917E+00 -1.980347E+00 -3.056398E-01 -3.056398E-01
   194      929.8868    7.87461996  9.410668E+08  1.721876E+10  4.718225E+26
        4.676374E+00  2.291311E+01  6.326701E+00  0.9997575048 -3.615297E+00
        1.772284E+11 -4.020917E+00 -1.980347E+00 -3.056398E-01 -3.056398E-01
