     1    59521.6853    7.73357587  1.212643E+09  4.000000E+05  1.315178E+34
        8.046561E+00  2.312722E+01  6.460283E+00  0.0000000000  0.000000E+00
        9.420042E+34 -4.002553E+00 -1.988131E+00 -3.055600E-01 -3.055600E-01
     2    56478.9202    7.76591763  1.168321E+09  8.000000E+05  9.896632E+33
        7.944485E+00  2.315996E+01  6.483593E+00  0.0000000000  0.000000E+00
        4.329693E+34 -4.002553E+00 -1.987927E+00 -3.055621E-01 -3.055621E-01
     3    53061.5651    7.79115466  1.134864E+09  1.200000E+06  7.274867E+33
        7.889911E+00  2.317819E+01  6.496333E+00  0.0000000000  0.000000E+00
        2.545519E+34 -4.002553E+00 -1.984896E+00 -3.055937E-01 -3.055937E-01
     4    49907.6165    7.81108882  1.109115E+09  1.600000E+06  5.437985E+33
        7.855232E+00  2.319005E+01  6.504563E+00  0.0000000000  0.000000E+00
        1.695992E+34 -4.002553E+00 -1.984896E+00 -3.055937E-01 -3.055937E-01
     5    47147.0993    7.82698569  1.089001E+09  2.000000E+06  4.175358E+33
        7.830738E+00  2.319845E+01  6.510365E+00  0.0000000000  0.000000E+00
        1.218867E+34 -4.002553E+00 -1.984896E+00 -3.055937E-01 -3.055937E-01
     6    44786.9647    7.83987259  1.072963E+09  2.400000E+06  3.300604E+33
        7.812185E+00  2.320477E+01  6.514725E+00  0.0000000000  0.000000E+00
        9.221090E+33 -4.002553E+00 -1.984896E+00 -3.055937E-01 -3.055937E-01
     7    43903.0894    7.84463788  1.067093E+09  2.565005E+06  3.014407E+33
        7.805107E+00  2.320708E+01  6.516320E+00  0.0000000000  0.000000E+00
        8.250094E+33 -4.002553E+00 -1.984896E+00 -3.055937E-01 -3.055937E-01
     8    43092.4049    7.84894556  1.061814E+09  2.725594E+06  2.770237E+33
        7.798876E+00  2.320911E+01  6.517720E+00  0.0000000000  0.000000E+00
        7.452612E+33 -4.002553E+00 -1.984896E+00 -3.055937E-01 -3.055937E-01
     9    42339.1180    7.85292505  1.056960E+09  2.886534E+06  2.558007E+33
        7.793175E+00  2.321096E+01  6.518995E+00  0.0000000000  0.000000E+00
        6.769745E+33 -4.002553E+00 -1.984896E+00 -3.055937E-01 -3.055937E-01
    10    41557.8298    7.85702936  1.051977E+09  3.065665E+06  2.352023E+33
        7.787375E+00  2.321284E+01  6.520285E+00  0.0000000000  0.000000E+00
        6.120537E+33 -4.002553E+00 -1.984896E+00 -3.055937E-01 -3.055937E-01
    11    40682.5608    7.86154694  1.046520E+09  3.278535E+06  2.137695E+33
        7.781109E+00  2.321484E+01  6.521668E+00  0.0000000000  0.000000E+00
        5.470082E+33 -4.002553E+00 -1.984896E+00 -3.055937E-01 -3.055937E-01
    12    39861.6620    7.86572005  1.041504E+09  3.493452E+06  1.951466E+33
        7.775324E+00  2.321667E+01  6.522928E+00  0.0000000000  0.000000E+00
        4.916634E+33 -4.002553E+00 -1.984896E+00 -3.055937E-01 -3.055937E-01
    13    39167.4753    7.86923001  1.037304E+09  3.690202E+06  1.804396E+33
        7.770417E+00  2.321819E+01  6.523980E+00  0.0000000000  0.000000E+00
        4.481896E+33 -4.002553E+00 -1.984896E+00 -3.055937E-01 -3.055937E-01
    14    38469.1778    7.87272186  1.033142E+09  3.902479E+06  1.665671E+33
        7.765487E+00  2.321969E+01  6.525015E+00  0.0000000000  0.000000E+00
        4.076381E+33 -4.002553E+00 -1.984896E+00 -3.055937E-01 -3.055937E-01
    15    37789.6439    7.87609075  1.029143E+09  4.125710E+06  1.539076E+33
        7.760646E+00  2.322113E+01  6.526007E+00  0.0000000000  0.000000E+00
        3.707879E+33 -4.002553E+00 -1.984896E+00 -3.055937E-01 -3.055937E-01
    16    37083.5301    7.87953084  1.025075E+09  4.373926E+06  1.415966E+33
        7.755616E+00  2.322258E+01  6.527010E+00  0.0000000000  0.000000E+00
        3.355279E+33 -4.002553E+00 -1.984896E+00 -3.055937E-01 -3.055937E-01
    17    36464.7824    7.88255888  1.021508E+09  4.613702E+06  1.314605E+33
        7.751049E+00  2.322386E+01  6.527895E+00  0.0000000000  0.000000E+00
        3.060695E+33 -4.002553E+00 -1.984896E+00 -3.055937E-01 -3.055937E-01
    18    35808.5087    7.88574086  1.017772E+09  4.888249E+06  1.213566E+33
        7.746130E+00  2.322520E+01  6.528821E+00  0.0000000000  0.000000E+00
        2.769498E+33 -4.002553E+00 -1.984896E+00 -3.055937E-01 -3.055937E-01
    19    35167.0834    7.88879705  1.014197E+09  5.176942E+06  1.121006E+33
        7.741258E+00  2.322648E+01  6.529707E+00  0.0000000000  0.000000E+00
        2.506184E+33 -4.002553E+00 -1.984896E+00 -3.055937E-01 -3.055937E-01
    20    34517.7667    7.89191160  1.010567E+09  5.501870E+06  1.033044E+33
        7.736090E+00  2.322778E+01  6.530614E+00  0.0000000000  0.000000E+00
        2.252634E+33 -4.002553E+00 -1.984896E+00 -3.055937E-01 -3.055937E-01
    21    33906.8003    7.89481570  1.007194E+09  5.834834E+06  9.554128E+32
        7.731082E+00  2.322900E+01  6.531457E+00  0.0000000000  0.000000E+00
        2.030443E+33 -4.002553E+00 -1.984896E+00 -3.055937E-01 -3.055937E-01
    22    33295.2456    7.89764278  1.003921E+09  6.188518E+06  8.825628E+32
        7.726036E+00  2.323016E+01  6.532268E+00  0.0000000000  0.000000E+00
        1.828289E+33 -4.002553E+00 -1.984896E+00 -3.055937E-01 -3.055937E-01
    23    32789.9086    7.90002434  1.001172E+09  6.520434E+06  8.256500E+32
        7.721517E+00  2.323116E+01  6.532964E+00  0.0000000000  0.000000E+00
        1.664256E+33 -4.002553E+00 -1.984896E+00 -3.055937E-01 -3.055937E-01
    24    32199.0783    7.90277619  9.980055E+08  6.939289E+06  7.628815E+32
        7.716093E+00  2.323231E+01  6.533763E+00  0.0000000000  0.000000E+00
        1.486980E+33 -4.002553E+00 -1.984896E+00 -3.055937E-01 -3.055937E-01
    25    31635.2818    7.90533300  9.950721E+08  7.366640E+06  7.066646E+32
        7.710822E+00  2.323337E+01  6.534503E+00  0.0000000000  0.000000E+00
        1.333224E+33 -4.002553E+00 -1.984896E+00 -3.055937E-01 -3.055937E-01
    26    31059.1394    7.90799265  9.920298E+08  7.864604E+06  6.525661E+32
        7.704979E+00  2.323449E+01  6.535286E+00  0.0000000000  0.000000E+00
        1.182019E+33 -4.002553E+00 -1.984896E+00 -3.055937E-01 -3.055937E-01
    27    30501.3722    7.91048593  9.891862E+08  8.373076E+06  6.034636E+32
        7.699291E+00  2.323553E+01  6.536012E+00  0.0000000000  0.000000E+00
        1.052045E+33 -4.002553E+00 -1.984896E+00 -3.055937E-01 -3.055937E-01
    28    30057.3701    7.91252760  9.868638E+08  8.843071E+06  5.664164E+32
        7.694246E+00  2.323641E+01  6.536628E+00  0.0000000000  0.000000E+00
        9.493899E+32 -4.002553E+00 -1.984896E+00 -3.055937E-01 -3.055937E-01
    29    29512.1787    7.91495233  9.841128E+08  9.447636E+06  5.234947E+32
        7.688045E+00  2.323744E+01  6.537345E+00  0.0000000000  0.000000E+00
        8.377078E+32 -4.002553E+00 -1.984896E+00 -3.055937E-01 -3.055937E-01
    30    29083.0898    7.91691012  9.818971E+08  1.000214E+07  4.914865E+32
        7.682587E+00  2.323829E+01  6.537942E+00  0.0000000000  0.000000E+00
        7.509958E+32 -4.002553E+00 -1.984896E+00 -3.055937E-01 -3.055937E-01
    31    28586.8399    7.91915853  9.793587E+08  1.070582E+07  4.564210E+32
        7.675969E+00  2.323926E+01  6.538627E+00  0.0000000000  0.000000E+00
        6.586671E+32 -4.002553E+00 -1.984896E+00 -3.055937E-01 -3.055937E-01
    32    28101.1664    7.92129898  9.769482E+08  1.144428E+07  4.240899E+32
        7.669338E+00  2.324019E+01  6.539273E+00  0.0000000000  0.000000E+00
        5.782902E+32 -4.002553E+00 -1.984896E+00 -3.055937E-01 -3.055937E-01
    33    27729.0231    7.92298369  9.750552E+08  1.209870E+07  4.005107E+32
        7.663693E+00  2.324093E+01  6.539797E+00  0.0000000000  0.000000E+00
        5.181175E+32 -4.002553E+00 -1.984896E+00 -3.055937E-01 -3.055937E-01
    34    27262.1401    7.92504593  9.727429E+08  1.297596E+07  3.724375E+32
        7.656468E+00  2.324184E+01  6.540435E+00  0.0000000000  0.000000E+00
        4.507873E+32 -4.002553E+00 -1.984896E+00 -3.055937E-01 -3.055937E-01
    35    26817.2461    7.92706004  9.704899E+08  1.395613E+07  3.471012E+32
        7.648793E+00  2.324275E+01  6.541077E+00  0.0000000000  0.000000E+00
        3.893835E+32 -4.002553E+00 -1.984896E+00 -3.055937E-01 -3.055937E-01
    36    26371.6882    7.92903868  9.682816E+08  1.502169E+07  3.231265E+32
        7.640871E+00  2.324364E+01  6.541708E+00  0.0000000000  0.000000E+00
        3.352165E+32 -4.002553E+00 -1.984896E+00 -3.055937E-01 -3.055937E-01
    37    25937.2170    7.93098034  9.661195E+08  1.620504E+07  3.010043E+32
        7.632533E+00  2.324453E+01  6.542341E+00  0.0000000000  0.000000E+00
        2.867026E+32 -4.002553E+00 -1.984896E+00 -3.055937E-01 -3.055937E-01
    38    25509.8939    7.93290067  9.639859E+08  1.752572E+07  2.804100E+32
        7.623732E+00  2.324543E+01  6.542980E+00  0.0000000000  0.000000E+00
        2.434008E+32 -4.002553E+00 -1.984896E+00 -3.055937E-01 -3.055937E-01
    39    25105.3000    7.93472430  9.619642E+08  1.893864E+07  2.619370E+32
        7.614832E+00  2.324630E+01  6.543600E+00  0.0000000000  0.000000E+00
        2.064807E+32 -4.002553E+00 -1.984896E+00 -3.055937E-01 -3.055937E-01
    40    24701.9733    7.93654862  9.599458E+08  2.053227E+07  2.444767E+32
        7.605367E+00  2.324718E+01  6.544233E+00  0.0000000000  0.000000E+00
        1.735012E+32 -4.002553E+00 -1.984896E+00 -3.055937E-01 -3.055937E-01
    41    24299.6138    7.93837103  9.579339E+08  2.232812E+07  2.279743E+32
        7.595341E+00  2.324807E+01  6.544876E+00  0.0000000000  0.000000E+00
        1.443884E+32 -4.002553E+00 -1.984896E+00 -3.055937E-01 -3.055937E-01
    42    23899.7861    7.94018446  9.559360E+08  2.434794E+07  2.124472E+32
        7.584769E+00  2.324897E+01  6.545526E+00  0.0000000000  0.000000E+00
        1.190043E+32 -4.002553E+00 -1.984896E+00 -3.055937E-01 -3.055937E-01
    43    23501.8942    7.94198904  9.539520E+08  2.661795E+07  1.978253E+32
        7.573652E+00  2.324988E+01  6.546179E+00  0.0000000000  0.000000E+00
        9.710731E+31 -4.002553E+00 -1.984896E+00 -3.055937E-01 -3.055937E-01
    44    23104.1873    7.94378888  9.519773E+08  2.917121E+07  1.840066E+32
        7.561971E+00  2.325078E+01  6.546834E+00  0.0000000000  0.000000E+00
        7.839269E+31 -4.002553E+00 -1.984896E+00 -3.055937E-01 -3.055937E-01
    45    22706.4661    7.94558134  9.500148E+08  3.203295E+07  1.709529E+32
        7.549752E+00  2.325168E+01  6.547485E+00  0.0000000000  0.000000E+00
        6.261264E+31 -4.002553E+00 -1.984896E+00 -3.055937E-01 -3.055937E-01
    46    22307.8958    7.94736886  9.480617E+08  3.524045E+07  1.586080E+32
        7.536976E+00  2.325257E+01  6.548127E+00  0.0000000000  0.000000E+00
        4.944074E+31 -4.002553E+00 -1.984896E+00 -3.055937E-01 -3.055937E-01
    47    21907.0936    7.94915588  9.461132E+08  3.883499E+07  1.469071E+32
        7.523627E+00  2.325344E+01  6.548759E+00  0.0000000000  0.000000E+00
        3.856587E+31 -4.002553E+00 -1.984896E+00 -3.055937E-01 -3.055937E-01
    48    21502.9807    7.95094738  9.441638E+08  4.286045E+07  1.358022E+32
        7.509695E+00  2.325430E+01  6.549384E+00  0.0000000000  0.000000E+00
        2.969560E+31 -4.002553E+00 -1.984896E+00 -3.055937E-01 -3.055937E-01
    49    21095.1170    7.95274584  9.422109E+08  4.736010E+07  1.252684E+32
        7.495181E+00  2.325516E+01  6.550005E+00  0.0000000000  0.000000E+00
        2.255852E+31 -4.002553E+00 -1.984896E+00 -3.055937E-01 -3.055937E-01
    50    20683.0179    7.95455150  9.402542E+08  5.237895E+07  1.152826E+32
        7.480083E+00  2.325602E+01  6.550625E+00  0.0000000000  0.000000E+00
        1.689770E+31 -4.002553E+00 -1.984896E+00 -3.055937E-01 -3.055937E-01
    51    20266.3121    7.95636311  9.382952E+08  5.796086E+07  1.058267E+32
        7.464409E+00  2.325687E+01  6.551246E+00  0.0000000000  0.000000E+00
        1.247686E+31 -4.002553E+00 -1.984896E+00 -3.055937E-01 -3.055937E-01
    52    19846.9362    7.95816762  9.363479E+08  6.411247E+07  9.693169E+31
        7.448263E+00  2.325772E+01  6.551864E+00  0.0000000000  0.000000E+00
        9.096692E+30 -4.002553E+00 -1.984896E+00 -3.055937E-01 -3.055937E-01
    53    19427.4776    7.95995490  9.344231E+08  7.084689E+07  8.862786E+31
        7.431724E+00  2.325856E+01  6.552473E+00  0.0000000000  0.000000E+00
        6.556666E+30 -4.002553E+00 -1.984896E+00 -3.055937E-01 -3.055937E-01
    54    19007.6914    7.96172534  9.325205E+08  7.820152E+07  8.088196E+31
        7.414805E+00  2.325938E+01  6.553075E+00  0.0000000000  0.000000E+00
        4.672182E+30 -4.002553E+00 -1.984896E+00 -3.055937E-01 -3.055937E-01
    55    18586.5981    7.96348236  9.306360E+08  8.621876E+07  7.365068E+31
        7.397510E+00  2.326020E+01  6.553671E+00  0.0000000000  0.000000E+00
        3.291601E+30 -4.002553E+00 -1.984896E+00 -3.055937E-01 -3.055937E-01
    56    18165.6712    7.96522097  9.287751E+08  9.492832E+07  6.693362E+31
        7.379873E+00  2.326101E+01  6.554259E+00  0.0000000000  0.000000E+00
        2.294460E+30 -4.002553E+00 -1.984896E+00 -3.055937E-01 -3.055937E-01
    57    17746.2960    7.96693451  9.269446E+08  1.043420E+08  6.072337E+31
        7.361968E+00  2.326180E+01  6.554837E+00  0.0000000000  0.000000E+00
        1.585147E+30 -4.002553E+00 -1.984896E+00 -3.055937E-01 -3.055937E-01
    58    17331.1228    7.96861429  9.251537E+08  1.144483E+08  5.502398E+31
        7.343904E+00  2.326257E+01  6.555398E+00  0.0000000000  0.000000E+00
        1.088094E+30 -4.002553E+00 -1.984896E+00 -3.055937E-01 -3.055937E-01
    59    16920.6386    7.97026065  9.234018E+08  1.252747E+08  4.980419E+31
        7.325711E+00  2.326330E+01  6.555937E+00  0.0000000000  0.000000E+00
        7.428270E+29 -4.002553E+00 -1.984896E+00 -3.055937E-01 -3.055937E-01
    60    16516.1146    7.97187542  9.216867E+08  1.368518E+08  4.504179E+31
        7.307410E+00  2.326400E+01  6.556449E+00  0.0000000000  0.000000E+00
        5.048166E+29 -4.002553E+00 -1.984896E+00 -3.055937E-01 -3.055937E-01
    61    16123.5781    7.97340794  9.200619E+08  1.492132E+08  4.076592E+31
        7.289014E+00  2.326466E+01  6.556926E+00  0.0000000000  0.000000E+00
        3.415279E+29 -4.002553E+00 -1.978053E+00 -3.056659E-01 -3.056659E-01
    62    15733.3719    7.97497436  9.184042E+08  1.623885E+08  3.682751E+31
        7.270559E+00  2.326527E+01  6.557375E+00  0.0000000000  0.000000E+00
        2.305477E+29 -4.002553E+00 -1.978053E+00 -3.056659E-01 -3.056659E-01
    63    15352.9584    7.97651469  9.167770E+08  1.763576E+08  3.327462E+31
        7.252147E+00  2.326585E+01  6.557795E+00  0.0000000000  0.000000E+00
        1.556308E+29 -4.002553E+00 -1.978053E+00 -3.056659E-01 -3.056659E-01
    64    14980.2077    7.97803683  9.151718E+08  1.912076E+08  3.005343E+31
        7.233728E+00  2.326640E+01  6.558194E+00  0.0000000000  0.000000E+00
        1.050009E+29 -4.002553E+00 -1.978053E+00 -3.056659E-01 -3.056659E-01
    65    14615.1907    7.97953586  9.135937E+08  2.069823E+08  2.713573E+31
        7.215312E+00  2.326693E+01  6.558574E+00  0.0000000000  0.000000E+00
        7.087032E+28 -4.002553E+00 -1.978053E+00 -3.056659E-01 -3.056659E-01
    66    14258.4245    7.98100371  9.120511E+08  2.236887E+08  2.449864E+31
        7.196958E+00  2.326742E+01  6.558930E+00  0.0000000000  0.000000E+00
        4.794561E+28 -4.002553E+00 -1.978053E+00 -3.056659E-01 -3.056659E-01
    67    13910.6342    7.98243587  9.105485E+08  2.413296E+08  2.212134E+31
        7.178729E+00  2.326788E+01  6.559268E+00  0.0000000000  0.000000E+00
        3.257372E+28 -4.002553E+00 -1.978053E+00 -3.056659E-01 -3.056659E-01
    68    13570.7959    7.98383434  9.090837E+08  2.599790E+08  1.997314E+31
        7.160608E+00  2.326834E+01  6.559596E+00  0.0000000000  0.000000E+00
        2.223113E+28 -4.002553E+00 -1.978053E+00 -3.056659E-01 -3.056659E-01
    69    13242.2298    7.98518320  9.076730E+08  2.794581E+08  1.805181E+31
        7.142805E+00  2.326878E+01  6.559918E+00  0.0000000000  0.000000E+00
        1.532013E+28 -4.002553E+00 -1.978053E+00 -3.056659E-01 -3.056659E-01
    70    12950.1311    7.98637710  9.064263E+08  2.980652E+08  1.646566E+31
        7.126743E+00  2.326918E+01  6.560209E+00  0.0000000000  0.000000E+00
        1.098359E+28 -4.002553E+00 -1.978053E+00 -3.056659E-01 -3.056659E-01
    71    12688.4324    7.98744210  9.053156E+08  3.158765E+08  1.513733E+31
        7.112156E+00  2.326954E+01  6.560469E+00  0.0000000000  0.000000E+00
        8.142781E+27 -4.002553E+00 -1.978053E+00 -3.056659E-01 -3.056659E-01
    72    12451.3774    7.98840377  9.043138E+08  3.330376E+08  1.400636E+31
        7.098771E+00  2.326986E+01  6.560703E+00  0.0000000000  0.000000E+00
        6.203669E+27 -4.002553E+00 -1.978053E+00 -3.056659E-01 -3.056659E-01
    73    12270.5532    7.98913552  9.035523E+08  3.468179E+08  1.318805E+31
        7.088442E+00  2.327010E+01  6.560878E+00  0.0000000000  0.000000E+00
        5.037981E+27 -4.002553E+00 -1.978053E+00 -3.056659E-01 -3.056659E-01
    74    12128.2081    7.98971077  9.029540E+08  3.581193E+08  1.257000E+31
        7.080234E+00  2.327028E+01  6.561013E+00  0.0000000000  0.000000E+00
        4.275330E+27 -4.002553E+00 -1.978053E+00 -3.056659E-01 -3.056659E-01
    75    12014.9563    7.99016868  9.024781E+08  3.674151E+08  1.209427E+31
        7.073652E+00  2.327042E+01  6.561119E+00  0.0000000000  0.000000E+00
        3.751745E+27 -4.002553E+00 -1.978053E+00 -3.056659E-01 -3.056659E-01
    76    11918.6207    7.99055939  9.020723E+08  3.755490E+08  1.170049E+31
        7.068014E+00  2.327055E+01  6.561208E+00  0.0000000000  0.000000E+00
        3.356643E+27 -4.002553E+00 -1.978053E+00 -3.056659E-01 -3.056659E-01
    77    11822.7160    7.99095060  9.016661E+08  3.838712E+08  1.131821E+31
        7.062363E+00  2.327066E+01  6.561295E+00  0.0000000000  0.000000E+00
        3.004135E+27 -4.002553E+00 -1.978053E+00 -3.056659E-01 -3.056659E-01
    78    11736.9784    7.99130370  9.012996E+08  3.915060E+08  1.098452E+31
        7.057278E+00  2.327077E+01  6.561372E+00  0.0000000000  0.000000E+00
        2.720017E+27 -4.002553E+00 -1.978053E+00 -3.056659E-01 -3.056659E-01
    79    11656.6482    7.99164025  9.009505E+08  3.988367E+08  1.067859E+31
        7.052483E+00  2.327087E+01  6.561443E+00  0.0000000000  0.000000E+00
        2.477827E+27 -4.002553E+00 -1.978053E+00 -3.056659E-01 -3.056659E-01
    80    11578.7016    7.99197253  9.006059E+08  4.061217E+08  1.038787E+31
        7.047799E+00  2.327096E+01  6.561513E+00  0.0000000000  0.000000E+00
        2.263066E+27 -4.002553E+00 -1.978053E+00 -3.056659E-01 -3.056659E-01
    81    11500.9272    7.99230886  9.002572E+08  4.135665E+08  1.010374E+31
        7.043097E+00  2.327106E+01  6.561582E+00  0.0000000000  0.000000E+00
        2.066986E+27 -4.002553E+00 -1.978053E+00 -3.056659E-01 -3.056659E-01
    82    11422.8001    7.99265136  8.999023E+08  4.212296E+08  9.824228E+30
        7.038341E+00  2.327115E+01  6.561651E+00  0.0000000000  0.000000E+00
        1.886760E+27 -4.002553E+00 -1.978053E+00 -3.056659E-01 -3.056659E-01
    83    11344.0590    7.99300101  8.995401E+08  4.291474E+08  9.548439E+30
        7.033515E+00  2.327125E+01  6.561720E+00  0.0000000000  0.000000E+00
        1.720671E+27 -4.002553E+00 -1.978053E+00 -3.056659E-01 -3.056659E-01
    84    11263.4413    7.99336279  8.991655E+08  4.374634E+08  9.272164E+30
        7.028539E+00  2.327134E+01  6.561790E+00  0.0000000000  0.000000E+00
        1.565444E+27 -4.002553E+00 -1.978053E+00 -3.056659E-01 -3.056659E-01
    85    11183.4945    7.99372528  8.987903E+08  4.459277E+08  9.004183E+30
        7.023568E+00  2.327144E+01  6.561860E+00  0.0000000000  0.000000E+00
        1.425017E+27 -4.002553E+00 -1.978053E+00 -3.056659E-01 -3.056659E-01
    86    11098.9258    7.99411213  8.983901E+08  4.551287E+08  8.727124E+30
        7.018269E+00  2.327154E+01  6.561932E+00  0.0000000000  0.000000E+00
        1.289845E+27 -4.002553E+00 -1.978053E+00 -3.056659E-01 -3.056659E-01
    87    11011.0878    7.99451752  8.979709E+08  4.649667E+08  8.446230E+30
        7.012719E+00  2.327164E+01  6.562008E+00  0.0000000000  0.000000E+00
        1.162660E+27 -4.002553E+00 -1.978053E+00 -3.056659E-01 -3.056659E-01
    88    10921.2613    7.99493796  8.975364E+08  4.753378E+08  8.166063E+30
        7.006992E+00  2.327175E+01  6.562084E+00  0.0000000000  0.000000E+00
        1.045196E+27 -4.002553E+00 -1.978053E+00 -3.056659E-01 -3.056659E-01
    89    10836.1812    7.99534147  8.971195E+08  4.854579E+08  7.907206E+30
        7.001518E+00  2.327184E+01  6.562156E+00  0.0000000000  0.000000E+00
        9.445980E+26 -4.002553E+00 -1.978053E+00 -3.056659E-01 -3.056659E-01
    90    10743.3964    7.99578102  8.966656E+08  4.968417E+08  7.632115E+30
        6.995495E+00  2.327195E+01  6.562233E+00  0.0000000000  0.000000E+00
        8.456224E+26 -4.002553E+00 -1.978053E+00 -3.056659E-01 -3.056659E-01
    91    10643.3303    7.99625442  8.961771E+08  5.095388E+08  7.343705E+30
        6.988936E+00  2.327206E+01  6.562315E+00  0.0000000000  0.000000E+00
        7.502032E+26 -4.002553E+00 -1.978053E+00 -3.056659E-01 -3.056659E-01
    92    10539.2372    7.99674798  8.956680E+08  5.232292E+08  7.052584E+30
        6.982041E+00  2.327218E+01  6.562399E+00  0.0000000000  0.000000E+00
        6.620873E+26 -4.002553E+00 -1.978053E+00 -3.056659E-01 -3.056659E-01
    93    10431.7242    7.99726091  8.951392E+08  5.379075E+08  6.761187E+30
        6.974841E+00  2.327229E+01  6.562482E+00  0.0000000000  0.000000E+00
        5.816877E+26 -4.002553E+00 -1.978053E+00 -3.056659E-01 -3.056659E-01
    94    10322.7112    7.99778188  8.946025E+08  5.533673E+08  6.475193E+30
        6.967461E+00  2.327241E+01  6.562563E+00  0.0000000000  0.000000E+00
        5.099428E+26 -4.002553E+00 -1.978053E+00 -3.056659E-01 -3.056659E-01
    95    10209.8037    7.99832423  8.940441E+08  5.700157E+08  6.188777E+30
        6.959736E+00  2.327252E+01  6.562644E+00  0.0000000000  0.000000E+00
        4.448275E+26 -4.002553E+00 -1.978053E+00 -3.056659E-01 -3.056659E-01
    96    10099.2330    7.99886203  8.934907E+08  5.869709E+08  5.917674E+30
        6.952089E+00  2.327263E+01  6.562720E+00  0.0000000000  0.000000E+00
        3.890276E+26 -4.002553E+00 -1.978053E+00 -3.056659E-01 -3.056659E-01
    97     9985.9941    7.99941468  8.929224E+08  6.050237E+08  5.649500E+30
        6.944183E+00  2.327273E+01  6.562796E+00  0.0000000000  0.000000E+00
        3.390923E+26 -4.002553E+00 -1.978053E+00 -3.056659E-01 -3.056659E-01
    98     9900.2997    7.99983012  8.924954E+08  6.191358E+08  5.452840E+30
        6.938150E+00  2.327282E+01  6.562853E+00  0.0000000000  0.000000E+00
        3.056129E+26 -4.002553E+00 -1.978053E+00 -3.056659E-01 -3.056659E-01
    99     9794.4587    8.00033924  8.919724E+08  6.371697E+08  5.217254E+30
        6.930643E+00  2.327291E+01  6.562923E+00  0.0000000000  0.000000E+00
        2.688089E+26 -4.002553E+00 -1.978053E+00 -3.056659E-01 -3.056659E-01
   100     9669.1613    8.00093999  8.913557E+08  6.594181E+08  4.948513E+30
        6.921677E+00  2.327303E+01  6.563008E+00  0.0000000000  0.000000E+00
        2.309427E+26 -4.002553E+00 -1.978053E+00 -3.056659E-01 -3.056659E-01
   101     9537.5448    8.00156792  8.907115E+08  6.838678E+08  4.677760E+30
        6.912165E+00  2.327316E+01  6.563098E+00  0.0000000000  0.000000E+00
        1.969317E+26 -4.002553E+00 -1.978053E+00 -3.056659E-01 -3.056659E-01
   102     9401.5526    8.00221010  8.900532E+08  7.103401E+08  4.410093E+30
        6.902241E+00  2.327330E+01  6.563197E+00  0.0000000000  0.000000E+00
        1.670869E+26 -4.002553E+00 -1.978053E+00 -3.056659E-01 -3.056659E-01
   103     9279.8597    8.00278371  8.894657E+08  7.351213E+08  4.180627E+30
        6.893271E+00  2.327342E+01  6.563290E+00  0.0000000000  0.000000E+00
        1.442429E+26 -4.002553E+00 -1.978053E+00 -3.056659E-01 -3.056659E-01
   104     9206.1067    8.00313153  8.891095E+08  7.506348E+08  4.046057E+30
        6.887789E+00  2.327350E+01  6.563347E+00  0.0000000000  0.000000E+00
        1.319474E+26 -4.002553E+00 -1.978053E+00 -3.056659E-01 -3.056659E-01
   105     9065.1213    8.00379853  8.884270E+08  7.816619E+08  3.798004E+30
        6.877212E+00  2.327365E+01  6.563461E+00  0.0000000000  0.000000E+00
        1.112600E+26 -4.002553E+00 -1.978053E+00 -3.056659E-01 -3.056659E-01
   106     8918.8637    8.00448946  8.877206E+08  8.157127E+08  3.553106E+30
        6.866087E+00  2.327381E+01  6.563582E+00  0.0000000000  0.000000E+00
        9.317705E+25 -4.002553E+00 -1.978053E+00 -3.056659E-01 -3.056659E-01
   107     8776.8190    8.00516412  8.870314E+08  8.507810E+08  3.326932E+30
        6.855108E+00  2.327397E+01  6.563702E+00  0.0000000000  0.000000E+00
        7.835127E+25 -4.002553E+00 -1.978053E+00 -3.056659E-01 -3.056659E-01
   108     8635.0211    8.00584297  8.863384E+08  8.879853E+08  3.112219E+30
        6.843952E+00  2.327413E+01  6.563822E+00  0.0000000000  0.000000E+00
        6.581013E+25 -4.002553E+00 -1.978053E+00 -3.056659E-01 -3.056659E-01
   109     8495.3554    8.00651575  8.856521E+08  9.270061E+08  2.911186E+30
        6.832745E+00  2.327429E+01  6.563940E+00  0.0000000000  0.000000E+00
        5.532596E+25 -4.002553E+00 -1.978053E+00 -3.056659E-01 -3.056659E-01
   110     8358.2566    8.00718076  8.849743E+08  9.678406E+08  2.723589E+30
        6.821512E+00  2.327444E+01  6.564054E+00  0.0000000000  0.000000E+00
        4.655469E+25 -4.002553E+00 -1.978053E+00 -3.056659E-01 -3.056659E-01
   111     8246.2079    8.00772794  8.844170E+08  1.003189E+09  2.577203E+30
        6.812145E+00  2.327457E+01  6.564147E+00  0.0000000000  0.000000E+00
        4.036030E+25 -4.002553E+00 -1.978053E+00 -3.056659E-01 -3.056659E-01
   112     8112.1821    8.00838719  8.837460E+08  1.048153E+09  2.410034E+30
        6.800713E+00  2.327472E+01  6.564258E+00  0.0000000000  0.000000E+00
        3.394078E+25 -4.002553E+00 -1.978053E+00 -3.056659E-01 -3.056659E-01
   113     7980.0857    8.00903885  8.830832E+08  1.095416E+09  2.253465E+30
        6.789204E+00  2.327487E+01  6.564368E+00  0.0000000000  0.000000E+00
        2.854354E+25 -4.002553E+00 -1.978053E+00 -3.056659E-01 -3.056659E-01
   114     7849.1545    8.00968425  8.824272E+08  1.145267E+09  2.106041E+30
        6.777578E+00  2.327502E+01  6.564475E+00  0.0000000000  0.000000E+00
        2.399552E+25 -4.002553E+00 -1.978053E+00 -3.056659E-01 -3.056659E-01
   115     7721.1290    8.01031426  8.817874E+08  1.196984E+09  1.969103E+30
        6.766021E+00  2.327516E+01  6.564577E+00  0.0000000000  0.000000E+00
        2.021242E+25 -4.002553E+00 -1.978053E+00 -3.056659E-01 -3.056659E-01
   116     7595.8031    8.01092743  8.811652E+08  1.250531E+09  1.841734E+30
        6.754550E+00  2.327529E+01  6.564672E+00  0.0000000000  0.000000E+00
        1.706582E+25 -4.002553E+00 -1.978053E+00 -3.056659E-01 -3.056659E-01
   117     7473.0649    8.01152399  8.805602E+08  1.305874E+09  1.723180E+30
        6.743180E+00  2.327541E+01  6.564760E+00  0.0000000000  0.000000E+00
        1.444845E+25 -4.002553E+00 -1.978053E+00 -3.056659E-01 -3.056659E-01
   118     7353.5384    8.01210328  8.799731E+08  1.362687E+09  1.613399E+30
        6.731982E+00  2.327552E+01  6.564840E+00  0.0000000000  0.000000E+00
        1.227220E+25 -4.002553E+00 -1.978053E+00 -3.056659E-01 -3.056659E-01
   119     7237.3731    8.01266587  8.794033E+08  1.420866E+09  1.511881E+30
        6.720978E+00  2.327562E+01  6.564912E+00  0.0000000000  0.000000E+00
        1.046177E+25 -4.002553E+00 -1.978053E+00 -3.056659E-01 -3.056659E-01
   120     7144.3512    8.01311748  8.789462E+08  1.469649E+09  1.434145E+30
        6.712072E+00  2.327570E+01  6.564966E+00  0.0000000000  0.000000E+00
        9.200590E+24 -4.002553E+00 -1.978053E+00 -3.056659E-01 -3.056659E-01
   121     7035.5666    8.01364949  8.784080E+08  1.529627E+09  1.347120E+30
        6.701534E+00  2.327579E+01  6.565026E+00  0.0000000000  0.000000E+00
        7.906106E+24 -4.002553E+00 -1.978053E+00 -3.056659E-01 -3.056659E-01
   122     6931.0714    8.01416782  8.778840E+08  1.590421E+09  1.267340E+30
        6.691263E+00  2.327587E+01  6.565081E+00  0.0000000000  0.000000E+00
        6.824819E+24 -4.002553E+00 -1.978053E+00 -3.056659E-01 -3.056659E-01
   123     6831.1961    8.01467420  8.773723E+08  1.651774E+09  1.194462E+30
        6.681286E+00  2.327594E+01  6.565133E+00  0.0000000000  0.000000E+00
        5.917886E+24 -4.002553E+00 -1.978053E+00 -3.056659E-01 -3.056659E-01
   124     6735.8309    8.01517343  8.768682E+08  1.713636E+09  1.127849E+30
        6.671590E+00  2.327601E+01  6.565181E+00  0.0000000000  0.000000E+00
        5.154191E+24 -4.002553E+00 -1.978053E+00 -3.056659E-01 -3.056659E-01
   125     6650.5731    8.01563896  8.763984E+08  1.771906E+09  1.070673E+30
        6.662763E+00  2.327607E+01  6.565225E+00  0.0000000000  0.000000E+00
        4.546775E+24 -4.002553E+00 -1.978053E+00 -3.056659E-01 -3.056659E-01
   126     6563.7455    8.01613983  8.758931E+08  1.834467E+09  1.014674E+30
        6.653601E+00  2.327613E+01  6.565268E+00  0.0000000000  0.000000E+00
        3.992508E+24 -4.002553E+00 -1.978053E+00 -3.056659E-01 -3.056659E-01
   127     6480.8512    8.01664950  8.753793E+08  1.897467E+09  9.632482E+29
        6.644676E+00  2.327618E+01  6.565306E+00  0.0000000000  0.000000E+00
        3.518705E+24 -4.002553E+00 -1.978053E+00 -3.056659E-01 -3.056659E-01
   128     6401.7606    8.01716440  8.748605E+08  1.960773E+09  9.159944E+29
        6.635990E+00  2.327623E+01  6.565341E+00  0.0000000000  0.000000E+00
        3.112063E+24 -4.002553E+00 -1.978053E+00 -3.056659E-01 -3.056659E-01
   129     6325.6582    8.01767929  8.743421E+08  2.024791E+09  8.721739E+29
        6.627477E+00  2.327627E+01  6.565374E+00  0.0000000000  0.000000E+00
        2.759723E+24 -4.002553E+00 -1.978053E+00 -3.056659E-01 -3.056659E-01
   130     6252.2276    8.01819462  8.738235E+08  2.089570E+09  8.313885E+29
        6.619119E+00  2.327631E+01  6.565407E+00  0.0000000000  0.000000E+00
        2.453027E+24 -4.002553E+00 -1.978053E+00 -3.056659E-01 -3.056659E-01
   131     6180.9965    8.01872322  8.732919E+08  2.155378E+09  7.931773E+29
        6.610876E+00  2.327636E+01  6.565439E+00  0.0000000000  0.000000E+00
        2.184205E+24 -4.002553E+00 -1.978053E+00 -3.056659E-01 -3.056659E-01
   132     6111.3852    8.01927880  8.727335E+08  2.222654E+09  7.570758E+29
        6.602692E+00  2.327640E+01  6.565474E+00  0.0000000000  0.000000E+00
        1.946761E+24 -4.002553E+00 -1.978053E+00 -3.056659E-01 -3.056659E-01
   133     6042.7567    8.01986418  8.721455E+08  2.291992E+09  7.226629E+29
        6.594497E+00  2.327645E+01  6.565511E+00  0.0000000000  0.000000E+00
        1.735088E+24 -4.002553E+00 -1.978053E+00 -3.056659E-01 -3.056659E-01
   134     5999.5432    8.02024713  8.717611E+08  2.337210E+09  7.015928E+29
        6.591608E+00  2.327649E+01  6.565587E+00  0.0003349184 -1.454776E-04
        1.613932E+24 -4.002553E+00 -1.978053E+00 -3.056659E-01 -3.056659E-01
   135     5958.9664    8.02061298  8.713940E+08  2.381470E+09  6.822292E+29
        6.589338E+00  2.327652E+01  6.565614E+00  0.0026544853 -1.154361E-03
        1.511758E+24 -4.002553E+00 -1.978053E+00 -3.056659E-01 -3.056659E-01
   136     5910.9919    8.02105004  8.709556E+08  2.438456E+09  6.598587E+29
        6.584909E+00  2.327658E+01  6.565651E+00  0.0091986817 -4.013424E-03
        1.402893E+24 -4.002553E+00 -1.978053E+00 -3.056659E-01 -3.056659E-01
   137     5868.9873    8.02143797  8.705667E+08  2.494407E+09  6.407288E+29
        6.580144E+00  2.327663E+01  6.565688E+00  0.0184049395 -8.067636E-03
        1.313274E+24 -4.002553E+00 -1.978053E+00 -3.056659E-01 -3.056659E-01
   138     5828.1697    8.02182252  8.701814E+08  2.555913E+09  6.225378E+29
        6.574876E+00  2.327669E+01  6.565729E+00  0.0306238767 -1.350768E-02
        1.228601E+24 -4.002553E+00 -1.978053E+00 -3.056659E-01 -3.056659E-01
   139     5784.1106    8.02225515  8.697480E+08  2.631122E+09  6.033242E+29
        6.568603E+00  2.327676E+01  6.565776E+00  0.0472165062 -2.100578E-02
        1.138251E+24 -4.002553E+00 -1.978053E+00 -3.056659E-01 -3.056659E-01
   140     5731.4155    8.02280791  8.691947E+08  2.733335E+09  5.808970E+29
        6.560509E+00  2.327684E+01  6.565835E+00  0.0710320136 -3.199925E-02
        1.031859E+24 -4.002553E+00 -1.978053E+00 -3.056659E-01 -3.056659E-01
   141     5662.8808    8.02358264  8.684198E+08  2.886676E+09  5.526199E+29
        6.549185E+00  2.327695E+01  6.565908E+00  0.1075119801 -4.939760E-02
        8.960451E+23 -4.002553E+00 -1.978053E+00 -3.056659E-01 -3.056659E-01
   142     5574.1754    8.02464326  8.673600E+08  3.125343E+09  5.175339E+29
        6.532813E+00  2.327708E+01  6.565994E+00  0.1641757902 -7.788505E-02
        7.256550E+23 -4.002553E+00 -1.978053E+00 -3.056659E-01 -3.056659E-01
   143     5472.0381    8.02602085  8.659855E+08  3.493793E+09  4.791099E+29
        6.508928E+00  2.327723E+01  6.566097E+00  0.2502247784 -1.250689E-01
        5.274802E+23 -4.002553E+00 -1.978053E+00 -3.056659E-01 -3.056659E-01
   144     5358.9616    8.02794023  8.640740E+08  4.109633E+09  4.387750E+29
        6.469312E+00  2.327753E+01  6.566324E+00  0.3904620438 -2.149992E-01
        3.063368E+23 -4.002553E+00 -1.978053E+00 -3.056659E-01 -3.056659E-01
   145     5253.0356    8.02971567  8.623096E+08  4.750949E+09  4.034458E+29
        6.425945E+00  2.327789E+01  6.566595E+00  0.5289989888 -3.269782E-01
        1.665547E+23 -4.002553E+00 -1.978053E+00 -3.056659E-01 -3.056659E-01
   146     5150.4896    8.03116952  8.608674E+08  5.329260E+09  3.716071E+29
        6.383800E+00  2.327811E+01  6.566742E+00  0.6430680202 -4.474145E-01
        9.163977E+22 -4.002553E+00 -1.978053E+00 -3.056659E-01 -3.056659E-01
   147     5054.3059    8.03234072  8.597074E+08  5.825659E+09  3.436884E+29
        6.344754E+00  2.327824E+01  6.566825E+00  0.7299160230 -5.685012E-01
        5.237257E+22 -4.002553E+00 -1.978053E+00 -3.056659E-01 -3.056659E-01
   148     4946.0828    8.03345643  8.586038E+08  6.335943E+09  3.143754E+29
        6.301230E+00  2.327839E+01  6.566921E+00  0.8068219409 -7.140422E-01
        2.787289E+22 -4.002553E+00 -1.978053E+00 -3.056659E-01 -3.056659E-01
   149     4823.0859    8.03441249  8.576593E+08  6.825569E+09  2.836266E+29
        6.256010E+00  2.327854E+01  6.567021E+00  0.8671118753 -8.765138E-01
        1.429863E+22 -4.002553E+00 -1.978053E+00 -3.056659E-01 -3.056659E-01
   150     4660.1549    8.03537475  8.567097E+08  7.383515E+09  2.466529E+29
        6.200378E+00  2.327874E+01  6.567176E+00  0.9190353612 -1.091705E+00
        6.209809E+21 -4.002553E+00 -1.978053E+00 -3.056659E-01 -3.056659E-01
   151     4519.3943    8.03604012  8.560536E+08  7.846502E+09  2.178414E+29
        6.150822E+00  2.327880E+01  6.567226E+00  0.9496445753 -1.297954E+00
        2.916498E+21 -4.002553E+00 -1.978053E+00 -3.056659E-01 -3.056659E-01
   152     4373.1207    8.03661930  8.554830E+08  8.309372E+09  1.907243E+29
        6.097819E+00  2.327882E+01  6.567244E+00  0.9707646188 -1.534091E+00
        1.285744E+21 -4.002553E+00 -1.978053E+00 -3.056659E-01 -3.056659E-01
   153     4223.7716    8.03717205  8.549388E+08  8.749714E+09  1.657636E+29
        6.044005E+00  2.327904E+01  6.567384E+00  0.9832062932 -1.774853E+00
        5.553603E+20 -4.002553E+00 -1.977728E+00 -3.056694E-01 -3.056694E-01
   154     4065.0079    8.03764758  8.544708E+08  9.160055E+09  1.420553E+29
        5.990733E+00  2.327923E+01  6.567518E+00  0.9867106417 -1.876496E+00
        2.398534E+20 -4.002553E+00 -1.971258E+00 -3.057387E-01 -3.057387E-01
   155     3909.7036    8.03804700  8.540780E+08  9.535034E+09  1.214473E+29
        5.940196E+00  2.327934E+01  6.567614E+00  0.9868542901 -1.881216E+00
        1.078965E+20 -4.002553E+00 -1.963352E+00 -3.058249E-01 -3.058249E-01
   156     3791.1463    8.03829731  8.538319E+08  9.816911E+09  1.073110E+29
        5.901242E+00  2.327935E+01  6.567624E+00  0.9871008259 -1.889438E+00
        5.819951E+19 -4.002553E+00 -1.959820E+00 -3.058639E-01 -3.058639E-01
   157     3663.4981    8.03852360  8.536095E+08  1.013454E+10  9.352329E+28
        5.855646E+00  2.327935E+01  6.567617E+00  0.9873511474 -1.897949E+00
        2.818158E+19 -4.002553E+00 -1.955232E+00 -3.059151E-01 -3.059151E-01
   158     3557.6094    8.03870173  8.534345E+08  1.038643E+10  8.313633E+28
        5.818441E+00  2.327936E+01  6.567626E+00  0.9875612073 -1.905222E+00
        1.557769E+19 -4.002553E+00 -1.951851E+00 -3.059531E-01 -3.059531E-01
   159     3472.5873    8.03882871  8.533097E+08  1.059997E+10  7.544726E+28
        5.785567E+00  2.327937E+01  6.567633E+00  0.9877462001 -1.911729E+00
        9.211060E+18 -4.002553E+00 -1.949397E+00 -3.059809E-01 -3.059809E-01
   160     3351.1073    8.03896916  8.531717E+08  1.085142E+10  6.540993E+28
        5.745832E+00  2.327938E+01  6.567637E+00  0.9879607230 -1.919400E+00
        4.883934E+18 -4.002553E+00 -1.945426E+00 -3.060263E-01 -3.060263E-01
   161     3152.5457    8.03915596  8.529883E+08  1.122221E+10  5.120933E+28
        5.686063E+00  2.327938E+01  6.567641E+00  0.9883533191 -1.933798E+00
        1.880019E+18 -4.002553E+00 -1.944588E+00 -3.060359E-01 -3.060359E-01
   162     2834.9560    8.03939770  8.527509E+08  1.180994E+10  3.346933E+28
        5.589944E+00  2.327939E+01  6.567648E+00  0.9889147858 -1.955256E+00
        4.030422E+17 -4.002553E+00 -1.943648E+00 -3.060467E-01 -3.060467E-01
   163     2561.2360    8.03956464  8.525870E+08  1.235159E+10  2.228914E+28
        5.497972E+00  2.327940E+01  6.567649E+00  0.9893789253 -1.973832E+00
        9.161393E+16 -4.002553E+00 -1.942788E+00 -3.060566E-01 -3.060566E-01
   164     2385.7383    8.03966174  8.524917E+08  1.270341E+10  1.677602E+28
        5.436861E+00  2.327940E+01  6.567651E+00  0.9896560004 -1.985312E+00
        3.408424E+16 -4.002553E+00 -1.942208E+00 -3.060633E-01 -3.060633E-01
   165     2242.6956    8.03973870  8.524162E+08  1.300073E+10  1.309791E+28
        5.383924E+00  2.327940E+01  6.567652E+00  0.9898805630 -1.994844E+00
        1.442929E+16 -4.002553E+00 -1.941737E+00 -3.060688E-01 -3.060688E-01
   166     2097.3061    8.03981489  8.523414E+08  1.331094E+10  1.001595E+28
        5.326991E+00  2.327940E+01  6.567653E+00  0.9901473643 -2.006448E+00
        5.707796E+15 -4.002553E+00 -1.943643E+00 -3.060468E-01 -3.060468E-01
   167     1977.6394    8.03987512  8.522823E+08  1.357547E+10  7.917222E+27
        5.276729E+00  2.327940E+01  6.567653E+00  0.9905363922 -2.023943E+00
        2.510408E+15 -4.002553E+00 -1.945108E+00 -3.060299E-01 -3.060299E-01
   168     1864.8490    8.03993306  8.522255E+08  1.383014E+10  6.258945E+27
        5.226809E+00  2.327940E+01  6.567654E+00  0.9909750637 -2.044556E+00
        1.107795E+15 -4.002553E+00 -1.946765E+00 -3.060109E-01 -3.060109E-01
   169     1752.2215    8.03999175  8.521679E+08  1.409076E+10  4.877797E+27
        5.173706E+00  2.327940E+01  6.567654E+00  0.9914620184 -2.068645E+00
        4.630191E+14 -4.002553E+00 -1.949257E+00 -3.059825E-01 -3.059825E-01
   170     1660.1468    8.04003968  8.521209E+08  1.430985E+10  3.930120E+27
        5.127535E+00  2.327940E+01  6.567654E+00  0.9918945420 -2.091222E+00
        2.166226E+14 -4.002553E+00 -1.949833E+00 -3.059760E-01 -3.059760E-01
   171     1571.3030    8.04009265  8.520689E+08  1.452640E+10  3.153600E+27
        5.080318E+00  2.327940E+01  6.567655E+00  0.9923927727 -2.118774E+00
        9.999113E+13 -4.002553E+00 -1.950458E+00 -3.059689E-01 -3.059689E-01
   172     1521.6895    8.04012025  8.520418E+08  1.465007E+10  2.773598E+27
        5.052650E+00  2.327940E+01  6.567655E+00  0.9927425112 -2.139214E+00
        6.379124E+13 -4.002553E+00 -1.951300E+00 -3.059594E-01 -3.059594E-01
   173     1481.4688    8.04014052  8.520219E+08  1.475122E+10  2.491661E+27
        5.029147E+00  2.327940E+01  6.567655E+00  0.9937327247 -2.202921E+00
        4.319757E+13 -4.002553E+00 -1.952181E+00 -3.059494E-01 -3.059494E-01
   174     1441.5436    8.04015801  8.520048E+08  1.485091E+10  2.233637E+27
        5.004562E+00  2.327940E+01  6.567655E+00  0.9951307350 -2.312537E+00
        2.883179E+13 -4.002553E+00 -1.952412E+00 -3.059468E-01 -3.059468E-01
   175     1399.9205    8.04017634  8.519868E+08  1.495272E+10  1.986537E+27
        4.977779E+00  2.327940E+01  6.567655E+00  0.9963542608 -2.438214E+00
        1.873644E+13 -4.002553E+00 -1.952469E+00 -3.059462E-01 -3.059462E-01
   176     1361.5639    8.04019551  8.519680E+08  1.504440E+10  1.777527E+27
        4.952070E+00  2.327940E+01  6.567655E+00  0.9972476745 -2.560300E+00
        1.243759E+13 -4.002553E+00 -1.952469E+00 -3.059462E-01 -3.059462E-01
   177     1323.4662    8.04021334  8.519505E+08  1.513361E+10  1.586710E+27
        4.925531E+00  2.327940E+01  6.567655E+00  0.9979477502 -2.687770E+00
        8.149413E+12 -4.002553E+00 -1.952469E+00 -3.059462E-01 -3.059462E-01
   178     1290.4335    8.04022605  8.519380E+08  1.520976E+10  1.434089E+27
        4.901566E+00  2.327940E+01  6.567655E+00  0.9984335167 -2.805074E+00
        5.606764E+12 -4.002553E+00 -1.952469E+00 -3.059462E-01 -3.059462E-01
   179     1255.9448    8.04024176  8.519226E+08  1.528755E+10  1.286767E+27
        4.875488E+00  2.327940E+01  6.567656E+00  0.9988371676 -2.934483E+00
        3.751181E+12 -4.002553E+00 -1.952469E+00 -3.059462E-01 -3.059462E-01
   180     1222.8242    8.04026600  8.518989E+08  1.536076E+10  1.156244E+27
        4.849434E+00  2.327940E+01  6.567656E+00  0.9991327599 -3.061861E+00
        2.523747E+12 -4.002553E+00 -1.952469E+00 -3.059462E-01 -3.059462E-01
   181     1193.8313    8.04030004  8.518655E+08  1.542373E+10  1.050343E+27
        4.825725E+00  2.327940E+01  6.567656E+00  0.9993288971 -3.173211E+00
        1.763530E+12 -4.002553E+00 -1.952469E+00 -3.059462E-01 -3.059462E-01
   182     1166.6802    8.04033778  8.518285E+08  1.548146E+10  9.579196E+26
        4.802640E+00  2.327940E+01  6.567656E+00  0.9994782712 -3.282555E+00
        1.252156E+12 -4.002553E+00 -1.952469E+00 -3.059462E-01 -3.059462E-01
   183     1138.7348    8.04037235  8.517946E+08  1.553970E+10  8.693157E+26
        4.777809E+00  2.327940E+01  6.567656E+00  0.9996120956 -3.411275E+00
        8.695438E+11 -4.002553E+00 -1.952469E+00 -3.059462E-01 -3.059462E-01
   184     1114.9232    8.04039057  8.517767E+08  1.558836E+10  7.988196E+26
        4.755733E+00  2.327940E+01  6.567656E+00  0.9997054379 -3.530823E+00
        6.306348E+11 -4.002553E+00 -1.952469E+00 -3.059462E-01 -3.059462E-01
   185     1092.6119    8.04039667  8.517707E+08  1.563233E+10  7.367609E+26
        4.734503E+00  2.327940E+01  6.567656E+00  0.9997705307 -3.639275E+00
        4.641258E+11 -4.002553E+00 -1.952469E+00 -3.059462E-01 -3.059462E-01
   186     1069.2720    8.04039627  8.517711E+08  1.567674E+10  6.757965E+26
        4.711594E+00  2.327941E+01  6.567656E+00  0.9998240980 -3.754729E+00
        3.341841E+11 -4.002535E+00 -1.952469E+00 -3.059462E-01 -3.059462E-01
   187     1045.4798    8.04038300  8.517841E+08  1.571968E+10  6.176451E+26
        4.688043E+00  2.327941E+01  6.567656E+00  0.9998597232 -3.853014E+00
        2.389449E+11 -4.001539E+00 -1.952478E+00 -3.059462E-01 -3.059462E-01
