     1    34434.8514    6.88352425  2.281623E+09  4.000000E+05  5.215526E+33
        8.079199E+00  2.147459E+01  5.371346E+00  0.0000000000  0.000000E+00
        1.027188E+33 -1.001056E+01 -1.995820E+00 -3.054373E-01 -3.054373E-01
     2    34089.2766    6.89943276  2.240215E+09  8.000000E+05  4.829119E+33
        8.071292E+00  2.149455E+01  5.386153E+00  0.0000000000  0.000000E+00
        1.021862E+33 -1.001057E+01 -1.995819E+00 -3.054373E-01 -3.054373E-01
     3    33785.8137    6.91400735  2.202938E+09  1.200000E+06  4.505673E+33
        8.063717E+00  2.151310E+01  5.399833E+00  0.0000000000  0.000000E+00
        1.013255E+33 -1.001058E+01 -1.995824E+00 -3.054372E-01 -3.054372E-01
     4    33499.3903    6.92759938  2.168734E+09  1.600000E+06  4.220634E+33
        8.056366E+00  2.153043E+01  5.412543E+00  0.0000000000  0.000000E+00
        1.002882E+33 -1.001059E+01 -1.995832E+00 -3.054371E-01 -3.054371E-01
     5    33219.9631    6.94038740  2.137038E+09  2.000000E+06  3.963133E+33
        8.049173E+00  2.154666E+01  5.424403E+00  0.0000000000  0.000000E+00
        9.910157E+32 -1.001060E+01 -1.995839E+00 -3.054371E-01 -3.054371E-01
     6    32943.4492    6.95247839  2.107496E+09  2.400000E+06  3.727584E+33
        8.042098E+00  2.156189E+01  5.435505E+00  0.0000000000  0.000000E+00
        9.783555E+32 -1.001061E+01 -1.995846E+00 -3.054370E-01 -3.054370E-01
     7    32741.5631    6.96091281  2.087131E+09  2.689454E+06  3.567092E+33
        8.036977E+00  2.157244E+01  5.443178E+00  0.0000000000  0.000000E+00
        9.674567E+32 -1.001062E+01 -1.995854E+00 -3.054369E-01 -3.054369E-01
     8    32548.1432    6.96874085  2.068405E+09  2.968474E+06  3.421319E+33
        8.032087E+00  2.158218E+01  5.450253E+00  0.0000000000  0.000000E+00
        9.569658E+32 -1.001062E+01 -1.995854E+00 -3.054369E-01 -3.054369E-01
     9    32348.8434    6.97655988  2.049869E+09  3.257687E+06  3.278722E+33
        8.027064E+00  2.159186E+01  5.457274E+00  0.0000000000  0.000000E+00
        9.455192E+32 -1.001063E+01 -1.995858E+00 -3.054369E-01 -3.054369E-01
    10    32143.0397    6.98438548  2.031483E+09  3.558224E+06  3.139004E+33
        8.021889E+00  2.160150E+01  5.464254E+00  0.0000000000  0.000000E+00
        9.327108E+32 -1.001063E+01 -1.995863E+00 -3.054368E-01 -3.054368E-01
    11    31933.6903    6.99209509  2.013532E+09  3.865445E+06  3.004214E+33
        8.016642E+00  2.161092E+01  5.471077E+00  0.0000000000  0.000000E+00
        9.195689E+32 -1.001063E+01 -1.995870E+00 -3.054368E-01 -3.054368E-01
    12    31696.0318    7.00051722  1.994102E+09  4.214527E+06  2.859775E+33
        8.010735E+00  2.162114E+01  5.478464E+00  0.0000000000  0.000000E+00
        9.040873E+32 -1.001063E+01 -1.995879E+00 -3.054367E-01 -3.054367E-01
    13    31481.1167    7.00791917  1.977181E+09  4.534075E+06  2.735967E+33
        8.005374E+00  2.163008E+01  5.484914E+00  0.0000000000  0.000000E+00
        8.892697E+32 -1.001064E+01 -1.995888E+00 -3.054366E-01 -3.054366E-01
    14    31263.9417    7.01522530  1.960620E+09  4.862090E+06  2.616852E+33
        7.999923E+00  2.163885E+01  5.491242E+00  0.0000000000  0.000000E+00
        8.740610E+32 -1.001064E+01 -1.995899E+00 -3.054365E-01 -3.054365E-01
    15    31041.3487    7.02253386  1.944192E+09  5.203306E+06  2.500679E+33
        7.994310E+00  2.164759E+01  5.497531E+00  0.0000000000  0.000000E+00
        8.579553E+32 -1.001065E+01 -1.995912E+00 -3.054363E-01 -3.054363E-01
    16    30813.0775    7.02984417  1.927898E+09  5.558384E+06  2.387402E+33
        7.988536E+00  2.165627E+01  5.503775E+00  0.0000000000  0.000000E+00
        8.408332E+32 -1.001066E+01 -1.995927E+00 -3.054362E-01 -3.054362E-01
    17    30582.3077    7.03705317  1.911963E+09  5.922836E+06  2.278544E+33
        7.982683E+00  2.166479E+01  5.509885E+00  0.0000000000  0.000000E+00
        8.233781E+32 -1.001067E+01 -1.995944E+00 -3.054360E-01 -3.054360E-01
    18    30347.0437    7.04422605  1.896239E+09  6.300430E+06  2.173046E+33
        7.976700E+00  2.167321E+01  5.515917E+00  0.0000000000  0.000000E+00
        8.051005E+32 -1.001068E+01 -1.995962E+00 -3.054358E-01 -3.054358E-01
    19    30108.1597    7.05130870  1.880839E+09  6.687809E+06  2.071370E+33
        7.970649E+00  2.168145E+01  5.521810E+00  0.0000000000  0.000000E+00
        7.865615E+32 -1.001069E+01 -1.995983E+00 -3.054356E-01 -3.054356E-01
    20    29868.7417    7.05821379  1.865946E+09  7.081101E+06  1.974620E+33
        7.964598E+00  2.168944E+01  5.527507E+00  0.0000000000  0.000000E+00
        7.676957E+32 -1.001071E+01 -1.996006E+00 -3.054354E-01 -3.054354E-01
    21    29631.5978    7.06492464  1.851585E+09  7.479743E+06  1.883324E+33
        7.958561E+00  2.169717E+01  5.533011E+00  0.0000000000  0.000000E+00
        7.488622E+32 -1.001073E+01 -1.996031E+00 -3.054351E-01 -3.054351E-01
    22    29389.7978    7.07164379  1.837317E+09  7.895662E+06  1.794618E+33
        7.952369E+00  2.170486E+01  5.538479E+00  0.0000000000  0.000000E+00
        7.293295E+32 -1.001075E+01 -1.996059E+00 -3.054348E-01 -3.054348E-01
    23    29108.2706    7.07926278  1.821271E+09  8.388440E+06  1.696807E+33
        7.945180E+00  2.171351E+01  5.544619E+00  0.0000000000  0.000000E+00
        7.066747E+32 -1.001077E+01 -1.996095E+00 -3.054345E-01 -3.054345E-01
    24    28859.6639    7.08584249  1.807527E+09  8.833684E+06  1.614924E+33
        7.938808E+00  2.172094E+01  5.549881E+00  0.0000000000  0.000000E+00
        6.864841E+32 -1.001079E+01 -1.996129E+00 -3.054341E-01 -3.054341E-01
    25    28610.7732    7.09231531  1.794107E+09  9.291416E+06  1.536854E+33
        7.932384E+00  2.172820E+01  5.555017E+00  0.0000000000  0.000000E+00
        6.662015E+32 -1.001082E+01 -1.996167E+00 -3.054337E-01 -3.054337E-01
    26    28357.0770    7.09879250  1.780778E+09  9.769816E+06  1.461110E+33
        7.925807E+00  2.173541E+01  5.560106E+00  0.0000000000  0.000000E+00
        6.454626E+32 -1.001084E+01 -1.996208E+00 -3.054333E-01 -3.054333E-01
    27    28066.4463    7.10602795  1.766006E+09  1.032941E+07  1.378959E+33
        7.918300E+00  2.174338E+01  5.565721E+00  0.0000000000  0.000000E+00
        6.218171E+32 -1.001087E+01 -1.996259E+00 -3.054328E-01 -3.054328E-01
    28    27806.6651    7.11235283  1.753193E+09  1.084177E+07  1.309400E+33
        7.911588E+00  2.175028E+01  5.570575E+00  0.0000000000  0.000000E+00
        6.008147E+32 -1.001090E+01 -1.996308E+00 -3.054323E-01 -3.054323E-01
    29    27522.2819    7.11912706  1.739572E+09  1.141686E+07  1.237201E+33
        7.904248E+00  2.175761E+01  5.575717E+00  0.0000000000  0.000000E+00
        5.780843E+32 -1.001094E+01 -1.996365E+00 -3.054317E-01 -3.054317E-01
    30    27259.8281    7.12525440  1.727344E+09  1.196241E+07  1.173999E+33
        7.897463E+00  2.176419E+01  5.580325E+00  0.0000000000  0.000000E+00
        5.572817E+32 -1.001097E+01 -1.996421E+00 -3.054311E-01 -3.054311E-01
    31    26996.3282    7.13130204  1.715359E+09  1.252606E+07  1.113644E+33
        7.890635E+00  2.177063E+01  5.584831E+00  0.0000000000  0.000000E+00
        5.365679E+32 -1.001100E+01 -1.996481E+00 -3.054305E-01 -3.054305E-01
    32    26726.8726    7.13736586  1.703425E+09  1.311808E+07  1.055009E+33
        7.883661E+00  2.177703E+01  5.589305E+00  0.0000000000  0.000000E+00
        5.156980E+32 -1.001104E+01 -1.996546E+00 -3.054299E-01 -3.054299E-01
    33    26438.9496    7.14371475  1.691020E+09  1.376905E+07  9.956153E+32
        7.876220E+00  2.178369E+01  5.593945E+00  0.0000000000  0.000000E+00
        4.938137E+32 -1.001108E+01 -1.996620E+00 -3.054291E-01 -3.054291E-01
    34    26165.5220    7.14963150  1.679540E+09  1.440605E+07  9.421404E+32
        7.869154E+00  2.178984E+01  5.598229E+00  0.0000000000  0.000000E+00
        4.733893E+32 -1.001112E+01 -1.996694E+00 -3.054284E-01 -3.054284E-01
    35    25891.3500    7.15545748  1.668312E+09  1.506460E+07  8.912321E+32
        7.862068E+00  2.179585E+01  5.602412E+00  0.0000000000  0.000000E+00
        4.533172E+32 -1.001116E+01 -1.996773E+00 -3.054276E-01 -3.054276E-01
    36    25606.6487    7.16139850  1.656940E+09  1.577085E+07  8.410891E+32
        7.854707E+00  2.180193E+01  5.606639E+00  0.0000000000  0.000000E+00
        4.328880E+32 -1.001120E+01 -1.996859E+00 -3.054267E-01 -3.054267E-01
    37    25321.3811    7.16723446  1.645845E+09  1.650180E+07  7.934958E+32
        7.847331E+00  2.180785E+01  5.610745E+00  0.0000000000  0.000000E+00
        4.128817E+32 -1.001124E+01 -1.996952E+00 -3.054257E-01 -3.054257E-01
    38    25035.9218    7.17296193  1.635028E+09  1.725840E+07  7.483796E+32
        7.839945E+00  2.181359E+01  5.614729E+00  0.0000000000  0.000000E+00
        3.933056E+32 -1.001129E+01 -1.997059E+00 -3.054246E-01 -3.054246E-01
    39    24748.4912    7.17862729  1.624398E+09  1.804842E+07  7.053378E+32
        7.832491E+00  2.181923E+01  5.618626E+00  0.0000000000  0.000000E+00
        3.740742E+32 -1.001134E+01 -1.997176E+00 -3.054235E-01 -3.054235E-01
    40    24460.4177    7.18420896  1.613993E+09  1.887073E+07  6.644710E+32
        7.825003E+00  2.182473E+01  5.622428E+00  0.0000000000  0.000000E+00
        3.552725E+32 -1.001139E+01 -1.997303E+00 -3.054222E-01 -3.054222E-01
    41    24175.7980    7.18963770  1.603937E+09  1.971605E+07  6.262029E+32
        7.817577E+00  2.183003E+01  5.626091E+00  0.0000000000  0.000000E+00
        3.371731E+32 -1.001144E+01 -1.997435E+00 -3.054208E-01 -3.054208E-01
    42    23890.8036    7.19500041  1.594064E+09  2.059941E+07  5.898643E+32
        7.810098E+00  2.183524E+01  5.629681E+00  0.0000000000  0.000000E+00
        3.195064E+32 -1.001149E+01 -1.997578E+00 -3.054194E-01 -3.054194E-01
    43    23606.1760    7.20030079  1.584366E+09  2.152403E+07  5.554325E+32
        7.802560E+00  2.184035E+01  5.633206E+00  0.0000000000  0.000000E+00
        3.022711E+32 -1.001154E+01 -1.997731E+00 -3.054178E-01 -3.054178E-01
    44    23320.3360    7.20558401  1.574759E+09  2.250122E+07  5.226184E+32
        7.794893E+00  2.184543E+01  5.636699E+00  0.0000000000  0.000000E+00
        2.853537E+32 -1.001159E+01 -1.997897E+00 -3.054161E-01 -3.054161E-01
    45    23026.6450    7.21092011  1.565114E+09  2.354655E+07  4.907181E+32
        7.787015E+00  2.185051E+01  5.640200E+00  0.0000000000  0.000000E+00
        2.685895E+32 -1.001165E+01 -1.998355E+00 -3.054115E-01 -3.054115E-01
    46    22756.8395    7.21562914  1.556652E+09  2.452232E+07  4.630716E+32
        7.779929E+00  2.185498E+01  5.643271E+00  0.0000000000  0.000000E+00
        2.540555E+32 -1.001170E+01 -1.999867E+00 -3.053962E-01 -3.053962E-01
    47    22440.4563    7.22120294  1.546695E+09  2.575598E+07  4.322682E+32
        7.771335E+00  2.186026E+01  5.646898E+00  0.0000000000  0.000000E+00
        2.371352E+32 -1.001176E+01 -2.001407E+00 -3.053806E-01 -3.053806E-01
    48    22056.6308    7.22786434  1.534878E+09  2.734324E+07  3.973030E+32
        7.760808E+00  2.186648E+01  5.651170E+00  0.0000000000  0.000000E+00
        2.174696E+32 -1.001185E+01 -2.002941E+00 -3.053652E-01 -3.053652E-01
    49    21707.9863    7.23378287  1.524455E+09  2.886239E+07  3.677264E+32
        7.751200E+00  2.187193E+01  5.654908E+00  0.0000000000  0.000000E+00
        2.005578E+32 -1.001192E+01 -2.004410E+00 -3.053505E-01 -3.053505E-01
    50    21361.5301    7.23957962  1.514315E+09  3.046455E+07  3.402353E+32
        7.741534E+00  2.187720E+01  5.658523E+00  0.0000000000  0.000000E+00
        1.845306E+32 -1.001200E+01 -2.005801E+00 -3.053366E-01 -3.053366E-01
    51    21031.1157    7.24502402  1.504853E+09  3.208182E+07  3.156856E+32
        7.732218E+00  2.188210E+01  5.661878E+00  0.0000000000  0.000000E+00
        1.700079E+32 -1.001208E+01 -2.007104E+00 -3.053237E-01 -3.053237E-01
    52    20732.0409    7.24988284  1.496458E+09  3.362582E+07  2.947915E+32
        7.723696E+00  2.188643E+01  5.664841E+00  0.0000000000  0.000000E+00
        1.575034E+32 -1.001215E+01 -2.008305E+00 -3.053117E-01 -3.053117E-01
    53    20602.2229    7.25191543  1.492961E+09  3.429281E+07  2.861346E+32
        7.720099E+00  2.188821E+01  5.666062E+00  0.0000000000  0.000000E+00
        1.524443E+32 -1.001220E+01 -2.009147E+00 -3.053034E-01 -3.053034E-01
    54    20515.9676    7.25326225  1.490647E+09  3.474530E+07  2.805016E+32
        7.717690E+00  2.188939E+01  5.666870E+00  0.0000000000  0.000000E+00
        1.491287E+32 -1.001223E+01 -2.009804E+00 -3.052969E-01 -3.052969E-01
    55    20438.7798    7.25447557  1.488567E+09  3.516176E+07  2.755331E+32
        7.715504E+00  2.189045E+01  5.667597E+00  0.0000000000  0.000000E+00
        1.461685E+32 -1.001224E+01 -2.010496E+00 -3.052901E-01 -3.052901E-01
    56    20368.4259    7.25564096  1.486571E+09  3.557822E+07  2.710307E+32
        7.713342E+00  2.189149E+01  5.668310E+00  0.0000000000  0.000000E+00
        1.432853E+32 -1.001225E+01 -2.010625E+00 -3.052888E-01 -3.052888E-01
    57    20299.3724    7.25678823  1.484608E+09  3.599468E+07  2.666685E+32
        7.711202E+00  2.189251E+01  5.669011E+00  0.0000000000  0.000000E+00
        1.404769E+32 -1.001226E+01 -2.010617E+00 -3.052889E-01 -3.052889E-01
    58    20210.0402    7.25777450  1.482924E+09  3.641113E+07  2.614109E+32
        7.709079E+00  2.189350E+01  5.669689E+00  0.0000000000  0.000000E+00
        1.377262E+32 -1.001228E+01 -1.999599E+00 -3.053989E-01 -3.053989E-01
    59    20146.3691    7.25886170  1.481069E+09  3.682759E+07  2.574868E+32
        7.706983E+00  2.189449E+01  5.670364E+00  0.0000000000  0.000000E+00
        1.350594E+32 -1.001229E+01 -1.999599E+00 -3.053989E-01 -3.053989E-01
    60    20082.0014    7.25994620  1.479221E+09  3.724405E+07  2.535778E+32
        7.704908E+00  2.189546E+01  5.671027E+00  0.0000000000  0.000000E+00
        1.324609E+32 -1.001230E+01 -1.999599E+00 -3.053989E-01 -3.053989E-01
    61    20016.0469    7.26102714  1.477381E+09  3.766051E+07  2.496408E+32
        7.702848E+00  2.189641E+01  5.671680E+00  0.0000000000  0.000000E+00
        1.299209E+32 -1.001231E+01 -1.999599E+00 -3.053989E-01 -3.053989E-01
    62    19882.9645    7.26315269  1.473770E+09  3.849343E+07  2.418808E+32
        7.698801E+00  2.189826E+01  5.672950E+00  0.0000000000  0.000000E+00
        1.250428E+32 -1.001235E+01 -1.999599E+00 -3.053989E-01 -3.053989E-01
    63    19626.3213    7.26720484  1.466911E+09  4.015926E+07  2.274994E+32
        7.690974E+00  2.190176E+01  5.675343E+00  0.0000000000  0.000000E+00
        1.160245E+32 -1.001241E+01 -1.999599E+00 -3.053989E-01 -3.053989E-01
    64    19150.4513    7.27458581  1.454498E+09  4.349094E+07  2.027495E+32
        7.676281E+00  2.190800E+01  5.679619E+00  0.0000000000  0.000000E+00
        1.005115E+32 -1.001254E+01 -1.999599E+00 -3.053989E-01 -3.053989E-01
    65    18535.6628    7.28388042  1.439017E+09  4.831536E+07  1.741733E+32
        7.656805E+00  2.191569E+01  5.684885E+00  0.0000000000  0.000000E+00
        8.261528E+31 -1.001270E+01 -1.999599E+00 -3.053989E-01 -3.053989E-01
    66    17934.0944    7.29279968  1.424315E+09  5.372743E+07  1.495366E+32
        7.636918E+00  2.192294E+01  5.689851E+00  0.0000000000  0.000000E+00
        6.718186E+31 -1.001286E+01 -1.999599E+00 -3.053989E-01 -3.053989E-01
    67    17343.2409    7.30142540  1.410241E+09  5.986930E+07  1.282110E+32
        7.616377E+00  2.192986E+01  5.694591E+00  0.0000000000  0.000000E+00
        5.389553E+31 -1.001302E+01 -1.999599E+00 -3.053989E-01 -3.053989E-01
    68    16763.9217    7.30975266  1.396785E+09  6.688032E+07  1.097942E+32
        7.595029E+00  2.193642E+01  5.699089E+00  0.0000000000  0.000000E+00
        4.255853E+31 -1.001318E+01 -1.999599E+00 -3.053989E-01 -3.053989E-01
    69    16196.4211    7.31781332  1.383883E+09  7.494165E+07  9.390580E+31
        7.572729E+00  2.194265E+01  5.703368E+00  0.0000000000  0.000000E+00
        3.299861E+31 -1.001333E+01 -1.999599E+00 -3.053989E-01 -3.053989E-01
    70    15640.5900    7.32562383  1.371495E+09  8.427118E+07  8.020809E+31
        7.549304E+00  2.194862E+01  5.707466E+00  0.0000000000  0.000000E+00
        2.504690E+31 -1.001349E+01 -1.999599E+00 -3.053989E-01 -3.053989E-01
    71    15090.9673    7.33321259  1.359564E+09  9.517553E+07  6.831015E+31
        7.524434E+00  2.195431E+01  5.711385E+00  0.0000000000  0.000000E+00
        1.851326E+31 -1.001365E+01 -1.999599E+00 -3.053989E-01 -3.053989E-01
    72    14537.4483    7.34061205  1.348031E+09  1.080347E+08  5.783226E+31
        7.497828E+00  2.195973E+01  5.715119E+00  0.0000000000  0.000000E+00
        1.325217E+31 -1.001381E+01 -1.999599E+00 -3.053989E-01 -3.053989E-01
    73    13989.8736    7.34771992  1.337045E+09  1.230086E+08  4.879381E+31
        7.469736E+00  2.196489E+01  5.718681E+00  0.0000000000  0.000000E+00
        9.196842E+30 -1.001398E+01 -1.999599E+00 -3.053989E-01 -3.053989E-01
    74    13440.2392    7.35457811  1.326530E+09  1.406168E+08  4.091470E+31
        7.439768E+00  2.196988E+01  5.722128E+00  0.0000000000  0.000000E+00
        6.142988E+30 -1.001416E+01 -1.999599E+00 -3.053989E-01 -3.053989E-01
    75    12876.5949    7.36127695  1.316338E+09  1.617674E+08  3.394351E+31
        7.407210E+00  2.197472E+01  5.725476E+00  0.0000000000  0.000000E+00
        3.896403E+30 -1.001436E+01 -1.999599E+00 -3.053989E-01 -3.053989E-01
    76    12303.6428    7.36774107  1.306578E+09  1.870716E+08  2.787554E+31
        7.372046E+00  2.197933E+01  5.728682E+00  0.0000000000  0.000000E+00
        2.334873E+30 -1.001457E+01 -1.999599E+00 -3.053989E-01 -3.053989E-01
    77    11776.1191    7.37341003  1.298079E+09  2.141201E+08  2.309023E+31
        7.337971E+00  2.198326E+01  5.731431E+00  0.0000000000  0.000000E+00
        1.392240E+30 -1.001478E+01 -1.999599E+00 -3.053989E-01 -3.053989E-01
    78    11425.4539    7.37711017  1.292561E+09  2.343499E+08  2.028678E+31
        7.314298E+00  2.198575E+01  5.733176E+00  0.0000000000  0.000000E+00
        9.600105E+29 -1.001496E+01 -1.999599E+00 -3.053989E-01 -3.053989E-01
    79    11197.6051    7.37951346  1.288989E+09  2.485929E+08  1.861301E+31
        7.298429E+00  2.198732E+01  5.734277E+00  0.0000000000  0.000000E+00
        7.439243E+29 -1.001509E+01 -1.999599E+00 -3.053989E-01 -3.053989E-01
    80    11025.6961    7.38133832  1.286284E+09  2.599674E+08  1.742269E+31
        7.286205E+00  2.198847E+01  5.735084E+00  0.0000000000  0.000000E+00
        6.092927E+29 -1.001520E+01 -1.999599E+00 -3.053989E-01 -3.053989E-01
    81    10839.3062    7.38337029  1.283278E+09  2.730164E+08  1.619814E+31
        7.272686E+00  2.198970E+01  5.735938E+00  0.0000000000  0.000000E+00
        4.869578E+29 -1.001527E+01 -1.999599E+00 -3.053989E-01 -3.053989E-01
    82    10673.1929    7.38524615  1.280510E+09  2.852728E+08  1.516215E+31
        7.260423E+00  2.199077E+01  5.736681E+00  0.0000000000  0.000000E+00
        3.961533E+29 -1.001534E+01 -1.999599E+00 -3.053989E-01 -3.053989E-01
    83    10492.9341    7.38736878  1.277385E+09  2.993726E+08  1.409446E+31
        7.246822E+00  2.199190E+01  5.737471E+00  0.0000000000  0.000000E+00
        3.140263E+29 -1.001541E+01 -1.999599E+00 -3.053989E-01 -3.053989E-01
    84    10315.5310    7.38953871  1.274197E+09  3.140691E+08  1.309957E+31
        7.233163E+00  2.199299E+01  5.738230E+00  0.0000000000  0.000000E+00
        2.477745E+29 -1.001549E+01 -1.999599E+00 -3.053989E-01 -3.053989E-01
    85    10124.1947    7.39193476  1.270687E+09  3.308955E+08  1.208751E+31
        7.218132E+00  2.199413E+01  5.739027E+00  0.0000000000  0.000000E+00
        1.901084E+29 -1.001561E+01 -1.999599E+00 -3.053989E-01 -3.053989E-01
    86     9923.0927    7.39451717  1.266915E+09  3.497088E+08  1.108921E+31
        7.202029E+00  2.199528E+01  5.739832E+00  0.0000000000  0.000000E+00
        1.424494E+29 -1.001638E+01 -1.999599E+00 -3.053989E-01 -3.053989E-01
    87     9709.1662    7.39726216  1.262917E+09  3.710443E+08  1.009939E+31
        7.184601E+00  2.199646E+01  5.740656E+00  0.0000000000  0.000000E+00
        1.036525E+29 -1.002209E+01 -1.999599E+00 -3.053989E-01 -3.053989E-01
    88     9470.0393    7.40048438  1.258241E+09  3.967425E+08  9.073028E+30
        7.164697E+00  2.199774E+01  5.741551E+00  0.0000000000  0.000000E+00
        7.159168E+28 -1.002588E+01 -1.999599E+00 -3.053989E-01 -3.053989E-01
    89     9256.5507    7.40348611  1.253900E+09  4.214353E+08  8.225080E+30
        7.146531E+00  2.199887E+01  5.742337E+00  0.0000000000  0.000000E+00
        5.075359E+28 -1.002588E+01 -1.999599E+00 -3.053989E-01 -3.053989E-01
    90     9060.5783    7.40639463  1.249708E+09  4.457606E+08  7.499953E+30
        7.129475E+00  2.199988E+01  5.743050E+00  0.0000000000  0.000000E+00
        3.655841E+28 -1.002588E+01 -1.999599E+00 -3.053989E-01 -3.053989E-01
    91     8893.8717    7.40881277  1.246234E+09  4.677107E+08  6.924369E+30
        7.114734E+00  2.200073E+01  5.743646E+00  0.0000000000  0.000000E+00
        2.742684E+28 -1.002588E+01 -1.999599E+00 -3.053989E-01 -3.053989E-01
    92     8656.5590    7.41210603  1.241518E+09  5.013595E+08  6.167436E+30
        7.093377E+00  2.200189E+01  5.744471E+00  0.0000000000  0.000000E+00
        1.797646E+28 -1.002588E+01 -1.999599E+00 -3.053989E-01 -3.053989E-01
    93     8397.6124    7.41545102  1.236746E+09  5.415493E+08  5.420031E+30
        7.069517E+00  2.200312E+01  5.745338E+00  0.0000000000  0.000000E+00
        1.112510E+28 -1.002588E+01 -1.999599E+00 -3.053989E-01 -3.053989E-01
    94     8107.0041    7.41897209  1.231743E+09  5.917132E+08  4.669807E+30
        7.041939E+00  2.200443E+01  5.746259E+00  0.0000000000  0.000000E+00
        6.331214E+27 -1.002588E+01 -1.999599E+00 -3.053989E-01 -3.053989E-01
    95     7808.6362    7.42248005  1.226778E+09  6.496626E+08  3.987037E+30
        7.012661E+00  2.200571E+01  5.747156E+00  0.0000000000  0.000000E+00
        3.448198E+27 -1.002588E+01 -1.999599E+00 -3.053989E-01 -3.053989E-01
    96     7521.7529    7.42581674  1.222074E+09  7.123554E+08  3.406348E+30
        6.983589E+00  2.200691E+01  5.747991E+00  0.0000000000  0.000000E+00
        1.872755E+27 -1.002588E+01 -1.999599E+00 -3.053989E-01 -3.053989E-01
    97     7243.3504    7.42898793  1.217621E+09  7.807440E+08  2.908035E+30
        6.954500E+00  2.200804E+01  5.748784E+00  0.0000000000  0.000000E+00
        1.012563E+27 -1.002588E+01 -1.999599E+00 -3.053989E-01 -3.053989E-01
    98     6979.3833    7.43195540  1.213468E+09  8.538337E+08  2.489673E+30
        6.925990E+00  2.200908E+01  5.749509E+00  0.0000000000  0.000000E+00
        5.533298E+26 -1.002588E+01 -1.999599E+00 -3.053989E-01 -3.053989E-01
    99     6731.8489    7.43474807  1.209573E+09  9.314083E+08  2.141011E+30
        6.898190E+00  2.200999E+01  5.750155E+00  0.0000000000  0.000000E+00
        3.071991E+26 -1.002588E+01 -1.999599E+00 -3.053989E-01 -3.053989E-01
   100     6503.6376    7.43732730  1.205986E+09  1.012637E+09  1.854076E+30
        6.871373E+00  2.201079E+01  5.750719E+00  0.0000000000  0.000000E+00
        1.745576E+26 -1.002588E+01 -1.999599E+00 -3.053989E-01 -3.053989E-01
   101     6298.9541    7.43977487  1.202593E+09  1.096292E+09  1.622290E+30
        6.845823E+00  2.201149E+01  5.751219E+00  0.0000000000  0.000000E+00
        1.021738E+26 -1.002588E+01 -1.999599E+00 -3.053989E-01 -3.053989E-01
   102     6121.4731    7.44237197  1.199002E+09  1.183846E+09  1.438405E+30
        6.820930E+00  2.201216E+01  5.751690E+00  0.0000000000  0.000000E+00
        6.069721E+25 -1.002588E+01 -1.999599E+00 -3.053989E-01 -3.053989E-01
   103     5960.1481    7.44556793  1.194599E+09  1.293187E+09  1.283187E+30
        6.791832E+00  2.201291E+01  5.752220E+00  0.0000000000  0.000000E+00
        3.286527E+25 -1.002588E+01 -1.999599E+00 -3.053989E-01 -3.053989E-01
   104     5746.9429    7.45012865  1.188343E+09  1.489159E+09  1.097611E+30
        6.742750E+00  2.201408E+01  5.753044E+00  0.0000000000  0.000000E+00
        1.166343E+25 -1.002588E+01 -1.999599E+00 -3.053989E-01 -3.053989E-01
   105     5513.9936    7.45425153  1.182715E+09  1.726771E+09  9.213890E+29
        6.685807E+00  2.201526E+01  5.753875E+00  0.0000000000  0.000000E+00
        3.769505E+24 -1.002588E+01 -1.999599E+00 -3.053989E-01 -3.053989E-01
   106     5303.1201    7.45685477  1.179176E+09  1.936922E+09  7.836111E+29
        6.637537E+00  2.201608E+01  5.754453E+00  0.0000000000  0.000000E+00
        1.592676E+24 -1.002588E+01 -1.999599E+00 -3.053989E-01 -3.053989E-01
   107     5093.4616    7.45878091  1.176564E+09  2.147494E+09  6.638970E+29
        6.591620E+00  2.201674E+01  5.754920E+00  0.0000000000  0.000000E+00
        7.554644E+23 -1.002588E+01 -1.999599E+00 -3.053989E-01 -3.053989E-01
   108     4899.1223    7.46038910  1.174388E+09  2.361501E+09  5.661266E+29
        6.547596E+00  2.201743E+01  5.755404E+00  0.0000000000  0.000000E+00
        3.856401E+23 -1.002588E+01 -1.999599E+00 -3.053989E-01 -3.053989E-01
   109     4700.9766    7.46184941  1.172415E+09  2.602182E+09  4.783353E+29
        6.501077E+00  2.201810E+01  5.755877E+00  0.0000000000  0.000000E+00
        1.945081E+23 -1.002588E+01 -1.999599E+00 -3.053989E-01 -3.053989E-01
   110     4508.2558    7.46311001  1.170715E+09  2.869737E+09  4.034165E+29
        6.452564E+00  2.201862E+01  5.756243E+00  0.0000000000  0.000000E+00
        9.657077E+22 -1.002588E+01 -1.999599E+00 -3.053989E-01 -3.053989E-01
   111     4320.4226    7.46414260  1.169324E+09  3.141087E+09  3.394625E+29
        6.406375E+00  2.201907E+01  5.756557E+00  0.0000000000  0.000000E+00
        4.995418E+22 -1.002588E+01 -1.999599E+00 -3.053989E-01 -3.053989E-01
   112     4134.3023    7.46496433  1.168218E+09  3.412275E+09  2.841019E+29
        6.363324E+00  2.201948E+01  5.756848E+00  0.0000000000  0.000000E+00
        2.720413E+22 -1.002588E+01 -1.999599E+00 -3.053989E-01 -3.053989E-01
   113     3964.4044    7.46560467  1.167357E+09  3.684047E+09  2.398483E+29
        6.323253E+00  2.201982E+01  5.757088E+00  0.0000000000  0.000000E+00
        1.551650E+22 -1.002588E+01 -1.999599E+00 -3.053989E-01 -3.053989E-01
   114     3870.9035    7.46591055  1.166946E+09  3.848100E+09  2.178554E+29
        6.314431E+00  2.201999E+01  5.757264E+00  0.0160331107 -7.019515E-03
        1.179041E+22 -1.002588E+01 -1.999599E+00 -3.053989E-01 -3.053989E-01
   115     3796.6099    7.46613340  1.166647E+09  3.999343E+09  2.015023E+29
        6.300426E+00  2.202013E+01  5.757364E+00  0.0550885972 -2.460891E-02
        9.786876E+21 -1.002588E+01 -1.999599E+00 -3.053989E-01 -3.053989E-01
   116     3707.6563    7.46639522  1.166295E+09  4.244192E+09  1.831606E+29
        6.276654E+00  2.202034E+01  5.757515E+00  0.1429509976 -6.699435E-02
        7.674331E+21 -1.002588E+01 -1.999599E+00 -3.053989E-01 -3.053989E-01
   117     3601.1131    7.46672432  1.165853E+09  4.638662E+09  1.628742E+29
        6.240848E+00  2.202067E+01  5.757749E+00  0.2878344273 -1.474190E-01
        5.239313E+21 -1.002588E+01 -1.999599E+00 -3.053989E-01 -3.053989E-01
   118     3440.8606    7.46722770  1.165178E+09  5.286755E+09  1.356033E+29
        6.187065E+00  2.202121E+01  5.758127E+00  0.4917942196 -2.939604E-01
        2.711975E+21 -1.002588E+01 -1.999599E+00 -3.053989E-01 -3.053989E-01
   119     3229.8980    7.46774039  1.164490E+09  6.155388E+09  1.051585E+29
        6.117462E+00  2.202155E+01  5.758340E+00  0.6969350238 -5.184643E-01
        1.066792E+21 -1.002587E+01 -1.999599E+00 -3.053989E-01 -3.053989E-01
   120     3111.1101    7.46800198  1.164140E+09  6.654903E+09  9.046677E+28
        6.077036E+00  2.202172E+01  5.758459E+00  0.7834294265 -6.644006E-01
        6.083267E+20 -1.002587E+01 -1.999599E+00 -3.053989E-01 -3.053989E-01
   121     3067.2549    7.46810393  1.164003E+09  6.851605E+09  8.545255E+28
        6.060990E+00  2.202179E+01  5.758508E+00  0.8118947494 -7.255991E-01
        4.843970E+20 -1.002587E+01 -1.999599E+00 -3.053989E-01 -3.053989E-01
   122     3040.7604    7.46815512  1.163934E+09  6.960331E+09  8.252835E+28
        6.052093E+00  2.202183E+01  5.758535E+00  0.8263562956 -7.603410E-01
        4.267924E+20 -1.002587E+01 -1.999599E+00 -3.053989E-01 -3.053989E-01
   123     3014.7558    7.46820659  1.163865E+09  7.072524E+09  7.973178E+28
        6.042909E+00  2.202187E+01  5.758564E+00  0.8403713993 -7.968893E-01
        3.736906E+20 -1.002587E+01 -1.999599E+00 -3.053989E-01 -3.053989E-01
   124     2992.7079    7.46824124  1.163819E+09  7.158943E+09  7.741865E+28
        6.035833E+00  2.202190E+01  5.758587E+00  0.8505088970 -8.253847E-01
        3.378222E+20 -1.002587E+01 -1.999599E+00 -3.053989E-01 -3.053989E-01
   125     2967.8388    7.46829248  1.163750E+09  7.271147E+09  7.486835E+28
        6.026655E+00  2.202194E+01  5.758616E+00  0.8629188780 -8.630223E-01
        2.954596E+20 -1.002587E+01 -1.999599E+00 -3.053989E-01 -3.053989E-01
   126     2935.5987    7.46835919  1.163661E+09  7.416291E+09  7.165675E+28
        6.014791E+00  2.202199E+01  5.758655E+00  0.8776991337 -9.125705E-01
        2.486021E+20 -1.002584E+01 -1.999599E+00 -3.053989E-01 -3.053989E-01
   127     2876.2289    7.46850327  1.163468E+09  7.706581E+09  6.601157E+28
        5.991091E+00  2.202212E+01  5.758744E+00  0.9033151873 -1.014642E+00
        1.753714E+20 -1.002584E+01 -1.999599E+00 -3.053989E-01 -3.053989E-01
   128     2797.4931    7.46871926  1.163179E+09  8.131486E+09  5.904543E+28
        5.956211E+00  2.202230E+01  5.758868E+00  0.9329528644 -1.173620E+00
        1.039825E+20 -1.002584E+01 -1.999599E+00 -3.053989E-01 -3.053989E-01
   129     2712.0470    7.46897079  1.162842E+09  8.678022E+09  5.212518E+28
        5.910156E+00  2.202241E+01  5.758943E+00  0.9604788817 -1.403171E+00
        5.142959E+19 -1.002584E+01 -1.999599E+00 -3.053989E-01 -3.053989E-01
   130     2622.6042    7.46924629  1.162473E+09  9.383140E+09  4.555271E+28
        5.846721E+00  2.202248E+01  5.758994E+00  0.9824250248 -1.755105E+00
        1.910477E+19 -1.002584E+01 -1.998597E+00 -3.054090E-01 -3.054090E-01
   131     2503.9953    7.46958248  1.162023E+09  1.006280E+10  3.782519E+28
        5.781803E+00  2.202264E+01  5.759117E+00  0.9860694561 -1.856032E+00
        6.863550E+18 -1.002582E+01 -1.998300E+00 -3.054120E-01 -3.054120E-01
   132     2396.3803    7.46983005  1.161692E+09  1.064205E+10  3.171191E+28
        5.725795E+00  2.202273E+01  5.759174E+00  0.9873485701 -1.897860E+00
        2.836992E+18 -1.002581E+01 -1.997278E+00 -3.054224E-01 -3.054224E-01
   133     2363.8521    7.46989406  1.161606E+09  1.080643E+10  3.002041E+28
        5.709876E+00  2.202275E+01  5.759188E+00  0.9874911850 -1.902784E+00
        2.206120E+18 -1.002580E+01 -1.995774E+00 -3.054377E-01 -3.054377E-01
   134     2343.1910    7.46993662  1.161550E+09  1.100094E+10  2.898169E+28
        5.690711E+00  2.202278E+01  5.759207E+00  0.9876058490 -1.906783E+00
        1.621065E+18 -1.002580E+01 -1.993744E+00 -3.054585E-01 -3.054585E-01
   135     2326.8452    7.46996610  1.161510E+09  1.109443E+10  2.817950E+28
        5.681328E+00  2.202280E+01  5.759217E+00  0.9876573405 -1.908591E+00
        1.397116E+18 -1.002579E+01 -1.992961E+00 -3.054665E-01 -3.054665E-01
   136     2309.5539    7.46999414  1.161473E+09  1.117856E+10  2.734940E+28
        5.672872E+00  2.202281E+01  5.759226E+00  0.9877102733 -1.910458E+00
        1.222517E+18 -1.002579E+01 -1.992280E+00 -3.054735E-01 -3.054735E-01
   137     2292.8565    7.47001926  1.161439E+09  1.125940E+10  2.656548E+28
        5.664763E+00  2.202283E+01  5.759234E+00  0.9877618038 -1.912283E+00
        1.075794E+18 -1.002578E+01 -1.991148E+00 -3.054852E-01 -3.054852E-01
   138     2276.0016    7.47004369  1.161406E+09  1.134022E+10  2.579147E+28
        5.656676E+00  2.202284E+01  5.759242E+00  0.9878137058 -1.914128E+00
        9.469408E+17 -1.002578E+01 -1.990031E+00 -3.054967E-01 -3.054967E-01
   139     2264.2179    7.47006411  1.161379E+09  1.140497E+10  2.526029E+28
        5.650205E+00  2.202285E+01  5.759249E+00  0.9878570266 -1.915675E+00
        8.548001E+17 -1.002578E+01 -1.989043E+00 -3.055069E-01 -3.055069E-01
   140     2249.3965    7.47008575  1.161350E+09  1.147762E+10  2.460412E+28
        5.642952E+00  2.202286E+01  5.759256E+00  0.9879050710 -1.917397E+00
        7.622161E+17 -1.002577E+01 -1.988068E+00 -3.055170E-01 -3.055170E-01
   141     2235.7659    7.47010566  1.161323E+09  1.155381E+10  2.401204E+28
        5.635346E+00  2.202287E+01  5.759263E+00  0.9879581857 -1.919308E+00
        6.754931E+17 -1.002577E+01 -1.987079E+00 -3.055273E-01 -3.055273E-01
   142     2223.6134    7.47012481  1.161298E+09  1.162202E+10  2.349318E+28
        5.628523E+00  2.202288E+01  5.759269E+00  0.9880053298 -1.921012E+00
        6.062143E+17 -1.002577E+01 -1.986190E+00 -3.055366E-01 -3.055366E-01
   143     2216.7696    7.47013505  1.161284E+09  1.169828E+10  2.320474E+28
        5.620855E+00  2.202289E+01  5.759275E+00  0.9880760827 -1.923581E+00
        5.353509E+17 -1.002576E+01 -1.985155E+00 -3.055474E-01 -3.055474E-01
   144     2205.2989    7.47015558  1.161257E+09  1.178126E+10  2.272709E+28
        5.612361E+00  2.202290E+01  5.759282E+00  0.9881461797 -1.926142E+00
        4.672445E+17 -1.002576E+01 -1.984990E+00 -3.055491E-01 -3.055491E-01
   145     2191.6737    7.47017791  1.161227E+09  1.185864E+10  2.216946E+28
        5.604378E+00  2.202291E+01  5.759288E+00  0.9882208258 -1.928885E+00
        4.116796E+17 -1.002575E+01 -1.984850E+00 -3.055506E-01 -3.055506E-01
   146     2176.9786    7.47020122  1.161196E+09  1.194034E+10  2.157968E+28
        5.595929E+00  2.202292E+01  5.759293E+00  0.9883032199 -1.931934E+00
        3.600087E+17 -1.002575E+01 -1.984717E+00 -3.055520E-01 -3.055520E-01
   147     2161.5196    7.47022379  1.161166E+09  1.202325E+10  2.097212E+28
        5.587334E+00  2.202293E+01  5.759298E+00  0.9883876337 -1.935079E+00
        3.140730E+17 -1.002575E+01 -1.984593E+00 -3.055533E-01 -3.055533E-01
   148     2143.2698    7.47024021  1.161144E+09  1.209808E+10  2.027201E+28
        5.579567E+00  2.202293E+01  5.759302E+00  0.9884599747 -1.937793E+00
        2.777445E+17 -1.002572E+01 -1.984494E+00 -3.055543E-01 -3.055543E-01
   149     2138.8226    7.47024823  1.161133E+09  1.212854E+10  2.010390E+28
        5.576406E+00  2.202294E+01  5.759303E+00  0.9884905040 -1.938944E+00
        2.641753E+17 -1.002571E+01 -1.984455E+00 -3.055547E-01 -3.055547E-01
   150     2124.6980    7.47026202  1.161114E+09  1.218947E+10  1.957746E+28
        5.570081E+00  2.202294E+01  5.759306E+00  0.9885514255 -1.941249E+00
        2.389729E+17 -1.002565E+01 -1.984379E+00 -3.055555E-01 -3.055555E-01
   151     2101.5056    7.47028880  1.161079E+09  1.231133E+10  1.873540E+28
        5.557425E+00  2.202295E+01  5.759311E+00  0.9886703726 -1.945784E+00
        1.955491E+17 -1.002558E+01 -1.984235E+00 -3.055570E-01 -3.055570E-01
   152     2080.7487    7.47031930  1.161038E+09  1.244725E+10  1.800482E+28
        5.543252E+00  2.202296E+01  5.759316E+00  0.9888073550 -1.951067E+00
        1.559847E+17 -1.002552E+01 -1.984081E+00 -3.055586E-01 -3.055586E-01
   153     2065.8633    7.47033460  1.161017E+09  1.252600E+10  1.749449E+28
        5.534991E+00  2.202296E+01  5.759318E+00  0.9888849183 -1.954087E+00
        1.367499E+17 -1.002546E+01 -1.983993E+00 -3.055596E-01 -3.055596E-01
   154     2052.8334    7.47034915  1.160998E+09  1.260495E+10  1.705671E+28
        5.526663E+00  2.202296E+01  5.759320E+00  0.9889624560 -1.957128E+00
        1.197541E+17 -1.002542E+01 -1.983904E+00 -3.055605E-01 -3.055605E-01
   155     2037.1495    7.47036579  1.160976E+09  1.270404E+10  1.654076E+28
        5.516147E+00  2.202297E+01  5.759321E+00  0.9890588396 -1.960937E+00
        1.012797E+17 -1.002534E+01 -1.983795E+00 -3.055616E-01 -3.055616E-01
   156     2020.8917    7.47038134  1.160955E+09  1.280521E+10  1.601845E+28
        5.505330E+00  2.202297E+01  5.759323E+00  0.9891577574 -1.964881E+00
        8.522476E+16 -1.002527E+01 -1.983688E+00 -3.055628E-01 -3.055628E-01
   157     2004.2386    7.47039553  1.160936E+09  1.290825E+10  1.549643E+28
        5.494212E+00  2.202297E+01  5.759324E+00  0.9892582763 -1.968926E+00
        7.136096E+16 -1.002520E+01 -1.983581E+00 -3.055639E-01 -3.055639E-01
   158     1987.6290    7.47040856  1.160919E+09  1.301112E+10  1.498864E+28
        5.483001E+00  2.202297E+01  5.759325E+00  0.9893583804 -1.972992E+00
        5.965763E+16 -1.002512E+01 -1.983476E+00 -3.055650E-01 -3.055650E-01
   159     1970.8666    7.47042073  1.160902E+09  1.311345E+10  1.448898E+28
        5.471715E+00  2.202298E+01  5.759327E+00  0.9894589384 -1.977116E+00
        4.980086E+16 -1.002503E+01 -1.983373E+00 -3.055661E-01 -3.055661E-01
   160     1952.4413    7.47043295  1.160886E+09  1.322918E+10  1.395431E+28
        5.458787E+00  2.202298E+01  5.759331E+00  0.9895708180 -1.981750E+00
        4.050567E+16 -1.002493E+01 -1.983261E+00 -3.055673E-01 -3.055673E-01
   161     1938.8901    7.47044085  1.160875E+09  1.330984E+10  1.357068E+28
        5.449676E+00  2.202299E+01  5.759333E+00  0.9896500284 -1.985061E+00
        3.500851E+16 -1.002486E+01 -1.983184E+00 -3.055681E-01 -3.055681E-01
   162     1923.6974    7.47044944  1.160864E+09  1.341436E+10  1.315004E+28
        5.437667E+00  2.202299E+01  5.759338E+00  0.9897563977 -1.989547E+00
        2.886449E+16 -1.002476E+01 -1.983082E+00 -3.055691E-01 -3.055691E-01
   163     1905.7018    7.47045609  1.160855E+09  1.352578E+10  1.266465E+28
        5.424662E+00  2.202300E+01  5.759343E+00  0.9898647305 -1.994165E+00
        2.344168E+16 -1.002464E+01 -1.982978E+00 -3.055702E-01 -3.055702E-01
   164     1886.1655    7.47045905  1.160851E+09  1.364381E+10  1.215317E+28
        5.410675E+00  2.202301E+01  5.759348E+00  0.9899803443 -1.999147E+00
        1.873908E+16 -1.002448E+01 -1.982869E+00 -3.055714E-01 -3.055714E-01
   165     1865.9501    7.47045652  1.160854E+09  1.376412E+10  1.164054E+28
        5.396180E+00  2.202302E+01  5.759353E+00  0.9900990051 -2.004321E+00
        1.485669E+16 -1.002433E+01 -1.982766E+00 -3.055724E-01 -3.055724E-01
   166     1844.8979    7.47044666  1.160868E+09  1.388505E+10  1.112429E+28
        5.381381E+00  2.202302E+01  5.759356E+00  0.9902120614 -2.009309E+00
        1.172026E+16 -1.002414E+01 -1.982535E+00 -3.055749E-01 -3.055749E-01
   167     1815.3348    7.47035750  1.160987E+09  1.424784E+10  1.043035E+28
        5.329366E+00  2.202302E+01  5.759357E+00  0.9906275550 -2.028147E+00
        5.033891E+15 -1.002402E+01 -1.982109E+00 -3.055794E-01 -3.055794E-01
   168     1779.2984    7.47015997  1.161251E+09  1.461062E+10  9.630852E+27
        5.265793E+00  2.202303E+01  5.759359E+00  0.9910925717 -2.050248E+00
        1.788366E+15 -1.002384E+01 -1.981602E+00 -3.055847E-01 -3.055847E-01
   169     1746.6552    7.46995982  1.161518E+09  1.497341E+10  8.947432E+27
        5.174665E+00  2.202304E+01  5.759366E+00  0.9917274089 -2.082358E+00
        4.025761E+14 -1.002378E+01 -1.981604E+00 -3.055847E-01 -3.055847E-01
