     1    58391.4409    8.73367839  5.191616E+08  4.000000E+05  2.232643E+33
        7.907179E+00  2.505186E+01  7.800201E+00  0.0000000000  0.000000E+00
        1.087374E+34 -4.004258E+00 -1.990163E+00 -3.055388E-01 -3.055388E-01
     2    56651.4967    8.73627039  5.176146E+08  8.000000E+05  1.966419E+33
        7.894614E+00  2.505360E+01  7.801488E+00  0.0000000000  0.000000E+00
        7.183317E+33 -4.004258E+00 -1.990163E+00 -3.055388E-01 -3.055388E-01
     3    55195.6214    8.73833327  5.163868E+08  1.200000E+06  1.763544E+33
        7.882224E+00  2.505490E+01  7.802463E+00  0.0000000000  0.000000E+00
        5.185624E+33 -4.004258E+00 -1.990163E+00 -3.055388E-01 -3.055388E-01
     4    54039.6150    8.73995667  5.154226E+08  1.600000E+06  1.614333E+33
        7.870412E+00  2.505594E+01  7.803246E+00  0.0000000000  0.000000E+00
        3.962959E+33 -4.004258E+00 -1.990163E+00 -3.055388E-01 -3.055388E-01
     5    53120.2760    8.74125888  5.146504E+08  2.000000E+06  1.502738E+33
        7.859332E+00  2.505682E+01  7.803906E+00  0.0000000000  0.000000E+00
        3.151181E+33 -4.004258E+00 -1.990163E+00 -3.055388E-01 -3.055388E-01
     6    52374.3197    8.74233152  5.140152E+08  2.400000E+06  1.416586E+33
        7.849009E+00  2.505757E+01  7.804481E+00  0.0000000000  0.000000E+00
        2.579703E+33 -4.004258E+00 -1.990163E+00 -3.055388E-01 -3.055388E-01
     7    51731.9851    8.74326713  5.134619E+08  2.800000E+06  1.345459E+33
        7.839225E+00  2.505826E+01  7.805004E+00  0.0000000000  0.000000E+00
        2.148997E+33 -4.004258E+00 -1.990163E+00 -3.055388E-01 -3.055388E-01
     8    51134.0457    8.74415350  5.129381E+08  3.247290E+06  1.281705E+33
        7.829113E+00  2.505894E+01  7.805522E+00  0.0000000000  0.000000E+00
        1.792040E+33 -4.004258E+00 -1.990163E+00 -3.055388E-01 -3.055388E-01
     9    50532.9351    8.74505854  5.124040E+08  3.782479E+06  1.219946E+33
        7.818050E+00  2.505966E+01  7.806072E+00  0.0000000000  0.000000E+00
        1.476972E+33 -4.004258E+00 -1.990163E+00 -3.055388E-01 -3.055388E-01
    10    49939.1776    8.74596280  5.118708E+08  4.402742E+06  1.161191E+33
        7.806426E+00  2.506039E+01  7.806635E+00  0.0000000000  0.000000E+00
        1.209404E+33 -4.004258E+00 -1.990163E+00 -3.055388E-01 -3.055388E-01
    11    49368.2067    8.74683726  5.113557E+08  5.088461E+06  1.106759E+33
        7.794803E+00  2.506111E+01  7.807184E+00  0.0000000000  0.000000E+00
        9.915999E+32 -4.004258E+00 -1.990163E+00 -3.055388E-01 -3.055388E-01
    12    48806.9525    8.74769593  5.108505E+08  5.849665E+06  1.055193E+33
        7.783134E+00  2.506181E+01  7.807717E+00  0.0000000000  0.000000E+00
        8.121211E+32 -4.004258E+00 -1.990163E+00 -3.055388E-01 -3.055388E-01
    13    48244.0454    8.74855047  5.103481E+08  6.697892E+06  1.005369E+33
        7.771368E+00  2.506249E+01  7.808236E+00  0.0000000000  0.000000E+00
        6.629843E+32 -4.004258E+00 -1.990163E+00 -3.055388E-01 -3.055388E-01
    14    47671.9760    8.74941048  5.098431E+08  7.645901E+06  9.566280E+32
        7.759461E+00  2.506317E+01  7.808747E+00  0.0000000000  0.000000E+00
        5.385287E+32 -4.004258E+00 -1.990163E+00 -3.055388E-01 -3.055388E-01
    15    47084.2780    8.75028473  5.093302E+08  8.708802E+06  9.084894E+32
        7.747355E+00  2.506383E+01  7.809254E+00  0.0000000000  0.000000E+00
        4.344852E+32 -4.004258E+00 -1.990163E+00 -3.055388E-01 -3.055388E-01
    16    46476.0371    8.75118074  5.088050E+08  9.903599E+06  8.606698E+32
        7.734993E+00  2.506451E+01  7.809763E+00  0.0000000000  0.000000E+00
        3.476236E+32 -4.004258E+00 -1.990163E+00 -3.055388E-01 -3.055388E-01
    17    45838.6234    8.75210509  5.082638E+08  1.124899E+07  8.126848E+32
        7.722317E+00  2.506519E+01  7.810279E+00  0.0000000000  0.000000E+00
        2.754366E+32 -4.004258E+00 -1.990163E+00 -3.055388E-01 -3.055388E-01
    18    45179.2187    8.75306092  5.077048E+08  1.276460E+07  7.652351E+32
        7.709281E+00  2.506589E+01  7.810807E+00  0.0000000000  0.000000E+00
        2.158945E+32 -4.004258E+00 -1.990163E+00 -3.055388E-01 -3.055388E-01
    19    44489.7576    8.75405410  5.071246E+08  1.447203E+07  7.179381E+32
        7.695835E+00  2.506661E+01  7.811350E+00  0.0000000000  0.000000E+00
        1.672257E+32 -4.004258E+00 -1.990163E+00 -3.055388E-01 -3.055388E-01
    20    43763.4549    8.75508216  5.065248E+08  1.639122E+07  6.706025E+32
        7.681958E+00  2.506734E+01  7.811898E+00  0.0000000000  0.000000E+00
        1.279769E+32 -4.004258E+00 -1.990163E+00 -3.055388E-01 -3.055388E-01
    21    43015.5497    8.75614231  5.059069E+08  1.854038E+07  6.243966E+32
        7.667649E+00  2.506809E+01  7.812453E+00  0.0000000000  0.000000E+00
        9.675028E+31 -4.004258E+00 -1.990163E+00 -3.055388E-01 -3.055388E-01
    22    42219.3456    8.75724286  5.052663E+08  2.094273E+07  5.779684E+32
        7.652883E+00  2.506884E+01  7.813018E+00  0.0000000000  0.000000E+00
        7.227137E+31 -4.004258E+00 -1.990163E+00 -3.055388E-01 -3.055388E-01
    23    41408.6864    8.75836301  5.046151E+08  2.360398E+07  5.334623E+32
        7.637744E+00  2.506960E+01  7.813590E+00  0.0000000000  0.000000E+00
        5.346133E+31 -4.004258E+00 -1.990163E+00 -3.055388E-01 -3.055388E-01
    24    40594.5476    8.75949883  5.039557E+08  2.654756E+07  4.914427E+32
        7.622211E+00  2.507038E+01  7.814173E+00  0.0000000000  0.000000E+00
        3.913590E+31 -4.004258E+00 -1.990163E+00 -3.055388E-01 -3.055388E-01
    25    39735.1774    8.76067441  5.032741E+08  2.981088E+07  4.499116E+32
        7.606215E+00  2.507118E+01  7.814779E+00  0.0000000000  0.000000E+00
        2.834980E+31 -4.004258E+00 -1.990163E+00 -3.055388E-01 -3.055388E-01
    26    38885.0245    8.76185052  5.025931E+08  3.337097E+07  4.115096E+32
        7.589977E+00  2.507199E+01  7.815394E+00  0.0000000000  0.000000E+00
        2.040694E+31 -4.004258E+00 -1.990163E+00 -3.055388E-01 -3.055388E-01
    27    38029.8209    8.76302984  5.019111E+08  3.726015E+07  3.754639E+32
        7.573444E+00  2.507280E+01  7.816006E+00  0.0000000000  0.000000E+00
        1.459290E+31 -4.004258E+00 -1.990163E+00 -3.055388E-01 -3.055388E-01
    28    37165.8271    8.76420974  5.012298E+08  4.150694E+07  3.415595E+32
        7.556592E+00  2.507358E+01  7.816598E+00  0.0000000000  0.000000E+00
        1.036762E+31 -4.004258E+00 -1.990163E+00 -3.055388E-01 -3.055388E-01
    29    36307.7573    8.76536845  5.005616E+08  4.610280E+07  3.102631E+32
        7.539543E+00  2.507431E+01  7.817148E+00  0.0000000000  0.000000E+00
        7.341878E+30 -4.004258E+00 -1.990163E+00 -3.055388E-01 -3.055388E-01
    30    35457.5760    8.76650320  4.999081E+08  5.106937E+07  2.814712E+32
        7.522306E+00  2.507498E+01  7.817651E+00  0.0000000000  0.000000E+00
        5.184937E+30 -4.004258E+00 -1.990163E+00 -3.055388E-01 -3.055388E-01
    31    34618.0935    8.76761448  4.992689E+08  5.641726E+07  2.550933E+32
        7.504936E+00  2.507560E+01  7.818117E+00  0.0000000000  0.000000E+00
        3.657953E+30 -4.004258E+00 -1.990163E+00 -3.055388E-01 -3.055388E-01
    32    33790.2774    8.76870522  4.986423E+08  6.216258E+07  2.309738E+32
        7.487465E+00  2.507619E+01  7.818559E+00  0.0000000000  0.000000E+00
        2.581620E+30 -4.004258E+00 -1.990163E+00 -3.055388E-01 -3.055388E-01
    33    32974.8011    8.76977861  4.980265E+08  6.832894E+07  2.089542E+32
        7.469905E+00  2.507676E+01  7.818988E+00  0.0000000000  0.000000E+00
        1.824374E+30 -4.004258E+00 -1.990163E+00 -3.055388E-01 -3.055388E-01
    34    32173.1047    8.77083098  4.974235E+08  7.493693E+07  1.889043E+32
        7.452274E+00  2.507732E+01  7.819405E+00  0.0000000000  0.000000E+00
        1.292244E+30 -4.004258E+00 -1.990163E+00 -3.055388E-01 -3.055388E-01
    35    31387.0292    8.77185658  4.968365E+08  8.199353E+07  1.707046E+32
        7.434629E+00  2.507784E+01  7.819800E+00  0.0000000000  0.000000E+00
        9.189997E+29 -4.004258E+00 -1.990163E+00 -3.055388E-01 -3.055388E-01
    36    30618.0500    8.77286053  4.962625E+08  8.951415E+07  1.542235E+32
        7.417010E+00  2.507834E+01  7.820183E+00  0.0000000000  0.000000E+00
        6.569604E+29 -4.004258E+00 -1.990163E+00 -3.055388E-01 -3.055388E-01
    37    29867.2569    8.77385055  4.956972E+08  9.753265E+07  1.393259E+32
        7.399413E+00  2.507885E+01  7.820565E+00  0.0000000000  0.000000E+00
        4.721485E+29 -4.004258E+00 -1.990163E+00 -3.055388E-01 -3.055388E-01
    38    29133.7400    8.77483660  4.951348E+08  1.060955E+08  1.258489E+32
        7.381811E+00  2.507938E+01  7.820960E+00  0.0000000000  0.000000E+00
        3.410562E+29 -4.004258E+00 -1.990163E+00 -3.055388E-01 -3.055388E-01
    39    28417.9820    8.77582022  4.945744E+08  1.152417E+08  1.136720E+32
        7.364201E+00  2.507992E+01  7.821367E+00  0.0000000000  0.000000E+00
        2.476313E+29 -4.004258E+00 -1.990163E+00 -3.055388E-01 -3.055388E-01
    40    27720.3671    8.77678993  4.940226E+08  1.249967E+08  1.026850E+32
        7.346600E+00  2.508047E+01  7.821769E+00  0.0000000000  0.000000E+00
        1.807887E+29 -4.004258E+00 -1.990163E+00 -3.055388E-01 -3.055388E-01
    41    27039.8373    8.77773543  4.934851E+08  1.354031E+08  9.276450E+31
        7.328992E+00  2.508100E+01  7.822157E+00  0.0000000000  0.000000E+00
        1.326870E+29 -4.004258E+00 -1.990163E+00 -3.055388E-01 -3.055388E-01
    42    26374.4153    8.77864534  4.929684E+08  1.465092E+08  8.378899E+31
        7.311359E+00  2.508150E+01  7.822521E+00  0.0000000000  0.000000E+00
        9.786988E+28 -4.004258E+00 -1.990163E+00 -3.055388E-01 -3.055388E-01
    43    25722.7585    8.77951133  4.924772E+08  1.583532E+08  7.565886E+31
        7.293705E+00  2.508195E+01  7.822858E+00  0.0000000000  0.000000E+00
        7.255988E+28 -4.004258E+00 -1.990163E+00 -3.055388E-01 -3.055388E-01
    44    25085.6283    8.78033395  4.920110E+08  1.709520E+08  6.830727E+31
        7.276084E+00  2.508237E+01  7.823178E+00  0.0000000000  0.000000E+00
        5.411144E+28 -4.004258E+00 -1.990163E+00 -3.055388E-01 -3.055388E-01
    45    24463.6056    8.78111438  4.915691E+08  1.843275E+08  6.166922E+31
        7.258534E+00  2.508277E+01  7.823484E+00  0.0000000000  0.000000E+00
        4.060615E+28 -4.004258E+00 -1.990163E+00 -3.055388E-01 -3.055388E-01
    46    23856.5977    8.78185935  4.911477E+08  1.985350E+08  5.567697E+31
        7.241051E+00  2.508315E+01  7.823783E+00  0.0000000000  0.000000E+00
        3.064734E+28 -4.004258E+00 -1.990163E+00 -3.055388E-01 -3.055388E-01
    47    23264.8233    8.78257979  4.907404E+08  2.136490E+08  5.027131E+31
        7.223607E+00  2.508354E+01  7.824077E+00  0.0000000000  0.000000E+00
        2.324411E+28 -4.004258E+00 -1.990163E+00 -3.055388E-01 -3.055388E-01
    48    22688.7533    8.78328831  4.903403E+08  2.297608E+08  4.539993E+31
        7.206168E+00  2.508393E+01  7.824373E+00  0.0000000000  0.000000E+00
        1.769687E+28 -4.004258E+00 -1.990163E+00 -3.055388E-01 -3.055388E-01
    49    22129.7305    8.78399443  4.899418E+08  2.469535E+08  4.102145E+31
        7.188710E+00  2.508433E+01  7.824673E+00  0.0000000000  0.000000E+00
        1.351423E+28 -4.004258E+00 -1.990163E+00 -3.055388E-01 -3.055388E-01
    50    21585.4176    8.78470238  4.895427E+08  2.653562E+08  3.707152E+31
        7.171165E+00  2.508470E+01  7.824960E+00  0.0000000000  0.000000E+00
        1.033704E+28 -4.004258E+00 -1.990163E+00 -3.055388E-01 -3.055388E-01
    51    21054.8228    8.78540983  4.891441E+08  2.850569E+08  3.350406E+31
        7.153509E+00  2.508504E+01  7.825215E+00  0.0000000000  0.000000E+00
        7.915514E+27 -4.004258E+00 -1.990163E+00 -3.055388E-01 -3.055388E-01
    52    20535.8321    8.78610290  4.887540E+08  3.061606E+08  3.027243E+31
        7.135708E+00  2.508530E+01  7.825412E+00  0.0000000000  0.000000E+00
        6.063944E+27 -4.004258E+00 -1.990163E+00 -3.055388E-01 -3.055388E-01
    53    20027.3406    8.78676382  4.883822E+08  3.286992E+08  2.734200E+31
        7.117802E+00  2.508546E+01  7.825531E+00  0.0000000000  0.000000E+00
        4.649717E+27 -4.004258E+00 -1.990163E+00 -3.055388E-01 -3.055388E-01
    54    19529.8294    8.78739898  4.880252E+08  3.526646E+08  2.468856E+31
        7.099883E+00  2.508556E+01  7.825608E+00  0.0000000000  0.000000E+00
        3.572754E+27 -4.004258E+00 -1.990163E+00 -3.055388E-01 -3.055388E-01
    55    19042.8771    8.78802121  4.876757E+08  3.781284E+08  2.228486E+31
        7.081979E+00  2.508566E+01  7.825688E+00  0.0000000000  0.000000E+00
        2.751713E+27 -4.004258E+00 -1.990163E+00 -3.055388E-01 -3.055388E-01
    56    18566.6452    8.78864820  4.873238E+08  4.051931E+08  2.010882E+31
        7.064100E+00  2.508584E+01  7.825820E+00  0.0000000000  0.000000E+00
        2.124076E+27 -4.004258E+00 -1.990163E+00 -3.055388E-01 -3.055388E-01
    57    18101.6561    8.78929870  4.869590E+08  4.340082E+08  1.814160E+31
        7.046223E+00  2.508613E+01  7.826034E+00  0.0000000000  0.000000E+00
        1.640210E+27 -4.004258E+00 -1.990163E+00 -3.055388E-01 -3.055388E-01
    58    17648.3150    8.78996177  4.865874E+08  4.646933E+08  1.636636E+31
        7.028324E+00  2.508649E+01  7.826299E+00  0.0000000000  0.000000E+00
        1.263981E+27 -4.004258E+00 -1.990163E+00 -3.055388E-01 -3.055388E-01
    59    17207.0889    8.79061661  4.862207E+08  4.973821E+08  1.476774E+31
        7.011790E+00  2.508686E+01  7.826615E+00  0.0004199205 -1.824075E-04
        9.798110E+26 -4.004258E+00 -1.990163E+00 -3.055388E-01 -3.055388E-01
    60    16723.1759    8.79132175  4.858261E+08  5.407719E+08  1.315389E+31
        6.997121E+00  2.508724E+01  7.826892E+00  0.0205452981 -9.015645E-03
        7.478170E+26 -4.004258E+00 -1.990163E+00 -3.055388E-01 -3.055388E-01
    61    16371.5435    8.79181598  4.855498E+08  5.808889E+08  1.206823E+31
        6.981694E+00  2.508747E+01  7.827058E+00  0.0527987280 -2.355773E-02
        6.098942E+26 -4.004258E+00 -1.990163E+00 -3.055388E-01 -3.055388E-01
    62    15982.7778    8.79234086  4.852565E+08  6.341002E+08  1.094887E+31
        6.962921E+00  2.508766E+01  7.827204E+00  0.1006864999 -4.608889E-02
        4.792049E+26 -4.004258E+00 -1.990163E+00 -3.055388E-01 -3.055388E-01
    63    15559.0002    8.79290443  4.849417E+08  6.998484E+08  9.820266E+30
        6.941991E+00  2.508785E+01  7.827353E+00  0.1596636886 -7.554687E-02
        3.641462E+26 -4.004258E+00 -1.990163E+00 -3.055388E-01 -3.055388E-01
    64    15108.1622    8.79352358  4.845962E+08  7.771512E+08  8.718141E+30
        6.919574E+00  2.508811E+01  7.827552E+00  0.2256769830 -1.110778E-01
        2.693891E+26 -4.004258E+00 -1.990163E+00 -3.055388E-01 -3.055388E-01
    65    14636.9054    8.79420639  4.842154E+08  8.655854E+08  7.668168E+30
        6.895953E+00  2.508846E+01  7.827815E+00  0.2956859528 -1.522336E-01
        1.950079E+26 -4.004258E+00 -1.990163E+00 -3.055388E-01 -3.055388E-01
    66    14156.2244    8.79490560  4.838257E+08  9.639493E+08  6.698616E+30
        6.871480E+00  2.508880E+01  7.828061E+00  0.3665490955 -1.982870E-01
        1.389285E+26 -4.004258E+00 -1.990163E+00 -3.055388E-01 -3.055388E-01
    67    13768.1405    8.79544907  4.835231E+08  1.049552E+09  5.986225E+30
        6.851292E+00  2.508900E+01  7.828207E+00  0.4226668956 -2.385735E-01
        1.047623E+26 -4.004258E+00 -1.990163E+00 -3.055388E-01 -3.055388E-01
    68    13524.5793    8.79578176  4.833379E+08  1.106238E+09  5.569475E+30
        6.838368E+00  2.508910E+01  7.828281E+00  0.4572288785 -2.653833E-01
        8.735336E+25 -4.004258E+00 -1.990163E+00 -3.055388E-01 -3.055388E-01
    69    13344.1363    8.79602739  4.832013E+08  1.149887E+09  5.275157E+30
        6.828652E+00  2.508918E+01  7.828333E+00  0.4824684493 -2.860632E-01
        7.618022E+25 -4.004258E+00 -1.990163E+00 -3.055388E-01 -3.055388E-01
    70    13184.5325    8.79624791  4.830786E+08  1.189806E+09  5.024721E+30
        6.819943E+00  2.508924E+01  7.828383E+00  0.5045265249 -3.049796E-01
        6.737012E+25 -4.004258E+00 -1.990163E+00 -3.055388E-01 -3.055388E-01
    71    13021.2402    8.79647965  4.829497E+08  1.232044E+09  4.777830E+30
        6.810902E+00  2.508932E+01  7.828438E+00  0.5268267316 -3.249798E-01
        5.922872E+25 -4.004258E+00 -1.990163E+00 -3.055388E-01 -3.055388E-01
    72    12867.6016    8.79670267  4.828257E+08  1.273137E+09  4.553955E+30
        6.802263E+00  2.508939E+01  7.828495E+00  0.5475785024 -3.444568E-01
        5.240540E+25 -4.004258E+00 -1.990163E+00 -3.055388E-01 -3.055388E-01
    73    12700.7451    8.79695015  4.826882E+08  1.319294E+09  4.319839E+30
        6.792733E+00  2.508948E+01  7.828561E+00  0.5697642187 -3.662935E-01
        4.575018E+25 -4.004258E+00 -1.990163E+00 -3.055388E-01 -3.055388E-01
    74    12531.4555    8.79720685  4.825456E+08  1.367760E+09  4.091666E+30
        6.782910E+00  2.508957E+01  7.828635E+00  0.5918807913 -3.892130E-01
        3.978510E+25 -4.004258E+00 -1.990163E+00 -3.055388E-01 -3.055388E-01
    75    12351.2443    8.79748503  4.823910E+08  1.421151E+09  3.858858E+30
        6.772297E+00  2.508968E+01  7.828719E+00  0.6149165255 -4.144451E-01
        3.419358E+25 -4.004258E+00 -1.990163E+00 -3.055388E-01 -3.055388E-01
    76    12168.0318    8.79777285  4.822312E+08  1.477242E+09  3.632532E+30
        6.761363E+00  2.508980E+01  7.828810E+00  0.6377057796 -4.409386E-01
        2.922507E+25 -4.004258E+00 -1.990163E+00 -3.055388E-01 -3.055388E-01
    77    11988.6906    8.79805457  4.820748E+08  1.533801E+09  3.420845E+30
        6.750545E+00  2.508992E+01  7.828898E+00  0.6593114349 -4.676424E-01
        2.501928E+25 -4.004258E+00 -1.990163E+00 -3.055388E-01 -3.055388E-01
    78    11794.4452    8.79835488  4.819082E+08  1.596878E+09  3.202257E+30
        6.738723E+00  2.509004E+01  7.828987E+00  0.6818631086 -4.973860E-01
        2.109936E+25 -4.004258E+00 -1.990163E+00 -3.055388E-01 -3.055388E-01
    79    11592.7934    8.79866424  4.817366E+08  1.664370E+09  2.986683E+30
        6.726338E+00  2.509016E+01  7.829076E+00  0.7043047238 -5.291556E-01
        1.762822E+25 -4.004258E+00 -1.990163E+00 -3.055388E-01 -3.055388E-01
    80    11393.2506    8.79896864  4.815678E+08  1.733255E+09  2.784344E+30
        6.713961E+00  2.509028E+01  7.829161E+00  0.7255379001 -5.615176E-01
        1.472811E+25 -4.004258E+00 -1.990163E+00 -3.055388E-01 -3.055388E-01
    81    11187.2184    8.79927934  4.813956E+08  1.806787E+09  2.586486E+30
        6.701038E+00  2.509040E+01  7.829245E+00  0.7464728789 -5.959756E-01
        1.220611E+25 -4.004258E+00 -1.990163E+00 -3.055388E-01 -3.055388E-01
    82    10971.9808    8.79960078  4.812174E+08  1.886538E+09  2.391334E+30
        6.687348E+00  2.509051E+01  7.829328E+00  0.7673179537 -6.332371E-01
        9.988747E+24 -4.004258E+00 -1.990163E+00 -3.055388E-01 -3.055388E-01
    83    10739.4833    8.79994343  4.810276E+08  1.976553E+09  2.193265E+30
        6.672286E+00  2.509063E+01  7.829411E+00  0.7887166571 -6.751347E-01
        8.003712E+24 -4.004258E+00 -1.990163E+00 -3.055388E-01 -3.055388E-01
    84    10488.2945    8.80030783  4.808259E+08  2.078950E+09  1.993483E+30
        6.655616E+00  2.509074E+01  7.829486E+00  0.8105788866 -7.225716E-01
        6.260282E+24 -4.004258E+00 -1.990163E+00 -3.055388E-01 -3.055388E-01
    85    10265.1386    8.80061969  4.806533E+08  2.174820E+09  1.827850E+30
        6.640383E+00  2.509079E+01  7.829528E+00  0.8289492214 -7.668749E-01
        4.999147E+24 -4.004258E+00 -1.990163E+00 -3.055388E-01 -3.055388E-01
    86     9988.2289    8.80099393  4.804462E+08  2.301424E+09  1.637046E+30
        6.620846E+00  2.509083E+01  7.829551E+00  0.8503854805 -8.250263E-01
        3.733702E+24 -4.004258E+00 -1.990163E+00 -3.055388E-01 -3.055388E-01
    87     9705.4251    8.80137188  4.802372E+08  2.439811E+09  1.458100E+30
        6.600131E+00  2.509084E+01  7.829565E+00  0.8707082663 -8.884292E-01
        2.740806E+24 -4.004258E+00 -1.990163E+00 -3.055388E-01 -3.055388E-01
    88     9412.0608    8.80177480  4.800145E+08  2.592658E+09  1.288442E+30
        6.577961E+00  2.509089E+01  7.829598E+00  0.8899072761 -9.582414E-01
        1.962585E+24 -4.004258E+00 -1.990163E+00 -3.055388E-01 -3.055388E-01
    89     9123.5138    8.80217879  4.797913E+08  2.751099E+09  1.136503E+30
        6.555707E+00  2.509097E+01  7.829652E+00  0.9067530636 -1.030365E+00
        1.402631E+24 -4.004258E+00 -1.990163E+00 -3.055388E-01 -3.055388E-01
    90     8843.8392    8.80256302  4.795791E+08  2.911998E+09  1.002539E+30
        6.533843E+00  2.509104E+01  7.829707E+00  0.9211450389 -1.103171E+00
        1.007099E+24 -4.004258E+00 -1.990163E+00 -3.055388E-01 -3.055388E-01
    91     8574.9717    8.80292273  4.793805E+08  3.074615E+09  8.853378E+29
        6.512479E+00  2.509112E+01  7.829763E+00  0.9333399883 -1.176135E+00
        7.266837E+23 -4.004258E+00 -1.990163E+00 -3.055388E-01 -3.055388E-01
    92     8343.9031    8.80322641  4.792130E+08  3.222265E+09  7.931431E+29
        6.493661E+00  2.509119E+01  7.829814E+00  0.9427041599 -1.241877E+00
        5.448478E+23 -4.004258E+00 -1.990163E+00 -3.055388E-01 -3.055388E-01
    93     8145.7247    8.80348770  4.790688E+08  3.356322E+09  7.199994E+29
        6.477023E+00  2.509125E+01  7.829867E+00  0.9500147181 -1.301158E+00
        4.221341E+23 -4.004258E+00 -1.990163E+00 -3.055388E-01 -3.055388E-01
    94     7900.0355    8.80381571  4.788879E+08  3.534637E+09  6.365044E+29
        6.455576E+00  2.509134E+01  7.829940E+00  0.9582341320 -1.379178E+00
        3.033318E+23 -4.004258E+00 -1.990163E+00 -3.055388E-01 -3.055388E-01
    95     7686.5507    8.80410521  4.787283E+08  3.701575E+09  5.700615E+29
        6.436048E+00  2.509141E+01  7.830000E+00  0.9646624688 -1.451764E+00
        2.243079E+23 -4.004258E+00 -1.990163E+00 -3.055388E-01 -3.055388E-01
    96     7451.7580    8.80442779  4.785506E+08  3.898629E+09  5.031623E+29
        6.413628E+00  2.509148E+01  7.830051E+00  0.9709488938 -1.536837E+00
        1.584104E+23 -4.004258E+00 -1.990163E+00 -3.055388E-01 -3.055388E-01
    97     7223.2730    8.80474760  4.783744E+08  4.101336E+09  4.439044E+29
        6.391190E+00  2.509151E+01  7.830080E+00  0.9762120787 -1.623644E+00
        1.117174E+23 -4.004258E+00 -1.990151E+00 -3.055389E-01 -3.055389E-01
    98     7013.8103    8.80505033  4.782077E+08  4.294596E+09  3.943362E+29
        6.370365E+00  2.509154E+01  7.830096E+00  0.9802387125 -1.704185E+00
        8.065857E+22 -4.004258E+00 -1.990147E+00 -3.055390E-01 -3.055390E-01
    99     6848.3152    8.80529513  4.780730E+08  4.451947E+09  3.582125E+29
        6.353793E+00  2.509155E+01  7.830105E+00  0.9828748672 -1.766366E+00
        6.220961E+22 -4.004258E+00 -1.990080E+00 -3.055396E-01 -3.055396E-01
   100     6679.4874    8.80555802  4.779283E+08  4.617208E+09  3.239780E+29
        6.336718E+00  2.509156E+01  7.830113E+00  0.9848428945 -1.819384E+00
        4.761895E+22 -4.004258E+00 -1.990007E+00 -3.055404E-01 -3.055404E-01
   101     6534.1148    8.80580126  4.777945E+08  4.766428E+09  2.965150E+29
        6.321613E+00  2.509157E+01  7.830118E+00  0.9862096932 -1.860426E+00
        3.754344E+22 -4.004258E+00 -1.989971E+00 -3.055408E-01 -3.055408E-01
   102     6447.4268    8.80595363  4.777107E+08  4.857588E+09  2.809914E+29
        6.312320E+00  2.509157E+01  7.830119E+00  0.9869412016 -1.884097E+00
        3.241656E+22 -4.004258E+00 -1.989864E+00 -3.055419E-01 -3.055419E-01
   103     6292.8426    8.80622889  4.775593E+08  5.036782E+09  2.548353E+29
        6.294415E+00  2.509157E+01  7.830118E+00  0.9872214529 -1.893519E+00
        2.442350E+22 -4.004258E+00 -1.984005E+00 -3.056029E-01 -3.056029E-01
   104     6146.5310    8.80654450  4.773858E+08  5.248040E+09  2.317804E+29
        6.273569E+00  2.509157E+01  7.830118E+00  0.9873087241 -1.896495E+00
        1.756307E+22 -4.004258E+00 -1.979985E+00 -3.056452E-01 -3.056452E-01
   105     6013.5848    8.80690243  4.771891E+08  5.512914E+09  2.121936E+29
        6.246959E+00  2.509157E+01  7.830120E+00  0.9874163094 -1.900192E+00
        1.150610E+22 -4.004258E+00 -1.975733E+00 -3.056905E-01 -3.056905E-01
   106     5917.8841    8.80720033  4.770255E+08  5.756116E+09  1.988687E+29
        6.221461E+00  2.509158E+01  7.830124E+00  0.9875156861 -1.903635E+00
        7.669242E+21 -4.004258E+00 -1.972081E+00 -3.057297E-01 -3.057297E-01
   107     5855.4397    8.80742053  4.769046E+08  5.943285E+09  1.905103E+29
        6.200863E+00  2.509158E+01  7.830128E+00  0.9875942689 -1.906378E+00
        5.520953E+21 -4.004258E+00 -1.969571E+00 -3.057568E-01 -3.057568E-01
   108     5797.3102    8.80764553  4.767811E+08  6.140354E+09  1.829623E+29
        6.177829E+00  2.509159E+01  7.830133E+00  0.9876803082 -1.909400E+00
        3.820473E+21 -4.004258E+00 -1.966144E+00 -3.057941E-01 -3.057941E-01
   109     5741.2641    8.80786566  4.766602E+08  6.335865E+09  1.758998E+29
        6.153277E+00  2.509160E+01  7.830141E+00  0.9877724170 -1.912659E+00
        2.579381E+21 -4.004258E+00 -1.962605E+00 -3.058330E-01 -3.058330E-01
   110     5684.1273    8.80806661  4.765500E+08  6.514105E+09  1.689233E+29
        6.129227E+00  2.509161E+01  7.830150E+00  0.9878633113 -1.915900E+00
        1.754123E+21 -4.004258E+00 -1.959150E+00 -3.058712E-01 -3.058712E-01
   111     5620.7507    8.80826564  4.764408E+08  6.684802E+09  1.614405E+29
        6.104479E+00  2.509163E+01  7.830159E+00  0.9880132433 -1.921298E+00
        1.179000E+21 -4.004258E+00 -1.958282E+00 -3.058808E-01 -3.058808E-01
   112     5569.2430    8.80841746  4.763575E+08  6.818424E+09  1.555493E+29
        6.083689E+00  2.509163E+01  7.830164E+00  0.9881400958 -1.925919E+00
        8.441093E+20 -4.004258E+00 -1.957704E+00 -3.058873E-01 -3.058873E-01
   113     5511.8460    8.80857836  4.762693E+08  6.953742E+09  1.491801E+29
        6.061303E+00  2.509164E+01  7.830168E+00  0.9882719593 -1.930775E+00
        5.887837E+20 -4.004258E+00 -1.957135E+00 -3.058936E-01 -3.058936E-01
   114     5454.0467    8.80873061  4.761858E+08  7.081406E+09  1.429703E+29
        6.038718E+00  2.509164E+01  7.830171E+00  0.9884001455 -1.935547E+00
        4.091984E+20 -4.004258E+00 -1.956621E+00 -3.058994E-01 -3.058994E-01
   115     5397.6462    8.80886851  4.761102E+08  7.197791E+09  1.371040E+29
        6.016682E+00  2.509165E+01  7.830175E+00  0.9885206475 -1.940083E+00
        2.868536E+20 -4.004258E+00 -1.956162E+00 -3.059045E-01 -3.059045E-01
   116     5341.8571    8.80899252  4.760422E+08  7.303715E+09  1.314854E+29
        5.995249E+00  2.509165E+01  7.830179E+00  0.9886340285 -1.944393E+00
        2.029621E+20 -4.004258E+00 -1.955748E+00 -3.059091E-01 -3.059091E-01
   117     5282.9531    8.80910950  4.759781E+08  7.404866E+09  1.257472E+29
        5.973419E+00  2.509166E+01  7.830184E+00  0.9887461351 -1.948698E+00
        1.426435E+20 -4.004258E+00 -1.955354E+00 -3.059135E-01 -3.059135E-01
   118     5218.7564    8.80922044  4.759173E+08  7.502418E+09  1.197150E+29
        5.950979E+00  2.509167E+01  7.830188E+00  0.9888580981 -1.953041E+00
        9.923489E+19 -4.004258E+00 -1.954973E+00 -3.059178E-01 -3.059178E-01
   119     5150.2779    8.80932199  4.758617E+08  7.596162E+09  1.135276E+29
        5.927873E+00  2.509167E+01  7.830190E+00  0.9889702239 -1.957433E+00
        6.827677E+19 -4.004258E+00 -1.954601E+00 -3.059220E-01 -3.059220E-01
   120     5077.4900    8.80941635  4.758100E+08  7.684520E+09  1.072213E+29
        5.904758E+00  2.509167E+01  7.830191E+00  0.9890793136 -1.961750E+00
        4.695276E+19 -4.004258E+00 -1.954247E+00 -3.059260E-01 -3.059260E-01
   121     4998.7780    8.80950828  4.757597E+08  7.772824E+09  1.007043E+29
        5.880186E+00  2.509167E+01  7.830191E+00  0.9891922759 -1.966266E+00
        3.151949E+19 -4.004258E+00 -1.953888E+00 -3.059300E-01 -3.059300E-01
   122     4930.8835    8.80958320  4.757186E+08  7.845392E+09  9.532717E+28
        5.858792E+00  2.509167E+01  7.830191E+00  0.9892883381 -1.970143E+00
        2.227135E+19 -4.004258E+00 -1.953592E+00 -3.059333E-01 -3.059333E-01
   123     4859.6506    8.80965746  4.756780E+08  7.918093E+09  8.992152E+28
        5.836042E+00  2.509167E+01  7.830191E+00  0.9893878025 -1.974195E+00
        1.538732E+19 -4.004258E+00 -1.953282E+00 -3.059368E-01 -3.059368E-01
   124     4786.1563    8.80972966  4.756384E+08  7.989249E+09  8.458995E+28
        5.812400E+00  2.509167E+01  7.830191E+00  0.9894887263 -1.978345E+00
        1.047364E+19 -4.004258E+00 -1.952972E+00 -3.059403E-01 -3.059403E-01
   125     4710.9209    8.80979805  4.756010E+08  8.057438E+09  7.938275E+28
        5.788337E+00  2.509167E+01  7.830191E+00  0.9895889101 -1.982504E+00
        7.077441E+18 -4.004258E+00 -1.952669E+00 -3.059437E-01 -3.059437E-01
   126     4632.9792    8.80986255  4.755657E+08  8.122416E+09  7.424715E+28
        5.763952E+00  2.509167E+01  7.830191E+00  0.9896878773 -1.986652E+00
        4.755454E+18 -4.004258E+00 -1.952373E+00 -3.059471E-01 -3.059471E-01
   127     4552.5459    8.80992397  4.755320E+08  8.184525E+09  6.921405E+28
        5.739268E+00  2.509167E+01  7.830192E+00  0.9897855519 -1.990785E+00
        3.178262E+18 -4.004258E+00 -1.952086E+00 -3.059503E-01 -3.059503E-01
   128     4467.3186    8.80998393  4.754992E+08  8.246783E+09  6.416596E+28
        5.713091E+00  2.509167E+01  7.830192E+00  0.9898864417 -1.995096E+00
        2.072072E+18 -4.004258E+00 -1.951795E+00 -3.059536E-01 -3.059536E-01
   129     4392.8520    8.81004273  4.754670E+08  8.300595E+09  5.998525E+28
        5.689089E+00  2.509167E+01  7.830193E+00  0.9900054803 -2.000238E+00
        1.399531E+18 -4.004258E+00 -1.955090E+00 -3.059165E-01 -3.059165E-01
   130     4319.4640    8.81009692  4.754373E+08  8.355317E+09  5.606908E+28
        5.663098E+00  2.509167E+01  7.830193E+00  0.9901859485 -2.008152E+00
        9.143806E+17 -4.004258E+00 -1.956293E+00 -3.059030E-01 -3.059030E-01
   131     4252.5054    8.81014755  4.754096E+08  8.406641E+09  5.266631E+28
        5.637077E+00  2.509167E+01  7.830194E+00  0.9903984919 -2.017661E+00
        5.968037E+17 -4.004258E+00 -1.957445E+00 -3.058902E-01 -3.058902E-01
   132     4196.5750    8.81018869  4.753871E+08  8.447568E+09  4.994502E+28
        5.614924E+00  2.509167E+01  7.830194E+00  0.9906094841 -2.027311E+00
        4.149001E+17 -4.004258E+00 -1.958726E+00 -3.058759E-01 -3.058759E-01
   133     4132.6175    8.81023014  4.753644E+08  8.488496E+09  4.696471E+28
        5.591389E+00  2.509167E+01  7.830194E+00  0.9908222733 -2.037265E+00
        2.818729E+17 -4.004258E+00 -1.959692E+00 -3.058652E-01 -3.058652E-01
   134     4056.2679    8.81027366  4.753406E+08  8.530378E+09  4.358468E+28
        5.565988E+00  2.509168E+01  7.830195E+00  0.9910510632 -2.048229E+00
        1.856573E+17 -4.004258E+00 -1.961148E+00 -3.058490E-01 -3.058490E-01
   135     3968.8691    8.81031373  4.753187E+08  8.573033E+09  3.994426E+28
        5.538839E+00  2.509168E+01  7.830195E+00  0.9912789244 -2.059430E+00
        1.188398E+17 -4.004258E+00 -1.961484E+00 -3.058453E-01 -3.058453E-01
   136     3872.5029    8.81035519  4.752960E+08  8.616949E+09  3.620035E+28
        5.509542E+00  2.509168E+01  7.830195E+00  0.9915269843 -2.071962E+00
        7.351547E+16 -4.004258E+00 -1.961823E+00 -3.058416E-01 -3.058416E-01
   137     3763.2955    8.81040526  4.752686E+08  8.664306E+09  3.228263E+28
        5.476564E+00  2.509168E+01  7.830195E+00  0.9918155924 -2.087013E+00
        4.290658E+16 -4.004258E+00 -1.962198E+00 -3.058374E-01 -3.058374E-01
   138     3636.9551    8.81046333  4.752368E+08  8.716191E+09  2.815719E+28
        5.438714E+00  2.509168E+01  7.830196E+00  0.9921603084 -2.105701E+00
        2.321306E+16 -4.004258E+00 -1.962653E+00 -3.058324E-01 -3.058324E-01
   139     3498.5235    8.81050900  4.752118E+08  8.770286E+09  2.410633E+28
        5.397645E+00  2.509168E+01  7.830196E+00  0.9925424108 -2.127402E+00
        1.198323E+16 -4.004258E+00 -1.963201E+00 -3.058264E-01 -3.058264E-01
   140     3410.0148    8.81053145  4.751996E+08  8.803751E+09  2.175678E+28
        5.371474E+00  2.509168E+01  7.830196E+00  0.9928508224 -2.145744E+00
        7.890048E+15 -4.004258E+00 -1.964149E+00 -3.058160E-01 -3.058160E-01
   141     3332.9797    8.81054935  4.751898E+08  8.831620E+09  1.985556E+28
        5.348517E+00  2.509168E+01  7.830197E+00  0.9937710871 -2.205588E+00
        5.418217E+15 -4.004258E+00 -1.964388E+00 -3.058133E-01 -3.058133E-01
   142     3268.6271    8.81056427  4.751816E+08  8.853617E+09  1.836531E+28
        5.329206E+00  2.509168E+01  7.830197E+00  0.9946878997 -2.274734E+00
        3.978746E+15 -4.004258E+00 -1.964406E+00 -3.058132E-01 -3.058132E-01
   143     3202.4004    8.81057880  4.751737E+08  8.874786E+09  1.692095E+28
        5.309167E+00  2.509168E+01  7.830197E+00  0.9956566451 -2.362175E+00
        2.880394E+15 -4.004258E+00 -1.964446E+00 -3.058127E-01 -3.058127E-01
   144     3129.8926    8.81059283  4.751660E+08  8.896327E+09  1.543924E+28
        5.287034E+00  2.509168E+01  7.830197E+00  0.9965382797 -2.460708E+00
        2.034238E+15 -4.004258E+00 -1.964447E+00 -3.058127E-01 -3.058127E-01
   145     3058.2829    8.81060570  4.751589E+08  8.916215E+09  1.407362E+28
        5.264943E+00  2.509168E+01  7.830197E+00  0.9972473463 -2.560248E+00
        1.442564E+15 -4.004258E+00 -1.964447E+00 -3.058127E-01 -3.058127E-01
   146     2984.2230    8.81061869  4.751518E+08  8.935589E+09  1.275873E+28
        5.241770E+00  2.509168E+01  7.830197E+00  0.9978414564 -2.665839E+00
        1.009648E+15 -4.004258E+00 -1.964447E+00 -3.058127E-01 -3.058127E-01
   147     2909.0331    8.81063187  4.751446E+08  8.954187E+09  1.152030E+28
        5.217792E+00  2.509168E+01  7.830198E+00  0.9983262894 -2.776320E+00
        6.983255E+14 -4.004258E+00 -1.964447E+00 -3.058127E-01 -3.058127E-01
   148     2836.6882    8.81064503  4.751374E+08  8.971167E+09  1.041603E+28
        5.194230E+00  2.509168E+01  7.830198E+00  0.9986997582 -2.885976E+00
        4.895099E+14 -4.004258E+00 -1.964447E+00 -3.058127E-01 -3.058127E-01
   149     2763.1828    8.81066025  4.751291E+08  8.987643E+09  9.377329E+27
        5.169753E+00  2.509168E+01  7.830198E+00  0.9990028564 -3.001242E+00
        3.396967E+14 -4.004258E+00 -1.964447E+00 -3.058127E-01 -3.058127E-01
   150     2688.3018    8.81067778  4.751195E+08  9.003727E+09  8.401082E+27
        5.144150E+00  2.509168E+01  7.830198E+00  0.9992459801 -3.122617E+00
        2.326946E+14 -4.004258E+00 -1.964447E+00 -3.058127E-01 -3.058127E-01
   151     2616.6041    8.81069391  4.751107E+08  9.018463E+09  7.539787E+27
        5.118950E+00  2.509168E+01  7.830198E+00  0.9994284939 -3.242979E+00
        1.609156E+14 -4.004258E+00 -1.964447E+00 -3.058127E-01 -3.058127E-01
   152     2546.7055    8.81070701  4.751035E+08  9.032278E+09  6.765639E+27
        5.093724E+00  2.509168E+01  7.830198E+00  0.9995677777 -3.364293E+00
        1.114046E+14 -4.004258E+00 -1.964447E+00 -3.058127E-01 -3.058127E-01
   153     2475.8275    8.81071726  4.750979E+08  9.045802E+09  6.043176E+27
        5.067363E+00  2.509168E+01  7.830198E+00  0.9996777624 -3.491824E+00
        7.622120E+13 -4.004258E+00 -1.964447E+00 -3.058127E-01 -3.058127E-01
   154     2408.1851    8.81072504  4.750937E+08  9.058233E+09  5.409229E+27
        5.041379E+00  2.509168E+01  7.830198E+00  0.9997590845 -3.618135E+00
        5.257247E+13 -4.004258E+00 -1.964447E+00 -3.058127E-01 -3.058127E-01
   155     2344.0047    8.81073066  4.750906E+08  9.069632E+09  4.855167E+27
        5.015991E+00  2.509168E+01  7.830198E+00  0.9998186044 -3.741373E+00
        3.665479E+13 -4.004243E+00 -1.964447E+00 -3.058127E-01 -3.058127E-01
   156     2278.0086    8.81072688  4.750926E+08  9.080926E+09  4.331073E+27
        4.989292E+00  2.509168E+01  7.830198E+00  0.9998594081 -3.852040E+00
        2.513665E+13 -4.003581E+00 -1.964453E+00 -3.058127E-01 -3.058127E-01
   157     2213.5959    8.81072765  4.750922E+08  9.091372E+09  3.861595E+27
        4.963244E+00  2.509168E+01  7.830198E+00  0.9998737120 -3.898638E+00
        1.742768E+13 -4.003317E+00 -1.964456E+00 -3.058127E-01 -3.058127E-01
   158     2151.6723    8.81072930  4.750913E+08  9.101141E+09  3.447277E+27
        4.937699E+00  2.509168E+01  7.830198E+00  0.9998822340 -3.928980E+00
        1.218574E+13 -4.003144E+00 -1.964457E+00 -3.058127E-01 -3.058127E-01
   159     2089.6661    8.81068048  4.751180E+08  9.110687E+09  3.067101E+27
        4.911700E+00  2.509168E+01  7.830198E+00  0.9998876500 -3.949427E+00
        8.476875E+12 -3.999407E+00 -1.964491E+00 -3.058127E-01 -3.058127E-01
   160     2023.9377    8.81070419  4.751051E+08  9.120623E+09  2.698891E+27
        4.883329E+00  2.509168E+01  7.830198E+00  0.9998882198 -3.951635E+00
        5.708292E+12 -4.000370E+00 -1.964483E+00 -3.058127E-01 -3.058127E-01
   161     1961.0693    8.81071448  4.750994E+08  9.130055E+09  2.378801E+27
        4.855160E+00  2.509168E+01  7.830198E+00  0.9998889477 -3.954473E+00
        3.859499E+12 -4.000597E+00 -1.964481E+00 -3.058127E-01 -3.058127E-01
   162     1893.8413    8.81071205  4.751008E+08  9.140100E+09  2.069013E+27
        4.823855E+00  2.509168E+01  7.830198E+00  0.9998903790 -3.960106E+00
        2.499976E+12 -4.000116E+00 -1.964485E+00 -3.058127E-01 -3.058127E-01
   163     1829.3244    8.81069785  4.751085E+08  9.149670E+09  1.801217E+27
        4.792611E+00  2.509168E+01  7.830198E+00  0.9998922441 -3.967559E+00
        1.621667E+12 -3.999028E+00 -1.964495E+00 -3.058127E-01 -3.058127E-01
   164     1763.4751    8.81065119  4.751341E+08  9.159447E+09  1.555705E+27
        4.759619E+00  2.509168E+01  7.830198E+00  0.9998929943 -3.970593E+00
        1.027272E+12 -3.995983E+00 -1.964523E+00 -3.058127E-01 -3.058127E-01
   165     1697.8095    8.81060784  4.751578E+08  9.169274E+09  1.336746E+27
        4.725355E+00  2.509168E+01  7.830198E+00  0.9998942632 -3.975774E+00
        6.396180E+11 -3.993231E+00 -1.964549E+00 -3.058127E-01 -3.058127E-01
   166     1636.7220    8.81056825  4.751794E+08  9.178548E+09  1.154602E+27
        4.692187E+00  2.509168E+01  7.830198E+00  0.9998960312 -3.983097E+00
        4.044240E+11 -3.990761E+00 -1.964572E+00 -3.058127E-01 -3.058127E-01
   167     1561.8066    8.81052743  4.752018E+08  9.190226E+09  9.573758E+26
        4.649490E+00  2.509168E+01  7.830198E+00  0.9998989689 -3.995545E+00
        2.242001E+11 -3.988360E+00 -1.964595E+00 -3.058127E-01 -3.058127E-01
