     1    59802.6834    9.29707924  2.950377E+08  4.000000E+05  7.933321E+32
        7.663754E+00  2.628838E+01  8.708704E+00  0.0000000000  0.000000E+00
        1.903422E+31 -9.994009E+00 -1.998009E+00 -3.054150E-01 -3.054150E-01
     2    59605.2601    9.29719336  2.949989E+08  8.000000E+05  7.827023E+32
        7.661500E+00  2.628852E+01  8.708811E+00  0.0000000000  0.000000E+00
        1.819974E+31 -9.994009E+00 -1.998009E+00 -3.054150E-01 -3.054150E-01
     3    59391.2412    9.29730455  2.949611E+08  1.200000E+06  7.713237E+32
        7.659256E+00  2.628867E+01  8.708917E+00  0.0000000000  0.000000E+00
        1.742672E+31 -9.994009E+00 -1.998009E+00 -3.054150E-01 -3.054150E-01
     4    59206.8867    9.29741348  2.949242E+08  1.600000E+06  7.616002E+32
        7.657020E+00  2.628880E+01  8.709021E+00  0.0000000000  0.000000E+00
        1.669793E+31 -9.994009E+00 -1.998009E+00 -3.054150E-01 -3.054150E-01
     5    59025.2235    9.29752094  2.948877E+08  2.000000E+06  7.521098E+32
        7.654791E+00  2.628894E+01  8.709124E+00  0.0000000000  0.000000E+00
        1.600945E+31 -9.994009E+00 -1.998009E+00 -3.054150E-01 -3.054150E-01
     6    58846.3856    9.29762694  2.948517E+08  2.400000E+06  7.428546E+32
        7.652569E+00  2.628908E+01  8.709226E+00  0.0000000000  0.000000E+00
        1.535799E+31 -9.994009E+00 -1.998009E+00 -3.054150E-01 -3.054150E-01
     7    58669.6706    9.29773187  2.948161E+08  2.800000E+06  7.337943E+32
        7.650354E+00  2.628921E+01  8.709327E+00  0.0000000000  0.000000E+00
        1.473924E+31 -9.994031E+00 -1.998009E+00 -3.054150E-01 -3.054150E-01
     8    58425.0784    9.29787731  2.947667E+08  3.363466E+06  7.213923E+32
        7.647250E+00  2.628940E+01  8.709468E+00  0.0000000000  0.000000E+00
        1.392193E+31 -9.994030E+00 -1.998009E+00 -3.054150E-01 -3.054150E-01
     9    57949.8696    9.29816083  2.946705E+08  4.490399E+06  6.977513E+32
        7.641120E+00  2.628977E+01  8.709743E+00  0.0000000000  0.000000E+00
        1.245680E+31 -9.994028E+00 -1.998009E+00 -3.054150E-01 -3.054150E-01
    10    57030.4783    9.29870079  2.944874E+08  6.744264E+06  6.537006E+32
        7.629225E+00  2.629047E+01  8.710270E+00  0.0000000000  0.000000E+00
        1.008119E+31 -9.994026E+00 -1.998009E+00 -3.054150E-01 -3.054150E-01
    11    55623.1245    9.29952844  2.942069E+08  1.050370E+07  5.903977E+32
        7.610434E+00  2.629153E+01  8.711074E+00  0.0000000000  0.000000E+00
        7.258185E+30 -9.994023E+00 -1.998009E+00 -3.054150E-01 -3.054150E-01
    12    54234.5729    9.30032551  2.939370E+08  1.451922E+07  5.326366E+32
        7.591557E+00  2.629254E+01  8.711841E+00  0.0000000000  0.000000E+00
        5.250408E+30 -9.994021E+00 -1.998009E+00 -3.054150E-01 -3.054150E-01
    13    52891.2119    9.30108553  2.936800E+08  1.877122E+07  4.809502E+32
        7.572755E+00  2.629349E+01  8.712563E+00  0.0000000000  0.000000E+00
        3.823745E+30 -9.994020E+00 -1.998009E+00 -3.054150E-01 -3.054150E-01
    14    51575.4481    9.30181722  2.934327E+08  2.331805E+07  4.341166E+32
        7.553834E+00  2.629439E+01  8.713248E+00  0.0000000000  0.000000E+00
        2.793564E+30 -9.994019E+00 -1.998009E+00 -3.054150E-01 -3.054150E-01
    15    50279.6750    9.30252571  2.931934E+08  2.818767E+07  3.914675E+32
        7.534754E+00  2.629525E+01  8.713901E+00  0.0000000000  0.000000E+00
        2.046457E+30 -9.994018E+00 -1.998009E+00 -3.054150E-01 -3.054150E-01
    16    49012.8892    9.30321625  2.929604E+08  3.338622E+07  3.529202E+32
        7.515576E+00  2.629610E+01  8.714533E+00  0.0000000000  0.000000E+00
        1.504176E+30 -9.994017E+00 -1.998009E+00 -3.054150E-01 -3.054150E-01
    17    47770.6610    9.30389105  2.927329E+08  3.893140E+07  3.179842E+32
        7.496306E+00  2.629693E+01  8.715148E+00  0.0000000000  0.000000E+00
        1.109337E+30 -9.994014E+00 -1.998009E+00 -3.054150E-01 -3.054150E-01
    18    46552.0510    9.30454920  2.925112E+08  4.484186E+07  2.863240E+32
        7.476948E+00  2.629774E+01  8.715745E+00  0.0000000000  0.000000E+00
        8.206211E+29 -9.994009E+00 -1.998009E+00 -3.054150E-01 -3.054150E-01
    19    45355.9808    9.30518562  2.922969E+08  5.113850E+07  2.576346E+32
        7.457493E+00  2.629850E+01  8.716317E+00  0.0000000000  0.000000E+00
        6.088519E+29 -9.994002E+00 -1.998009E+00 -3.054150E-01 -3.054150E-01
    20    44182.7632    9.30578915  2.920939E+08  5.783671E+07  2.316722E+32
        7.437957E+00  2.629920E+01  8.716840E+00  0.0000000000  0.000000E+00
        4.527883E+29 -9.993993E+00 -1.998009E+00 -3.054150E-01 -3.054150E-01
    21    43035.6307    9.30636039  2.919019E+08  6.493971E+07  2.082591E+32
        7.418397E+00  2.629984E+01  8.717321E+00  0.0000000000  0.000000E+00
        3.377654E+29 -9.993981E+00 -1.998009E+00 -3.054150E-01 -3.054150E-01
    22    41911.1496    9.30691158  2.917167E+08  7.249364E+07  1.870933E+32
        7.398753E+00  2.630045E+01  8.717782E+00  0.0000000000  0.000000E+00
        2.525443E+29 -9.993968E+00 -1.998009E+00 -3.054150E-01 -3.054150E-01
    23    40806.6618    9.30744907  2.915362E+08  8.054818E+07  1.679294E+32
        7.378960E+00  2.630105E+01  8.718241E+00  0.0000000000  0.000000E+00
        1.888916E+29 -9.993953E+00 -1.998009E+00 -3.054150E-01 -3.054150E-01
    24    39718.7846    9.30798056  2.913579E+08  8.915111E+07  1.505410E+32
        7.358972E+00  2.630168E+01  8.718721E+00  0.0000000000  0.000000E+00
        1.412787E+29 -9.993937E+00 -1.998009E+00 -3.054150E-01 -3.054150E-01
    25    38649.5488    9.30851068  2.911801E+08  9.832273E+07  1.348089E+32
        7.338820E+00  2.630235E+01  8.719225E+00  0.0000000000  0.000000E+00
        1.057152E+29 -9.993920E+00 -1.998009E+00 -3.054150E-01 -3.054150E-01
    26    37598.9025    9.30903922  2.910030E+08  1.080913E+08  1.205905E+32
        7.318514E+00  2.630303E+01  8.719743E+00  0.0000000000  0.000000E+00
        7.907497E+28 -9.993908E+00 -1.998009E+00 -3.054150E-01 -3.054150E-01
    27    37068.6268    9.30930879  2.909127E+08  1.132966E+08  1.138594E+32
        7.310727E+00  2.630338E+01  8.720009E+00  0.0000000000  0.000000E+00
        6.819791E+28 -9.990445E+00 -1.998009E+00 -3.054150E-01 -3.054150E-01
    28    36827.8940    9.30943343  2.908710E+08  1.157258E+08  1.108985E+32
        7.303395E+00  2.630354E+01  8.720132E+00  0.0000000000  0.000000E+00
        6.370871E+28 -9.990445E+00 -1.998009E+00 -3.054150E-01 -3.054150E-01
    29    36617.6602    9.30954296  2.908343E+08  1.178829E+08  1.083605E+32
        7.299121E+00  2.630369E+01  8.720239E+00  0.0000000000  0.000000E+00
        6.000134E+28 -9.990445E+00 -1.998009E+00 -3.054150E-01 -3.054150E-01
    30    36410.8119    9.30965163  2.907979E+08  1.200399E+08  1.059062E+32
        7.294938E+00  2.630383E+01  8.720345E+00  0.0000000000  0.000000E+00
        5.656512E+28 -9.990445E+00 -1.998009E+00 -3.054150E-01 -3.054150E-01
    31    36397.2149    9.30965880  2.907955E+08  1.201826E+08  1.057464E+32
        7.294662E+00  2.630384E+01  8.720352E+00  0.0000000000  0.000000E+00
        5.634560E+28 -9.990445E+00 -1.998009E+00 -3.054150E-01 -3.054150E-01
    32    36370.0002    9.30967203  2.907911E+08  1.204679E+08  1.054272E+32
        7.327421E+00  2.630386E+01  8.720384E+00  0.0009525950 -4.139039E-04
        5.612179E+28 -9.990445E+00 -1.998009E+00 -3.054150E-01 -3.054150E-01
    33    36342.9179    9.30968631  2.907863E+08  1.207533E+08  1.051101E+32
        7.304430E+00  2.630388E+01  8.720408E+00  0.0006814397 -2.960464E-04
        5.567134E+28 -9.990445E+00 -1.998009E+00 -3.054150E-01 -3.054150E-01
    34    36315.8857    9.30970039  2.907816E+08  1.210386E+08  1.047943E+32
        7.303862E+00  2.630389E+01  8.720422E+00  0.0007970379 -3.462872E-04
        5.527108E+28 -9.990445E+00 -1.998009E+00 -3.054150E-01 -3.054150E-01
    35    36288.9402    9.30971474  2.907768E+08  1.213240E+08  1.044802E+32
        7.297949E+00  2.630391E+01  8.720438E+00  0.0008660373 -3.762782E-04
        5.483523E+28 -9.990445E+00 -1.998009E+00 -3.054150E-01 -3.054150E-01
    36    36262.0536    9.30972880  2.907721E+08  1.216093E+08  1.041675E+32
        7.300235E+00  2.630393E+01  8.720451E+00  0.0010422958 -4.528994E-04
        5.444337E+28 -9.990445E+00 -1.998009E+00 -3.054150E-01 -3.054150E-01
    37    36235.2619    9.30974305  2.907673E+08  1.218947E+08  1.038566E+32
        7.295803E+00  2.630395E+01  8.720467E+00  0.0011152722 -4.846269E-04
        5.401738E+28 -9.990445E+00 -1.998009E+00 -3.054150E-01 -3.054150E-01
    38    36208.5451    9.30975719  2.907626E+08  1.221800E+08  1.035473E+32
        7.296699E+00  2.630397E+01  8.720480E+00  0.0012867099 -5.591708E-04
        5.361516E+28 -9.990445E+00 -1.998009E+00 -3.054150E-01 -3.054150E-01
    39    36174.5295    9.30977509  2.907566E+08  1.225449E+08  1.031545E+32
        7.294894E+00  2.630399E+01  8.720498E+00  0.0013787268 -5.991866E-04
        5.310733E+28 -9.990445E+00 -1.998009E+00 -3.054150E-01 -3.054150E-01
    40    36111.6330    9.30980848  2.907454E+08  1.232256E+08  1.024311E+32
        7.292608E+00  2.630404E+01  8.720531E+00  0.0016826846 -7.313962E-04
        5.217210E+28 -9.990445E+00 -1.998009E+00 -3.054150E-01 -3.054150E-01
    41    35989.8478    9.30987026  2.907247E+08  1.245630E+08  1.010419E+32
        7.321494E+00  2.630411E+01  8.720578E+00  0.0024118371 -1.048713E-03
        5.079315E+28 -9.990445E+00 -1.998009E+00 -3.054150E-01 -3.054150E-01
    42    35821.5904    9.30995658  2.906958E+08  1.264655E+08  9.914584E+31
        7.317579E+00  2.630422E+01  8.720661E+00  0.0029704586 -1.291974E-03
        4.873768E+28 -9.990445E+00 -1.998009E+00 -3.054150E-01 -3.054150E-01
    43    35543.0425    9.31010060  2.906476E+08  1.299722E+08  9.606593E+31
        7.298254E+00  2.630442E+01  8.720811E+00  0.0143882345 -6.294121E-03
        4.601755E+28 -9.990445E+00 -1.998009E+00 -3.054150E-01 -3.054150E-01
    44    35147.0623    9.31031607  2.905755E+08  1.360769E+08  9.181035E+31
        7.286514E+00  2.630471E+01  8.721032E+00  0.0342997131 -1.515764E-02
        4.159028E+28 -9.990445E+00 -1.998009E+00 -3.054150E-01 -3.054150E-01
    45    34489.6910    9.31068457  2.904523E+08  1.482862E+08  8.505978E+31
        7.267987E+00  2.630522E+01  8.721409E+00  0.0745565763 -3.365013E-02
        3.429655E+28 -9.990445E+00 -1.998009E+00 -3.054150E-01 -3.054150E-01
    46    33330.2626    9.31134562  2.902313E+08  1.727049E+08  7.407317E+31
        7.238149E+00  2.630614E+01  8.722091E+00  0.1502068885 -7.068679E-02
        2.385633E+28 -9.990445E+00 -1.998009E+00 -3.054150E-01 -3.054150E-01
    47    31351.6838    9.31239442  2.898811E+08  2.215422E+08  5.784964E+31
        7.188795E+00  2.630751E+01  8.723127E+00  0.2838526704 -1.449976E-01
        1.239388E+28 -9.990445E+00 -1.998009E+00 -3.054150E-01 -3.054150E-01
    48    28382.6676    9.31401252  2.893416E+08  3.133791E+08  3.871256E+31
        7.111618E+00  2.630966E+01  8.724744E+00  0.4795268304 -2.836017E-01
        4.242200E+27 -9.990445E+00 -1.998009E+00 -3.054150E-01 -3.054150E-01
    49    25272.6264    9.31514107  2.889659E+08  4.341275E+08  2.427236E+31
        7.024479E+00  2.631043E+01  8.725310E+00  0.6568793589 -4.645532E-01
        1.221065E+27 -9.990445E+00 -1.998009E+00 -3.054150E-01 -3.054150E-01
    50    22334.3584    9.31630836  2.885778E+08  5.795565E+08  1.476513E+31
        6.932317E+00  2.631142E+01  8.726044E+00  0.7920430937 -6.820267E-01
        3.159822E+26 -9.990445E+00 -1.998009E+00 -3.054150E-01 -3.054150E-01
    51    19540.4188    9.31722512  2.882734E+08  7.525081E+08  8.633004E+30
        6.834317E+00  2.631189E+01  8.726393E+00  0.8857496882 -9.421426E-01
        7.269384E+25 -9.990445E+00 -1.998009E+00 -3.054150E-01 -3.054150E-01
    52    16987.3111    9.31824610  2.879347E+08  9.530886E+08  4.919309E+30
        6.731551E+00  2.631282E+01  8.727087E+00  0.9436599268 -1.249183E+00
        1.511887E+25 -9.990445E+00 -1.998009E+00 -3.054150E-01 -3.054150E-01
    53    15131.4785    9.31877591  2.877591E+08  1.129989E+09  3.093151E+30
        6.646736E+00  2.631301E+01  8.727227E+00  0.9704571025 -1.529547E+00
        4.063360E+24 -9.990445E+00 -1.998009E+00 -3.054150E-01 -3.054150E-01
    54    14067.7380    9.31905016  2.876683E+08  1.248825E+09  2.309397E+30
        6.591505E+00  2.631303E+01  8.727243E+00  0.9811159867 -1.723906E+00
        1.712294E+24 -9.990445E+00 -1.997998E+00 -3.054151E-01 -3.054151E-01
    55    13164.8081    9.31931645  2.875801E+08  1.359171E+09  1.770082E+30
        6.540726E+00  2.631307E+01  8.727268E+00  0.9865150608 -1.870151E+00
        7.698685E+23 -9.990445E+00 -1.994360E+00 -3.054521E-01 -3.054521E-01
    56    12163.2257    9.31964108  2.874727E+08  1.489854E+09  1.288860E+30
        6.480727E+00  2.631315E+01  8.727330E+00  0.9875686933 -1.905483E+00
        2.976672E+23 -9.990445E+00 -1.990699E+00 -3.054898E-01 -3.054898E-01
    57    11001.8783    9.32003305  2.873430E+08  1.666220E+09  8.619576E+29
        6.401256E+00  2.631331E+01  8.727447E+00  0.9879665931 -1.919611E+00
        8.388197E+22 -9.990445E+00 -1.983208E+00 -3.055678E-01 -3.055678E-01
    58     9034.4604    9.32055030  2.871719E+08  2.018952E+09  3.914805E+29
        6.240461E+00  2.631332E+01  8.727457E+00  0.9891630590 -1.965093E+00
        6.328951E+21 -9.990445E+00 -1.982591E+00 -3.055743E-01 -3.055743E-01
    59     7342.7350    9.32097061  2.870330E+08  2.371684E+09  1.706524E+29
        6.084303E+00  2.631334E+01  8.727472E+00  0.9899758535 -1.998953E+00
        5.035512E+20 -9.990445E+00 -1.982434E+00 -3.055759E-01 -3.055759E-01
    60     6657.6168    9.32121049  2.869537E+08  2.563537E+09  1.152700E+29
        5.998112E+00  2.631334E+01  8.727473E+00  0.9903451403 -2.015254E+00
        1.234838E+20 -9.990445E+00 -1.981076E+00 -3.055902E-01 -3.055902E-01
    61     6401.9712    9.32133419  2.869128E+08  2.679146E+09  9.853086E+28
        5.940301E+00  2.631335E+01  8.727476E+00  0.9906419399 -2.028814E+00
        4.794862E+19 -9.991435E+00 -1.981001E+00 -3.055910E-01 -3.055910E-01
    62     6136.2671    9.32144276  2.868770E+08  2.793173E+09  8.314303E+28
        5.874867E+00  2.631335E+01  8.727476E+00  0.9910070278 -2.046097E+00
        1.639108E+19 -9.991623E+00 -1.981197E+00 -3.055889E-01 -3.055889E-01
    63     5856.4538    9.32153390  2.868469E+08  2.900474E+09  6.896942E+28
        5.804694E+00  2.631335E+01  8.727477E+00  0.9914089816 -2.065955E+00
        5.183740E+18 -9.985227E+00 -1.981726E+00 -3.055834E-01 -3.055834E-01
    64     5554.5551    9.32161117  2.868214E+08  3.012229E+09  5.580043E+28
        5.719732E+00  2.631335E+01  8.727477E+00  0.9919133169 -2.092230E+00
        1.300923E+18 -9.982728E+00 -1.982151E+00 -3.055789E-01 -3.055789E-01
    65     5203.2956    9.32166146  2.868048E+08  3.113143E+09  4.296395E+28
        5.634366E+00  2.631335E+01  8.727477E+00  0.9924185469 -2.120248E+00
        3.314312E+17 -9.979784E+00 -1.983493E+00 -3.055648E-01 -3.055648E-01
    66     5106.2252    9.32167756  2.867994E+08  3.139175E+09  3.984501E+28
        5.611226E+00  2.631335E+01  8.727478E+00  0.9927574676 -2.140110E+00
        2.299755E+17 -9.979220E+00 -1.984980E+00 -3.055492E-01 -3.055492E-01
    67     5005.5808    9.32169221  2.867946E+08  3.165207E+09  3.679403E+28
        5.586999E+00  2.631335E+01  8.727479E+00  0.9932644057 -2.171624E+00
        1.573072E+17 -9.979218E+00 -1.985002E+00 -3.055490E-01 -3.055490E-01
    68     4897.9838    9.32170722  2.867897E+08  3.191239E+09  3.372980E+28
        5.561319E+00  2.631335E+01  8.727480E+00  0.9938975981 -2.214499E+00
        1.047584E+17 -9.979110E+00 -1.985000E+00 -3.055490E-01 -3.055490E-01
    69     4772.5123    9.32172563  2.867836E+08  3.217270E+09  3.040284E+28
        5.531692E+00  2.631335E+01  8.727481E+00  0.9952259938 -2.321117E+00
        6.569222E+16 -9.979078E+00 -1.985023E+00 -3.055488E-01 -3.055488E-01
    70     4622.5266    9.32174327  2.867777E+08  3.243302E+09  2.675630E+28
        5.496158E+00  2.631335E+01  8.727482E+00  0.9966040525 -2.469039E+00
        3.789683E+16 -9.979077E+00 -1.985162E+00 -3.055473E-01 -3.055473E-01
    71     4444.4416    9.32176295  2.867713E+08  3.269334E+09  2.286428E+28
        5.451862E+00  2.631335E+01  8.727483E+00  0.9978033984 -2.658249E+00
        1.938897E+16 -9.979077E+00 -1.985162E+00 -3.055473E-01 -3.055473E-01
    72     4292.2637    9.32177949  2.867658E+08  3.289519E+09  1.988922E+28
        5.412297E+00  2.631336E+01  8.727483E+00  0.9985260586 -2.831520E+00
        1.075940E+16 -9.979077E+00 -1.985162E+00 -3.055473E-01 -3.055473E-01
    73     4129.6894    9.32179291  2.867614E+08  3.307293E+09  1.704230E+28
        5.370296E+00  2.631336E+01  8.727483E+00  0.9990438391 -3.019469E+00
        5.799612E+15 -9.979077E+00 -1.985162E+00 -3.055473E-01 -3.055473E-01
    74     3948.0368    9.32180696  2.867567E+08  3.323714E+09  1.423539E+28
        5.323300E+00  2.631336E+01  8.727483E+00  0.9994166235 -3.234051E+00
        2.937936E+15 -9.979077E+00 -1.985162E+00 -3.055473E-01 -3.055473E-01
    75     3744.1962    9.32181849  2.867529E+08  3.338909E+09  1.151509E+28
        5.270168E+00  2.631336E+01  8.727484E+00  0.9996700934 -3.481609E+00
        1.375339E+15 -9.979077E+00 -1.985162E+00 -3.055473E-01 -3.055473E-01
    76     3523.4331    9.32182897  2.867495E+08  3.352479E+09  9.029979E+27
        5.212287E+00  2.631336E+01  8.727484E+00  0.9998247471 -3.756335E+00
        6.071470E+14 -9.979077E+00 -1.985162E+00 -3.055473E-01 -3.055473E-01
    77     3301.7933    9.32183905  2.867461E+08  3.363983E+09  6.963251E+27
        5.152835E+00  2.631336E+01  8.727484E+00  0.9999094642 -4.043180E+00
        2.639114E+14 -9.979077E+00 -1.985162E+00 -3.055473E-01 -3.055473E-01
    78     3077.9603    9.32184681  2.867436E+08  3.373909E+09  5.258439E+27
        5.090988E+00  2.631336E+01  8.727484E+00  0.9999549308 -4.346121E+00
        1.115736E+14 -9.979077E+00 -1.985162E+00 -3.055473E-01 -3.055473E-01
    79     2859.8803    9.32185152  2.867420E+08  3.382389E+09  3.919147E+27
        5.027762E+00  2.631336E+01  8.727484E+00  0.9999780747 -4.659054E+00
        4.642330E+13 -9.979077E+00 -1.985162E+00 -3.055473E-01 -3.055473E-01
    80     2659.5956    9.32185506  2.867408E+08  3.389375E+09  2.931291E+27
        4.965936E+00  2.631336E+01  8.727484E+00  0.9999892396 -4.968171E+00
        1.972871E+13 -9.979077E+00 -1.985162E+00 -3.055473E-01 -3.055473E-01
    81     2474.6307    9.32185761  2.867400E+08  3.395241E+09  2.197028E+27
        4.904624E+00  2.631336E+01  8.727484E+00  0.9999947296 -5.278159E+00
        8.452868E+12 -9.979077E+00 -1.985162E+00 -3.055473E-01 -3.055473E-01
    82     2304.9262    9.32186119  2.867388E+08  3.400159E+09  1.653555E+27
        4.843903E+00  2.631336E+01  8.727484E+00  0.9999974086 -5.586474E+00
        3.652806E+12 -9.979077E+00 -1.985162E+00 -3.055473E-01 -3.055473E-01
    83     2263.8833    9.32186418  2.867378E+08  3.401313E+09  1.538876E+27
        4.828479E+00  2.631336E+01  8.727484E+00  0.9999978153 -5.660616E+00
        2.951787E+12 -9.979077E+00 -1.985162E+00 -3.055473E-01 -3.055473E-01
    84     2221.7113    9.32186836  2.867365E+08  3.402467E+09  1.427361E+27
        4.812281E+00  2.631336E+01  8.727484E+00  0.9999981709 -5.737755E+00
        2.359955E+12 -9.979077E+00 -1.985162E+00 -3.055473E-01 -3.055473E-01
    85     2178.5096    9.32187311  2.867349E+08  3.403621E+09  1.319521E+27
        4.795274E+00  2.631336E+01  8.727484E+00  0.9999984939 -5.822153E+00
        1.865834E+12 -9.979076E+00 -1.985162E+00 -3.055473E-01 -3.055473E-01
    86     2134.4519    9.32187766  2.867334E+08  3.404775E+09  1.215960E+27
        4.777448E+00  2.631336E+01  8.727484E+00  0.9999987884 -5.916655E+00
        1.458551E+12 -9.979076E+00 -1.985162E+00 -3.055473E-01 -3.055473E-01
    87     2089.4461    9.32188108  2.867323E+08  3.405929E+09  1.116594E+27
        4.758731E+00  2.631336E+01  8.727484E+00  0.9999990434 -6.019279E+00
        1.126252E+12 -9.979076E+00 -1.985162E+00 -3.055473E-01 -3.055473E-01
    88     2080.4684    9.32188153  2.867321E+08  3.406160E+09  1.097525E+27
        4.754950E+00  2.631336E+01  8.727484E+00  0.9999990873 -6.039665E+00
        1.068930E+12 -9.979076E+00 -1.985162E+00 -3.055473E-01 -3.055473E-01
    89     2071.4224    9.32188191  2.867320E+08  3.406391E+09  1.078560E+27
        4.751128E+00  2.631336E+01  8.727484E+00  0.9999991290 -6.059965E+00
        1.013962E+12 -9.979076E+00 -1.985162E+00 -3.055473E-01 -3.055473E-01
    90     2062.3029    9.32188220  2.867319E+08  3.406622E+09  1.059691E+27
        4.747264E+00  2.631336E+01  8.727484E+00  0.9999991686 -6.080168E+00
        9.612538E+11 -9.979076E+00 -1.985162E+00 -3.055473E-01 -3.055473E-01
