     1    59659.6526    9.13005788  3.506481E+08  4.000000E+05  1.109899E+33
        7.735723E+00  2.588547E+01  8.410469E+00  0.0000000000  0.000000E+00
        1.291464E+32 -1.000650E+01 -1.997505E+00 -3.054201E-01 -3.054201E-01
     2    59359.0917    9.13025433  3.505688E+08  8.000000E+05  1.087209E+33
        7.732933E+00  2.588569E+01  8.410633E+00  0.0000000000  0.000000E+00
        1.199422E+32 -1.000648E+01 -1.997505E+00 -3.054201E-01 -3.054201E-01
     3    59085.1753    9.13043902  3.504943E+08  1.200000E+06  1.066825E+33
        7.730132E+00  2.588590E+01  8.410792E+00  0.0000000000  0.000000E+00
        1.119151E+32 -1.000645E+01 -1.997505E+00 -3.054201E-01 -3.054201E-01
     4    58830.7802    9.13061487  3.504233E+08  1.600000E+06  1.048146E+33
        7.727319E+00  2.588611E+01  8.410949E+00  0.0000000000  0.000000E+00
        1.047589E+32 -1.000643E+01 -1.997505E+00 -3.054201E-01 -3.054201E-01
     5    58589.9663    9.13078408  3.503550E+08  2.000000E+06  1.030688E+33
        7.724497E+00  2.588632E+01  8.411103E+00  0.0000000000  0.000000E+00
        9.829124E+31 -1.000641E+01 -1.997505E+00 -3.054201E-01 -3.054201E-01
     6    58358.9995    9.13094803  3.502889E+08  2.400000E+06  1.014149E+33
        7.721671E+00  2.588652E+01  8.411253E+00  0.0000000000  0.000000E+00
        9.239176E+31 -1.000640E+01 -1.997505E+00 -3.054201E-01 -3.054201E-01
     7    58134.2037    9.13110811  3.502244E+08  2.800000E+06  9.982448E+32
        7.718844E+00  2.588672E+01  8.411401E+00  0.0000000000  0.000000E+00
        8.694976E+31 -1.000616E+01 -1.997505E+00 -3.054201E-01 -3.054201E-01
     8    57704.4383    9.13141476  3.501007E+08  3.600000E+06  9.683679E+32
        7.713213E+00  2.588710E+01  8.411687E+00  0.0000000000  0.000000E+00
        7.733391E+31 -1.000506E+01 -1.997505E+00 -3.054201E-01 -3.054201E-01
     9    56880.4592    9.13198475  3.498711E+08  5.200000E+06  9.130318E+32
        7.702197E+00  2.588780E+01  8.412219E+00  0.0000000000  0.000000E+00
        6.196962E+31 -1.000421E+01 -1.997505E+00 -3.054201E-01 -3.054201E-01
    10    55387.9658    9.13300841  3.494590E+08  8.400000E+06  8.189767E+32
        7.681485E+00  2.588904E+01  8.413154E+00  0.0000000000  0.000000E+00
        4.119344E+31 -1.000332E+01 -1.997505E+00 -3.054201E-01 -3.054201E-01
    11    52810.5390    9.13473293  3.487658E+08  1.480000E+07  6.741674E+32
        7.644817E+00  2.589107E+01  8.414686E+00  0.0000000000  0.000000E+00
        2.019804E+31 -1.000235E+01 -1.997505E+00 -3.054201E-01 -3.054201E-01
    12    50191.0892    9.13650132  3.480565E+08  2.256119E+07  5.478018E+32
        7.606132E+00  2.589316E+01  8.416259E+00  0.0000000000  0.000000E+00
        9.655946E+30 -1.000191E+01 -1.997505E+00 -3.054201E-01 -3.054201E-01
    13    47616.5428    9.13821723  3.473696E+08  3.168353E+07  4.420104E+32
        7.566495E+00  2.589517E+01  8.417761E+00  0.0000000000  0.000000E+00
        4.630239E+30 -1.000183E+01 -1.997505E+00 -3.054201E-01 -3.054201E-01
    14    45133.0269    9.13976872  3.467497E+08  4.226370E+07  3.554900E+32
        7.526244E+00  2.589686E+01  8.419033E+00  0.0000000000  0.000000E+00
        2.252257E+30 -1.000170E+01 -1.997505E+00 -3.054201E-01 -3.054201E-01
    15    42746.3919    9.14117159  3.461901E+08  5.447093E+07  2.851311E+32
        7.485540E+00  2.589827E+01  8.420118E+00  0.0000000000  0.000000E+00
        1.117930E+30 -1.000153E+01 -1.997505E+00 -3.054201E-01 -3.054201E-01
    16    40465.7028    9.14255733  3.456382E+08  6.847866E+07  2.282492E+32
        7.444675E+00  2.589979E+01  8.421261E+00  0.0000000000  0.000000E+00
        5.691571E+29 -1.000121E+01 -1.997505E+00 -3.054201E-01 -3.054201E-01
    17    38290.7122    9.14392827  3.450931E+08  8.452566E+07  1.824164E+32
        7.403691E+00  2.590141E+01  8.422461E+00  0.0000000000  0.000000E+00
        2.965864E+29 -1.000045E+01 -1.997505E+00 -3.054201E-01 -3.054201E-01
    18    36210.3995    9.14510260  3.446269E+08  1.028341E+08  1.454953E+32
        7.362536E+00  2.590260E+01  8.423356E+00  0.0000000000  0.000000E+00
        1.574732E+29 -9.999743E+00 -1.997505E+00 -3.054201E-01 -3.054201E-01
    19    34228.9732    9.14606442  3.442454E+08  1.236153E+08  1.159122E+32
        7.321397E+00  2.590336E+01  8.423948E+00  0.0000000000  0.000000E+00
        8.504348E+28 -9.998589E+00 -1.997505E+00 -3.054201E-01 -3.054201E-01
    20    32352.4197    9.14713365  3.438219E+08  1.472817E+08  9.228087E+31
        7.280347E+00  2.590458E+01  8.424872E+00  0.0000000000  0.000000E+00
        4.655924E+28 -9.998112E+00 -1.997505E+00 -3.054201E-01 -3.054201E-01
    21    30568.4430    9.14830522  3.433585E+08  1.744708E+08  7.335105E+31
        7.238886E+00  2.590617E+01  8.426054E+00  0.0000000000  0.000000E+00
        2.559969E+28 -9.997597E+00 -1.997505E+00 -3.054201E-01 -3.054201E-01
    22    28890.9629    9.14922518  3.429950E+08  2.057524E+08  5.840381E+31
        7.204238E+00  2.590710E+01  8.426779E+00  0.0093274824 -4.069885E-03
        1.432009E+28 -9.997010E+00 -1.997505E+00 -3.054201E-01 -3.054201E-01
    23    26834.4724    9.15033433  3.425573E+08  2.683156E+08  4.335670E+31
        7.149825E+00  2.590821E+01  8.427635E+00  0.1285709232 -5.976795E-02
        6.848003E+27 -9.992358E+00 -1.997505E+00 -3.054201E-01 -3.054201E-01
    24    25105.6185    9.15135810  3.421538E+08  3.420095E+08  3.313934E+31
        7.096893E+00  2.590943E+01  8.428541E+00  0.2737165420 -1.388938E-01
        3.391367E+27 -9.992358E+00 -1.997505E+00 -3.054201E-01 -3.054201E-01
    25    23326.5562    9.15219836  3.418230E+08  4.339768E+08  2.465031E+31
        7.040417E+00  2.591005E+01  8.428996E+00  0.4238098506 -2.394342E-01
        1.552258E+27 -9.992358E+00 -1.997505E+00 -3.054201E-01 -3.054201E-01
    26    21550.7195    9.15320361  3.414276E+08  5.449489E+08  1.791685E+31
        6.980325E+00  2.591108E+01  8.429754E+00  0.5642986453 -3.608111E-01
        6.642975E+26 -9.992358E+00 -1.997505E+00 -3.054201E-01 -3.054201E-01
    27    19806.3876    9.15407373  3.410857E+08  6.745582E+08  1.275750E+31
        6.916999E+00  2.591186E+01  8.430332E+00  0.6856840505 -5.026336E-01
        2.672185E+26 -9.992358E+00 -1.997505E+00 -3.054201E-01 -3.054201E-01
    28    18122.4903    9.15481733  3.407939E+08  8.217674E+08  8.926320E+30
        6.851452E+00  2.591231E+01  8.430658E+00  0.7830775659 -6.636955E-01
        1.022759E+26 -9.992358E+00 -1.997505E+00 -3.054201E-01 -3.054201E-01
    29    16541.3271    9.15552952  3.405145E+08  9.864395E+08  6.185434E+30
        6.784185E+00  2.591284E+01  8.431055E+00  0.8569026215 -8.443683E-01
        3.756191E+25 -9.992358E+00 -1.997505E+00 -3.054201E-01 -3.054201E-01
    30    15023.9252    9.15628754  3.402175E+08  1.174079E+09  4.202081E+30
        6.713418E+00  2.591355E+01  8.431587E+00  0.9112582890 -1.051872E+00
        1.288259E+25 -9.992358E+00 -1.997505E+00 -3.054201E-01 -3.054201E-01
    31    14260.8686    9.15657735  3.401040E+08  1.279607E+09  3.408983E+30
        6.675193E+00  2.591367E+01  8.431676E+00  0.9325968433 -1.171320E+00
        7.188019E+24 -9.992358E+00 -1.997505E+00 -3.054201E-01 -3.054201E-01
    32    13693.1186    9.15679247  3.400198E+08  1.365350E+09  2.896245E+30
        6.645010E+00  2.591374E+01  8.431725E+00  0.9462297746 -1.269458E+00
        4.523027E+24 -9.992358E+00 -1.997505E+00 -3.054201E-01 -3.054201E-01
    33    13211.7240    9.15696778  3.399512E+08  1.443881E+09  2.508929E+30
        6.617965E+00  2.591376E+01  8.431738E+00  0.9563728318 -1.360243E+00
        2.979863E+24 -9.992358E+00 -1.997505E+00 -3.054201E-01 -3.054201E-01
    34    12676.6279    9.15717179  3.398713E+08  1.537941E+09  2.125502E+30
        6.586278E+00  2.591377E+01  8.431748E+00  0.9661175084 -1.470025E+00
        1.824750E+24 -9.992358E+00 -1.997505E+00 -3.054201E-01 -3.054201E-01
    35    12056.2316    9.15743681  3.397676E+08  1.655461E+09  1.737912E+30
        6.547578E+00  2.591382E+01  8.431781E+00  0.9753987219 -1.609042E+00
        9.982454E+23 -9.992358E+00 -1.997489E+00 -3.054203E-01 -3.054203E-01
    36    11389.2904    9.15773013  3.396529E+08  1.792055E+09  1.383168E+30
        6.503598E+00  2.591389E+01  8.431832E+00  0.9829736224 -1.768878E+00
        5.014468E+23 -9.992358E+00 -1.997404E+00 -3.054211E-01 -3.054211E-01
    37    10497.1338    9.15813970  3.394928E+08  1.992345E+09  9.971523E+29
        6.439814E+00  2.591410E+01  8.431988E+00  0.9874140898 -1.900115E+00
        1.834478E+23 -9.992358E+00 -1.991691E+00 -3.054796E-01 -3.054796E-01
    38     9512.1169    9.15852872  3.393408E+08  2.246613E+09  6.717355E+29
        6.359293E+00  2.591418E+01  8.432052E+00  0.9881579292 -1.926572E+00
        5.107970E+22 -9.992358E+00 -1.987674E+00 -3.055211E-01 -3.055211E-01
    39     7936.0708    9.15903218  3.391441E+08  2.709778E+09  3.250935E+29
        6.213773E+00  2.591419E+01  8.432061E+00  0.9889688012 -1.957377E+00
        4.964718E+21 -9.992358E+00 -1.985837E+00 -3.055403E-01 -3.055403E-01
    40     6964.4207    9.15940576  3.389983E+08  3.044005E+09  1.926427E+29
        6.108649E+00  2.591421E+01  8.432076E+00  0.9894128313 -1.975220E+00
        9.099315E+20 -9.992358E+00 -1.983683E+00 -3.055628E-01 -3.055628E-01
    41     6724.7741    9.15954680  3.389433E+08  3.168408E+09  1.674103E+29
        6.067123E+00  2.591422E+01  8.432078E+00  0.9895736646 -1.981868E+00
        4.642585E+20 -9.990250E+00 -1.982909E+00 -3.055709E-01 -3.055709E-01
    42     6510.4177    9.15967167  3.388945E+08  3.289519E+09  1.470219E+29
        6.022842E+00  2.591422E+01  8.432080E+00  0.9897392072 -1.988819E+00
        2.261792E+20 -9.989345E+00 -1.982065E+00 -3.055798E-01 -3.055798E-01
    43     6276.4876    9.15980077  3.388442E+08  3.417141E+09  1.269651E+29
        5.970457E+00  2.591423E+01  8.432084E+00  0.9899296024 -1.996953E+00
        9.641256E+19 -9.988812E+00 -1.981111E+00 -3.055899E-01 -3.055899E-01
    44     6123.7131    9.15987047  3.388170E+08  3.491144E+09  1.150289E+29
        5.937539E+00  2.591423E+01  8.432085E+00  0.9900458059 -2.001994E+00
        5.636091E+19 -9.987790E+00 -1.980551E+00 -3.055958E-01 -3.055958E-01
    45     5890.9656    9.15996654  3.387795E+08  3.592050E+09  9.849126E+28
        5.888560E+00  2.591423E+01  8.432087E+00  0.9902413200 -2.010609E+00
        2.532496E+19 -9.986773E+00 -1.982800E+00 -3.055721E-01 -3.055721E-01
    46     5724.3502    9.16002872  3.387553E+08  3.672197E+09  8.779996E+28
        5.845931E+00  2.591423E+01  8.432087E+00  0.9904632104 -2.020598E+00
        1.260251E+19 -9.986768E+00 -1.983341E+00 -3.055664E-01 -3.055664E-01
    47     5545.8330    9.16008922  3.387317E+08  3.756877E+09  7.733858E+28
        5.795488E+00  2.591423E+01  8.432088E+00  0.9908023731 -2.036324E+00
        5.509960E+18 -9.986767E+00 -1.985109E+00 -3.055479E-01 -3.055479E-01
    48     5346.9350    9.16014532  3.387098E+08  3.835434E+09  6.681786E+28
        5.743307E+00  2.591423E+01  8.432089E+00  0.9911607008 -2.053582E+00
        2.338431E+18 -9.986767E+00 -1.986635E+00 -3.055320E-01 -3.055320E-01
    49     5094.8164    9.16019475  3.386905E+08  3.919131E+09  5.507286E+28
        5.682662E+00  2.591423E+01  8.432090E+00  0.9915568033 -2.073493E+00
        8.664154E+17 -9.986767E+00 -1.987306E+00 -3.055250E-01 -3.055250E-01
    50     4817.6693    9.16023455  3.386750E+08  4.005720E+09  4.402828E+28
        5.614721E+00  2.591423E+01  8.432090E+00  0.9920464563 -2.099439E+00
        2.876682E+17 -9.986767E+00 -1.987840E+00 -3.055194E-01 -3.055194E-01
    51     4486.1261    9.16027450  3.386594E+08  4.100722E+09  3.310013E+28
        5.535243E+00  2.591424E+01  8.432091E+00  0.9926797295 -2.135473E+00
        8.072613E+16 -9.986767E+00 -1.988889E+00 -3.055085E-01 -3.055085E-01
    52     4315.1070    9.16029561  3.386512E+08  4.148512E+09  2.833276E+28
        5.491747E+00  2.591424E+01  8.432092E+00  0.9938748097 -2.212880E+00
        4.053222E+16 -9.986767E+00 -1.991128E+00 -3.054854E-01 -3.054854E-01
    53     4217.9833    9.16030709  3.386467E+08  4.173670E+09  2.586608E+28
        5.466319E+00  2.591424E+01  8.432093E+00  0.9949669077 -2.298165E+00
        2.701262E+16 -9.986767E+00 -1.991469E+00 -3.054819E-01 -3.054819E-01
    54     4102.0791    9.16032207  3.386409E+08  4.199642E+09  2.313728E+28
        5.436092E+00  2.591424E+01  8.432094E+00  0.9962468836 -2.425608E+00
        1.681013E+16 -9.986767E+00 -1.991685E+00 -3.054796E-01 -3.054796E-01
    55     3976.6715    9.16033576  3.386355E+08  4.223856E+09  2.043438E+28
        5.403460E+00  2.591424E+01  8.432094E+00  0.9972889843 -2.566868E+00
        1.018870E+16 -9.986767E+00 -1.991691E+00 -3.054796E-01 -3.054796E-01
    56     3844.5812    9.16034745  3.386310E+08  4.245979E+09  1.785118E+28
        5.368893E+00  2.591424E+01  8.432094E+00  0.9980920715 -2.719438E+00
        6.039974E+15 -9.986767E+00 -1.991691E+00 -3.054796E-01 -3.054796E-01
    57     3688.2341    9.16036142  3.386255E+08  4.268386E+09  1.511927E+28
        5.327886E+00  2.591424E+01  8.432095E+00  0.9987524760 -2.903951E+00
        3.278253E+15 -9.986767E+00 -1.991691E+00 -3.054796E-01 -3.054796E-01
    58     3507.7922    9.16037349  3.386208E+08  4.290313E+09  1.237030E+28
        5.280470E+00  2.591424E+01  8.432095E+00  0.9992443701 -3.121691E+00
        1.632534E+15 -9.986767E+00 -1.991691E+00 -3.054796E-01 -3.054796E-01
    59     3316.3559    9.16038369  3.386169E+08  4.310315E+09  9.882780E+27
        5.229516E+00  2.591424E+01  8.432095E+00  0.9995636856 -3.360200E+00
        7.822067E+14 -9.986767E+00 -1.991691E+00 -3.054796E-01 -3.054796E-01
    60     3136.4646    9.16039321  3.386131E+08  4.326797E+09  7.906542E+27
        5.180661E+00  2.591424E+01  8.432095E+00  0.9997445804 -3.592746E+00
        3.897949E+14 -9.986767E+00 -1.991691E+00 -3.054796E-01 -3.054796E-01
    61     2968.3693    9.16040184  3.386098E+08  4.340707E+09  6.342904E+27
        5.133635E+00  2.591424E+01  8.432095E+00  0.9998485734 -3.819798E+00
        2.006746E+14 -9.986767E+00 -1.991691E+00 -3.054796E-01 -3.054796E-01
    62     2774.0943    9.16040873  3.386071E+08  4.355242E+09  4.838318E+27
        5.076730E+00  2.591424E+01  8.432095E+00  0.9999201720 -4.097845E+00
        9.042504E+13 -9.986767E+00 -1.991691E+00 -3.054796E-01 -3.054796E-01
    63     2613.6840    9.16041275  3.386055E+08  4.366299E+09  3.812570E+27
        5.027011E+00  2.591424E+01  8.432095E+00  0.9999546328 -4.343258E+00
        4.523988E+13 -9.986767E+00 -1.991691E+00 -3.054796E-01 -3.054796E-01
    64     2471.9124    9.16041582  3.386043E+08  4.375457E+09  3.050245E+27
        4.980499E+00  2.591424E+01  8.432095E+00  0.9999733806 -4.574803E+00
        2.371299E+13 -9.986767E+00 -1.991691E+00 -3.054796E-01 -3.054796E-01
    65     2327.2351    9.16041903  3.386031E+08  4.384149E+09  2.396405E+27
        4.930008E+00  2.591424E+01  8.432095E+00  0.9999851436 -4.828086E+00
        1.178150E+13 -9.986767E+00 -1.991691E+00 -3.054796E-01 -3.054796E-01
    66     2204.5042    9.16042019  3.386026E+08  4.391087E+09  1.929487E+27
        4.884336E+00  2.591424E+01  8.432095E+00  0.9999913119 -5.061077E+00
        6.262848E+12 -9.986767E+00 -1.991691E+00 -3.054796E-01 -3.054796E-01
    67     2067.6942    9.16042728  3.385999E+08  4.398267E+09  1.493263E+27
        4.829924E+00  2.591424E+01  8.432095E+00  0.9999953427 -5.331869E+00
        2.952128E+12 -9.986767E+00 -1.991691E+00 -3.054796E-01 -3.054796E-01
