     1    57995.8928    8.59708178  5.793013E+08  4.000000E+05  2.705300E+33
        7.935767E+00  2.463319E+01  7.499157E+00  0.0000000000  0.000000E+00
        2.819392E+34 -9.992601E+00 -2.000712E+00 -3.053876E-01 -3.053876E-01
     2    55496.0950    8.60080039  5.768265E+08  8.000000E+05  2.248835E+33
        7.904416E+00  2.463689E+01  7.501926E+00  0.0000000000  0.000000E+00
        1.450483E+34 -9.992010E+00 -2.000712E+00 -3.053876E-01 -3.053876E-01
     3    53277.0875    8.60359596  5.749730E+08  1.200000E+06  1.897904E+33
        7.881393E+00  2.463923E+01  7.503689E+00  0.0000000000  0.000000E+00
        9.043525E+33 -9.991438E+00 -2.000712E+00 -3.053876E-01 -3.053876E-01
     4    51477.5211    8.60572679  5.735642E+08  1.600000E+06  1.646084E+33
        7.863074E+00  2.464088E+01  7.504933E+00  0.0000000000  0.000000E+00
        6.268326E+33 -9.990934E+00 -2.000712E+00 -3.053876E-01 -3.053876E-01
     5    50036.1023    8.60737785  5.724749E+08  2.000000E+06  1.463741E+33
        7.847794E+00  2.464214E+01  7.505874E+00  0.0000000000  0.000000E+00
        4.644188E+33 -9.990501E+00 -2.000712E+00 -3.053876E-01 -3.053876E-01
     6    48889.0193    8.60869922  5.716047E+08  2.400000E+06  1.330008E+33
        7.834647E+00  2.464314E+01  7.506630E+00  0.0000000000  0.000000E+00
        3.601962E+33 -9.990138E+00 -2.000712E+00 -3.053876E-01 -3.053876E-01
     7    47910.2341    8.60981583  5.708704E+08  2.800000E+06  1.223505E+33
        7.822737E+00  2.464402E+01  7.507284E+00  0.0000000000  0.000000E+00
        2.866573E+33 -9.989432E+00 -2.000712E+00 -3.053876E-01 -3.053876E-01
     8    46585.5213    8.61135783  5.698578E+08  3.530104E+06  1.089819E+33
        7.804548E+00  2.464528E+01  7.508229E+00  0.0000000000  0.000000E+00
        2.036584E+33 -9.986991E+00 -2.000712E+00 -3.053876E-01 -3.053876E-01
     9    45339.7305    8.61286988  5.688666E+08  4.507002E+06  9.744378E+32
        7.784584E+00  2.464659E+01  7.509214E+00  0.0000000000  0.000000E+00
        1.409243E+33 -9.984789E+00 -2.000712E+00 -3.053876E-01 -3.053876E-01
    10    44110.6223    8.61437061  5.678846E+08  5.833776E+06  8.699822E+32
        7.762531E+00  2.464796E+01  7.510243E+00  0.0000000000  0.000000E+00
        9.435117E+32 -9.982886E+00 -2.000712E+00 -3.053876E-01 -3.053876E-01
    11    42918.3649    8.61584029  5.669246E+08  7.583935E+06  7.770351E+32
        7.738969E+00  2.464934E+01  7.511276E+00  0.0000000000  0.000000E+00
        6.155606E+32 -9.981162E+00 -2.000712E+00 -3.053876E-01 -3.053876E-01
    12    41759.7535    8.61728733  5.659809E+08  9.822708E+06  6.941489E+32
        7.714479E+00  2.465070E+01  7.512299E+00  0.0000000000  0.000000E+00
        3.933213E+32 -9.979564E+00 -2.000712E+00 -3.053876E-01 -3.053876E-01
    13    40540.7905    8.61875387  5.650261E+08  1.268913E+07  6.145019E+32
        7.688825E+00  2.465208E+01  7.513339E+00  0.0000000000  0.000000E+00
        2.438822E+32 -9.978626E+00 -2.000712E+00 -3.053876E-01 -3.053876E-01
    14    39282.8743    8.62028312  5.640321E+08  1.635532E+07  5.398066E+32
        7.661736E+00  2.465350E+01  7.514415E+00  0.0000000000  0.000000E+00
        1.453036E+32 -9.976591E+00 -2.000712E+00 -3.053876E-01 -3.053876E-01
    15    37946.3367    8.62190134  5.629823E+08  2.104454E+07  4.682592E+32
        7.632796E+00  2.465498E+01  7.515535E+00  0.0000000000  0.000000E+00
        8.229092E+31 -9.973349E+00 -2.000712E+00 -3.053876E-01 -3.053876E-01
    16    36502.1604    8.62361515  5.618726E+08  2.703022E+07  3.993626E+32
        7.601554E+00  2.465649E+01  7.516675E+00  0.0000000000  0.000000E+00
        4.386870E+31 -9.970233E+00 -2.000712E+00 -3.053876E-01 -3.053876E-01
    17    34985.0529    8.62539738  5.607209E+08  3.454791E+07  3.356147E+32
        7.568003E+00  2.465801E+01  7.517817E+00  0.0000000000  0.000000E+00
        2.200617E+31 -9.969529E+00 -2.000712E+00 -3.053876E-01 -3.053876E-01
    18    33408.3766    8.62721590  5.595481E+08  4.386193E+07  2.779162E+32
        7.532122E+00  2.465950E+01  7.518940E+00  0.0000000000  0.000000E+00
        1.040876E+31 -9.968789E+00 -2.000712E+00 -3.053876E-01 -3.053876E-01
    19    31801.9065    8.62902639  5.583830E+08  5.515048E+07  2.272451E+32
        7.494349E+00  2.466094E+01  7.520017E+00  0.0000000000  0.000000E+00
        4.709111E+30 -9.968023E+00 -2.000712E+00 -3.053876E-01 -3.053876E-01
    20    30204.2731    8.63079201  5.572491E+08  6.851792E+07  1.841577E+32
        7.455363E+00  2.466231E+01  7.521040E+00  0.0000000000  0.000000E+00
        2.082087E+30 -9.967652E+00 -2.000712E+00 -3.053876E-01 -3.053876E-01
    21    28645.9153    8.63246363  5.561777E+08  8.409077E+07  1.484210E+32
        7.415697E+00  2.466354E+01  7.521952E+00  0.0000000000  0.000000E+00
        9.171059E+29 -9.966901E+00 -2.000712E+00 -3.053876E-01 -3.053876E-01
    22    27151.7822    8.63405125  5.551621E+08  1.019713E+08  1.193577E+32
        7.375931E+00  2.466478E+01  7.522866E+00  0.0000000000  0.000000E+00
        4.103572E+29 -9.965903E+00 -2.000712E+00 -3.053876E-01 -3.053876E-01
    23    25723.1486    8.63558299  5.541839E+08  1.224875E+08  9.581241E+31
        7.336121E+00  2.466613E+01  7.523883E+00  0.0000000000  0.000000E+00
        1.880409E+29 -9.964324E+00 -2.000712E+00 -3.053876E-01 -3.053876E-01
    24    24365.4846    8.63697093  5.532991E+08  1.458417E+08  7.688428E+31
        7.296496E+00  2.466730E+01  7.524767E+00  0.0000000000  0.000000E+00
        8.911771E+28 -9.962651E+00 -2.000712E+00 -3.053876E-01 -3.053876E-01
    25    23084.4902    8.63820669  5.525124E+08  1.723930E+08  6.177073E+31
        7.257064E+00  2.466816E+01  7.525420E+00  0.0000000000  0.000000E+00
        4.374448E+28 -9.961216E+00 -2.000712E+00 -3.053876E-01 -3.053876E-01
    26    21879.5542    8.63938039  5.517664E+08  2.026815E+08  4.971435E+31
        7.217700E+00  2.466891E+01  7.525988E+00  0.0000000000  0.000000E+00
        2.216022E+28 -9.960414E+00 -2.000712E+00 -3.053876E-01 -3.053876E-01
    27    20735.1391    8.64051697  5.510448E+08  2.374521E+08  3.999623E+31
        7.178127E+00  2.466961E+01  7.526526E+00  0.0000000000  0.000000E+00
        1.151420E+28 -9.959676E+00 -2.000712E+00 -3.053876E-01 -3.053876E-01
    28    19649.5604    8.64159196  5.503633E+08  2.771230E+08  3.217567E+31
        7.138557E+00  2.467023E+01  7.526999E+00  0.0000000000  0.000000E+00
        6.138785E+27 -9.959016E+00 -2.000712E+00 -3.053876E-01 -3.053876E-01
    29    18614.6521    8.64257183  5.497427E+08  3.223452E+08  2.585569E+31
        7.099010E+00  2.467072E+01  7.527349E+00  0.0000000000  0.000000E+00
        3.345114E+27 -9.958433E+00 -2.000712E+00 -3.053876E-01 -3.053876E-01
    30    17638.1400    8.64350059  5.491552E+08  3.735704E+08  2.079787E+31
        7.059770E+00  2.467125E+01  7.527721E+00  0.0000000000  0.000000E+00
        1.857660E+27 -9.957892E+00 -2.000712E+00 -3.053876E-01 -3.053876E-01
    31    16715.9696    8.64444978  5.485554E+08  4.320349E+08  1.674113E+31
        7.020541E+00  2.467198E+01  7.528277E+00  0.0000000000  0.000000E+00
        1.043409E+27 -9.956894E+00 -2.000712E+00 -3.053876E-01 -3.053876E-01
    32    15841.1217    8.64532620  5.480022E+08  4.988776E+08  1.347491E+31
        6.981096E+00  2.467261E+01  7.528759E+00  0.0000000000  0.000000E+00
        5.907746E+26 -9.955960E+00 -2.000712E+00 -3.053876E-01 -3.053876E-01
    33    15003.2581    8.64603753  5.475536E+08  5.752581E+08  1.082463E+31
        6.941311E+00  2.467283E+01  7.528919E+00  0.0000000000  0.000000E+00
        3.352868E+26 -9.955096E+00 -2.000712E+00 -3.053876E-01 -3.053876E-01
    34    14220.9393    8.64670647  5.471321E+08  6.617775E+08  8.723985E+30
        6.906615E+00  2.467308E+01  7.529164E+00  0.0074526266 -3.248756E-03
        1.948379E+26 -9.954307E+00 -2.000712E+00 -3.053876E-01 -3.053876E-01
    35    13487.2208    8.64746745  5.466529E+08  7.844147E+08  7.045806E+30
        6.869790E+00  2.467374E+01  7.529642E+00  0.0902069293 -4.105738E-02
        1.167890E+26 -9.953621E+00 -2.000712E+00 -3.053876E-01 -3.053876E-01
    36    13122.9516    8.64785236  5.464107E+08  8.631416E+08  6.309312E+30
        6.848065E+00  2.467406E+01  7.529868E+00  0.1527132250 -7.196957E-02
        8.843008E+25 -9.953065E+00 -2.000712E+00 -3.053876E-01 -3.053876E-01
    37    12786.9709    8.64819845  5.461931E+08  9.446553E+08  5.683037E+30
        6.827549E+00  2.467429E+01  7.530033E+00  0.2155867244 -1.054551E-01
        6.752221E+25 -9.952591E+00 -2.000712E+00 -3.053876E-01 -3.053876E-01
    38    12490.9726    8.64851328  5.459951E+08  1.022452E+09  5.171065E+30
        6.809218E+00  2.467448E+01  7.530162E+00  0.2723875847 -1.380999E-01
        5.280991E+25 -9.952170E+00 -2.000712E+00 -3.053876E-01 -3.053876E-01
    39    12167.4428    8.64887060  5.457706E+08  1.113965E+09  4.651949E+30
        6.788868E+00  2.467468E+01  7.530302E+00  0.3347239525 -1.769981E-01
        4.003980E+25 -9.951777E+00 -2.000712E+00 -3.053876E-01 -3.053876E-01
    40    11811.6647    8.64928330  5.455113E+08  1.222403E+09  4.127332E+30
        6.766054E+00  2.467492E+01  7.530478E+00  0.4023633870 -2.235628E-01
        2.924669E+25 -9.951389E+00 -2.000712E+00 -3.053876E-01 -3.053876E-01
    41    11429.5506    8.64972553  5.452336E+08  1.347870E+09  3.614925E+30
        6.741057E+00  2.467520E+01  7.530677E+00  0.4726109939 -2.778689E-01
        2.065308E+25 -9.950992E+00 -2.000712E+00 -3.053876E-01 -3.053876E-01
    42    11009.5722    8.65018429  5.449457E+08  1.497237E+09  3.108893E+30
        6.712870E+00  2.467543E+01  7.530864E+00  0.5459512398 -3.428975E-01
        1.389473E+25 -9.950551E+00 -2.000712E+00 -3.053876E-01 -3.053876E-01
    43    10562.7305    8.65064249  5.446583E+08  1.671705E+09  2.631301E+30
        6.681665E+00  2.467562E+01  7.531036E+00  0.6192039184 -4.193075E-01
        8.935095E+24 -9.950413E+00 -2.000712E+00 -3.053876E-01 -3.053876E-01
    44    10043.7771    8.65117761  5.443229E+08  1.899460E+09  2.148419E+30
        6.643260E+00  2.467585E+01  7.531214E+00  0.6977355899 -5.196130E-01
        5.160869E+24 -9.950236E+00 -2.000712E+00 -3.053876E-01 -3.053876E-01
    45     9468.9438    8.65173672  5.439726E+08  2.186847E+09  1.695031E+30
        6.597594E+00  2.467597E+01  7.531303E+00  0.7748195894 -6.474694E-01
        2.663549E+24 -9.949784E+00 -2.000712E+00 -3.053876E-01 -3.053876E-01
    46     8870.5461    8.65236823  5.435773E+08  2.526392E+09  1.303591E+30
        6.546748E+00  2.467624E+01  7.531493E+00  0.8417873839 -8.007589E-01
        1.260942E+24 -9.948901E+00 -2.000712E+00 -3.053876E-01 -3.053876E-01
    47     8294.1892    8.65295294  5.432115E+08  2.897505E+09  9.950641E+29
        6.494216E+00  2.467650E+01  7.531676E+00  0.8930986895 -9.710170E-01
        5.756852E+23 -9.948785E+00 -2.000712E+00 -3.053876E-01 -3.053876E-01
    48     7747.1239    8.65344900  5.429013E+08  3.304972E+09  7.565215E+29
        6.439310E+00  2.467656E+01  7.531718E+00  0.9310586357 -1.161520E+00
        2.508307E+23 -9.948783E+00 -2.000712E+00 -3.053876E-01 -3.053876E-01
    49     7224.8089    8.65396546  5.425786E+08  3.763042E+09  5.715421E+29
        6.379919E+00  2.467666E+01  7.531794E+00  0.9584848114 -1.381793E+00
        1.009123E+23 -9.948783E+00 -2.000712E+00 -3.053876E-01 -3.053876E-01
    50     6737.5214    8.65454568  5.422163E+08  4.280812E+09  4.316813E+29
        6.313710E+00  2.467676E+01  7.531860E+00  0.9772915994 -1.643813E+00
        3.613834E+22 -9.948783E+00 -2.000700E+00 -3.053878E-01 -3.053878E-01
    51     6375.9561    8.65502235  5.419188E+08  4.760019E+09  3.458336E+29
        6.249805E+00  2.467677E+01  7.531869E+00  0.9863950599 -1.866303E+00
        1.326548E+22 -9.948783E+00 -1.997003E+00 -3.054252E-01 -3.054252E-01
    52     6113.6176    8.65537437  5.416992E+08  5.149266E+09  2.920969E+29
        6.193358E+00  2.467680E+01  7.531889E+00  0.9876062443 -1.906797E+00
        5.431946E+21 -9.948783E+00 -1.990933E+00 -3.054874E-01 -3.054874E-01
    53     5870.2948    8.65565384  5.415250E+08  5.501837E+09  2.481385E+29
        6.138283E+00  2.467684E+01  7.531920E+00  0.9878379883 -1.914995E+00
        2.264011E+21 -9.948783E+00 -1.985651E+00 -3.055422E-01 -3.055422E-01
    54     5679.1666    8.65587212  5.413889E+08  5.794168E+09  2.172574E+29
        6.088815E+00  2.467688E+01  7.531947E+00  0.9882220467 -1.928930E+00
        1.028123E+21 -9.948783E+00 -1.984386E+00 -3.055554E-01 -3.055554E-01
    55     5541.6878    8.65604527  5.412810E+08  6.037279E+09  1.968934E+29
        6.043097E+00  2.467690E+01  7.531960E+00  0.9885288615 -1.940393E+00
        4.944110E+20 -9.948783E+00 -1.983426E+00 -3.055655E-01 -3.055655E-01
    56     5397.4579    8.65619352  5.411886E+08  6.258454E+09  1.771217E+29
        5.996190E+00  2.467692E+01  7.531975E+00  0.9888192447 -1.951529E+00
        2.328415E+20 -9.948783E+00 -1.982555E+00 -3.055747E-01 -3.055747E-01
    57     5225.9083    8.65633430  5.411009E+08  6.468978E+09  1.556041E+29
        5.946507E+00  2.467694E+01  7.531992E+00  0.9891068751 -1.962848E+00
        1.046833E+20 -9.948783E+00 -1.981682E+00 -3.055839E-01 -3.055839E-01
    58     5025.6710    8.65643584  5.410377E+08  6.665147E+09  1.330603E+29
        5.895172E+00  2.467694E+01  7.531995E+00  0.9893897755 -1.974275E+00
        4.576298E+19 -9.948783E+00 -1.980843E+00 -3.055927E-01 -3.055927E-01
    59     4815.4273    8.65651478  5.409885E+08  6.845224E+09  1.121328E+29
        5.843492E+00  2.467694E+01  7.531995E+00  0.9896639323 -1.985645E+00
        1.985992E+19 -9.948783E+00 -1.980059E+00 -3.056010E-01 -3.056010E-01
    60     4587.1625    8.65659596  5.409379E+08  7.027508E+09  9.231851E+28
        5.785753E+00  2.467695E+01  7.531996E+00  0.9899601501 -1.998273E+00
        7.796819E+18 -9.948783E+00 -1.979245E+00 -3.056096E-01 -3.056096E-01
    61     4355.2923    8.65666651  5.408940E+08  7.196376E+09  7.500858E+28
        5.726404E+00  2.467695E+01  7.531997E+00  0.9902470443 -2.010864E+00
        2.973824E+18 -9.948783E+00 -1.979263E+00 -3.056094E-01 -3.056094E-01
    62     4158.4019    8.65671858  5.408616E+08  7.333272E+09  6.232977E+28
        5.673416E+00  2.467695E+01  7.531997E+00  0.9904756130 -2.021163E+00
        1.254724E+18 -9.948783E+00 -1.979320E+00 -3.056088E-01 -3.056088E-01
    63     3944.1578    8.65676721  5.408313E+08  7.470950E+09  5.043803E+28
        5.614563E+00  2.467695E+01  7.531998E+00  0.9907653420 -2.034579E+00
        4.799102E+17 -9.948783E+00 -1.979682E+00 -3.056050E-01 -3.056050E-01
    64     3703.6789    8.65680808  5.408058E+08  7.607052E+09  3.921331E+28
        5.551014E+00  2.467695E+01  7.531998E+00  0.9911152362 -2.051354E+00
        1.695100E+17 -9.948783E+00 -1.980287E+00 -3.055986E-01 -3.055986E-01
    65     3382.5542    8.65684887  5.407804E+08  7.773360E+09  2.727963E+28
        5.467131E+00  2.467695E+01  7.531999E+00  0.9915983648 -2.075636E+00
        4.273996E+16 -9.948783E+00 -1.980964E+00 -3.055914E-01 -3.055914E-01
    66     2924.6432    8.65688992  5.407549E+08  8.006289E+09  1.524439E+28
        5.345213E+00  2.467695E+01  7.531999E+00  0.9923590255 -2.116851E+00
        5.830468E+15 -9.948783E+00 -1.981253E+00 -3.055884E-01 -3.055884E-01
    67     2752.2840    8.65690435  5.407459E+08  8.099461E+09  1.195575E+28
        5.296804E+00  2.467695E+01  7.531999E+00  0.9927656976 -2.140603E+00
        2.676954E+15 -9.948783E+00 -1.982482E+00 -3.055754E-01 -3.055754E-01
    68     2568.3220    8.65692250  5.407346E+08  8.192632E+09  9.065330E+27
        5.241620E+00  2.467695E+01  7.532000E+00  0.9954913524 -2.345954E+00
        1.094190E+15 -9.948783E+00 -1.982641E+00 -3.055738E-01 -3.055738E-01
    69     2366.4978    8.65694365  5.407214E+08  8.285804E+09  6.534149E+27
        5.176463E+00  2.467695E+01  7.532000E+00  0.9977243086 -2.642887E+00
        3.916188E+14 -9.948783E+00 -1.983039E+00 -3.055696E-01 -3.055696E-01
    70     2147.8885    8.65696440  5.407085E+08  8.378976E+09  4.433950E+27
        5.099181E+00  2.467695E+01  7.532000E+00  0.9990137465 -3.006011E+00
        1.210289E+14 -9.948783E+00 -1.983039E+00 -3.055696E-01 -3.055696E-01
    71     1911.8238    8.65697874  5.406996E+08  8.472147E+09  2.783050E+27
        5.005369E+00  2.467695E+01  7.532000E+00  0.9996526898 -3.459282E+00
        3.051027E+13 -9.948783E+00 -1.983039E+00 -3.055696E-01 -3.055696E-01
    72     1644.6147    8.65698968  5.406928E+08  8.565319E+09  1.523966E+27
        4.881444E+00  2.467695E+01  7.532001E+00  0.9999161251 -4.076368E+00
        5.245725E+12 -9.948783E+00 -1.983039E+00 -3.055696E-01 -3.055696E-01
    73     1593.7811    8.65699330  5.406905E+08  8.583953E+09  1.344094E+27
        4.855142E+00  2.467695E+01  7.532001E+00  0.9999381797 -4.208869E+00
        3.629653E+12 -9.948783E+00 -1.983039E+00 -3.055696E-01 -3.055696E-01
    74     1541.5014    8.65700433  5.406837E+08  8.602587E+09  1.176196E+27
        4.827023E+00  2.467695E+01  7.532001E+00  0.9999547407 -4.344292E+00
        2.451641E+12 -9.948783E+00 -1.983039E+00 -3.055696E-01 -3.055696E-01
    75     1487.1330    8.65702403  5.406714E+08  8.621222E+09  1.018787E+27
        4.796432E+00  2.467695E+01  7.532001E+00  0.9999677596 -4.491600E+00
        1.601829E+12 -9.948783E+00 -1.983039E+00 -3.055696E-01 -3.055696E-01
