     1    59422.8224    8.99661084  4.006181E+08  4.000000E+05  1.425909E+33
        7.794691E+00  2.556489E+01  8.174472E+00  0.0000000000  0.000000E+00
        6.930864E+32 -1.000107E+01 -1.997158E+00 -3.054236E-01 -3.054236E-01
     2    58889.8407    8.99699142  4.004426E+08  8.000000E+05  1.374231E+33
        7.791215E+00  2.556524E+01  8.174733E+00  0.0000000000  0.000000E+00
        6.120206E+32 -1.000092E+01 -1.997158E+00 -3.054236E-01 -3.054236E-01
     3    58434.5086    8.99732806  4.002875E+08  1.200000E+06  1.331187E+33
        7.787626E+00  2.556557E+01  8.174983E+00  0.0000000000  0.000000E+00
        5.478711E+32 -1.000079E+01 -1.997158E+00 -3.054236E-01 -3.054236E-01
     4    58041.1801    8.99763059  4.001481E+08  1.600000E+06  1.294803E+33
        7.783933E+00  2.556589E+01  8.175223E+00  0.0000000000  0.000000E+00
        4.951073E+32 -1.000068E+01 -1.997158E+00 -3.054236E-01 -3.054236E-01
     5    57691.7608    8.99790817  4.000202E+08  2.000000E+06  1.263096E+33
        7.780159E+00  2.556619E+01  8.175453E+00  0.0000000000  0.000000E+00
        4.505353E+32 -1.000059E+01 -1.997158E+00 -3.054236E-01 -3.054236E-01
     6    57373.3850    8.99816714  3.999010E+08  2.400000E+06  1.234708E+33
        7.776334E+00  2.556649E+01  8.175676E+00  0.0000000000  0.000000E+00
        4.121436E+32 -1.000050E+01 -1.997158E+00 -3.054236E-01 -3.054236E-01
     7    57057.1367    8.99841119  3.997886E+08  2.800000E+06  1.207030E+33
        7.772485E+00  2.556677E+01  8.175893E+00  0.0000000000  0.000000E+00
        3.782897E+32 -1.000013E+01 -1.997158E+00 -3.054236E-01 -3.054236E-01
     8    56518.0677    8.99886473  3.995799E+08  3.600000E+06  1.160844E+33
        7.764806E+00  2.556732E+01  8.176304E+00  0.0000000000  0.000000E+00
        3.223711E+32 -9.998784E+00 -1.997158E+00 -3.054236E-01 -3.054236E-01
     9    55554.3717    8.99967917  3.992054E+08  5.200000E+06  1.081641E+33
        7.750066E+00  2.556831E+01  8.177053E+00  0.0000000000  0.000000E+00
        2.409159E+32 -9.997570E+00 -1.997158E+00 -3.054236E-01 -3.054236E-01
    10    53868.9608    9.00106945  3.985670E+08  8.400000E+06  9.531789E+32
        7.723675E+00  2.556999E+01  8.178328E+00  0.0000000000  0.000000E+00
        1.442084E+32 -9.996176E+00 -1.997158E+00 -3.054236E-01 -3.054236E-01
    11    51740.0550    9.00275483  3.977944E+08  1.307431E+07  8.080574E+32
        7.690559E+00  2.557196E+01  8.179820E+00  0.0000000000  0.000000E+00
        7.519384E+31 -9.994852E+00 -1.997158E+00 -3.054236E-01 -3.054236E-01
    12    49506.6682    9.00447818  3.970059E+08  1.886032E+07  6.746307E+32
        7.655394E+00  2.557388E+01  8.181262E+00  0.0000000000  0.000000E+00
        3.730535E+31 -9.993535E+00 -1.997158E+00 -3.054236E-01 -3.054236E-01
    13    47205.7770    9.00622830  3.962068E+08  2.586685E+07  5.554459E+32
        7.618629E+00  2.557580E+01  8.182711E+00  0.0000000000  0.000000E+00
        1.790816E+31 -9.990410E+00 -1.997158E+00 -3.054236E-01 -3.054236E-01
    14    44886.2633    9.00799782  3.954004E+08  3.427084E+07  4.522155E+32
        7.580377E+00  2.557776E+01  8.184187E+00  0.0000000000  0.000000E+00
        8.408529E+30 -9.989804E+00 -1.997158E+00 -3.054236E-01 -3.054236E-01
    15    42616.5473    9.00967148  3.946393E+08  4.415807E+07  3.660421E+32
        7.541125E+00  2.557953E+01  8.185517E+00  0.0000000000  0.000000E+00
        3.928877E+30 -9.989233E+00 -1.997158E+00 -3.054236E-01 -3.054236E-01
    16    40406.9326    9.01119811  3.939463E+08  5.569021E+07  2.947915E+32
        7.501067E+00  2.558100E+01  8.186616E+00  0.0000000000  0.000000E+00
        1.850167E+30 -9.988588E+00 -1.997158E+00 -3.054236E-01 -3.054236E-01
    17    38283.0422    9.01263596  3.932947E+08  6.897700E+07  2.367442E+32
        7.460709E+00  2.558237E+01  8.187643E+00  0.0000000000  0.000000E+00
        8.917295E+29 -9.987701E+00 -1.997158E+00 -3.054236E-01 -3.054236E-01
    18    36252.4667    9.01402080  3.926681E+08  8.422143E+07  1.897662E+32
        7.420234E+00  2.558378E+01  8.188719E+00  0.0000000000  0.000000E+00
        4.423382E+29 -9.986085E+00 -1.997158E+00 -3.054236E-01 -3.054236E-01
    19    34322.5244    9.01532337  3.920797E+08  1.016120E+08  1.520138E+32
        7.379820E+00  2.558511E+01  8.189728E+00  0.0000000000  0.000000E+00
        2.261880E+29 -9.984486E+00 -1.997158E+00 -3.054236E-01 -3.054236E-01
    20    32480.5191    9.01647386  3.915607E+08  1.214527E+08  1.215927E+32
        7.339385E+00  2.558611E+01  8.190466E+00  0.0000000000  0.000000E+00
        1.186721E+29 -9.982984E+00 -1.997158E+00 -3.054236E-01 -3.054236E-01
    21    30735.6319    9.01753430  3.910830E+08  1.439713E+08  9.725765E+31
        7.299195E+00  2.558706E+01  8.191168E+00  0.0000000000  0.000000E+00
        6.383892E+28 -9.981265E+00 -1.997158E+00 -3.054236E-01 -3.054236E-01
    22    29085.1513    9.01863421  3.905880E+08  1.696912E+08  7.779301E+31
        7.259056E+00  2.558832E+01  8.192131E+00  0.0000000000  0.000000E+00
        3.493378E+28 -9.979776E+00 -1.997158E+00 -3.054236E-01 -3.054236E-01
    23    27522.2452    9.01968119  3.901175E+08  1.991576E+08  6.222197E+31
        7.218631E+00  2.558948E+01  8.193019E+00  0.0000000000  0.000000E+00
        1.926938E+28 -9.978139E+00 -1.997158E+00 -3.054236E-01 -3.054236E-01
    24    26028.6275    9.02058614  3.897113E+08  2.330000E+08  4.967163E+31
        7.177615E+00  2.559020E+01  8.193546E+00  0.0000000000  0.000000E+00
        1.064234E+28 -9.976387E+00 -1.997158E+00 -3.054236E-01 -3.054236E-01
    25    24602.0378    9.02140374  3.893446E+08  2.716905E+08  3.957037E+31
        7.136187E+00  2.559075E+01  8.193949E+00  0.0000000000  0.000000E+00
        5.885518E+27 -9.974780E+00 -1.997158E+00 -3.054236E-01 -3.054236E-01
    26    23388.6695    9.02211772  3.890247E+08  3.160795E+08  3.226962E+31
        7.107708E+00  2.559143E+01  8.194526E+00  0.0435379948 -1.933228E-02
        3.594455E+27 -9.972289E+00 -1.997158E+00 -3.054236E-01 -3.054236E-01
    27    22515.3304    9.02262586  3.887972E+08  3.609151E+08  2.768069E+31
        7.078015E+00  2.559187E+01  8.194848E+00  0.1156423447 -5.337206E-02
        2.455246E+27 -9.970599E+00 -1.997158E+00 -3.054236E-01 -3.054236E-01
    28    21184.6787    9.02346643  3.884211E+08  4.481767E+08  2.165263E+31
        7.029708E+00  2.559265E+01  8.195419E+00  0.2508832489 -1.254505E-01
        1.293843E+27 -9.970599E+00 -1.997158E+00 -3.054236E-01 -3.054236E-01
    29    19731.5899    9.02446106  3.879766E+08  5.650117E+08  1.625836E+31
        6.974619E+00  2.559374E+01  8.196224E+00  0.4030919638 -2.240926E-01
        6.067310E+26 -9.970143E+00 -1.997158E+00 -3.054236E-01 -3.054236E-01
    30    18240.2485    9.02536299  3.875739E+08  7.084510E+08  1.184812E+31
        6.914971E+00  2.559461E+01  8.196867E+00  0.5491985653 -3.460147E-01
        2.620346E+26 -9.970143E+00 -1.997158E+00 -3.054236E-01 -3.054236E-01
    31    16779.4456    9.02618735  3.872062E+08  8.748323E+08  8.468619E+30
        6.852862E+00  2.559520E+01  8.197295E+00  0.6746570058 -4.876585E-01
        1.076787E+26 -9.970143E+00 -1.997158E+00 -3.054236E-01 -3.054236E-01
    32    15393.7196    9.02689453  3.868911E+08  1.063035E+09  5.989206E+30
        6.788979E+00  2.559559E+01  8.197596E+00  0.7751794159 -6.481639E-01
        4.240194E+25 -9.970143E+00 -1.997158E+00 -3.054236E-01 -3.054236E-01
    33    14366.3202    9.02748829  3.866267E+08  1.224573E+09  4.537153E+30
        6.737834E+00  2.559607E+01  8.197970E+00  0.8369159374 -7.875885E-01
        1.987083E+25 -9.970143E+00 -1.997158E+00 -3.054236E-01 -3.054236E-01
    34    13817.7838    9.02777460  3.864993E+08  1.318351E+09  3.880328E+30
        6.709229E+00  2.559626E+01  8.198110E+00  0.8650506384 -8.698292E-01
        1.295197E+25 -9.970143E+00 -1.997158E+00 -3.054236E-01 -3.054236E-01
    35    13359.4389    9.02801146  3.863939E+08  1.402180E+09  3.388683E+30
        6.684414E+00  2.559638E+01  8.198202E+00  0.8861448859 -9.436475E-01
        8.917440E+24 -9.970143E+00 -1.997158E+00 -3.054236E-01 -3.054236E-01
    36    12946.8400    9.02823138  3.862961E+08  1.482903E+09  2.987537E+30
        6.661143E+00  2.559648E+01  8.198273E+00  0.9033962679 -1.015006E+00
        6.274574E+24 -9.970143E+00 -1.997158E+00 -3.054236E-01 -3.054236E-01
    37    12490.9399    9.02846396  3.861927E+08  1.578935E+09  2.587057E+30
        6.634201E+00  2.559654E+01  8.198316E+00  0.9206088846 -1.100228E+00
        4.165904E+24 -9.970143E+00 -1.997158E+00 -3.054236E-01 -3.054236E-01
    38    11993.5042    9.02870224  3.860868E+08  1.692683E+09  2.197716E+30
        6.603174E+00  2.559656E+01  8.198327E+00  0.9371644963 -1.201795E+00
        2.592964E+24 -9.970143E+00 -1.997158E+00 -3.054236E-01 -3.054236E-01
    39    11442.8877    9.02899451  3.859569E+08  1.829501E+09  1.819858E+30
        6.566932E+00  2.559660E+01  8.198361E+00  0.9527009506 -1.325148E+00
        1.486526E+24 -9.970143E+00 -1.997158E+00 -3.054236E-01 -3.054236E-01
    40    10791.4696    9.02934536  3.858010E+08  2.006261E+09  1.438356E+30
        6.521661E+00  2.559669E+01  8.198423E+00  0.9673653243 -1.486321E+00
        7.376152E+23 -9.970143E+00 -1.997158E+00 -3.054236E-01 -3.054236E-01
    41    10014.2188    9.02978692  3.856049E+08  2.243609E+09  1.065543E+30
        6.463022E+00  2.559690E+01  8.198578E+00  0.9802824983 -1.705148E+00
        2.958601E+23 -9.970143E+00 -1.997156E+00 -3.054236E-01 -3.054236E-01
    42     9092.6747    9.03027359  3.853889E+08  2.567094E+09  7.234067E+29
        6.384397E+00  2.559711E+01  8.198736E+00  0.9873748503 -1.898763E+00
        8.584735E+22 -9.970143E+00 -1.991895E+00 -3.054775E-01 -3.054775E-01
    43     8048.0793    9.03069989  3.851998E+08  2.982082E+09  4.435664E+29
        6.284296E+00  2.559713E+01  8.198746E+00  0.9883067270 -1.932064E+00
        1.750406E+22 -9.970143E+00 -1.988025E+00 -3.055175E-01 -3.055175E-01
    44     6982.0513    9.03118853  3.849832E+08  3.464901E+09  2.509765E+29
        6.170709E+00  2.559715E+01  8.198758E+00  0.9888997210 -1.954666E+00
        2.840545E+21 -9.969227E+00 -1.985842E+00 -3.055402E-01 -3.055402E-01
    45     6702.1018    9.03138579  3.848958E+08  3.649526E+09  2.129844E+29
        6.125272E+00  2.559716E+01  8.198768E+00  0.9890953605 -1.962389E+00
        1.366660E+21 -9.968684E+00 -1.984918E+00 -3.055499E-01 -3.055499E-01
    46     6480.0335    9.03154958  3.848232E+08  3.816637E+09  1.860582E+29
        6.080391E+00  2.559717E+01  8.198775E+00  0.9892804850 -1.969825E+00
        6.623576E+20 -9.968426E+00 -1.983970E+00 -3.055598E-01 -3.055598E-01
    47     6272.3848    9.03169432  3.847591E+08  3.970403E+09  1.632774E+29
        6.034792E+00  2.559717E+01  8.198778E+00  0.9894634783 -1.977303E+00
        3.167593E+20 -9.968416E+00 -1.983046E+00 -3.055695E-01 -3.055695E-01
    48     6062.4420    9.03181700  3.847047E+08  4.109656E+09  1.424501E+29
        5.988938E+00  2.559718E+01  8.198783E+00  0.9896428113 -1.984758E+00
        1.506389E+20 -9.968390E+00 -1.982172E+00 -3.055787E-01 -3.055787E-01
    49     5871.1962    9.03191408  3.846617E+08  4.227273E+09  1.252800E+29
        5.946651E+00  2.559718E+01  8.198787E+00  0.9898035810 -1.991552E+00
        7.578999E+19 -9.968390E+00 -1.981410E+00 -3.055867E-01 -3.055867E-01
    50     5702.6896    9.03199520  3.846258E+08  4.335323E+09  1.114842E+29
        5.903599E+00  2.559719E+01  8.198788E+00  0.9899625658 -1.998377E+00
        3.760624E+19 -9.968390E+00 -1.980668E+00 -3.055946E-01 -3.055946E-01
    51     5563.7465    9.03206523  3.845948E+08  4.425420E+09  1.009935E+29
        5.863691E+00  2.559719E+01  8.198789E+00  0.9901305492 -2.005707E+00
        1.962027E+19 -9.968390E+00 -1.983458E+00 -3.055652E-01 -3.055652E-01
    52     5395.0926    9.03212929  3.845664E+08  4.520696E+09  8.928033E+28
        5.816183E+00  2.559719E+01  8.198790E+00  0.9903728428 -2.016502E+00
        9.027330E+18 -9.968390E+00 -1.984270E+00 -3.055567E-01 -3.055567E-01
    53     5199.4238    9.03218544  3.845416E+08  4.609994E+09  7.700606E+28
        5.766650E+00  2.559719E+01  8.198791E+00  0.9907020453 -2.031613E+00
        4.011751E+18 -9.968390E+00 -1.985823E+00 -3.055404E-01 -3.055404E-01
    54     4967.8721    9.03224148  3.845168E+08  4.702528E+09  6.416964E+28
        5.709997E+00  2.559719E+01  8.198792E+00  0.9910840895 -2.049834E+00
        1.583376E+18 -9.968390E+00 -1.987274E+00 -3.055253E-01 -3.055253E-01
    55     4721.8330    9.03228610  3.844970E+08  4.793493E+09  5.236558E+28
        5.648708E+00  2.559719E+01  8.198792E+00  0.9914752403 -2.069318E+00
        5.786184E+17 -9.968390E+00 -1.987886E+00 -3.055189E-01 -3.055189E-01
    56     4434.7951    9.03232578  3.844795E+08  4.888969E+09  4.074346E+28
        5.579291E+00  2.559719E+01  8.198792E+00  0.9919549305 -2.094470E+00
        1.862528E+17 -9.968390E+00 -1.988562E+00 -3.055119E-01 -3.055119E-01
    57     4110.8574    9.03236053  3.844641E+08  4.996132E+09  3.007867E+28
        5.495302E+00  2.559719E+01  8.198793E+00  0.9925857161 -2.129931E+00
        4.812380E+16 -9.968390E+00 -1.989645E+00 -3.055007E-01 -3.055007E-01
    58     3927.5223    9.03238199  3.844546E+08  5.052598E+09  2.506006E+28
        5.447647E+00  2.559719E+01  8.198794E+00  0.9936615514 -2.198017E+00
        2.259674E+16 -9.968390E+00 -1.991673E+00 -3.054798E-01 -3.054798E-01
    59     3800.0141    9.03239623  3.844483E+08  5.088659E+09  2.196009E+28
        5.414353E+00  2.559719E+01  8.198794E+00  0.9948123736 -2.285031E+00
        1.319756E+16 -9.968390E+00 -1.991835E+00 -3.054781E-01 -3.054781E-01
    60     3660.6392    9.03241070  3.844419E+08  5.123036E+09  1.891065E+28
        5.377760E+00  2.559720E+01  8.198795E+00  0.9963756215 -2.440766E+00
        7.412238E+15 -9.968390E+00 -1.991982E+00 -3.054766E-01 -3.054766E-01
    61     3488.6810    9.03242771  3.844343E+08  5.158882E+09  1.559936E+28
        5.332505E+00  2.559720E+01  8.198796E+00  0.9977137940 -2.640885E+00
        3.697047E+15 -9.968390E+00 -1.991984E+00 -3.054766E-01 -3.054766E-01
    62     3323.1404    9.03244094  3.844285E+08  5.188686E+09  1.284231E+28
        5.288538E+00  2.559720E+01  8.198796E+00  0.9985541024 -2.839862E+00
        1.905202E+15 -9.968390E+00 -1.991984E+00 -3.054766E-01 -3.054766E-01
    63     3126.9443    9.03245267  3.844233E+08  5.219315E+09  1.006740E+28
        5.235623E+00  2.559720E+01  8.198796E+00  0.9991768145 -3.084502E+00
        8.692924E+14 -9.968390E+00 -1.991985E+00 -3.054766E-01 -3.054766E-01
    64     2944.7145    9.03246384  3.844184E+08  5.244674E+09  7.917689E+27
        5.184953E+00  2.559720E+01  8.198796E+00  0.9995251153 -3.323412E+00
        4.163346E+14 -9.968390E+00 -1.991985E+00 -3.054766E-01 -3.054766E-01
    65     2774.4121    9.03247429  3.844137E+08  5.266453E+09  6.238772E+27
        5.135525E+00  2.559720E+01  8.198796E+00  0.9997246697 -3.560146E+00
        2.051175E+14 -9.968390E+00 -1.991985E+00 -3.054766E-01 -3.054766E-01
    66     2581.3399    9.03248255  3.844101E+08  5.289157E+09  4.675066E+27
        5.076119E+00  2.559720E+01  8.198796E+00  0.9998584626 -3.849129E+00
        8.849828E+13 -9.968390E+00 -1.991985E+00 -3.054766E-01 -3.054766E-01
    67     2425.2383    9.03248725  3.844080E+08  5.306310E+09  3.642671E+27
        5.024774E+00  2.559720E+01  8.198796E+00  0.9999208693 -4.101655E+00
        4.308000E+13 -9.968390E+00 -1.991985E+00 -3.054766E-01 -3.054766E-01
    68     2290.2686    9.03249082  3.844064E+08  5.320342E+09  2.896972E+27
        4.977468E+00  2.559720E+01  8.198796E+00  0.9999539248 -4.336533E+00
        2.227716E+13 -9.968390E+00 -1.991985E+00 -3.054766E-01 -3.054766E-01
    69     2154.1258    9.03249449  3.844048E+08  5.333610E+09  2.267145E+27
        4.926495E+00  2.559720E+01  8.198796E+00  0.9999743983 -4.591731E+00
        1.097170E+13 -9.968390E+00 -1.991985E+00 -3.054766E-01 -3.054766E-01
    70     2038.0901    9.03249582  3.844042E+08  5.344275E+09  1.816717E+27
        4.880020E+00  2.559720E+01  8.198796E+00  0.9999851644 -4.828694E+00
        5.762323E+12 -9.968390E+00 -1.991985E+00 -3.054766E-01 -3.054766E-01
    71     1925.8403    9.03250324  3.844009E+08  5.353962E+09  1.448329E+27
        4.832092E+00  2.559720E+01  8.198796E+00  0.9999914238 -5.066704E+00
        2.968665E+12 -9.968390E+00 -1.991985E+00 -3.054766E-01 -3.054766E-01
