# Evolutionary track for a 1.019 Msun sequence with He atmosphere.
# log Teff [K], log L/Lsun, log g [cm/s^2], log radius [Rsun], mass [Msun], cooling age [Gyr], total age [Gyr]
5.49603773755862,3.8166893487828952,7.567024933659416,-1.560471964273165,1.0190409858711453,0.0,0.02794307119575021
5.489090468127662,3.741846955939688,7.614078248778796,-1.5839986218328543,1.0190409858711453,2.3771785800904036e-07,0.02794330891360822
5.486190094637264,3.6974735810760566,7.646850129680833,-1.600384562283873,1.0190409858711453,5.118923373445868e-07,0.027943583088087556
5.4858074448178735,3.6674638355326,7.675329275946729,-1.6146241354168211,1.0190409858711453,8.40901712551713e-07,0.02794391209746276
5.486924222148316,3.6437243616819646,7.703535859119133,-1.628727427003023,1.0190409858711453,1.235712962795049e-06,0.027944306908713006
5.488970510483919,3.6218086159114353,7.733636758232076,-1.6437778765594946,1.0190409858711453,1.7094864630922675e-06,0.027944780682213302
5.491593980340527,3.5989528639733295,7.766986389596614,-1.6604526922417635,1.0190409858711453,2.2780146634429694e-06,0.027945349210413653
5.494489544811488,3.572995186522044,7.804526324931741,-1.679222659909327,1.0190409858711453,2.960248503867537e-06,0.027946031444254078
5.497213789686326,3.5429194546519254,7.845499036301213,-1.6997090155940628,1.0190409858711453,3.75141190584749e-06,0.027946822607656057
5.499180261263473,3.5108920314591336,7.885392345802595,-1.719655670344754,1.0190409858711453,4.57099901593104e-06,0.027947642194766142
5.500235102485418,3.4785456650379065,7.921958077111602,-1.7379385359992576,1.0190409858711453,5.3712414952293035e-06,0.027948442437245438
5.500482216187658,3.4421418042951726,7.959350392663291,-1.7566346937751023,1.0190409858711453,6.247783774051815e-06,0.02794931897952426
5.499705206363032,3.398792942059842,7.999591215600123,-1.7767551052435182,1.0190409858711453,7.271919698547572e-06,0.027950343115448757
5.497824941130457,3.3535094299850705,8.037353666744593,-1.7956363308157532,1.0190409858711453,8.326534160152077e-06,0.027951397729910364
5.495117232235854,3.309506205200824,8.070526055950427,-1.8122225254186703,1.0190409858711453,9.345097850196063e-06,0.027952416293600405
5.491272470401944,3.260245139380817,8.104408074434795,-1.829163534660855,1.0190409858711453,1.0497365964256227e-05,0.027953568561714468
5.485866487480417,3.2025552294653012,8.140474052664196,-1.847196523775555,1.0190409858711453,1.1880087701134384e-05,0.027954951283451344
5.479423107532816,3.1432830714681828,8.173972690870917,-1.863945842878915,1.0190409858711453,1.334132643867284e-05,0.027956412522188882
5.472709580567413,3.0880918304290352,8.202309824048449,-1.8781144094676812,1.0190409858711453,1.474455100306496e-05,0.027957815746753274
5.46451080100811,3.02611574360567,8.231490792634604,-1.8927048937607591,1.0190409858711453,1.6400401083465667e-05,0.027959471596833676
5.454531108398392,2.9561247869769285,8.261562978824474,-1.9077409868556934,1.0190409858711453,1.8387421179942785e-05,0.027961458616930154
5.443530884932182,2.8840116754089884,8.289675196527574,-1.9217970957072434,1.0190409858711453,2.0568920200817285e-05,0.027963640115951028
5.433173118442108,2.8198004682373674,8.312455337738896,-1.9331871663129052,1.0190409858711453,2.262307477850467e-05,0.027965694270528717
5.4231454764083304,2.760157242082419,8.331987995758736,-1.9429534953228251,1.0190409858711453,2.464142726245895e-05,0.027967712623012668
5.413373341812642,2.7039425969220816,8.349114102536321,-1.951516548711617,1.0190409858711453,2.664954800281301e-05,0.027969720743753024
5.402063346979178,2.6407043995867405,8.367112320537805,-1.960515657712359,1.0190409858711453,2.905929289124161e-05,0.02797213048864145
5.389125093533792,2.570425072961914,8.385638633381088,-1.9697788141340011,1.0190409858711453,3.192845877144858e-05,0.02797499965452166
5.378104328520286,2.5121949406853714,8.399785705603607,-1.9768523502452606,1.0190409858711453,3.442583936303109e-05,0.027977497035113243
5.367943005855165,2.4595769884885823,8.411758367139909,-1.9828386810134115,1.0190409858711453,3.6791958650190386e-05,0.0279798631544004
5.35822616919233,2.4100769231825367,8.422391085794615,-1.9881550403407646,1.0190409858711453,3.9123314064927397e-05,0.027982194509815136
5.347047066606602,2.353935490966975,8.433816107667266,-1.9938675512770894,1.0190409858711453,4.192094056260958e-05,0.02798499213631282
5.33427607357587,2.2907391984718517,8.44592842803946,-1.9999237114631874,1.0190409858711453,4.527809235983342e-05,0.027988349288110045
5.32350859305786,2.2382163749291557,8.45538132951012,-2.0046501621985167,1.0190409858711453,4.8212539330948146e-05,0.027991283735081158
5.313618775507109,2.1904885351776513,8.46354989905862,-2.008734446972767,1.0190409858711453,5.1015117610685526e-05,0.027994086313360898
5.3023535856736705,2.136614820523283,8.472362854379233,-2.0131409246330727,1.0190409858711453,5.4378211546368896e-05,0.02799744940729658
5.289627698528537,2.0763292325541185,8.481744893767862,-2.0178319443273875,1.0190409858711453,5.8413924269188194e-05,0.0280014851200194
5.279014281421056,2.0265289337368637,8.489091524155198,-2.021505259521055,1.0190409858711453,6.193785019518063e-05,0.02800500904594539
5.269281321623331,1.9811935704652968,8.495495048235858,-2.024707021561386,1.0190409858711453,6.53194251070805e-05,0.02800839062085729
5.258228195979846,1.9300395609768897,8.502436555150327,-2.02817777501862,1.0190409858711453,6.937731500135735e-05,0.02801244851075157
5.245739265771689,1.8726470524752883,8.5098733428193,-2.031896168853107,1.0190409858711453,7.424678287449851e-05,0.02801731797862471
5.2352119772494765,1.824623193182837,8.515788048022902,-2.0348535214549077,1.0190409858711453,7.853908481375873e-05,0.02802161028056397
5.225486154833976,1.7805136262786492,8.52099432526509,-2.0374566600760016,1.0190409858711453,8.267604488523304e-05,0.028025747240635442
5.214383132569778,1.7304236383904072,8.526672224096538,-2.040295609491726,1.0190409858711453,8.76403969709985e-05,0.02803071159272121
5.201764759366418,1.673826749749346,8.532795619924157,-2.043357307405535,1.0190409858711453,9.359761947391927e-05,0.02803666881522413
5.191135627532593,1.6264311683000228,8.537674674038183,-2.0457968344625477,1.0190409858711453,9.882934336790442e-05,0.028041900539118116
5.181341230716107,1.582957442196402,8.541970812875862,-2.0479449038813877,1.0190409858711453,0.00010385130664873123,0.02804692250239894
5.170161450666401,1.5335360623249752,8.546673072548463,-2.0502960337176885,1.0190409858711453,0.00010987766258572043,0.02805294885833593
5.157495727532344,1.477787470357711,8.551758771979497,-2.0528388834332048,1.0190409858711453,0.00011710928971010819,0.02806018048546032
5.1469107903589615,1.4313984684058905,8.55580802523779,-2.0548635100623516,1.0190409858711453,0.00012344335898896306,0.028066514554739172
5.137203632070421,1.3889978983578206,8.559379962131699,-2.0566494785093057,1.0190409858711453,0.00012952815429733322,0.028072599350047543
5.126192772152803,1.341041961797803,8.563292459021243,-2.0586057269540783,1.0190409858711453,0.00013682990866738186,0.028079901104417593
5.113806184379356,1.287260437910536,8.567527631814722,-2.0607233133508176,1.0190409858711453,0.00014559201391143724,0.02808866320966165
5.103427096664839,1.2423373254164116,8.570934393450777,-2.062426694168845,1.0190409858711453,0.00015333887885183095,0.028096410074602042
5.093884135131544,1.2011349746222013,8.57396489811181,-2.0639419464993622,1.0190409858711453,0.00016084165793226658,0.028103912853682477
5.083109920162556,1.1547179222723938,8.577285090585663,-2.0656020427362884,1.0190409858711453,0.0001698449928287901,0.028112916188579
5.071035566868279,1.1028230213803272,8.580882578300622,-2.067400786593768,1.0190409858711453,0.00018064899470461533,0.028123720190454827
5.060831419218884,1.0590772977273675,8.583811711356,-2.068865353121457,1.0190409858711453,0.0001903146480072029,0.028133385843757415
5.051398893183652,1.0187209690628174,8.586437935879628,-2.0701784653832704,1.0190409858711453,0.00019974790483039617,0.028142819100580606
5.040762495661882,0.9732955285684644,8.589317786286896,-2.071618390586905,1.0190409858711453,0.00021106781301822886,0.02815413900876844
5.0288435465189965,0.9224971512034273,8.592440367080393,-2.0731796809836527,1.0190409858711453,0.0002246517028436251,0.028167722898593834
5.018704418883385,0.879379832018448,8.59500117572293,-2.0744600853049215,1.0190409858711453,0.00023688304673386365,0.028179954242484075
5.0092939885982934,0.8394335229849137,8.597305763616097,-2.075612379251505,1.0190409858711453,0.0002488588277280852,0.028191930023478296
4.998664221969129,0.7943859338082683,8.599834286276081,-2.076876640581497,1.0190409858711453,0.0002632297649211548,0.028206300960671365
4.9867307306447355,0.7439069149196708,8.602579339867106,-2.078249167377009,1.0190409858711453,0.0002804748895528391,0.028223546085303048
4.976572155766713,0.7010210255876804,8.604830929687006,-2.07937496228696,1.0190409858711453,0.0002960006086168699,0.02823907180436708
4.967148591475427,0.6613018730592675,8.606855825050275,-2.080387409968594,1.0190409858711453,0.0003111905868991502,0.02825426178264936
4.956509149395056,0.6165230405158287,8.609076889272227,-2.0814979420795705,1.0190409858711453,0.00032941856083788725,0.0282724897565881
4.944586605012099,0.5664235755484379,8.61148617670779,-2.0827025857973522,1.0190409858711453,0.00035129212956437096,0.02829436332531458
4.934467609799482,0.5239732720994553,8.613460499306306,-2.08368974709661,1.0190409858711453,0.0003709848569635041,0.028314056052713716
4.925103256706038,0.48474049556825244,8.615235863463734,-2.0845774291753236,1.0190409858711453,0.00039027496014664695,0.028333346155896857
4.914574587030977,0.4406816668633132,8.61718001346843,-2.0855495041776715,1.0190409858711453,0.00041342308396641537,0.028356494279716624
4.902840544439967,0.3916411518389862,8.619284358128716,-2.0866016765078146,1.0190409858711453,0.00044120083255013825,0.02838427202830035
4.8928728650000615,0.3500377875621297,8.62101700464595,-2.087467999766431,1.0190409858711453,0.00046637465562519804,0.02840944585137541
4.881766629554198,0.30373098439279433,8.622898866031832,-2.0884089304593725,1.0190409858711453,0.0004965832433152683,0.02843965443906548
4.869508459910202,0.2526773808165483,8.624919791032095,-2.0894193929595044,1.0190409858711453,0.0005328335485433489,0.02847590474429356
4.859418484525417,0.21070134615196368,8.626535924157539,-2.0902274595222257,1.0190409858711453,0.0005648980078029297,0.02850796920355314
4.850202480813381,0.17239558285199172,8.627977672609367,-2.09094833374814,1.0190409858711453,0.000596250329954151,0.02853932152570436
4.839962082184786,0.12986720048078151,8.629544460466194,-2.091731727676554,1.0190409858711453,0.0006338731165356189,0.02857694431228583
4.8287000440971095,0.08313509455730382,8.631228414038969,-2.092573704462941,1.0190409858711453,0.0006790204604333788,0.02862209165618359
4.819095417342514,0.04331442835487924,8.632630573223013,-2.0932747840549633,1.0190409858711453,0.0007206455090605095,0.02866371670481072
4.813599469977267,0.020540319710262715,8.633420892406638,-2.093669943646776,1.0190409858711453,0.0007456205382367895,0.028688691733987
4.810504127942732,0.007262216810241895,8.634317627168521,-2.094118311027717,1.0190409858711453,0.0007606055557425543,0.028703676751492765
4.806786188861424,-0.008157105716773234,8.634865193370304,-2.094392094128609,1.0190409858711453,0.0007785875767494776,0.028721658772499686
4.802489939554538,-0.025969257239134676,8.635492347665123,-2.0947056712760177,1.0190409858711453,0.0008001660019577816,0.028743237197707994
4.7975568655263,-0.04641438545617533,8.636205179769206,-2.0950620873280594,1.0190409858711453,0.000826060112207748,0.028769131307957958
4.791933791394339,-0.06970980651939777,8.63700830430459,-2.0954636495957515,1.0190409858711453,0.0008571330445077046,0.028800204240257914
4.785576517559613,-0.09603489272496786,8.637904295171253,-2.0959116450290836,1.0190409858711453,0.0008944205632676557,0.028837491759017866
4.778454303874819,-0.12551222547888785,8.638892773185997,-2.096405884036455,1.0190409858711453,0.0009391655857795961,0.028882236781529808
4.770555317630052,-0.1581854428365618,8.639970045564603,-2.096944520225758,1.0190409858711453,0.000992859612793926,0.028935930808544136
4.761892266174632,-0.19399665503044056,8.641129051936803,-2.097524023411858,1.0190409858711453,0.00105729244521112,0.02900036364096133
4.752507703794765,-0.2327643790134091,8.642358526400304,-2.0981387606436086,1.0190409858711453,0.0011346118441117518,0.02907768303986196
4.742478214026634,-0.27416752861937244,8.643643716933743,-2.0987813559103285,1.0190409858711453,0.001227395122792512,0.029170466318542723
4.731916189935662,-0.3177388518245083,8.64496694377499,-2.0994429693309526,1.0190409858711453,0.0013387350572094247,0.029281806252959636
4.723085108585431,-0.35414363565314905,8.646047402202706,-2.0999831985448094,1.0190409858711453,0.0014435925603896976,0.029386663756139908
4.713815038921243,-0.39233983257831334,8.64716332047112,-2.1005411576790167,1.0190409858711453,0.001569421564206019,0.02951249275995623
4.7042367006815375,-0.43178922299611194,8.648299357930098,-2.1011091764085053,1.0190409858711453,0.0017204163687856086,0.02966348756453582
4.69449863446223,-0.4718816175968252,8.649439487653579,-2.101679241270246,1.0190409858711453,0.0019016101342811138,0.029844681330031323
4.684758843630406,-0.511969508720218,8.650568215449676,-2.1022436051682947,1.0190409858711453,0.0021190426528757216,0.03006211384862593
4.675172698219417,-0.5514180966818675,8.65167222176737,-2.102795608327142,1.0190409858711453,0.002379961675189249,0.03032303287093946
4.6658793987734954,-0.58965958948738,8.652740516789196,-2.1033297558380544,1.0190409858711453,0.002693064501965482,0.030636135697715693
4.6569870371105635,-0.6262538893515337,8.653765370001622,-2.103842182444268,1.0190409858711453,0.003068787894096963,0.031011859089847174
4.648561994774712,-0.6609325367422973,8.65474384804898,-2.104331421467947,1.0190409858711453,0.0035196559646547437,0.031462727160404956
4.64062362235952,-0.6936187828378716,8.655676604483789,-2.104797799685351,1.0190409858711453,0.004060697649324078,0.03200376884507429
4.63459458297211,-0.7184489109698888,8.65639057506616,-2.105154784976537,1.0190409858711453,0.00456542335866164,0.03250849455441185
4.628685791773813,-0.7427965972604091,8.657103096563496,-2.105511045725205,1.0190409858711453,0.005171094209866717,0.03311416540561693
4.622850567277309,-0.7668524609465791,8.657818062263651,-2.105868528575282,1.0190409858711453,0.005897899231312807,0.033840970427063015
4.618207855857202,-0.7859963425626588,8.658391098199303,-2.106155046543108,1.0190409858711453,0.006573822269660879,0.03451689346541109
4.613423576685417,-0.8057314306738076,8.658989069623312,-2.106454032255112,1.0190409858711453,0.007384929915678564,0.035328001111428774
4.608434935128941,-0.8263148675642992,8.659617940287898,-2.106768467587406,1.0190409858711453,0.008358259090899784,0.036301330286649995
4.60425643434499,-0.843554404809048,8.660143474396842,-2.1070312346418776,1.0190409858711453,0.00925763377991995,0.03720070497567016
4.599798835936568,-0.8619506415418084,8.660709317495915,-2.107314156191414,1.0190409858711453,0.010336883406744156,0.038279954602494365
4.594850524932983,-0.8823721975996797,8.661337629539448,-2.1076283122131807,1.0190409858711453,0.011631982958933194,0.0395750541546834
4.590775527515133,-0.8991964076293276,8.661861849897694,-2.1078904223923036,1.0190409858711453,0.01282240035390913,0.04076547154965934
4.586254673243555,-0.917866421867614,8.66244844704967,-2.108183720968291,1.0190409858711453,0.014250901227880265,0.042193972423630474
4.581103410426028,-0.9391328886950802,8.663109862607026,-2.10851442874697,1.0190409858711453,0.015965102276645618,0.04390817347239583
4.5766796461508195,-0.9573871325964906,8.6636690494076,-2.108794022147257,1.0190409858711453,0.017522534616799014,0.04546560581254923
4.571741043894162,-0.9777580878820147,8.664285595666499,-2.1091022952767062,1.0190409858711453,0.019391453424983097,0.04733452462073331
4.566113950790954,-1.000952778147119,8.664971913518766,-2.10944545420284,1.0190409858711453,0.02163415599480399,0.0495772271905542
4.561443258788478,-1.0201975954986482,8.665533962860396,-2.1097264788736547,1.0190409858711453,0.02364236893636373,0.05158544013211394
4.556942671434554,-1.0387281937140431,8.666062211660094,-2.109990603273504,1.0190409858711453,0.025612116725178834,0.053555187920929045
4.551754541457076,-1.06007720389423,8.66665870193037,-2.1102888484086417,1.0190409858711453,0.027975814071756963,0.05591888526750717
4.545805235760386,-1.084543094481991,8.667327369731368,-2.110623182309141,1.0190409858711453,0.030812250887650716,0.05875532208340093
4.541022316217571,-1.104203663303009,8.66785626038113,-2.1108876276340216,1.0190409858711453,0.033224026594311507,0.06116709779006172
4.535456445891161,-1.12707205933916,8.668461175111641,-2.1111900849992775,1.0190409858711453,0.03611815744230446,0.06406122863805466
4.529089952137698,-1.1532213483911335,8.669144489149762,-2.1115317420183373,1.0190409858711453,0.039591114459896,0.0675341856556462
4.5236979340175285,-1.1753636693605884,8.669718737638537,-2.111818866262725,1.0190409858711453,0.04267814759805249,0.07062121879380269
4.518501128148717,-1.1966932706274027,8.670261115430105,-2.112090055158509,1.0190409858711453,0.04566274058579348,0.07360581178154368
4.512545085899749,-1.2211342543915036,8.670877930198332,-2.112398462542622,1.0190409858711453,0.04924425217108268,0.07718732336683289
4.505585783626767,-1.2496809614157902,8.671587428130692,-2.1127532115088026,1.0190409858711453,0.053542066073429706,0.08148513726917991
4.4998325626566835,-1.2732823929396924,8.672175975774262,-2.113047485330588,1.0190409858711453,0.05732455523426832,0.08526762643001853
4.4945040652787425,-1.2951407805758486,8.672720373898654,-2.113319684392784,1.0190409858711453,0.06095507933119753,0.08889815052694773
4.4882231104490895,-1.3209009495627002,8.673356723566895,-2.113637859226904,1.0190409858711453,0.06531170824751258,0.09325477944326278
4.480897544710549,-1.350942018431334,8.674095529481365,-2.114007262184139,1.0190409858711453,0.07053966294709063,0.09848273414284084
4.475056326926485,-1.3749129398785578,8.674701579792336,-2.1143102873396242,1.0190409858711453,0.07507677229198204,0.10301984348773224
4.469294542655257,-1.398544271381743,8.675285774210606,-2.114602384548759,1.0190409858711453,0.07938988675948402,0.10733295795523423
4.463107213793752,-1.4239497556102356,8.675941942993079,-2.114930468939996,1.0190409858711453,0.08456562412048642,0.11250869531623663
4.455850663354982,-1.4537512821944842,8.676717267822246,-2.11531813135458,1.0190409858711453,0.09077650895368929,0.1187195801494395
4.449601702556828,-1.4794116844516803,8.677381826886828,-2.1156504108868703,1.0190409858711453,0.09610682468699658,0.12404989588274679
4.444239793982355,-1.5014531079421118,8.677975616079365,-2.115947305483139,1.0190409858711453,0.101153008870328,0.12909608006607823
4.4389891159772406,-1.5230329114692043,8.678552707586002,-2.1162358512364583,1.0190409858711453,0.10614794004990313,0.13409101124565334
4.4324760487565085,-1.5497701430975521,8.67923767033142,-2.116578332609166,1.0190409858711453,0.1121418574653933,0.1400849286611435
4.425584836125486,-1.5780795027019907,8.67998217941177,-2.1169505871493413,1.0190409858711453,0.11933455836398149,0.1472776295597317
4.4193774483510335,-1.603540757701051,8.680613883313017,-2.117266439099965,1.0190409858711453,0.12563319057440855,0.15357626177015876
4.4137277404845525,-1.6266425962241753,8.681116890370221,-2.117517942628567,1.0190409858711453,0.13163700629331807,0.15958007748906827
4.407260543834942,-1.6530494874125121,8.681654994960116,-2.1177869949235144,1.0190409858711453,0.13884158515600947,0.16678465635175968
4.399829011083833,-1.683401674692734,8.682281051235902,-2.118100023061408,1.0190409858711453,0.14748707979123915,0.17543015098698936
4.393662114450247,-1.708594518941714,8.682806308950536,-2.1183626519187246,1.0190409858711453,0.15492253059883374,0.18286560179458394
4.388133116878803,-1.7311814765210092,8.683277276244057,-2.1185981355654855,1.0190409858711453,0.16194883889687703,0.18989191009262724
4.382770091286335,-1.7530801971450263,8.683723894498202,-2.1188214446925575,1.0190409858711453,0.16888397496588886,0.19682704616163907
4.3766323678994175,-1.7781404520854842,8.684233255890987,-2.11907612538895,1.0190409858711453,0.17720613824870304,0.20514920944445325
4.369316266682252,-1.8080208640238757,8.684849262960718,-2.1193841289238153,1.0190409858711453,0.18719273418808005,0.21513580538383026
4.363332754218222,-1.8324629017094873,8.685357250790211,-2.119638122838562,1.0190409858711453,0.1958758629821144,0.2238189341778646
4.357736805083232,-1.8552841090793581,8.685794661620122,-2.1198568282535177,1.0190409858711453,0.2041298976808803,0.2320729688766305
4.352322785986385,-1.8773450045062405,8.686199480659615,-2.1200592377732645,1.0190409858711453,0.2122993999460703,0.2402424711418205
4.3460277103850045,-1.9029809362582986,8.68665511000615,-2.120287052446532,1.0190409858711453,0.2221028026642983,0.2500458738600485
4.3387767557367996,-1.9325123145820464,8.687182669737078,-2.120550832311996,1.0190409858711453,0.23386688592617189,0.2618099571219221
4.3326786780125035,-1.9573555407027992,8.687633584960649,-2.120776289923781,1.0190409858711453,0.24412847284972647,0.2720715440454767
4.327026968882874,-1.9803494564324728,8.688020664171804,-2.1209698295293586,1.0190409858711453,0.25389016068265574,0.2818332318784059
4.32157574585389,-2.002509882204012,8.688376197827406,-2.1211475963571598,1.0190409858711453,0.26356525697846755,0.29150832817421773
4.315248240458499,-2.0282181568701256,8.688774450911954,-2.1213467228994336,1.0190409858711453,0.27517537253344176,0.303118443729192
4.30796206166057,-2.057815990833579,8.689227569683691,-2.1215732822853024,1.0190409858711453,0.28910751119941086,0.3170505823951611
4.301842423792861,-2.0826783963160143,8.68961142369529,-2.1217652092911017,1.0190409858711453,0.3012578158032173,0.32920088699896755
4.296183447686397,-2.105650738964928,8.68994786191835,-2.121933428402632,1.0190409858711453,0.31281504426482815,0.3407581154605784
4.290723403922489,-2.127797320529842,8.690254268427632,-2.1220866316572726,1.0190409858711453,0.3242698713296663,0.3522129425254165
4.284392965961237,-2.153465622804147,8.690600818856929,-2.1222599068719212,1.0190409858711453,0.338015663807472,0.36595873500322224
4.277098988668505,-2.1830278546992536,8.690987141581108,-2.12245306823401,1.0190409858711453,0.35451061478083884,0.3824536859765891
4.270958015039957,-2.2079100828649696,8.691305475232632,-2.1226122350597727,1.0190409858711453,0.3688991327172615,0.3968422039130117
4.265301871223454,-2.23082144586,8.69159226296165,-2.1227556289242817,1.0190409858711453,0.3825873802274658,0.41053045142321604
4.259380632418272,-2.2547856037120857,8.691871465593007,-2.12289523023996,1.0190409858711453,0.3961561594711049,0.4240992306668551
4.253566416663537,-2.2783361280991885,8.692165126961171,-2.123042060924042,1.0190409858711453,0.4124386945634717,0.44038176575922194
4.245860621254527,-2.309509442305715,8.69251525953166,-2.123217127209287,1.0190409858711453,0.431977736674312,0.45992080787006223
4.240233399221105,-2.3322860447112572,8.692782973803512,-2.1233509843452127,1.0190409858711453,0.449038751813775,0.47698182300952524
4.2346150415590085,-2.355007680370893,8.693031178814762,-2.1234750868508376,1.0190409858711453,0.46527466225645236,0.4932177334522026
4.229194013914434,-2.376924314220581,8.693263702086147,-2.123591348486531,1.0190409858711453,0.48135452682319035,0.5092975980189406
4.222920961688772,-2.4022801036597157,8.693527282622641,-2.123723138754777,1.0190409858711453,0.5006503643032759,0.5285934354990262
4.215562605242795,-2.432015497212167,8.69382925039118,-2.123874122639047,1.0190409858711453,0.5238053692793785,0.5517484404751287
4.209606645039308,-2.4560802976643163,8.694070210029384,-2.123994602458149,1.0190409858711453,0.5440074893118739,0.5719505605076242
4.204061139432844,-2.478482488147812,8.694290378087022,-2.1241046864869677,1.0190409858711453,0.5632031524857978,0.591146223681548
4.1987330691227545,-2.500002620462566,8.69449822916142,-2.1242086120241663,1.0190409858711453,0.582163427911049,0.6101064991067993
4.1925671727536775,-2.5249029447079523,8.694734967930493,-2.1243269814087036,1.0190409858711453,0.6049157584213504,0.6328588296171006
4.185483148040738,-2.553506376784748,8.695002301155535,-2.124460648021224,1.0190409858711453,0.6322185550337122,0.6601616262294624
4.179554311711253,-2.5774414495568534,8.6952220286097,-2.1245705117483067,1.0190409858711453,0.655965767378885,0.6839088385746352
4.174131770748605,-2.5993302429755123,8.695420658177769,-2.1246698265323407,1.0190409858711453,0.6784964965682763,0.7064395677640265
4.168962646855951,-2.620194614580075,8.69560853421171,-2.1247637645493116,1.0190409858711453,0.7007700658561153,0.7287131370518656
4.163021046353503,-2.6441761449942622,8.695823662616109,-2.124871328751511,1.0190409858711453,0.7274983490015224,0.7554414201972727
4.156261368480655,-2.6714606801260645,8.696069486256519,-2.124994240571716,1.0190409858711453,0.7595722887760109,0.7875153599717611
4.150702875233922,-2.693898944311175,8.6962737774547,-2.125096386170806,1.0190409858711453,0.7873401474974139,0.8152832186931641
4.145705337638413,-2.714075405886803,8.69646008864829,-2.1251895417676017,1.0190409858711453,0.8135722404410839,0.8415153116368341
4.141055956281694,-2.732850421228995,8.696637578563605,-2.1252782867252593,1.0190409858711453,0.8394091375961042,0.8673522087918545
4.135407024868559,-2.755661982550187,8.696853414232256,-2.1253862045595846,1.0190409858711453,0.8704134141821287,0.8983564853778789
4.130212142017171,-2.77666197751509,8.697073877791604,-2.125496436339259,1.0190409858711453,0.907618546085358,0.9355616172811083
4.125173129452444,-2.797025831348516,8.697281681366126,-2.1256003381265196,1.0190409858711453,0.9403617357371267,0.9683048069328769
4.121351428016651,-2.812485301754201,8.697454346028643,-2.1256866704577777,1.0190409858711453,0.9713199059267928,0.9992629771225431
4.117654719172837,-2.82743863119536,8.697620840094539,-2.125769917490726,1.0190409858711453,1.0018288032488956,1.0297718744446458
4.113235741125578,-2.8453131031234333,8.697819399833579,-2.1258691973602457,1.0190409858711453,1.038439480035419,1.0663825512311693
4.108373976871252,-2.8649823904962255,8.698041630189069,-2.125980312537991,1.0190409858711453,1.0823722921792471,1.1103153633749974
4.104274171253502,-2.8815655951838512,8.698225612405693,-2.1260723036463034,1.0190409858711453,1.1195002153703155,1.1474432865660658
4.100729740721805,-2.8959056168573207,8.698387911952375,-2.1261534534196445,1.0190409858711453,1.1538145659118337,1.181757637107584
4.09734820160682,-2.9095846414843605,8.698540780119476,-2.126229887503195,1.0190409858711453,1.1869566954699944,1.2148997666657446
4.0942143531786375,-2.9222664514850907,8.698687196407473,-2.1263030956471933,1.0190409858711453,1.219617066779273,1.2475601379750232
4.090975705835904,-2.9353648576979667,8.698831013249414,-2.1263750040681635,1.0190409858711453,1.251460640426392,1.2794037116221422
4.088432408626424,-2.9456541330988983,8.698947099812433,-2.1264330473496726,1.0190409858711453,1.2803864323843381,1.3083295035800884
4.086085050381647,-2.9551497967662064,8.699053330500627,-2.1264861626937703,1.0190409858711453,1.3063221203434832,1.3342651915392334
4.083965769352746,-2.9637205925602337,8.699147002179052,-2.126532998532982,1.0190409858711453,1.3296525571567566,1.3575956283525068
4.082238376034221,-2.970706008634887,8.699222844979605,-2.1265709199332594,1.0190409858711453,1.3491199936816323,1.3770630648773825
4.081537985746597,-2.9735366093655564,8.69925188455978,-2.126585439723347,1.0190409858711453,1.3569069682915824,1.3848500394873327
4.080831969371599,-2.97639209680163,8.699283306495861,-2.126601150691387,1.0190409858711453,1.364917980256485,1.3928610514522353
4.080273128856448,-2.9786529980466088,8.699308845680237,-2.126613920283575,1.0190409858711453,1.3717115268738427,1.399654598069593
4.079642934890186,-2.9811972050558806,8.69933227682446,-2.126625635855687,1.0190409858711453,1.3779462014936028,1.405889272689353
4.07898723071142,-2.983845539909127,8.699357794962642,-2.126638394924778,1.0190409858711453,1.383695933805863,1.4116390050016132
4.07864658772592,-2.9852235259977538,8.699373209109272,-2.1266461019980922,1.0190409858711453,1.3888318477079395,1.4167749189036898
4.078190561165618,-2.9870693322381596,8.699394909108467,-2.1266569519976897,1.0190409858711453,1.3949949443904317,1.422938015586182
4.077467726603027,-2.9899873415309024,8.699421580150844,-2.1266702875188788,1.0190409858711453,1.4023906604094218,1.430333731605172
4.076894560604349,-2.9923045865790234,8.699446161204254,-2.1266825780455836,1.0190409858711453,1.40894562417299,1.4368886953687403
4.076343782209778,-2.9945297194999774,8.699468180546923,-2.1266935877169186,1.0190409858711453,1.4145876126617194,1.4425306838574696
4.075988938416225,-2.995965285331526,8.69948437120426,-2.1267016830455865,1.0190409858711453,1.4193476194422388,1.447290690637989
4.0755561898051775,-2.997713520203287,8.699501611631835,-2.1267103032593737,1.0190409858711453,1.4238306988608358,1.451773770056586
4.075205294307242,-2.999131319427098,8.699515828863902,-2.1267174118754073,1.0190409858711453,1.4281838429363496,1.4561269141320998
4.0747987217304384,-3.000773555499894,8.699531774629484,-2.126725384758199,1.0190409858711453,1.4323786814715038,1.460321752667254
4.074475320789996,-3.002080118240292,8.69954473360811,-2.1267318642475117,1.0190409858711453,1.436428691012648,1.4643717622083983
4.074142293125586,-3.0034255603014817,8.699558065011662,-2.126738529949287,1.0190409858711453,1.4403370072672337,1.468280078462984
4.073827569400666,-3.004696955312325,8.699570565122823,-2.126744780004868,1.0190409858711453,1.4441090372571603,1.4720521084529106
4.073504381041754,-3.0060023627068144,8.699583219081665,-2.1267511069842895,1.0190409858711453,1.4477494248778604,1.4756924960736106
4.073185843197733,-3.0072887799031958,8.699595484901959,-2.126757239894436,1.0190409858711453,1.4512627905792297,1.47920586177498
4.07290318167396,-3.008430459826968,8.69960651873064,-2.126762756808777,1.0190409858711453,1.4546535601456831,1.4825966313414334
4.072588977626477,-3.0096992349403124,8.699618477654056,-2.126768736270485,1.0190409858711453,1.4579260129971787,1.485869084192929
4.0722685061873145,-3.010990356504146,8.699627713461238,-2.126773354174076,1.0190409858711453,1.4610842772815678,1.489027348477318
4.071970218608031,-3.012197800103611,8.699642006743568,-2.1267805008152405,1.0190409858711453,1.464874194422835,1.4928172656185852
4.0716015949072295,-3.013686876355114,8.699656588191864,-2.126787791539389,1.0190409858711453,1.4694220949923555,1.4973651661881058
4.071123175315257,-3.0156150808228412,8.699671114291704,-2.126795054589308,1.0190409858711453,1.4735786683195609,1.501521739515311
4.070790507584884,-3.016960826172657,8.699686188720028,-2.1268025918034708,1.0190409858711453,1.4775222197647973,1.5054652909605475
4.0704558114520575,-3.0183121746336576,8.699698752649722,-2.1268088737683173,1.0190409858711453,1.4812288802543185,1.5091719514500688
4.070128757957555,-3.019629907011228,8.699708271049282,-2.1268136329680973,1.0190409858711453,1.4848299191008678,1.512772990296618
4.0697837116567115,-3.0210234011831805,8.69972158001786,-2.1268202874523867,1.0190409858711453,1.4891511657167265,1.5170942369124767
4.0694087435221835,-3.022540784282018,8.699739090578587,-2.12682904273275,1.0190409858711453,1.4943366616557572,1.5222797328515074
4.068766440164783,-3.0251302902376036,8.69975938310457,-2.1268391889957416,1.0190409858711453,1.5005592567825943,1.5285023279783445
4.06837235599952,-3.0267247339399055,8.69977749014582,-2.126848242516367,1.0190409858711453,1.5060744611883656,1.5340175323841159
4.06811216015165,-3.027774680258802,8.699786653073238,-2.1268528239800752,1.0190409858711453,1.508710897040924,1.5366539682366742
4.067857850630142,-3.0288013189009457,8.699796053629349,-2.126857524258131,1.0190409858711453,1.5117438649536767,1.539686936149427
4.0675738493217,-3.029947534676454,8.699806264171087,-2.1268626295290005,1.0190409858711453,1.5145452618894928,1.542488333085243
4.067286390783013,-3.0311048450526914,8.699813740392576,-2.126866367639745,1.0190409858711453,1.517278747233328,1.5452218184290782
4.067029280143382,-3.032145425437518,8.699825878218881,-2.1268724365528975,1.0190409858711453,1.5205589296459308,1.548502000841681
4.066707406135111,-3.033445114647999,8.699838071396279,-2.1268785331415963,1.0190409858711453,1.524495148541054,1.5524382197368043
4.066305649474246,-3.0350638922529614,8.699849822357777,-2.1268844086223453,1.0190409858711453,1.5280926727655635,1.5560357439613137
4.0660539688754165,-3.036079697167368,8.69985890487687,-2.1268889498818915,1.0190409858711453,1.5313330295272436,1.5592761007229938
4.065731573405126,-3.0373836143016204,8.699873240129953,-2.126896117508434,1.0190409858711453,1.53522145764126,1.5631645288370102
4.06537177701575,-3.0388363739281443,8.69988681419898,-2.126902904542946,1.0190409858711453,1.5398875713780795,1.5678306425738298
4.0648647155258,-3.040878809923069,8.699901004234105,-2.1269099995605094,1.0190409858711453,1.5441521861390426,1.5720952573347928
4.0645580769250325,-3.042116808476039,8.699912448384003,-2.1269157216354584,1.0190409858711453,1.5481982419595668,1.576141313155317
4.06420685274524,-3.0435376728781005,8.699928416066896,-2.1269237054769046,1.0190409858711453,1.5530535089441955,1.5809965801399457
4.063639080071712,-3.045826388122743,8.699946040617426,-2.1269325177521705,1.0190409858711453,1.5588798293257502,1.5868229005215004
4.063234497343957,-3.047459914154859,8.699961235738519,-2.126940115312716,1.0190409858711453,1.5635764080464394,1.5915194792421896
4.062919458171933,-3.048732608018605,8.699973772914174,-2.126946383900543,1.0190409858711453,1.5675223882720775,1.5954654594678277
4.062517038887457,-3.0503533756705816,8.699984863428245,-2.1269519291575794,1.0190409858711453,1.5712426566411373,1.5991857278368875
4.062276828133215,-3.0513252357828553,8.699995880523554,-2.1269574377052334,1.0190409858711453,1.5746505246578415,1.6025935958535917
4.061998351455351,-3.052449092985703,8.700005831014941,-2.126962412950927,1.0190409858711453,1.5777947869760096,1.6057378581717598
4.061727978699393,-3.0535399649869075,8.700015211992314,-2.1269671034396134,1.0190409858711453,1.58086365758568,1.6088067287814303
4.061459986479376,-3.0546211678797417,8.700024446005077,-2.1269717204459955,1.0190409858711453,1.583817127109884,1.6117601983056342
4.061208096298161,-3.0556373903523855,8.700033107752866,-2.1269760513198896,1.0190409858711453,1.5866695431016058,1.614612614297356
4.060962987178729,-3.0566262431771296,8.70004152409988,-2.1269802594933966,1.0190409858711453,1.5894219435678447,1.617365014763595
4.0607258001947155,-3.0575831305195478,8.700049663506244,-2.1269843291965786,1.0190409858711453,1.5920784188780284,1.6200214900737786
4.06046680109725,-3.0586265739428797,8.700057110539714,-2.126988052713313,1.0190409858711453,1.59464217136698,1.6225852425627303
4.060221388463087,-3.0596146591858666,8.70006354524605,-2.126991270066481,1.0190409858711453,1.5968244418637583,1.6247675130595085
4.059980394738997,-3.060586899663126,8.70007181082695,-2.126995402856932,1.0190409858711453,1.599443166459892,1.6273862376556423
4.059750123603911,-3.0615186441136815,8.700082470737161,-2.127000732812037,1.0190409858711453,1.6025856359752526,1.6305287071710028
4.059366392758573,-3.063065107251328,8.700094010493457,-2.1270065026901848,1.0190409858711453,1.6063565993936855,1.634299670589436
4.059111015988657,-3.0640966000902017,8.700103996252667,-2.1270114955697896,1.0190409858711453,1.609459425775613,1.6374024969713632
4.058853427266213,-3.065135626749233,8.700112668021918,-2.127015831454415,1.0190409858711453,1.6122650097638926,1.6402080809596429
4.058602016838076,-3.066149637600843,8.700121037160985,-2.1270200160239496,1.0190409858711453,1.615017182082632,1.6429602532783822
4.058359615070502,-3.0671272704315595,8.700129062921404,-2.1270240289041586,1.0190409858711453,1.617662521547922,1.6456055927436721
4.058126765478558,-3.068066369649563,8.700136763771633,-2.127027879329273,1.0190409858711453,1.6202181564465117,1.648161227642262
4.05790311355751,-3.068968368819204,8.700144155257075,-2.1270315750719937,1.0190409858711453,1.6226839874743042,1.6506270586700544
4.057688869372521,-3.0698324176298897,8.700151227327812,-2.127035111107362,1.0190409858711453,1.6250639276387553,1.6530069988345055
4.057480430774379,-3.070673032256814,8.700158087562162,-2.127038541224538,1.0190409858711453,1.627360785967098,1.6553038571628482
4.057280643000496,-3.071478737500046,8.700164641709863,-2.127041818298389,1.0190409858711453,1.6295775068737783,1.6575205780695286
4.057087933160386,-3.0722558938527262,8.700170958702106,-2.12704497679451,1.0190409858711453,1.6317168757160476,1.6596599469117979
4.056901557210845,-3.0730074860208916,8.70017704707211,-2.1270480209795113,1.0190409858711453,1.6337815942466343,1.6617246654423845
4.056721745148357,-3.073732602422024,8.700182915223285,-2.1270509550550996,1.0190409858711453,1.6357742666654351,1.6637173378611854
4.056547940234139,-3.074433475912318,8.700188569056706,-2.12705378197181,1.0190409858711453,1.6376974070927328,1.665640478288483
4.056303153337205,-3.075417370256905,8.700193315813559,-2.127056155350236,1.0190409858711453,1.6395534417306261,1.6674965129263764
4.056185642663589,-3.075894641672556,8.700200544534747,-2.12705976971083,1.0190409858711453,1.641780683296098,1.6697237544918482
4.055944790738051,-3.0768659159207883,8.700208411080828,-2.1270637029838704,1.0190409858711453,1.6444533731746642,1.6723964443704145
4.0555801141276655,-3.0783332868879785,8.700217075606478,-2.1270680352466953,1.0190409858711453,1.6476606010289438,1.675603672224694
4.055320920524176,-3.0793782898354847,8.700225304140021,-2.1270721495134675,1.0190409858711453,1.6505032280730767,1.678446299268827
4.05509049483056,-3.0803106408132144,8.70023595234329,-2.1270774736151017,1.0190409858711453,1.6539143805260363,1.6818574517217866
4.054723300772466,-3.081791347657619,8.700247882955313,-2.1270834389211135,1.0190409858711453,1.6580077634695873,1.6859508346653376
4.054354691960357,-3.0832763015767566,8.70025840162602,-2.127088698256466,1.0190409858711453,1.661748928453543,1.6896919996492932
4.0539565926476415,-3.0848785685346,8.700268271333,-2.1270936331099572,1.0190409858711453,1.6654090418621947,1.693352113057945
4.053723069036291,-3.0858231015046615,8.70027870985766,-2.1270988523722867,1.0190409858711453,1.6688229833575918,1.696766054553342
4.053368658526763,-3.0872494277543976,8.700287394069282,-2.1271031944780976,1.0190409858711453,1.6720455279956234,1.6999885991913737
4.053091886819191,-3.0883651195948247,8.700295999079424,-2.1271074969831685,1.0190409858711453,1.6750783471836765,1.7030214183794268
4.052842864356586,-3.0893723095484957,8.700307099182675,-2.1271130470347943,1.0190409858711453,1.6787177302093406,1.7066608014050908
4.052407502001064,-3.091125891962382,8.700319232174476,-2.1271191135306946,1.0190409858711453,1.6830849898401372,1.7110280610358874
4.052133109969056,-3.092233833341193,8.70032960542525,-2.1271243001560816,1.0190409858711453,1.6865787975447748,1.714521868740525
4.051778881437972,-3.0936588429991674,8.700337700958892,-2.127128347922903,1.0190409858711453,1.689636969525065,1.7175800407208153
4.051502744046943,-3.094771651434885,8.700345959830491,-2.1271324773587024,1.0190409858711453,1.6925699168424722,1.7205129880382224
4.051253852996668,-3.0957778953911768,8.700356639585685,-2.127137817236299,1.0190409858711453,1.6960894536233606,1.7240325248191108
4.050785624834008,-3.0976621537572897,8.700367985301158,-2.127143490094036,1.0190409858711453,1.700312897760427,1.7282559689561772
4.0505142634796165,-3.0987588449747596,8.700379231101058,-2.1271491129939855,1.0190409858711453,1.7040562166229731,1.7319992878187234
4.050136696601132,-3.1002788551697256,8.700388973782086,-2.1271539843344995,1.0190409858711453,1.707635057706886,1.7355781289026362
4.049875542227621,-3.101333033347613,8.700398534465933,-2.127158764676423,1.0190409858711453,1.7109019473876679,1.7388450185834181
4.049518970820186,-3.102767164312516,8.700406379801096,-2.1271626873440046,1.0190409858711453,1.7139187685154458,1.741861839711196
4.049246696055714,-3.1038641686913517,8.700414285122042,-2.1271666400044773,1.0190409858711453,1.7167735903196293,1.7447166615153795
4.049002589672974,-3.104850835370713,8.700424526270444,-2.127171760578679,1.0190409858711453,1.7201993764846493,1.7481424476803995
4.048541343726118,-3.106706670053672,8.700435377165977,-2.1271771860264455,1.0190409858711453,1.7243103198826735,1.7522533910784237
4.048275265740321,-3.107781736145633,8.700446131314749,-2.1271825631008308,1.0190409858711453,1.727953927200604,1.7558969983963542
4.04788727975005,-3.1093428613908194,8.700455312598855,-2.127187153742885,1.0190409858711453,1.731437437967887,1.7593805091636372
4.047656283954361,-3.1102756848427973,8.70046415286808,-2.127191573877496,1.0190409858711453,1.7344712594051304,1.7624143306008806
4.04740393146546,-3.1112926220513253,8.700471680121,-2.1271953375039563,1.0190409858711453,1.7371757754255481,1.7651188466212984
4.047151358738651,-3.11231025664694,8.700479023809377,-2.127199009348145,1.0190409858711453,1.7398382377189985,1.7677813089147487
4.04690713716453,-3.113294159024731,8.700486039890686,-2.1272025173888,1.0190409858711453,1.7423950795960996,1.7703381507918499
4.046670882122054,-3.1142459373921674,8.700492798088218,-2.127205896487566,1.0190409858711453,1.7448657659384172,1.7728088371341675
4.0464433051816275,-3.1151627595167617,8.700499312451104,-2.1272091536690088,1.0190409858711453,1.7472495012590394,1.7751925724547897
4.046223344050977,-3.116048871363071,8.700505579774815,-2.1272122873308636,1.0190409858711453,1.7495502372075264,1.7774933084032767
4.046010793227097,-3.1169051092197826,8.700511614336005,-2.127215304611459,1.0190409858711453,1.7517706485803781,1.7797137197761284
4.045807180667956,-3.117725376942041,8.7005174318217,-2.1272182133543063,1.0190409858711453,1.753913591623916,1.7818566628196661
4.045610299313246,-3.1185185008058705,8.700523030266691,-2.1272210125768023,1.0190409858711453,1.7559817566198517,1.783924827815602
4.045420776677871,-3.1192819786626775,8.700528417581996,-2.127223706234455,1.0190409858711453,1.757977755971767,1.7859208271675173
4.045160606542461,-3.1203272217904092,8.700532980168086,-2.1272259875274995,1.0190409858711453,1.759904107066958,1.7878471782627083
4.045029819017875,-3.1208572090851816,8.700539817364518,-2.127229406125716,1.0190409858711453,1.762215728381187,1.7901587995769372
4.044767770208726,-3.1219128698954477,8.70054728293819,-2.1272331389125516,1.0190409858711453,1.764989673958262,1.7929327451540122
4.04437949056502,-3.1234742779849984,8.700555572452913,-2.127237283669913,1.0190409858711453,1.7683184086507517,1.796261479846502
4.044096815588516,-3.1246127566398987,8.700563351201797,-2.1272411730443554,1.0190409858711453,1.7712687295164766,1.7992118007122269
4.043839699627466,-3.125651264754438,8.700573395472137,-2.127246195179525,1.0190409858711453,1.7748091145553462,1.8027521857510964
4.043364248600352,-3.1275637674576915,8.700584094066935,-2.1272515444769238,1.0190409858711453,1.7790575766019903,1.8070006477977405
4.043083446141708,-3.128697524036505,8.700594640811172,-2.1272568178490423,1.0190409858711453,1.7828230693136,1.8107661405093503
4.042668129248192,-3.1303677087826793,8.700603557983278,-2.127261276435096,1.0190409858711453,1.7864231099492824,1.8143661811450327
4.042418442574644,-3.1313758739703506,8.70061297647676,-2.127265985681837,1.0190409858711453,1.7898004077001326,1.8177434788958828
4.042121119802246,-3.1325735953332305,8.700621406750049,-2.127270200818481,1.0190409858711453,1.7929837778150606,1.8209268490108108
4.041825472302429,-3.13376428787105,8.700629509288603,-2.1272742520877586,1.0190409858711453,1.7960742619148118,1.824017333110562
4.041539506107866,-3.134915925635749,8.700637282275048,-2.1272781385809805,1.0190409858711453,1.7990525076493946,1.8269955788451449
4.04126351059043,-3.1360273945431367,8.700644769112692,-2.127281881999803,1.0190409858711453,1.801927891797429,1.8298709629931793
4.040996645307255,-3.13710206045222,8.700651973889075,-2.127285484387994,1.0190409858711453,1.8047026867101326,1.8326457579058828
4.040739383066156,-3.1381380571078052,8.700658921580265,-2.127288958233589,1.0190409858711453,1.807380720096703,1.8353237912924532
4.04049011509746,-3.13914182053595,8.700665613133626,-2.1272923040102696,1.0190409858711453,1.8099652916739333,1.8379083628696835
4.040249456424516,-3.1401109012767994,8.700672059182699,-2.127295527034806,1.0190409858711453,1.8124596811821527,1.840402752377903
4.040017470733932,-3.141045063618295,8.700678278761858,-2.127298636824386,1.0190409858711453,1.81486703095839,1.8428101021541403
4.039792615622959,-3.1419504683439303,8.7006842630436,-2.127301628965257,1.0190409858711453,1.8171903792311812,1.8451334504269314
4.03957648453806,-3.1428207571492437,8.700690027509319,-2.1273045111981164,1.0190409858711453,1.8194326568769603,1.8473757280727106
4.039289459026375,-3.1439738180548407,8.700694986368177,-2.127306990627545,1.0190409858711453,1.8215966928250718,1.849539764020822
4.039051366481137,-3.1449328617090697,8.70070165984145,-2.1273103273641816,1.0190409858711453,1.8241935359628056,1.8521366071585559
4.03874364404148,-3.1461716322683886,8.700709540642142,-2.1273142677645276,1.0190409858711453,1.8273097477280864,1.8552528189238366
4.038458367228414,-3.147322849493086,8.70071965061458,-2.1273193227507465,1.0190409858711453,1.831049201846423,1.8589922730421733
4.037951527006921,-3.149361070763509,8.700730510999028,-2.1273247529429704,1.0190409858711453,1.8355365467884273,1.8634796179841775
4.037637215982128,-3.1506289121840623,8.700741108320411,-2.127330051603662,1.0190409858711453,1.8395137659534058,1.867456837149156
4.037372303503623,-3.1516928034272635,8.700745349649587,-2.12733217226825,1.0190409858711453,1.8414149979710368,1.869358069166787
4.037232748854022,-3.15225733182827,8.700751659452193,-2.1273353271695528,1.0190409858711453,1.8436964763921941,1.8716395475879444
4.036962058096085,-3.153346997074579,8.700758561666756,-2.1273387782768345,1.0190409858711453,1.8464342504975826,1.8743773216933328
4.036642937933798,-3.1546317543289715,8.700766838271997,-2.127342916579455,1.0190409858711453,1.8497195794240489,1.877662650619799
4.036347529319222,-3.1558209044593126,8.700774353944036,-2.1273466744154743,1.0190409858711453,1.8527222199563345,1.8806652911520847
4.036058971742588,-3.156982477671736,8.700781696849925,-2.127350345868419,1.0190409858711453,1.8556598088947291,1.8836028800904794
4.03578120033543,-3.1581006105428475,8.700788744092401,-2.1273538694896574,1.0190409858711453,1.8584852611645792,1.8864283323603295
4.035512696271728,-3.159181420198228,8.700795537492974,-2.1273572661899443,1.0190409858711453,1.8612144437055487,1.889157514901299
4.035253165132423,-3.160226082963453,8.700802075700983,-2.1273605352939478,1.0190409858711453,1.8638478343273164,1.8917909055230666
4.035002491981385,-3.1612350773459696,8.700808377479344,-2.1273636861831284,1.0190409858711453,1.866389470955655,1.8943325421514052
4.0347600397565655,-3.1622109483439114,8.700814439578007,-2.1273667172324604,1.0190409858711453,1.868842387475226,1.8967854586709763
4.034526203715374,-3.163152125337136,8.700820272406467,-2.1273696336466905,1.0190409858711453,1.871209720150664,1.8991527913464141
4.034224690619049,-3.1643632502133285,8.700825344897359,-2.127372169892136,1.0190409858711453,1.8734944455659188,1.901437516761669
4.033964661472324,-3.165410112039066,8.700832090136197,-2.1273755425115555,1.0190409858711453,1.8762361160642251,1.9041791872599754
4.0336327915241315,-3.1667455784828684,8.70084007678723,-2.127379535837072,1.0190409858711453,1.8795261206621927,1.907469191857943
4.03331451454076,-3.1680288709630173,8.700850261333892,-2.1273846281104025,1.0190409858711453,1.883474126179754,1.9114171973755043
4.032776161982965,-3.170193357767347,8.700861337907043,-2.1273901663969776,1.0190409858711453,1.8882117328008272,1.9161548039965774
4.0324245549910795,-3.171610460635142,8.700872012807292,-2.1273955038471026,1.0190409858711453,1.8924107636515841,1.9203538348473344
4.032026038659915,-3.1732143175635525,8.70088180441105,-2.1274003996489816,1.0190409858711453,1.8964252931835626,1.9243683643793128
4.031635301576694,-3.174786657074956,8.700891195589566,-2.1274050952382395,1.0190409858711453,1.900308871778582,1.9282519429743323
4.031258360363385,-3.176303444881303,8.700900218542678,-2.127409606714796,1.0190409858711453,1.9040547322195671,1.9319978034153173
4.030894412827484,-3.177767909392772,8.700908892910544,-2.1274139438987283,1.0190409858711453,1.9076704170730994,1.9356134882688496
4.030542554952815,-3.1791836876049393,8.700917239624033,-2.1274181172554734,1.0190409858711453,1.9111598083998371,1.9391028795955874
4.030201654770418,-3.18055531279637,8.700925264085878,-2.1274221294863955,1.0190409858711453,1.9145274723794319,1.9424705435751821
4.0298725846889045,-3.1818793211223984,8.70093299208585,-2.1274259934863813,1.0190409858711453,1.917777618110918,1.9457206893066683
4.029554532779377,-3.1831589623076866,8.700940425633027,-2.1274297102599706,1.0190409858711453,1.9209143555328714,1.9488574267286216
4.029246755760379,-3.184397216640761,8.700947571890111,-2.1274332833885126,1.0190409858711453,1.9239416396607882,1.9518847108565385
4.028950043944001,-3.185590946350815,8.700954454334653,-2.1274367246107833,1.0190409858711453,1.926863290281844,1.9548063614775943
4.028662547174602,-3.1867475614473078,8.700961082353553,-2.1274400386202337,1.0190409858711453,1.929682993226,1.9576260644217502
4.028385407958899,-3.1878625086878807,8.70096747273131,-2.127443233809112,1.0190409858711453,1.9324043058720843,1.9603473770678346
4.028044699544457,-3.1892309973983433,8.700973127784007,-2.1274460613354598,1.0190409858711453,1.9350306614292563,1.9629737326250065
4.027732018669475,-3.1904891034379133,8.70098051032365,-2.127449752605281,1.0190409858711453,1.9381822880978625,1.9661253592936128
4.027412524499014,-3.1917763749875756,8.700989805191467,-2.12745440003919,1.0190409858711453,1.9419642401001902,1.9699073112959404
4.026955113569347,-3.193616696610308,8.70100048309553,-2.127459738991222,1.0190409858711453,1.9465025825029831,1.9744456536987334
4.026527062816134,-3.195338541253936,8.701010124726306,-2.1274645598066098,1.0190409858711453,1.9506504201025117,1.978593491298262
4.026108651029348,-3.197021578079465,8.70101951440469,-2.127469254645802,1.0190409858711453,1.9547083956475764,1.9826514668433266
4.0257049137407535,-3.1986455181367908,8.70102850530764,-2.1274737500972765,1.0190409858711453,1.9586114659733598,1.98655453716911
4.025314187615322,-3.200217063395479,8.701037146064602,-2.127478070475757,1.0190409858711453,1.9623815496173032,1.9903246208130534
4.024936668150995,-3.2017354425519,8.701045447363715,-2.1274822211253137,1.0190409858711453,1.9660193066241003,1.9939623778198505
4.024570827179265,-3.203206791957735,8.701053432882631,-2.127486213884772,1.0190409858711453,1.9695303149709233,1.9974733861666736
4.024218176472761,-3.2046250898183684,8.701061127917248,-2.1274900614020806,1.0190409858711453,1.9729187656559066,2.000861836851657
4.02387685256803,-3.2059978044245256,8.701068546904478,-2.1274937708956965,1.0190409858711453,1.9761889911045387,2.0041320623002887
4.023547178878008,-3.2073236440512463,8.701075691771115,-2.127497343329014,1.0190409858711453,1.979345103159944,2.0072881743556943
4.023228747657698,-3.208604251735974,8.7010825745746,-2.1275007847307577,1.0190409858711453,1.9823910869332997,2.01033415812905
4.022921394556391,-3.2098402906963743,8.701089201129774,-2.1275040980083433,1.0190409858711453,1.9853307844394978,2.0132738556352483
4.022554838401682,-3.2113124421337584,8.701095127948319,-2.127507061417616,1.0190409858711453,1.988167904605562,2.016110975801312
4.022205535482264,-3.2127172941089253,8.701102768245816,-2.1275108815663644,1.0190409858711453,1.991572448804839,2.019515520000589
4.021841706028922,-3.2141821815288614,8.701112337852386,-2.1275156663696495,1.0190409858711453,1.995657901843971,2.0236009730397213
4.021330834942702,-3.2162366710043027,8.701123342982948,-2.1275211689349307,1.0190409858711453,2.0005604454909296,2.02850351668668
4.020855664393029,-3.2181472970261247,8.701133286806074,-2.1275261408464936,1.0190409858711453,2.0050411463872897,2.03298421758304
4.020390587963424,-3.2200172889523744,8.701142973013903,-2.1275309839504084,1.0190409858711453,2.0094247738138424,2.0373678450095927
4.0198901209087925,-3.2220280984165215,8.701151914259528,-2.127535454573221,1.0190409858711453,2.013641064902308,2.0415841360980584
4.019213127279224,-3.2247461925368754,8.701162033861607,-2.1275405143742603,1.0190409858711453,2.0187006142084667,2.046643685404217
4.018634983488075,-3.2270724161740167,8.70117568233415,-2.1275473386105315,1.0190409858711453,2.0247720733758574,2.0527151445716076
4.017793240775957,-3.230454827198796,8.701191122510455,-2.127555058698684,1.0190409858711453,2.032057824376726,2.0600008955724762
4.017165303848664,-3.2329809523844473,8.701205499986933,-2.127562247436924,1.0190409858711453,2.038515324053356,2.0664583952491062
4.016499632201634,-3.2356569410120195,8.70121880202639,-2.1275688984566514,1.0190409858711453,2.044689087494484,2.0726321586902343
4.015851159790152,-3.238263582111189,8.701231553479634,-2.1275752741832736,1.0190409858711453,2.050661467410908,2.0786045386066583
4.01522473434878,-3.2407815345544146,8.701243804157368,-2.127581399522141,1.0190409858711453,2.056422056805483,2.084365128001233
4.014619095362348,-3.243215878477375,8.701255592134602,-2.127587293510758,1.0190409858711453,2.061982455050299,2.0899255262460494
4.014032683600376,-3.2455728820501397,8.701266948659478,-2.1275929717731956,1.0190409858711453,2.0673486321909085,2.0952917033866587
4.013465636222135,-3.2478519775166403,8.70127785461301,-2.127598424749962,1.0190409858711453,2.072527610348526,2.100470681544276
4.012916946841712,-3.2500572042940727,8.701288323868758,-2.127603659377835,1.0190409858711453,2.0775258625062323,2.1054689337019825
4.012385778638267,-3.252191914301868,8.701298361062769,-2.1276086779748407,1.0190409858711453,2.082349709152724,2.110292780348474
4.01187074805501,-3.254261666745604,8.701307991173477,-2.1276134930301955,1.0190409858711453,2.0870052325274964,2.1149483037232466
4.01137249559793,-3.256263933350266,8.701317247949824,-2.1276181214183687,1.0190409858711453,2.091498306908527,2.1194413781042774
4.010889888244402,-3.258203278705361,8.701326163890805,-2.127622579388859,1.0190409858711453,2.09583460056705,2.1237776717628
4.010423513284471,-3.260077360250208,8.701334745595926,-2.127626870241419,1.0190409858711453,2.1000195842351097,2.12796265543086
4.009972762928457,-3.2618886326224903,8.70134301654415,-2.1276310057155317,1.0190409858711453,2.104058537689833,2.132001608885583
4.009473401340418,-3.2638936475856526,8.701350585155156,-2.127634790021035,1.0190409858711453,2.1079565564910445,2.1358996276867948
4.008954275811049,-3.265979647850125,8.701360083302156,-2.127639539094534,1.0190409858711453,2.112634179052499,2.140577250248249
4.008386345556952,-3.2682631106161026,8.701371825051742,-2.127645409969328,1.0190409858711453,2.118247326126244,2.1461903973219942
4.007627874935767,-3.2713106065784503,8.701385438529353,-2.1276522167081335,1.0190409858711453,2.124983102614738,2.152926173810488
4.006927747613347,-3.2741234250088915,8.701397747670118,-2.1276583712785158,1.0190409858711453,2.13113929456795,2.1590823657637004
4.006240956721386,-3.2768825813617277,8.701409740455105,-2.127664367671009,1.0190409858711453,2.1371621138798007,2.165105185075551
4.00557947487026,-3.2795399982472673,8.701421229936141,-2.127670112411527,1.0190409858711453,2.1429550239337383,2.1708980951294885
4.0049380970771535,-3.2821165555134084,8.701432276029855,-2.127675635458384,1.0190409858711453,2.1485505560718385,2.1764936272675888
4.004317293764098,-3.2846103675919758,8.7014428748562,-2.1276809348715564,1.0190409858711453,2.153949689927882,2.181892761123632
4.003714916668219,-3.287030048176335,8.701453047057043,-2.1276860209719786,1.0190409858711453,2.159160704297111,2.187103775492861
4.003131416596952,-3.2893738101645313,8.701462808760176,-2.1276909018235446,1.0190409858711453,2.164189819430047,2.192132890625797
4.002566810048808,-3.291641626864359,8.701472199267428,-2.1276955970771705,1.0190409858711453,2.169043465482715,2.196986536678465
4.0020194386857195,-3.293840154748932,8.701481241699643,-2.127700118293278,1.0190409858711453,2.1737277452243156,2.201670816420066
4.001432163227487,-3.296197628453624,8.701489613571406,-2.1277043042291597,1.0190409858711453,2.1782485733293697,2.20619164452512
4.000800607064196,-3.298734253399198,8.701500013863818,-2.1277095043753653,1.0190409858711453,2.1836735670554344,2.2116166382511846
4.0000937414774365,-3.3015744784977588,8.701512776615338,-2.1277158857511256,1.0190409858711453,2.1901835595267123,2.2181266307224625
3.9991716454658937,-3.3052776751735453,8.701527589244954,-2.1277232920659337,1.0190409858711453,2.1979955504922457,2.225938621687996
3.998318731534977,-3.3087027163744005,8.70154097472214,-2.1277299848045272,1.0190409858711453,2.205135353305289,2.233078424501039
3.997481854135573,-3.3120632703224477,8.701554019072573,-2.127736506979743,1.0190409858711453,2.212120473748579,2.2400635449443294
3.9966739377614706,-3.3153074406180645,8.70156652387178,-2.127742759379346,1.0190409858711453,2.2188389509846944,2.2467820221804446
3.99588933330735,-3.3184578690081667,8.701578534445401,-2.1277487646661575,1.0190409858711453,2.225328514078846,2.253271585274596
3.99512920090712,-3.3215099006839344,8.701590036520248,-2.1277545157035807,1.0190409858711453,2.2315902991866454,2.2595333703823957
3.9943935609953236,-3.324463479877217,8.701601056066345,-2.127760025476629,1.0190409858711453,2.2376339078549585,2.2655769790507088
3.9936819047617655,-3.3273206923313343,8.70161164358623,-2.1277653192365715,1.0190409858711453,2.2434665541801793,2.2714096253759295
3.9929384067140647,-3.330304574614655,8.701621533678749,-2.1277702642828307,1.0190409858711453,2.249095695702037,2.277038766897787
3.992162940726023,-3.333418910843394,8.701634005955318,-2.1277765004211155,1.0190409858711453,2.255850665528266,2.283793736724016
3.9911606340581423,-3.337442704424734,8.701648572865137,-2.127783783876025,1.0190409858711453,2.263956629319741,2.2918997005154913
3.990235389009188,-3.3411568364700397,8.701661724714626,-2.1277903598007692,1.0190409858711453,2.271365109864093,2.299308181059843
3.989326715415703,-3.344804314892715,8.701674508763361,-2.127796751825137,1.0190409858711453,2.2786130871905153,2.3065561583862655
3.988448459639105,-3.348329598381134,8.701686769145386,-2.12780288201615,1.0190409858711453,2.285584387266267,2.3135274584620173
3.987599833449992,-3.3517358840678018,8.701698550075605,-2.1278087724812593,1.0190409858711453,2.2923181589380195,2.3202612301337697
3.9867770686312833,-3.3550382230467943,8.701709829779762,-2.127814412333338,1.0190409858711453,2.2988155811160227,2.326758652311773
3.9859268805420056,-3.3584494969413394,8.701720351317196,-2.1278196731020547,1.0190409858711453,2.3050866166627015,2.3330296878584518
3.9850135093841796,-3.362116118068017,8.70173348781257,-2.1278262413497413,1.0190409858711453,2.3126118593187166,2.340554930514467
3.983849351130027,-3.3667881653674403,8.70174890209538,-2.127833948491147,1.0190409858711453,2.321642150505934,2.3495852217016844
3.9827782733611894,-3.3710864307656827,8.701762856418274,-2.1278409256525936,1.0190409858711453,2.3298954240575243,2.3578384952532745
3.9817243229114903,-3.3753157709165906,8.701776394770388,-2.12784769482865,1.0190409858711453,2.3379698921232195,2.3659129633189697
3.9807055852582587,-3.379403641835646,8.701789315076512,-2.1278541549817134,1.0190409858711453,2.345736133283058,2.373679204478808
3.9797176222170907,-3.3833678940954437,8.701801715171639,-2.127860355029276,1.0190409858711453,2.3532377605476786,2.381180831743429
3.978713877344962,-3.387394540946075,8.701813382533759,-2.127866188710336,1.0190409858711453,2.3604760872591006,2.388419158454851
3.9776025285519268,-3.391854329267018,8.70182777568256,-2.1278733852847362,1.0190409858711453,2.369162079312807,2.3971051505085574
3.9762033821501124,-3.397467777745211,8.701844638553496,-2.1278818167202043,1.0190409858711453,2.3795852697772553,2.4075283409730055
3.974914611531338,-3.4026381522618356,8.701859930595022,-2.1278894627409675,1.0190409858711453,2.3891115896267396,2.41705466082249
3.9736471956950012,-3.4077226316189555,8.701874746606794,-2.127896870746854,1.0190409858711453,2.398431523702284,2.4263745948980344
3.9724228498490737,-3.4126340813563645,8.701888812960492,-2.1279039039237024,1.0190409858711453,2.4073956876615177,2.435338758857268
3.9712311941796976,-3.417414209540586,8.70190231846721,-2.1279106566770616,1.0190409858711453,2.416054421710217,2.443997492905967
3.970074451872756,-3.4220541343029627,8.70191527400182,-2.127917134444367,1.0190409858711453,2.424409241770045,2.4523523129657954
3.968909976631415,-3.426724227985239,8.70192746671873,-2.127923230802822,1.0190409858711453,2.432472958755939,2.460416029951689
3.967596979059482,-3.431991173792161,8.701942422237922,-2.127930708562418,1.0190409858711453,2.442149419139011,2.4700924903347614
3.9659251710330112,-3.4386958136190278,8.701959829958906,-2.127939412422909,1.0190409858711453,2.4537611715986984,2.4817042427944487
3.963762918141966,-3.447357589806966,8.701972594582665,-2.127945794734789,1.0190409858711453,2.464373782806497,2.4923168540022473
3.9619072089267973,-3.454798748157336,8.701990916072356,-2.127954955479635,1.0190409858711453,2.4771089162558546,2.505051987451605
3.9597239596086373,-3.463554041598879,8.70201321224126,-2.1279661035640864,1.0190409858711453,2.4923910763950845,2.5203341475908347
3.9570276533581263,-3.474365365633783,8.702039311274122,-2.1279791530805174,1.0190409858711453,2.5107296685621594,2.5386727397579096
3.9545345634653506,-3.4843612286350067,8.702062814704243,-2.127990904795578,1.0190409858711453,2.5274903039135603,2.5554333751093106
3.9520204150897635,-3.4944403125210943,8.702085305087982,-2.1280021499874473,1.0190409858711453,2.543887823523167,2.571830894718917
3.948961991351866,-3.506701338363997,8.702112635979294,-2.1280158154331037,1.0190409858711453,2.5635648470546943,2.5915079182504446
3.945213130048431,-3.5217280818899748,8.702143934291533,-2.128031464589223,1.0190409858711453,2.587177275292527,2.6151203464882773
3.9417862139889848,-3.5354632240095785,8.702171412173353,-2.128045203530133,1.0190409858711453,2.608505098106027,2.636448169301777
3.9383339176453336,-3.549298557904954,8.70219756069412,-2.128058277790517,1.0190409858711453,2.6293866474046297,2.65732971860038
3.934906345566166,-3.5630338663313,8.702222580803799,-2.128070787845356,1.0190409858711453,2.649882403374917,2.677825474570667
3.931471943118875,-3.576795488950581,8.702246593633914,-2.128082794260414,1.0190409858711453,2.670035132269182,2.6979782034649324
3.9280328396898962,-3.5905750309500584,8.702269721917476,-2.128094358402195,1.0190409858711453,2.6898826208075723,2.7178256920033226
3.92448818411456,-3.604776547445251,8.702292616111324,-2.1281058054991187,1.0190409858711453,2.70945075252968,2.73739382372543
3.9188370407580266,-3.627394993319629,8.70230648855957,-2.1281127417232413,1.0190409858711453,2.7287720046636124,2.7567150758593626
3.9153605258549424,-3.641321290714658,8.702326726342262,-2.128122860614588,1.0190409858711453,2.747910610277369,2.7758536814731194
3.911821633338942,-3.655496649798847,8.70234651536245,-2.1281327551246814,1.0190409858711453,2.76690859506718,2.79485166626293
3.9082388834624835,-3.669846953013534,8.702365819071302,-2.1281424069791073,1.0190409858711453,2.785750612643107,2.8136936838388573
3.9046130381507442,-3.6843690507891873,8.702384535599998,-2.128151765243456,1.0190409858711453,2.8044068458784253,2.8323499170741755
3.9009843830217616,-3.698901930699292,8.702402794994173,-2.128160894940543,1.0190409858711453,2.8228551206467913,2.8507981918425416
3.897231652761788,-3.713930937119563,8.702420880374548,-2.1281699376307306,1.0190409858711453,2.8410820478823964,2.8690251190781466
3.893529971323442,-3.7287549014140673,8.70243811891567,-2.1281785569012914,1.0190409858711453,2.8590994135468213,2.8870424847425715
3.8898564972486622,-3.7434655367829572,8.70245485798544,-2.128186926436177,1.0190409858711453,2.8769048442436356,2.904847915439386
3.8862109940645797,-3.7580638627716065,8.70247117123776,-2.128195083062336,1.0190409858711453,2.8944730693006724,2.9224161404964226
3.8825758992488764,-3.7726201238977546,8.702487053101095,-2.128203023994004,1.0190409858711453,2.9117959331906964,2.9397390043864466
3.878857107113174,-3.7875116623230283,8.702503422983558,-2.128211208935235,1.0190409858711453,2.928870388680088,2.956813459875838
3.8750661229870786,-3.8026909368550723,8.702518761011222,-2.1282188779490676,1.0190409858711453,2.9457122843724663,2.9736553555682166
3.864610802578265,-3.8445097904939,8.702516333014794,-2.1282176639508537,1.0190409858711453,2.9623373759434766,2.990280447139227
3.860566488066802,-3.8606984963807465,8.702527780855789,-2.1282233878713512,1.0190409858711453,2.9786977358824305,3.0066408070781807
3.857864018767268,-3.8715140664655388,8.702533473742443,-2.128226234314678,1.0190409858711453,2.9885139518458037,3.016457023041554
3.8561494650607706,-3.8783754827159322,8.702536675166849,-2.1282278350268813,1.0190409858711453,2.9944036814238273,3.0223467526195775
3.8556312377549276,-3.8804493364390145,8.702537619666558,-2.1282283072767356,1.0190409858711453,2.996170600297234,3.024113671492984
3.8553310840704107,-3.88165050689917,8.702538175388648,-2.1282285851377805,1.0190409858711453,2.997230751621278,3.0251738228170284
3.8553407762329455,-3.8816117751523485,8.702538212291962,-2.1282286035894384,1.0190409858711453,2.9972345681660446,3.025177639361795
3.8553065414201972,-3.8817487089321916,8.702538206820813,-2.1282286008538636,1.0190409858711453,2.9972376214018577,3.025180692597608
3.855312814928013,-3.8817236151752175,8.702538207095103,-2.1282286009910076,1.0190409858711453,2.997240674637671,3.0251837458334214
3.85531478291905,-3.881715744290266,8.7025382081743,-2.1282286015306067,1.0190409858711453,2.9972437278734843,3.0251867990692345
3.8553153186579574,-3.8817136026841217,8.702538209523786,-2.128228602205349,1.0190409858711453,2.9972467811092973,3.0251898523050476
3.8553099676851725,-3.8817350068598206,8.702538209808344,-2.1282286023476282,1.0190409858711453,2.9972504449922734,3.0251935161880237
3.8553691386937126,-3.881498339975148,8.702538226957833,-2.1282286109223727,1.0190409858711453,2.9972548416518445,3.0251979128475948
3.8553008195903002,-3.8817716089513725,8.702538219520408,-2.1282286072036607,1.0190409858711453,2.997257479647587,3.025200550843337
3.855324787141914,-3.8816757411443055,8.702538221919793,-2.1282286084033535,1.0190409858711453,2.9972579544868205,3.0252010256825708
3.855500564119453,-3.8809726380100855,8.702538226695733,-2.128228610791323,1.0190409858711453,2.9972579544868205,3.0252010256825708
3.8553372277219147,-3.88162597927805,8.702538222373542,-2.128228608630228,1.0190409858711453,2.9972579544868205,3.0252010256825708
3.8554124152426232,-3.8813252312073394,8.702538224385666,-2.12822860963629,1.0190409858711453,2.9972579544868205,3.0252010256825708
