# Evolutionary track for a 1.1102 Msun sequence with He atmosphere.
# log Teff [K], log L/Lsun, log g [cm/s^2], log radius [Rsun], mass [Msun], cooling age [Gyr], total age [Gyr]
5.639258464706092,3.978654858203489,8.015158481465686,-1.7659306638578132,1.1102168139814859,0.0,0.022447516661152862
5.6390504588360795,3.9533315149665356,8.03964980122259,-1.7781763237362644,1.1102168139814859,1.2587407353892922e-07,0.0224476425352264
5.639774921045756,3.930779428209291,8.065099736818542,-1.7909012915342404,1.1102168139814859,2.7692296177893877e-07,0.022447793584114643
5.640601875024534,3.905927668174234,8.09325931276871,-1.804981079509325,1.1102168139814859,4.5818162766471505e-07,0.02244797484278053
5.641092692272282,3.876375433424157,8.124774816509781,-1.82073883137986,1.1102168139814859,6.756920267343521e-07,0.022448192353179595
5.640877442386272,3.840470347619025,8.159818902770871,-1.8382608745104052,1.1102168139814859,9.367045056149364e-07,0.022448453365658476
5.639568410818042,3.7968461249979386,8.198206999119039,-1.857454922684489,1.1102168139814859,1.2499194802753628e-06,0.022448766580633137
5.636863549084141,3.7460973571656915,8.238136320015677,-1.8774195831328087,1.1102168139814859,1.6133228631690145e-06,0.02244912998401603
5.632620621819058,3.689176139052754,8.278085829068287,-1.8973943376591131,1.1102168139814859,2.0259465176910163e-06,0.022449542607670552
5.626772073447593,3.6265410054964344,8.317326769138747,-1.9170148076943432,1.1102168139814859,2.4933199731744827e-06,0.022450009981126038
5.619269612530563,3.5583370111478185,8.355520919819245,-1.936111883034592,1.1102168139814859,3.025971054852009e-06,0.022450542632207714
5.610069610435282,3.484578278282369,8.392479644303569,-1.954591245276754,1.1102168139814859,3.6384745468460023e-06,0.02245115513569971
5.599128641722554,3.405243395855993,8.42805065187903,-1.9723767490644846,1.1102168139814859,4.3493758140467104e-06,0.02245186603696691
5.587741822205662,3.3291482790054316,8.458598490662025,-1.9876506684559823,1.1102168139814859,5.08570629049465e-06,0.022452602367443356
5.57715783424413,3.262613659086655,8.482797158734675,-1.999750002492307,1.1102168139814859,5.776572116140276e-06,0.022453293233269004
5.5757086691416715,3.2538842992691093,8.485729858142387,-2.0012163521961632,1.1102168139814859,5.8658536726385355e-06,0.0224533825148255
5.574267318425142,3.2452466750962845,8.488602079449091,-2.002652462849515,1.1102168139814859,5.955135229136795e-06,0.022453471796381998
5.573546081196805,3.2409447578130925,8.490019047818937,-2.0033609470344373,1.1102168139814859,5.999776007384062e-06,0.022453516437160245
5.572827369075667,3.2366676642221996,8.491421292925276,-2.004062069587608,1.1102168139814859,6.044416785631329e-06,0.022453561077938493
5.572111304696035,3.232415634950418,8.492809064678532,-2.0047559554642356,1.1102168139814859,6.089057563882321e-06,0.022453605718716744
5.571256438509249,3.2273506251933064,8.494454609688498,-2.005578727969219,1.1102168139814859,6.142626497782767e-06,0.022453659287650644
5.570238192361554,3.2213287343744303,8.496403515916597,-2.006553181083268,1.1102168139814859,6.206909218460322e-06,0.02245372357037132
5.569869568179354,3.2191576974647886,8.497100056097434,-2.0069014511736865,1.1102168139814859,6.230050997905433e-06,0.02245374671215077
5.569501122983354,3.216990745029688,8.497793227748536,-2.0072480369992376,1.1102168139814859,6.253192777350545e-06,0.022453769853930213
5.569133679279405,3.2148332325980578,8.498480965364369,-2.0075919058071543,1.1102168139814859,6.276334556795657e-06,0.022453792995709657
5.568768658200325,3.212688808860795,8.499165304785311,-2.0079340755176247,1.1102168139814859,6.299476336240768e-06,0.0224538161374891
5.568404739498653,3.2105529638802035,8.499845474959214,-2.008274160604577,1.1102168139814859,6.32261811568588e-06,0.02245383927926855
5.567969796316403,3.2080009802015907,8.500657685908827,-2.0086802660793834,1.1102168139814859,6.350388251017779e-06,0.02245386704940388
5.567446820276828,3.2049405255057852,8.501626236446336,-2.009164541348137,1.1102168139814859,6.383712413419038e-06,0.02245390037356628
5.566822997144403,3.201293432004211,8.502778037418208,-2.009740441834073,1.1102168139814859,6.4237014083005485e-06,0.022453940362561164
5.566078938589527,3.196950472964635,8.50414476223828,-2.01042380424411,1.1102168139814859,6.471688202153891e-06,0.022453988349355015
5.565191125634406,3.191778231933353,8.50576575144908,-2.0112342988495095,1.1102168139814859,6.529272354785353e-06,0.02245404593350765
5.564131860493639,3.185623272345508,8.507683650473853,-2.0121932483618963,1.1102168139814859,6.598373337935657e-06,0.0224541150344908
5.562870241185675,3.178313346877202,8.509947098710308,-2.013324972480124,1.1102168139814859,6.681294517721981e-06,0.022454197955670583
5.561747307703352,3.1718303628121545,8.51193834884606,-2.0143205975479996,1.1102168139814859,6.755458219956607e-06,0.022454272119372818
5.560695274943811,3.165774581969349,8.5137859986507,-2.0152444224503197,1.1102168139814859,6.8253080642111595e-06,0.022454341969217074
5.559677783912598,3.1599343180651718,8.51555629843003,-2.0161295723399837,1.1102168139814859,6.893208414562047e-06,0.022454409869567423
5.558677311366611,3.1542064980772015,8.51728222823405,-2.016992537241995,1.1102168139814859,6.9603326591663065e-06,0.022454476993812027
5.557685468925161,3.148543140160577,8.518978216384875,-2.0178405313174075,1.1102168139814859,7.027217550698668e-06,0.02245454387870356
5.557328096066182,3.146507469127539,8.519584395981996,-2.0181436211159673,1.1102168139814859,7.051296111650765e-06,0.022454567957264512
5.556971194380418,3.1444770610084753,8.520187197358009,-2.018445021803974,1.1102168139814859,7.0753746725991366e-06,0.02245459203582546
5.556615303708411,3.1424531306930272,8.520787564985426,-2.0187452056176824,1.1102168139814859,7.099453233551234e-06,0.022454616114386414
5.556259829728296,3.1404342225526527,8.521384577205339,-2.0190437117276394,1.1102168139814859,7.123531794503331e-06,0.022454640192947364
5.555905379818719,3.138421753435078,8.521979246684603,-2.019341046467271,1.1102168139814859,7.147610355451703e-06,0.022454664271508315
5.555480676823917,3.1360140551727542,8.522688132967719,-2.0196954896088295,1.1102168139814859,7.1765046285949645e-06,0.022454693165781456
5.55497269751636,3.1331369705844616,8.523533300325786,-2.0201180732878625,1.1102168139814859,7.2111777563616635e-06,0.022454727838909224
5.554365455047514,3.129701690774264,8.5245396102606,-2.02062122825527,1.1102168139814859,7.252785509686917e-06,0.02245476944666255
5.553639863873234,3.1256033551769313,8.525735581160811,-2.021219213705375,1.1102168139814859,7.302714813675731e-06,0.022454819375966537
5.552773974274348,3.1207203439293734,8.527155034012825,-2.0219289401313825,1.1102168139814859,7.362629978459329e-06,0.02245487929113132
5.551741292283676,3.1149091477149367,8.528835502264576,-2.0227691742572573,1.1102168139814859,7.434528176199645e-06,0.02245495118932906
5.550511446070524,3.108004687683085,8.53082057744382,-2.023761711846879,1.1102168139814859,7.520806013491004e-06,0.02245503746716635
5.549428506266008,3.101943153310253,8.532550352598587,-2.024626599424263,1.1102168139814859,7.597150510478765e-06,0.02245511381166334
5.54841426437181,3.096279964095657,8.534156574236391,-2.0254297102431646,1.1102168139814859,7.669024168405682e-06,0.022455185685321268
5.547430994425026,3.090802192679611,8.535701265865303,-2.0262020560576213,1.1102168139814859,7.739063251920044e-06,0.022455255724404783
5.546462576242445,3.0854192964901865,8.537210489324401,-2.02695666778717,1.1102168139814859,7.80839105772227e-06,0.022455325052210585
5.545503238804142,3.0800984647291942,8.538693971332185,-2.0276984087910614,1.1102168139814859,7.877415122680365e-06,0.02245539407627554
5.544359752153359,3.073770285581989,8.540448203876258,-2.0285755250630984,1.1102168139814859,7.960244000632316e-06,0.022455476905153496
5.543674619545765,3.0699891356704487,8.54148882335742,-2.02909583480368,1.1102168139814859,8.009941327400506e-06,0.022455526602480264
5.542856423684861,3.065480562231461,8.54272461335279,-2.0297137298013648,1.1102168139814859,8.069578119523823e-06,0.022455586239272386
5.541880393315829,3.060111286855895,8.544189767252227,-2.030446306751083,1.1102168139814859,8.141142270073295e-06,0.022455657803422936
5.54071695183952,3.0537251148556352,8.545922173347252,-2.031312509798596,1.1102168139814859,8.227019250731915e-06,0.022455743680403595
5.539674385255115,3.0480156658309747,8.547461356034292,-2.032082101142115,1.1102168139814859,8.304377482641488e-06,0.022455821038635502
5.5386887928242245,3.042630934058191,8.548903718083514,-2.032803282166727,1.1102168139814859,8.377846773456783e-06,0.02245589450792632
5.537729942074863,3.0374029984152418,8.550296250729021,-2.0334995484894796,1.1102168139814859,8.449673984773457e-06,0.022455966335137634
5.537384375381289,3.035523059799034,8.55079392257093,-2.0337483844104343,1.1102168139814859,8.475531780850142e-06,0.02245599219293371
5.537039451857816,3.0336479302776187,8.551289357998451,-2.0339961021241955,1.1102168139814859,8.501389576923102e-06,0.022456018050729786
5.536695285363681,3.0317778689594572,8.551782753340074,-2.034242799795006,1.1102168139814859,8.527247372996061e-06,0.022456043908525857
5.536351613647543,3.0299121844407,8.55227375099428,-2.03448829862211,1.1102168139814859,8.553105169069021e-06,0.02245606976632193
5.5360089146958575,3.028052001991468,8.552763137636774,-2.034732991943356,1.1102168139814859,8.578962965141981e-06,0.022456095624118003
5.5355982866541185,3.0258257505580968,8.553346876903188,-2.035024861576563,1.1102168139814859,8.609992320433259e-06,0.022456126653473296
5.535107096215792,3.0231644825597783,8.5540433831482,-2.035373114699069,1.1102168139814859,8.647227546781302e-06,0.022456163888699643
5.534519543282447,3.019984679555275,8.554872974419322,-2.0357879103346304,1.1102168139814859,8.691909818395973e-06,0.022456208570971258
5.533817427613554,3.016189275086589,8.555859916212436,-2.0362813812311873,1.1102168139814859,8.745528544332833e-06,0.022456262189697193
5.532978925605331,3.0116632828888408,8.557031900377293,-2.036867373313616,1.1102168139814859,8.809871015463024e-06,0.022456326532168325
5.531978891324224,3.006273325585186,8.558421720556517,-2.0375622834032283,1.1102168139814859,8.88708198081702e-06,0.02245640374313368
5.5307868983942,2.9998619254281005,8.560065148993505,-2.038383997621722,1.1102168139814859,8.97973513923958e-06,0.022456496396292103
5.5297421214577485,2.9942552261407367,8.561492740535066,-2.0390977933925023,1.1102168139814859,9.06133865948394e-06,0.022456577999812346
5.528753239019129,2.9889591666960937,8.562833270225234,-2.0397680582375863,1.1102168139814859,9.138951884541661e-06,0.022456655613037405
5.527789039779552,2.983804815890513,8.564130824072507,-2.040416835161223,1.1102168139814859,9.215001502588392e-06,0.022456731662655452
5.5268476084546725,2.978781635003707,8.565388279659789,-2.0410455629548645,1.1102168139814859,9.289599358983338e-06,0.022456806260511844
5.525918177959278,2.973830827630153,8.56662136505177,-2.0416621056508544,1.1102168139814859,9.363604214195161e-06,0.022456880265367057
5.5248099045884596,2.9679375706219164,8.568081528576728,-2.0423921874133333,1.1102168139814859,9.45241004044935e-06,0.022456969071193312
5.524146102335504,2.9644148771423566,8.568949013044463,-2.0428259296472016,1.1102168139814859,9.505693536203355e-06,0.022457022354689066
5.523353047096411,2.9602117241288513,8.569979945101602,-2.043341395675771,1.1102168139814859,9.569633731104433e-06,0.022457086294883966
5.52240675556947,2.9552028302149616,8.571203672907727,-2.0439532595788332,1.1102168139814859,9.64636196499318e-06,0.022457163023117854
5.521278517942503,2.9492408349607926,8.572652717654027,-2.044677781951983,1.1102168139814859,9.738435845654458e-06,0.022457255096998516
5.5202666625867645,2.943904295202022,8.573941835989844,-2.045322341119891,1.1102168139814859,9.82140983235836e-06,0.02245733807098522
5.519308958843491,2.9388624887078527,8.575152827510921,-2.04592783688043,1.1102168139814859,9.900308041017502e-06,0.02245741696919388
5.51837501066454,2.9339542708910855,8.576325252611884,-2.0465140494309115,1.1102168139814859,9.977600774548947e-06,0.022457494261927412
5.517452143092513,2.9291117348679645,8.5774763183469,-2.0470895822984194,1.1102168139814859,1.0054341577485203e-05,0.022457571002730346
5.516535029076877,2.9243071014585227,8.578612495693795,-2.0476576709718675,1.1102168139814859,1.0130952794782817e-05,0.022457647613947643
5.5154414373594545,2.9185863407328636,8.579958889549761,-2.04833086789985,1.1102168139814859,1.0222886255536228e-05,0.022457739547408397
5.5151129947622834,2.9168714307863697,8.580360029107574,-2.048531437678756,1.1102168139814859,1.0250466293759644e-05,0.022457767127446623
5.51471964990469,2.914819070176764,8.580839010286807,-2.048770928268373,1.1102168139814859,1.0283562339633703e-05,0.022457800223492495
5.514249131475558,2.912364989642182,8.581411017104857,-2.049056931677398,1.1102168139814859,1.0323277594678104e-05,0.022457839938747542
5.513686021190488,2.909431008257624,8.582092557349139,-2.0493977017995384,1.1102168139814859,1.0370935900732874e-05,0.022457887597053593
5.513012974539148,2.9059270958010317,8.582904283200367,-2.049803564725153,1.1102168139814859,1.0428125867996365e-05,0.02245794478702086
5.512209140053575,2.9017464419789474,8.583869599080161,-2.0502862226650502,1.1102168139814859,1.0496753828715533e-05,0.02245801341498158
5.511249704789415,2.8967631251096084,8.585015174892858,-2.050859010571399,1.1102168139814859,1.057910738157481e-05,0.02245809576853444
5.510105848911573,2.8908308232377515,8.58637205325335,-2.0515374497516436,1.1102168139814859,1.0677931645005941e-05,0.022458194592797867
5.508743655267673,2.883778959198517,8.587975142716985,-2.0523389944834625,1.1102168139814859,1.0796520761128515e-05,0.02245831318191399
5.507123677162291,2.875410517345674,8.589863672148295,-2.0532832591991172,1.1102168139814859,1.0938827700473369e-05,0.022458455488853335
5.505200228330955,2.865499304419223,8.592081089749408,-2.054391967999674,1.1102168139814859,1.1109596027687191e-05,0.02245862625718055
5.502919881307397,2.853787055291286,8.59467195078311,-2.0556873985165245,1.1102168139814859,1.1314518020343035e-05,0.022458831179173206
5.500222737371319,2.8399825108656658,8.597687919464418,-2.0571953828571785,1.1102168139814859,1.1560424411531538e-05,0.022459077085564393
5.497040109725446,2.823758445452657,8.601181474293934,-2.0589421602719367,1.1102168139814859,1.1855512080956251e-05,0.022459372173233818
5.493292527779069,2.8047507574054973,8.605198834555585,-2.0609508404027626,1.1102168139814859,1.220961728426814e-05,0.02245972627843713
5.488893369753109,2.7825615968593156,8.60979136299793,-2.0632471046239345,1.1102168139814859,1.2634543528240175e-05,0.022460151204681103
5.483745925823112,2.756759539963462,8.615003644173795,-2.0658532452118674,1.1102168139814859,1.314445502100885e-05,0.022460661116173872
5.477742188466622,2.7268772842792703,8.620870950432026,-2.0687868983409827,1.1102168139814859,1.3756348812326789e-05,0.02246127300996519
5.470766241703887,2.6924308032986537,8.627413644361702,-2.0720582453058207,1.1102168139814859,1.4490621361911297e-05,0.022462007282514775
5.462692508394828,2.6529128665047494,8.634636647919372,-2.075669747084655,1.1102168139814859,1.5371748421415688e-05,0.022462888409574278
5.45338584528128,2.6078008141463336,8.642522047823592,-2.0796124470367654,1.1102168139814859,1.642910089281574e-05,0.02246394576204568
5.442718281683378,2.556556281805433,8.651096325772889,-2.0838995860114133,1.1102168139814859,1.7697923858497293e-05,0.02246521458501136
5.4304991902421005,2.498626645960278,8.660149595852932,-2.0884262210514355,1.1102168139814859,1.9220511417318134e-05,0.02246673717257018
5.419951496864153,2.4491843317441044,8.667401136557315,-2.092051991403627,1.1102168139814859,2.0582004962839185e-05,0.0224680986661157
5.410137367942471,2.4035717854505174,8.673757167164174,-2.0952300067070566,1.1102168139814859,2.189605203127116e-05,0.022469412713184134
5.398903240584493,2.351748177425444,8.680644265757333,-2.0986735560036367,1.1102168139814859,2.3472908513389528e-05,0.022470989569666252
5.386134143017479,2.2932987043259554,8.688017348588765,-2.1023600974193526,1.1102168139814859,2.5365136291932315e-05,0.022472881797444794
5.375446757640512,2.2447520194342125,8.693814491972645,-2.1052586691112922,1.1102168139814859,2.701714319824055e-05,0.0224745338043511
5.36564659040906,2.2004946777660868,8.69887116471496,-2.1077870054824497,1.1102168139814859,2.859838855011016e-05,0.022476115049702972
5.354508155535809,2.1504420808311444,8.7043700221569,-2.1105364342034187,1.1102168139814859,3.049588297234848e-05,0.02247801254412521
5.341957906763048,2.094337760395111,8.71027334750189,-2.113488096875914,1.1102168139814859,3.2772876279041174e-05,0.0224802895374319
5.331474867133465,2.047721107626331,8.714957841752337,-2.115830344001138,1.1102168139814859,3.4773680049110205e-05,0.02248229034120197
5.321852335605423,2.0051047553758923,8.719084067890611,-2.117893457070275,1.1102168139814859,3.6703260256119075e-05,0.02248421992140898
5.310955693559584,1.9570237986758225,8.72357845640732,-2.12014065132863,1.1102168139814859,3.9018756504535676e-05,0.022486535417657397
5.298704879079317,1.9031713712294904,8.728427625932586,-2.122565236091262,1.1102168139814859,4.1797352002635597e-05,0.022489314013155497
5.288335691225216,1.857787194040887,8.732335051704784,-2.1245189489773613,1.1102168139814859,4.4267203306332234e-05,0.022491783864459193
5.27873332731564,1.815902959412596,8.735809830694771,-2.1262563384723556,1.1102168139814859,4.6663192291434854e-05,0.022494179853444297
5.267799508706116,1.7683604720966462,8.739617043572624,-2.128159944911282,1.1102168139814859,4.953837907355651e-05,0.022497055040226418
5.255393730002068,1.7146089728315073,8.743745428021574,-2.1302241371357566,1.1102168139814859,5.2988603212106975e-05,0.022500505264364968
5.244876359343615,1.6692059820851934,8.747078936134075,-2.1318908911920067,1.1102168139814859,5.604323599868268e-05,0.022503559897151543
5.235135082857793,1.627276923745489,8.750042888530494,-2.133372867390216,1.1102168139814859,5.898970357961208e-05,0.022506506364732472
5.223992815106975,1.5794441153115397,8.75330662596117,-2.1350047361055546,1.1102168139814859,6.252546467672288e-05,0.022510042125829584
5.211333803483036,1.525255818876612,8.756858875900344,-2.1367808610751418,1.1102168139814859,6.676837799325959e-05,0.022514285039146122
5.200726604581178,1.4799796874913218,8.759706211678202,-2.1382045289640703,1.1102168139814859,7.048829518325255e-05,0.022518004956336116
5.190984398208281,1.4384876497863601,8.762229423891574,-2.139466135070757,1.1102168139814859,7.405954539305716e-05,0.02252157620654592
5.1799028578905535,1.391383165153647,8.765007747253375,-2.140855296751657,1.1102168139814859,7.834504564482346e-05,0.022525861706797684
5.16740476203526,1.3383676722018383,8.76803085678401,-2.1423668515169747,1.1102168139814859,8.348764594694227e-05,0.022531004307099804
5.156958941853772,1.294150561442303,8.770464686817592,-2.1435837665337654,1.1102168139814859,8.801696835208312e-05,0.022535533629504945
5.1473698082888,1.253626547035083,8.772632166964925,-2.1446675066074317,1.1102168139814859,9.2390957701426e-05,0.02253990761885429
5.136528304837549,1.2078748544306863,8.775017845764316,-2.1458603460071277,1.1102168139814859,9.763974492063745e-05,0.022545156406073498
5.124366074077685,1.1566296192850505,8.777614157870495,-2.147158502060217,1.1102168139814859,0.00010393828958368674,0.022551454950736547
5.114120851289932,1.1135334396964773,8.779729446308059,-2.148216146278999,1.1102168139814859,0.00010955424869032204,0.022557070909843185
5.104666288678627,1.0738154777826947,8.781629157776623,-2.149166002013281,1.1102168139814859,0.00011502436862256005,0.022562541029775424
5.093998849674035,1.0290562742991984,8.783718605241749,-2.150210725745844,1.1102168139814859,0.00012158851254124567,0.022569105173694107
5.082039920614088,0.978945364101007,8.785993799200154,-2.1513483227250467,1.1102168139814859,0.00012946548524365946,0.022576982146396522
5.071894646423894,0.9364912826281769,8.787866783912209,-2.152284815081074,1.1102168139814859,0.00013654705551358686,0.02258406371666645
5.062487429288669,0.8971720346466637,8.789557163352818,-2.1531300048013784,1.1102168139814859,0.00014347652377416937,0.022590993184927032
5.051861172214648,0.8528034675418606,8.791420702161538,-2.1540617742057386,1.1102168139814859,0.00015179188568687066,0.02259930854683973
5.039929574455077,0.803044359678962,8.793453418986156,-2.1550781326180477,1.1102168139814859,0.00016177031998210772,0.02260928698113497
5.029774891811763,0.7607478107829888,8.795131237308873,-2.155917041779406,1.1102168139814859,0.0001707549636743404,0.022618271624827203
5.020338787506286,0.7214914667230378,8.796643164146914,-2.1566730051984266,1.1102168139814859,0.00017954623841573298,0.022627062899568597
5.009678778305881,0.6771732841580724,8.798321309910259,-2.157512078080099,1.1102168139814859,0.0001900957681054026,0.022637612429258266
4.997682579070298,0.6273637852201066,8.800146011905895,-2.1584244290779164,1.1102168139814859,0.0002027552037330009,0.022650271864885864
4.987512614031276,0.5851740212902194,8.801655915679694,-2.159179380964816,1.1102168139814859,0.00021412944663171842,0.02266164610778458
4.978082284016731,0.5460935088614641,8.803015108050266,-2.1598589771501024,1.1102168139814859,0.00022524565545567124,0.022672762316608534
4.96743722023384,0.5020163729876668,8.804511988792504,-2.1606074175212213,1.1102168139814859,0.0002385851060444154,0.022686101767197278
4.955515659778038,0.45270020980828396,8.806141910148675,-2.1614223781993074,1.1102168139814859,0.0002545924467509091,0.02270210910790377
4.945418367082987,0.4109704317557506,8.807482517421006,-2.162092681835473,1.1102168139814859,0.0002690022159482874,0.02271651887710115
4.936081112853064,0.37241167213375154,8.808692260123314,-2.162697553186627,1.1102168139814859,0.0002831256358528547,0.022730642297005717
4.925599489827813,0.3291560768650307,8.81002136329103,-2.1633621047704845,1.1102168139814859,0.000300073739738334,0.022747590400891197
4.913945178723574,0.281094570039841,8.811465625699263,-2.164084235974601,1.1102168139814859,0.00032041146440091355,0.022767928125553775
4.904049822107521,0.240311352694474,8.81266741658042,-2.164685131415179,1.1102168139814859,0.0003388948156464063,0.02278641147679927
4.8931043175324405,0.1949741126177522,8.814222638356819,-2.1654627423033785,1.1102168139814859,0.00036107483714099603,0.022808591498293857
4.88102456030922,0.14515008397074627,8.815727638110943,-2.1662152421804413,1.1102168139814859,0.00038769086293450743,0.02283520752408737
4.872011435830891,0.10800929448764252,8.81681592968073,-2.1667593879653353,1.1102168139814859,0.0004089836835693121,0.022856500344722173
4.861999479258359,0.06677889400629647,8.81799850387195,-2.167350675060945,1.1102168139814859,0.00043453506833108515,0.022882051729483946
4.850990772707721,0.021480019302465368,8.819262552373226,-2.1679826993115827,1.1102168139814859,0.0004651967300452068,0.022912713391198068
4.841528078682837,-0.017430817551897168,8.820322613128056,-2.168512729688998,1.1102168139814859,0.0004937882568439841,0.022941304917996848
4.831144904447275,-0.06009681034795096,8.821455908981859,-2.169079377615899,1.1102168139814859,0.0005280980890025198,0.02297561475015538
4.819902879029437,-0.10626274076319095,8.822653737725748,-2.169678291987844,1.1102168139814859,0.0005692698875927552,0.023016786548745616
4.81046437372269,-0.14499065411930653,8.823627629854874,-2.170165238052407,1.1102168139814859,0.0006071152135434523,0.023054631874696314
4.8002540563232206,-0.18686265414081601,8.824658360278507,-2.1706806032642225,1.1102168139814859,0.0006525296046842858,0.023100046265837147
4.789350620750039,-0.23155086394598878,8.82573282779095,-2.1712178370204454,1.1102168139814859,0.0007070268740532882,0.02315454353520615
4.780212864825607,-0.268981070231837,8.826612010379074,-2.1716574283145067,1.1102168139814859,0.0007577177198317386,0.0232052343809846
4.770456163070414,-0.308928534094669,8.827532667221133,-2.1721177567355356,1.1102168139814859,0.0008185467347658873,0.02326606339591875
4.76020548710575,-0.3508817658213231,8.828483195089131,-2.172593020669535,1.1102168139814859,0.0008915415526868589,0.02333905821383972
4.749615526635736,-0.39420768848534504,8.829449275873099,-2.173076061061519,1.1102168139814859,0.0009791353341920264,0.02342665199534489
4.740938133269899,-0.4296954498144593,8.830227463738863,-2.173465154994401,1.1102168139814859,0.0010611264373071045,0.023508643098459965
4.732001108599196,-0.4662385105888832,8.831022425830474,-2.1738626360402065,1.1102168139814859,0.001159515761045199,0.02360703242219806
4.7228748416511355,-0.5035519377367583,8.831830785186108,-2.1742668157180236,1.1102168139814859,0.0012775829495309144,0.023725099610683777
4.713866210954726,-0.5403832507563671,8.832627575420082,-2.17466521083501,1.1102168139814859,0.0014192635757137686,0.02386678023686663
4.705062301599215,-0.5763825087066871,8.833411195948353,-2.175057021099146,1.1102168139814859,0.0015892803271331973,0.02403679698828606
4.696540497666346,-0.6112337258396748,8.83417519734987,-2.1754390217999044,1.1102168139814859,0.0017933004288365132,0.024240817089989375
4.688287441663917,-0.6449925080045945,8.834921755505071,-2.175812300877505,1.1102168139814859,0.002038124550880488,0.02448564121203335
4.680628259598914,-0.6763375534502961,8.83563007269076,-2.1761664594703496,1.1102168139814859,0.0023319134973332585,0.02477943015848612
4.6736556685066315,-0.7048958559921318,8.836298010863464,-2.176500428556702,1.1102168139814859,0.0026844602330765837,0.025131976894229444
4.667087163090311,-0.7318142579668824,8.836942391172935,-2.1768226187114372,1.1102168139814859,0.003107516315968573,0.025555032977121434
4.661164967376997,-0.7561120369676941,8.837551387320488,-2.177127116785214,1.1102168139814859,0.0036151836154389642,0.026062700276591827
4.656542093639985,-0.7750836347540693,8.838031490158814,-2.1773671682043765,1.1102168139814859,0.004093241033764779,0.026540757694917642
4.651921478064605,-0.7940598096681049,8.838525202771338,-2.177614024510638,1.1102168139814859,0.004666909935755763,0.027114426596908624
4.647310959877728,-0.8130031532724294,8.839026473628149,-2.1778646599390443,1.1102168139814859,0.005355312618144937,0.027802829279297798
4.6425194324862895,-0.8326939533866895,8.839551164176656,-2.1781270052132977,1.1102168139814859,0.006181395837011949,0.02862891249816481
4.638319679534628,-0.8500166094347688,8.840074808418088,-2.178388827334013,1.1102168139814859,0.007172695699652363,0.029620212360805226
4.633382849240573,-0.870369719221057,8.840680597028161,-2.1786917216390496,1.1102168139814859,0.008362255534820858,0.03080977219597372
4.627826719015203,-0.8932788861387275,8.841365243044349,-2.179034044647144,1.1102168139814859,0.009789727337023053,0.032237243998175916
4.624546194304617,-0.906876693509528,8.841840951572804,-2.179271898911372,1.1102168139814859,0.010977372379809636,0.0334248890409625
4.620932768352075,-0.9218178543910138,8.84232840864412,-2.1795156274470298,1.1102168139814859,0.01210854276897034,0.0345560594301232
4.617362053979106,-0.936634757772718,8.842862454533948,-2.1797826503919437,1.1102168139814859,0.013465947235963189,0.03591346389711605
4.61289229926498,-0.9551284319223199,8.84347710982705,-2.1800899780384944,1.1102168139814859,0.015094832596354597,0.037542349257507455
4.608458345719908,-0.9735338999931867,8.84414676371763,-2.1804248049837844,1.1102168139814859,0.01704949502882429,0.03949701168997716
4.602472730431463,-0.9982626776741703,8.844933080244834,-2.1808179632473865,1.1102168139814859,0.019395089947787932,0.0418426066089408
4.597408941548051,-1.0193006953532873,8.845715942390298,-2.1812093943201183,1.1102168139814859,0.02212913104216527,0.04457664770331814
4.591085958301154,-1.0454474468514041,8.846570760900825,-2.1816368035753824,1.1102168139814859,0.025243281663017453,0.047690798324170315
4.585646927845817,-1.0678877903727968,8.847254982600873,-2.181978914425406,1.1102168139814859,0.027781419425441302,0.050228936086594164
4.58123195843725,-1.0861524273614374,8.847859741955245,-2.1822812941025926,1.1102168139814859,0.030326890082062186,0.05277440674321505
4.575268478420689,-1.1107415865727952,8.848594981100362,-2.1826489136751506,1.1102168139814859,0.03338145487000724,0.0558289715311601
4.570051981406414,-1.1323567237461225,8.849344130216586,-2.183023488233263,1.1102168139814859,0.03704693261554131,0.05949444927669417
4.563725460520427,-1.1583796041696686,8.850060927096186,-2.1833818866730628,1.1102168139814859,0.04021778797248584,0.0626653046336387
4.559190960165638,-1.1770969200926678,8.850640241600026,-2.1836715439249823,1.1102168139814859,0.043185611142768025,0.06563312780392089
4.553612911890046,-1.2001026301968536,8.851333758601847,-2.184018302425893,1.1102168139814859,0.046746998947106634,0.0691945156082595
4.546275264748696,-1.2302723256544486,8.852152865494043,-2.184427855871991,1.1102168139814859,0.05102066431231298,0.07346818097346584
4.539664132080734,-1.257542403173584,8.85297841234133,-2.1848406292956346,1.1102168139814859,0.05577615112923762,0.07822366779039047
4.530797730925256,-1.2940122767480728,8.853982681293907,-2.1853427637719234,1.1102168139814859,0.06148273530954716,0.08393025197070003
4.525458597625403,-1.316084507682771,8.854698379029191,-2.1857006126395646,1.1102168139814859,0.06605608233645521,0.08850359899760808
4.51705340345826,-1.3506315518243097,8.855624646502157,-2.1861637463760486,1.1102168139814859,0.07154409876874489,0.09399161542989776
4.5098667796956615,-1.3802913387056455,8.8565379383331,-2.1866203922915197,1.1102168139814859,0.07783104452411213,0.100278561185265
4.503549208472413,-1.4063290116377865,8.85730532637225,-2.1870040863110947,1.1102168139814859,0.08314344465522182,0.10559096131637467
4.497647535452852,-1.4306530543279379,8.85802267698415,-2.187362761617045,1.1102168139814859,0.08836761992122576,0.11081513658237863
4.492262810719893,-1.45286299449816,8.858693718222538,-2.187698282236239,1.1102168139814859,0.09463663024043054,0.11708414690158339
4.484785716420205,-1.4833948223020306,8.85931716882766,-2.1880100075388,1.1102168139814859,0.10171852895223767,0.12416604561339052
4.479012516422219,-1.506946542905421,8.859776089439105,-2.188239467844522,1.1102168139814859,0.10765388508925879,0.13010140175041165
4.473365419280099,-1.5299459969631415,8.860187154928346,-2.1884450005891423,1.1102168139814859,0.11304494037234458,0.13549245703349747
4.466788462316442,-1.5566997253607437,8.86063305547132,-2.18866795086063,1.1102168139814859,0.11951420671204754,0.14196172337320043
4.459694008915187,-1.5855574014383047,8.861112917943862,-2.188907882096901,1.1102168139814859,0.12727732631969108,0.14972484298084393
4.450949556340457,-1.6211299145295517,8.861707620736187,-2.1892052334930634,1.1102168139814859,0.1365930698488633,0.15904058651001618
4.4410688801134155,-1.6612217234373094,8.86227672473578,-2.1894897854928597,1.1102168139814859,0.14761513216170408,0.17006264882285693
4.434758316240793,-1.6868808602448713,8.862693606052854,-2.189698226151397,1.1102168139814859,0.15643278201197666,0.17888029867312952
4.425951819673537,-1.722624762027288,8.863211521566242,-2.189957183908091,1.1102168139814859,0.16701396183230377,0.18946147849345663
4.415465348917739,-1.7651136242794792,8.863754500795247,-2.190228673522593,1.1102168139814859,0.1797113776166963,0.20215889427784917
4.40865530965274,-1.7927439932613791,8.86414471271715,-2.190423779483545,1.1102168139814859,0.19007130801980554,0.21251882468095842
4.40070133364486,-1.8249281160610875,8.864512931485335,-2.1906078888676364,1.1102168139814859,0.19894758323883294,0.22139509989998582
4.39171512013193,-1.8612515047555116,8.864891466128041,-2.1907971561889905,1.1102168139814859,0.2095991135016658,0.23204663016281868
4.386310736004418,-1.8831814184014102,8.865203843263892,-2.1909533447569154,1.1102168139814859,0.22115147523217907,0.24359899189333195
4.376945089122312,-1.9210480458382597,8.865607883172318,-2.1911553647111286,1.1102168139814859,0.2347141550794626,0.2571616717406155
4.369324681153148,-1.9519103834300395,8.865988588887442,-2.191345717568691,1.1102168139814859,0.25058694857943864,0.27303446524059155
4.360170123426249,-1.9889161071344599,8.866376081684262,-2.1915394639671,1.1102168139814859,0.26781568945700507,0.2902632061181579
4.350115025270651,-2.0295293649147323,8.866768946842145,-2.191735896546042,1.1102168139814859,0.2863459001098229,0.30879341677097577
4.343225524428562,-2.057361715901231,8.86704329446029,-2.1918730703551144,1.1102168139814859,0.3011700686320772,0.32361758529323
4.336152727535192,-2.085901437940803,8.867291828926382,-2.19199733758816,1.1102168139814859,0.31426124212569945,0.3367087587868523
4.330662017388187,-2.1080505790987774,8.867478129496336,-2.1920904878731373,1.1102168139814859,0.3262296112576554,0.3486771279188083
4.32217045560108,-2.142279068260947,8.867740371510077,-2.192221608880008,1.1102168139814859,0.34059165421600257,0.3630391708771554
4.315982138320534,-2.167251600982706,8.867959635109647,-2.1923312406797932,1.1102168139814859,0.35782610576601914,0.380273622427172
4.306108967200902,-2.207045670078572,8.868261019726987,-2.1924819329884633,1.1102168139814859,0.378507447626039,0.4009549642871918
4.298496035658286,-2.2377524642433966,8.868516087721352,-2.192609466985645,1.1102168139814859,0.40239769946437765,0.4248452161255305
4.290992561028683,-2.267999708614918,8.868749433574463,-2.1927261399122004,1.1102168139814859,0.42150990093504853,0.4439574175962014
4.286312077783605,-2.2868847146270643,8.868912506606295,-2.192807676428117,1.1102168139814859,0.4383137478059118,0.46076126446706467
4.277439471538601,-2.3226099065802788,8.869147273579493,-2.192925059914716,1.1102168139814859,0.4584783640509479,0.48092588071210074
4.269354980457785,-2.355177927251732,8.869377329927683,-2.1930400880888112,1.1102168139814859,0.48267590354499107,0.5051234202061439
4.263604737819125,-2.3783531916697425,8.86955162379105,-2.1931272350204947,1.1102168139814859,0.5020339351402257,0.5244814518013785
4.258180414503175,-2.4002374541187015,8.86973859297621,-2.1932207196130746,1.1102168139814859,0.518420434747809,0.5408679514089618
4.253947012858657,-2.4173353250146876,8.869902857294127,-2.193302851772033,1.1102168139814859,0.538084234276909,0.5605317509380618
4.247468373899751,-2.443443513003593,8.870096489447405,-2.1933996678486722,1.1102168139814859,0.561680793711829,0.5841283103729817
4.2394939849799025,-2.4755661032765603,8.870321524040982,-2.19351218514546,1.1102168139814859,0.589996665033733,0.6124441816948859
4.229939673314049,-2.514032552197404,8.870570726298405,-2.1936367862741726,1.1102168139814859,0.6224741910913644,0.6449217077525172
4.216312620076621,-2.5688332696927167,8.870863230844012,-2.193783038546976,1.1102168139814859,0.6568571483776849,0.6793046650388378
4.210489646823197,-2.592312034378984,8.87105010251658,-2.1938764743832597,1.1102168139814859,0.6923838360945327,0.7148313527556855
4.200332294491746,-2.6331854030265416,8.871294061838332,-2.1939984540441357,1.1102168139814859,0.7316314212674826,0.7540789379286355
4.1908726741518585,-2.671253368924813,8.871523546377054,-2.1941131963134968,1.1102168139814859,0.7731357289724244,0.7955832456335772
4.1814105020469325,-2.7093251092271573,8.871746598259696,-2.1942247222548175,1.1102168139814859,0.8139826927966027,0.8364302094577556
4.174313693945361,-2.737886354401721,8.871920611027974,-2.194311728638957,1.1102168139814859,0.8536477642680637,0.8760952809292165
4.161626684841472,-2.7888990152723823,8.872185235483077,-2.194444040866508,1.1102168139814859,0.8940670838326189,0.9165146004937718
4.156565798202375,-2.8092892193433396,8.87233189299765,-2.194517369623795,1.1102168139814859,0.9379449763368268,0.9603924929979797
4.147113174734144,-2.847329477023385,8.872561656804768,-2.194632251527353,1.1102168139814859,0.9859064147214962,1.008353931382649
4.143006111092654,-2.8638990765640218,8.872703001779447,-2.194702924014693,1.1102168139814859,1.0375562217377396,1.0600037383988925
4.134130643077284,-2.899596454069229,8.872898507223173,-2.1948006767365555,1.1102168139814859,1.0788760673507343,1.1013235840118871
4.125725579896083,-2.9334046756557415,8.873086476084884,-2.1948946611674116,1.1102168139814859,1.128459882086328,1.150907398747481
4.117893821196275,-2.9649101595030105,8.873264925132919,-2.1949838856914288,1.1102168139814859,1.1717131414372082,1.194160658098361
4.115715353675468,-2.9737039881135177,8.8733448836602,-2.1950238649550697,1.1102168139814859,1.211573801154331,1.234021317815484
4.105613828991892,-3.0143268348658303,8.873561631678207,-2.1951322389640726,1.1102168139814859,1.247725102599758,1.2701726192609109
4.104439233252205,-3.019072969249422,8.873609383103052,-2.1951561146764957,1.1102168139814859,1.2766461437560994,1.2990936604172523
4.100792435147046,-3.0337581520125596,8.87370737344555,-2.195205109847744,1.1102168139814859,1.2997829766811726,1.3222304933423255
4.098065365344855,-3.04472790817506,8.873768850399289,-2.1952358483246144,1.1102168139814859,1.3182924430212313,1.340739959682384
4.09443026889689,-3.059352491610437,8.873853048042802,-2.1952779471463706,1.1102168139814859,1.3347543583346084,1.357201874995761
4.094663718713724,-3.058431295301207,8.87386565100091,-2.195284248625425,1.1102168139814859,1.3545086567106606,1.3769561733718132
4.090579551984456,-3.0748658916545644,8.8739635804372,-2.19533321334357,1.1102168139814859,1.3782138147619232,1.4006613314230758
4.0901895588144415,-3.0764524761102847,8.873990192212858,-2.1953465192313986,1.1102168139814859,1.4066600044234383,1.4291075210845912
4.084451861779765,-3.099531978619411,8.874118906583284,-2.1954108764166116,1.1102168139814859,1.4321947223415143,1.4546422390026672
4.084464015867297,-3.0994978516131266,8.874133395927124,-2.195418121088532,1.1102168139814859,1.4554515038376232,1.4778990204987759
4.080141774713368,-3.11687882358213,8.874225403280413,-2.195464124765176,1.1102168139814859,1.474533365170717,1.49698088183187
4.0801194972352635,-3.1169789123829177,8.874236382168778,-2.195469614209359,1.1102168139814859,1.4906037125348055,1.5130512291959584
4.077440796370521,-3.1277507372601385,8.874293403587032,-2.195498124918486,1.1102168139814859,1.5037759831542874,1.5262234998154403
4.076821366138729,-3.1302458069114603,8.874310752311182,-2.195506799280561,1.1102168139814859,1.51494730371797,1.5373948203791228
4.075608930813582,-3.135129122907962,8.874344327007098,-2.195523586628518,1.1102168139814859,1.5247845130170419,1.5472320296781947
4.075696095523292,-3.134787045889773,8.87435090882775,-2.195526877538845,1.1102168139814859,1.5335760983762339,1.5560236150373867
4.074856473993757,-3.138171237444634,8.874376614264468,-2.1955397302572037,1.1102168139814859,1.5411088842875633,1.5635564009487162
4.07481136429857,-3.1383574512248282,8.874382389263918,-2.1955426177569284,1.1102168139814859,1.547674047239765,1.5701215639009178
4.0739438986308265,-3.1418547843409868,8.874409859709102,-2.195556352979521,1.1102168139814859,1.5555522427824073,1.5779997594435602
4.073885852640891,-3.142095696552456,8.87441858796083,-2.1955607171053853,1.1102168139814859,1.5650060774335781,1.5874535940947307
4.072440449589879,-3.147912210342397,8.87445348954672,-2.1955781678983297,1.1102168139814859,1.576350679014983,1.5987981956761357
4.072480341110279,-3.147761542696117,8.87446238798204,-2.19558261711599,1.1102168139814859,1.5899642009126687,1.6124117175738215
4.070261089854311,-3.1566872062119984,8.874511046474051,-2.1956069463619947,1.1102168139814859,1.6063004271898917,1.6287479438510446
4.0689343958896655,-3.162023799114527,8.874540863518,-2.19562185488397,1.1102168139814859,1.6193694082116703,1.6418169248728232
4.066836130791597,-3.1704509462524366,8.87457495026363,-2.195638898256785,1.1102168139814859,1.6304490799275393,1.6528965965886921
4.065629607558755,-3.175301075049444,8.874598986129271,-2.195650916189605,1.1102168139814859,1.6394819275653942,1.661929444226547
4.064573642216984,-3.1795257875249825,8.874599837237726,-2.1956513417438326,1.1102168139814859,1.65032134473082,1.6727688613919727
4.064338276103958,-3.1804781863766003,8.874610771637238,-2.1956568089435886,1.1102168139814859,1.6633286453293308,1.6857761619904834
4.06088156798174,-3.1943586525637184,8.874664405335489,-2.195683625792714,1.1102168139814859,1.6789374060475437,1.7013849227086966
4.059714896065994,-3.1990453733496094,8.874684438458397,-2.1956936423541675,1.1102168139814859,1.691424414622114,1.7138719312832669
4.05926762058847,-3.200840764198871,8.87469072739756,-2.1956967868237496,1.1102168139814859,1.7014140214817706,1.7238615381429234
4.057553650627556,-3.2077247939693647,8.874718877324396,-2.195710861787168,1.1102168139814859,1.7094057069694955,1.7318532236306483
4.057098231468887,-3.2095501358845295,8.874722542604886,-2.1957126944274123,1.1102168139814859,1.7157990553596754,1.7382465720208282
4.055372259919619,-3.216478457562362,8.874746978085646,-2.1957249121677926,1.1102168139814859,1.7212809075492577,1.7437284242104105
4.0561451095592105,-3.2133990365977185,8.874758955679368,-2.1957309009646537,1.1102168139814859,1.726304327992523,1.7487518446536758
4.054198272945961,-3.2212130739866986,8.874785646615354,-2.195744246432647,1.1102168139814859,1.7323324325244407,1.7547799491855935
4.053949087283126,-3.222209319899868,8.874785149877178,-2.1957439980635582,1.1102168139814859,1.7395661579627422,1.762013674623895
4.053208927607718,-3.2251822514003146,8.874797442675996,-2.1957501444629672,1.1102168139814859,1.7453531383133833,1.7678006549745362
4.052338983768712,-3.2286690354674143,8.87480445138707,-2.1957536488185045,1.1102168139814859,1.7499827225938964,1.7724302392550493
4.052007888620076,-3.2299977216808444,8.874808757005955,-2.1957558016279473,1.1102168139814859,1.7536863900183068,1.7761339066794595
4.051962911611605,-3.2301809821255008,8.874812109416734,-2.1957574778333364,1.1102168139814859,1.7566493239578351,1.779096840618988
4.050533840589801,-3.235915211844335,8.87483005504835,-2.1957664506491446,1.1102168139814859,1.7590196711094577,1.7814671877706105
4.049838587359502,-3.2387046216346853,8.874838451917501,-2.19577064908372,1.1102168139814859,1.7609159488307558,1.7833634654919086
4.049555839452182,-3.239839035761177,8.874841874414718,-2.1957723603323283,1.1102168139814859,1.7624329710077942,1.784880487668947
4.049574016284998,-3.2397614080417667,8.874836954026568,-2.1957699001382536,1.1102168139814859,1.7637188923909293,1.7861664090520821
4.04944330897641,-3.240287015210047,8.874839731960497,-2.1957712891052186,1.1102168139814859,1.7652619980506916,1.7877095147118445
4.048951864154359,-3.2422540799482915,8.874841017410539,-2.1957719318302384,1.1102168139814859,1.767113724842406,1.7895612415035589
4.04856227832031,-3.2438188367011693,8.874847430827216,-2.195775138538578,1.1102168139814859,1.7693357969924637,1.7917833136536165
4.048043941272806,-3.2458925223514137,8.874847768287449,-2.195775307268694,1.1102168139814859,1.7713413388232606,1.7937888554844135
4.048056980425734,-3.245841503341759,8.874848905889506,-2.195775876069722,1.1102168139814859,1.7731347282071703,1.7955822448683232
4.047268700155833,-3.2490011255776032,8.874855407045743,-2.195779126647841,1.1102168139814859,1.775286795467862,1.7977343121290148
4.046960721483655,-3.250239525005987,8.874861891785418,-2.195782369017678,1.1102168139814859,1.7778692761806918,1.8003167928418446
4.046634017431063,-3.2515529667648857,8.874868517333942,-2.1957856817919406,1.1102168139814859,1.7799352607509558,1.8023827774121086
4.046716196095089,-3.2512272027219966,8.874871467947159,-2.195787157098549,1.1102168139814859,1.781588048407167,1.8040355650683197
4.046215372543966,-3.253235475779654,8.874876446800323,-2.195789646525131,1.1102168139814859,1.7829855798252934,1.8054330964864462
4.046470001043061,-3.2522136270062436,8.874873112023295,-2.1957879791366173,1.1102168139814859,1.784335293189991,1.8067828098511438
4.046572663240935,-3.251817544832547,8.874887678641096,-2.195795262445518,1.1102168139814859,1.7856024786572027,1.8080499953183555
4.046830663038261,-3.250786672755719,8.874888805753573,-2.195795826001756,1.1102168139814859,1.7871231012178568,1.8095706178790096
4.04652002682183,-3.252032754441258,8.87489234257339,-2.1957975944116646,1.1102168139814859,1.7889478482906418,1.8113953649517947
4.046594146211185,-3.251733025999659,8.874889091689207,-2.1957959689695734,1.1102168139814859,1.7911375447779836,1.8135850614391364
4.046136030184943,-3.2535744168424126,8.874898018426993,-2.195800432338466,1.1102168139814859,1.7930802494263443,1.8155277660874969
4.046013373657547,-3.254068995008585,8.874901970483581,-2.1958024083667604,1.1102168139814859,1.795411495004377,1.8178590116655298
4.045185333184497,-3.257393905670955,8.874914719253752,-2.1958087827518455,1.1102168139814859,1.798208989698016,1.8206565063591689
4.045307750767713,-3.2569050752369533,8.874915559152614,-2.1958092027012763,1.1102168139814859,1.8015659833303828,1.8240134999915356
4.044459450085116,-3.2603095566821416,8.874926837867415,-2.195814842058677,1.1102168139814859,1.805594375689223,1.8280418923503758
4.044885440646608,-3.2586021570663,8.874923400497542,-2.19581312337374,1.1102168139814859,1.8104284465198313,1.8328759631809841
4.043461155981142,-3.2643141930517103,8.87493829782109,-2.1958205720355153,1.1102168139814859,1.816229331516561,1.8386768481777138
4.043224324569848,-3.265267666686847,8.874944445811048,-2.195823646030494,1.1102168139814859,1.820870039513945,1.8433175561750978
4.042536679036604,-3.2680327192884464,8.87495891627967,-2.195830881264805,1.1102168139814859,1.8245826059118522,1.847030122573005
4.042479929266808,-3.2682655724767966,8.874964770388836,-2.195833808319388,1.1102168139814859,1.8276514655148322,1.850098982175985
4.042102898499757,-3.2697846583631915,8.874975733207028,-2.195839289728484,1.1102168139814859,1.8303013957469045,1.8527489124080574
4.042160666092811,-3.2695540265031684,8.874976171719222,-2.1958395089845806,1.1102168139814859,1.8334813120253917,1.8559288286865445
4.041655207122261,-3.2715786994654215,8.874979008799276,-2.195840927524607,1.1102168139814859,1.837297211559576,1.859744728220729
4.04150889498804,-3.2721684798179593,8.874983540614927,-2.195843193432433,1.1102168139814859,1.8403499311869234,1.8627974478480762
4.040996266361602,-3.274220033187905,8.874984579479122,-2.19584371286453,1.1102168139814859,1.8431453827536928,1.8655928994148456
4.040802765181811,-3.274997337625011,8.87498787919706,-2.1958453627234995,1.1102168139814859,1.8464999246338163,1.8689474412949691
4.039551939584302,-3.2800151080621207,8.875002347244138,-2.1958525967470384,1.1102168139814859,1.8505253748899644,1.8729728915511172
4.039424559617788,-3.2805277025586927,8.875005421874652,-2.1958541340622957,1.1102168139814859,1.8553559151973422,1.877803431858495
4.037759465539264,-3.2872058908390485,8.875023233840915,-2.195863040045427,1.1102168139814859,1.85955002268131,1.8819975393424628
4.0372792480374144,-3.289132901546366,8.875029374540832,-2.1958661103953854,1.1102168139814859,1.863352885898972,1.885800402560125
4.036333991816817,-3.292921630927437,8.875037079039513,-2.1958699626447262,1.1102168139814859,1.8669282939439122,1.889375810605065
4.035471878900047,-3.2963810240748197,8.875048020519818,-2.1958754333848787,1.1102168139814859,1.8712187835978402,1.893666300258993
4.033613921744059,-3.303834184581269,8.875069352402312,-2.1958860993261258,1.1102168139814859,1.8763673711825541,1.898814887843707
4.034190418770228,-3.3015247295689196,8.87506588549464,-2.19588436587229,1.1102168139814859,1.882545676284211,1.9049931929453638
4.032843107765869,-3.3069304144512692,8.875082326359554,-2.1958925863047467,1.1102168139814859,1.8899596424061988,1.9124071590673515
4.032669196992927,-3.3076334292986753,8.875089698115195,-2.1958962721825674,1.1102168139814859,1.8988564017525842,1.921303918413737
4.0318434143937205,-3.3109485556331584,8.875101694052848,-2.1959022701513935,1.1102168139814859,1.9095325129682468,1.9319800296293996
4.030970119260648,-3.314457319418853,8.875117277306256,-2.1959100617780973,1.1102168139814859,1.9223438464270417,1.9447913630881946
4.028693246575645,-3.3235980152039235,8.875150482351312,-2.195926664300625,1.1102168139814859,1.937717446577596,1.9601649632387488
4.027550933236495,-3.328182106582962,8.875165320373751,-2.1959340833118457,1.1102168139814859,1.950016326698039,1.972463843359192
4.025892357427204,-3.3348378220430233,8.875186732596648,-2.1959447894232933,1.1102168139814859,1.9598554307943936,1.9823029474555465
4.0246800218600445,-3.33970089201911,8.875200460304097,-2.1959516532770174,1.1102168139814859,1.9677267140714774,1.9901742307326302
4.023684154125528,-3.3437002038914403,8.875216301238359,-2.1959595737441493,1.1102168139814859,1.9740237406931442,1.996471257354297
4.0229147644668455,-3.3467859539559215,8.87522449266811,-2.1959636694590245,1.1102168139814859,1.979061361990478,2.001508878651631
4.022341904196733,-3.3490841874279225,8.875231285059664,-2.1959670656548016,1.1102168139814859,1.9830914590283448,2.0055389756894977
4.020885675511956,-3.3549229356706,8.875245118563235,-2.195973982406587,1.1102168139814859,1.9863155366586385,2.0087630533197913
4.020819008096299,-3.3551937338552715,8.875249247085275,-2.1959760466676075,1.1102168139814859,1.9888947987628733,2.0113423154240264
4.02001743117511,-3.35840817763744,8.875257383182689,-2.195980114716314,1.1102168139814859,1.9910903189531508,2.0135378356143034
4.019528201296933,-3.360372341729444,8.875264627761984,-2.1959837370059616,1.1102168139814859,1.9937249431814834,2.0161724598426365
4.018583242430546,-3.364161733361455,8.87527418392845,-2.1959885150891942,1.1102168139814859,1.996886492255483,2.0193340089166356
4.0179434148788715,-3.3667295127951333,8.87528265315543,-2.1959927497026848,1.1102168139814859,2.000680351144282,2.0231278678054347
4.017787495598077,-3.36735528384741,8.875284747084525,-2.1959937966672323,1.1102168139814859,2.005232981810841,2.027680498471994
4.016351605033875,-3.3731090400582513,8.875294941038558,-2.1959988936442483,1.1102168139814859,2.010696138610712,2.0331436552718647
4.015986304777168,-3.374573977604031,8.875298677557511,-2.196000761903725,1.1102168139814859,2.0150666640506087,2.0375141807117614
4.014896056301174,-3.378944310173569,8.875308016223073,-2.1960054312365065,1.1102168139814859,2.0185737419952527,2.041021258656406
4.014397442712904,-3.3809455086329745,8.875314760329402,-2.1960088032896707,1.1102168139814859,2.0217148927229327,2.0441624093840853
4.013558346707675,-3.3843087856520664,8.875321653327575,-2.196012249788757,1.1102168139814859,2.0247382458232783,2.0471857624844314
4.013738319983166,-3.383588719021646,8.87532147979912,-2.1960121630245286,1.1102168139814859,2.027506170895574,2.0499536875567266
4.013132524633485,-3.3860173499995976,8.875326929378344,-2.196014887814142,1.1102168139814859,2.030096024548308,2.0525435412094613
4.013078835463155,-3.386233349025797,8.875328171723226,-2.1960155089865823,1.1102168139814859,2.03320384893159,2.055651365592743
4.012391707920819,-3.388989863620569,8.875336176148654,-2.1960195111992964,1.1102168139814859,2.0369332381915277,2.0593807548526804
4.011853544709298,-3.39114672302443,8.875340382706428,-2.1960216144781834,1.1102168139814859,2.040286669899676,2.0627341865608293
4.011622655315814,-3.3920725107113934,8.875342612819459,-2.1960227295346986,1.1102168139814859,2.0432492502312845,2.0656967668924375
4.0116263234665706,-3.392058137289981,8.87534291200107,-2.1960228791255045,1.1102168139814859,2.0456995807855467,2.0681470974467
4.011402457198275,-3.3929547384607948,8.875344048098706,-2.196023447174322,1.1102168139814859,2.0477328873153713,2.070180403976524
4.011181289122352,-3.393842137327628,8.875346774661846,-2.1960248104558926,1.1102168139814859,2.049359532539231,2.0718070492003835
4.0107763426905745,-3.3954646749794843,8.87534952658659,-2.1960261864182646,1.1102168139814859,2.050785910566929,2.073233427228082
4.010600451458114,-3.3961713916420835,8.875352678319347,-2.1960277622846434,1.1102168139814859,2.0521495985402183,2.0745971152013714
4.010181797507873,-3.3978499657447676,8.875356636621069,-2.196029741435504,1.1102168139814859,2.053786024108166,2.0762335407693184
4.00976696172405,-3.399514220914295,8.8753615486553,-2.1960321974526202,1.1102168139814859,2.0557497347897025,2.078197251450855
4.009258803348728,-3.4015523804790266,8.875367074718746,-2.1960349604843423,1.1102168139814859,2.0581061876075464,2.0805537042686995
4.008454043635597,-3.4047798666684663,8.875375522055663,-2.196039184152801,1.1102168139814859,2.0609339309889596,2.0833814476501122
4.007857149746944,-3.407173071893896,8.875381151726481,-2.19604199898821,1.1102168139814859,2.0643272230466554,2.086774739707808
4.006843042315424,-3.4112382469636437,8.875389897070148,-2.196046371660043,1.1102168139814859,2.06839917351589,2.0908466901770426
4.0058645589086,-3.4151596767031873,8.875397393182398,-2.1960501197161686,1.1102168139814859,2.073285514078971,2.0957330307401243
4.004627973571859,-3.420114950792257,8.875406325924503,-2.1960545860872207,1.1102168139814859,2.0791491227546692,2.1015966394158223
4.003851913384316,-3.4232261458356694,8.87541328021774,-2.1960580632338402,1.1102168139814859,2.0861854531655073,2.10863296982666
4.003674650058823,-3.423938531878334,8.875416612958434,-2.1960597296041864,1.1102168139814859,2.0946290496585123,2.117076566319665
4.001576477309779,-3.4323522209923127,8.875437611076238,-2.196070228663089,1.1102168139814859,2.104761365450118,2.127208882111271
4.001041568715564,-3.4344986016529475,8.875444357360013,-2.1960736018049762,1.1102168139814859,2.112867218083403,2.1353147347445556
3.9991193602210733,-3.4422053294647865,8.87546225119389,-2.1960825487219138,1.1102168139814859,2.1193519001900305,2.1417994168511836
3.998058611779705,-3.446458887755758,8.875472815719386,-2.1960878309846628,1.1102168139814859,2.1245396458753327,2.146987162536486
3.997063780704389,-3.450447621256864,8.875482224919226,-2.1960925355845826,1.1102168139814859,2.1286898424235745,2.151137359084727
3.996009932518312,-3.4546719181796424,8.875491129097698,-2.1960969876738186,1.1102168139814859,2.1336700782814644,2.1561175949426175
3.994979186896173,-3.45879956075626,8.87549578918576,-2.196099317717849,1.1102168139814859,2.139646361310933,2.1620938779720857
3.9952119303053872,-3.457866698249929,8.875493900316286,-2.196098373283113,1.1102168139814859,2.146817900946295,2.1692654176074475
3.9930148182168517,-3.4666770380085246,8.875515791720739,-2.1961093189853393,1.1102168139814859,2.1547174027543883,2.1771649194155414
3.993778063349733,-3.463620453190471,8.875512187434209,-2.196107516842074,1.1102168139814859,2.1610370042008635,2.183484520862016
3.9921200537895483,-3.4702666515271896,8.875526347530188,-2.1961145968900637,1.1102168139814859,2.166092685358043,2.188540202019196
3.9915480648737764,-3.4725594753846134,8.875531215724527,-2.1961170309872324,1.1102168139814859,2.170137230283787,2.19258474694494
3.990644611851903,-3.4761803987968256,8.875538327049245,-2.196120586649592,1.1102168139814859,2.1733728662243825,2.195820382885535
3.99024432378632,-3.4777850013987024,8.875541777388792,-2.1961223118193653,1.1102168139814859,2.1759613749768585,2.1984088916380116
3.9893923036047374,-3.4811981838056716,8.875546879069429,-2.196124862659684,1.1102168139814859,2.1780321819788395,2.200479698639992
3.9890886680193165,-3.482415025664976,8.87554917858705,-2.196126012418495,1.1102168139814859,2.1796888275804243,2.2021363442415773
3.98898394035969,-3.4828343853745234,8.875549627658092,-2.196126236954016,1.1102168139814859,2.1810141440616917,2.2034616607228448
3.9889618204886594,-3.4829235454159058,8.87555030821535,-2.196126577232645,1.1102168139814859,2.182074397246706,2.204521913907859
3.9887565291847755,-3.4837458392024288,8.87555143678634,-2.1961271415181396,1.1102168139814859,2.1829951628375186,2.2054426794986717
3.9887050609790458,-3.4839526108134233,8.875552335574412,-2.1961275909121754,1.1102168139814859,2.1838550846919023,2.206302601353055
3.9882012548023393,-3.4859695160023216,8.875554016056487,-2.196128431153213,1.1102168139814859,2.184671186355987,2.20711870301714
3.988301780688346,-3.485568051487449,8.87555465508564,-2.19612875066779,1.1102168139814859,2.1854405999850193,2.207888116646172
3.9879659348689445,-3.486910955063165,8.875554175383751,-2.196128510816845,1.1102168139814859,2.18617612664576,2.208623643306913
3.988101269187927,-3.486369051172865,8.87555360876938,-2.19612822750966,1.1102168139814859,2.1868712544705944,2.2093187711317475
3.987990543315556,-3.4868117876419733,8.875553441749005,-2.196128143999472,1.1102168139814859,2.1875276290798205,2.2099751457409735
3.987987307165297,-3.4868250636513993,8.875553773157396,-2.196128309703667,1.1102168139814859,2.1881574976294127,2.2106050142905653
3.9876075271753173,-3.488345697205387,8.875555286751466,-2.1961290665007023,1.1102168139814859,2.1889133398889236,2.2113608565500766
3.987479934208666,-3.488857831484265,8.875557049163737,-2.196129947706838,1.1102168139814859,2.189820350600337,2.21226786726149
3.986931652544538,-3.49105406923026,8.87556016025322,-2.19613150325158,1.1102168139814859,2.1909087634540327,2.213356280115186
3.9869125981931677,-3.4911321909034725,8.87556206452095,-2.196132455385445,1.1102168139814859,2.191779493736989,2.214227010398142
3.9863785770825038,-3.493272474761475,8.8755662639363,-2.196134555093119,1.1102168139814859,2.192498364886253,2.214945881547406
3.9864120487215633,-3.4931395701394834,8.875567245870545,-2.1961350460602422,1.1102168139814859,2.193094979033431,2.2155424956945837
3.986287888783361,-3.4936373910535767,8.87556842703183,-2.196135636640884,1.1102168139814859,2.1936200286471603,2.2160675453083134
3.986259098521965,-3.4937544988841416,8.87557037381681,-2.1961366100333746,1.1102168139814859,2.1942500881836358,2.2166976048447884
3.98594456517691,-3.495015260285129,8.875573001837576,-2.196137924043758,1.1102168139814859,2.195006159627406,2.217453676288559
3.9858991166956756,-3.4952000412883852,8.875575988915896,-2.196139417582918,1.1102168139814859,2.1956482209869117,2.218095737648065
3.985527354071161,-3.4966878358402034,8.875576732969657,-2.1961397896097976,1.1102168139814859,2.1962594752826927,2.218706991943846
3.9854154862078124,-3.4971359878691235,8.875577413545178,-2.196140129897559,1.1102168139814859,2.19699298043763,2.219440497098783
3.985070918186004,-3.49851603800729,8.875579191596115,-2.1961410189230266,1.1102168139814859,2.1978731866235552,2.220320703284708
3.9850771119572084,-3.4984920323650743,8.875579961038715,-2.196141403644327,1.1102168139814859,2.1986470788596595,2.2210945955208126
3.98490967616331,-3.499163498105601,8.875581683603649,-2.196142264926794,1.1102168139814859,2.1993284528785177,2.2217759695396704
3.9849597083520907,-3.4989632077127593,8.87558152196593,-2.1961421841079347,1.1102168139814859,2.199873552093604,2.222321068754757
3.984744906246309,-3.4998260223579134,8.875585128187959,-2.1961439872189494,1.1102168139814859,2.2003427423426207,2.222790259003774
3.9847045254173765,-3.4999880951305453,8.875585677644859,-2.1961442619473988,1.1102168139814859,2.200905770641441,2.2233532873025936
3.9845308762664855,-3.500686841803529,8.875589827714277,-2.1961463369821077,1.1102168139814859,2.201581404600025,2.224028921261178
3.9843679498854625,-3.5013410395026665,8.875592319889323,-2.196147583069631,1.1102168139814859,2.2023921653503264,2.2248396820114795
3.9842070749248606,-3.5019899630487514,8.875597743593003,-2.1961502949214706,1.1102168139814859,2.2033650782506875,2.2258125949118406
3.984002679527583,-3.5028091184763324,8.875599317431472,-2.196151081840706,1.1102168139814859,2.204143408570977,2.2265909252321294
3.9836953135824062,-3.504043192468404,8.875603927642839,-2.196153386946389,1.1102168139814859,2.204799059353776,2.2272465760149287
3.9838554391856884,-3.5034029256031545,8.875604163190715,-2.196153504720327,1.1102168139814859,2.205348246568668,2.2277957632298206
3.9837440137922027,-3.5038506035888193,8.875606139602437,-2.1961544929261883,1.1102168139814859,2.205852556654527,2.22830007331568
3.983564464888917,-3.504570849169387,8.875608189569864,-2.1961555179099017,1.1102168139814859,2.206457728757558,2.2289052454187113
3.983188197328099,-3.506078891007176,8.87561116116438,-2.1961570037071603,1.1102168139814859,2.2071839352811957,2.2296314519423484
3.982775822797613,-3.507731186359697,8.875613958394958,-2.1961584023224483,1.1102168139814859,2.2080553831095604,2.2305028997707135
3.9821525994437454,-3.5102274306894823,8.875617309309272,-2.1961600777796058,1.1102168139814859,2.2087525413722524,2.2312000580334055
3.9819509704888376,-3.5110352977041,8.875618660504259,-2.196160753377099,1.1102168139814859,2.2093102679824055,2.2317577846435586
3.9815519229392025,-3.5126324704239438,8.87561964302556,-2.1961612446377496,1.1102168139814859,2.2097719944003136,2.232219511061466
3.981037604796118,-3.514693236354651,8.87562313638393,-2.1961629913169354,1.1102168139814859,2.2101814485645717,2.2326289652257247
3.980590261118759,-3.516484866176626,8.875625391496472,-2.196164118873205,1.1102168139814859,2.2106727935616814,2.233120310222834
3.9802422142233653,-3.517879002099508,8.875627339837777,-2.1961650930438585,1.1102168139814859,2.2112624075582126,2.2337099242193657
3.9800838563951015,-3.5185113321575874,8.8756262385828,-2.1961645424163696,1.1102168139814859,2.211734098755438,2.2341816154165905
3.979996399430924,-3.5188618234058375,8.875626901974345,-2.196164874112142,1.1102168139814859,2.212156230876872,2.2346037475380247
3.9801603560309644,-3.5182029357744957,8.875623840743161,-2.19616334349655,1.1102168139814859,2.212574149557955,2.2350216662191076
3.979972856014275,-3.518954556978843,8.875625461880752,-2.1961641540653454,1.1102168139814859,2.213075651975254,2.2355231686364068
3.979789693984859,-3.519687252851427,8.87562550963567,-2.196164177942805,1.1102168139814859,2.2136774548760134,2.236124971537166
3.9796488931283465,-3.5202522326930783,8.875627286051273,-2.196165066150606,1.1102168139814859,2.2142034027566373,2.23665091941779
3.9795309009064077,-3.5207243700474034,8.87562745451784,-2.19616515038389,1.1102168139814859,2.214691738412367,2.2371392550735196
3.9795724693007597,-3.520557629500704,8.87562698754855,-2.196164916899245,1.1102168139814859,2.2148089389697425,2.237256455630895
3.979696122307507,-3.520062552530228,8.875626522605064,-2.196164684427502,1.1102168139814859,2.2149261395271176,2.2373736561882707
3.979682911425233,-3.5201157774197847,8.875626903965525,-2.1961648751077316,1.1102168139814859,2.2150433400844927,2.2374908567456457
3.979676822895739,-3.5201379150823175,8.875624687510083,-2.196163766880011,1.1102168139814859,2.215160540641868,2.237608057303021
3.979654165319575,-3.520228818218478,8.875624960341584,-2.196163903295762,1.1102168139814859,2.2152777411992433,2.237725257860396
3.979631373876426,-3.520319092645374,8.875624068995887,-2.1961634576229128,1.1102168139814859,2.2154183818680937,2.2378658985292463
3.9796173505647685,-3.520376301739679,8.87562518484356,-2.19616401554675,1.1102168139814859,2.215587150670714,2.238034667331867
3.9796071243456774,-3.5204192062013555,8.875627184428874,-2.1961650153394063,1.1102168139814859,2.215789673233858,2.238237189895011
3.9796072937012696,-3.5204190333742758,8.875627689024164,-2.1961652676370513,1.1102168139814859,2.2160327003096314,2.238480216970784
3.97961727125708,-3.520381159590029,8.875629725463156,-2.1961662858565476,1.1102168139814859,2.2162453550952907,2.2386928717564434
3.979629655176332,-3.5203316447632282,8.875629746313363,-2.196166296281651,1.1102168139814859,2.2164319638106766,2.2388794804718293
3.9796515619222435,-3.520244526398564,8.875630254932345,-2.196166550591142,1.1102168139814859,2.2166558942691403,2.239103410930293
3.979659281068805,-3.520213650266082,8.87563025538611,-2.1961665508180244,1.1102168139814859,2.216924610819296,2.2393721274804492
3.9796593782110206,-3.5202137527619666,8.875630746450858,-2.1961667963503984,1.1102168139814859,2.217247070679484,2.2396945873406366
3.9796218598872373,-3.520364115904538,8.875631036298294,-2.1961669412741167,1.1102168139814859,2.2176340225117093,2.240081539172862
3.979448090068245,-3.5210599323068776,8.875631773424665,-2.196167309837302,1.1102168139814859,2.218098364710379,2.2405458813715318
3.9794055397725496,-3.5212313476675736,8.87563298760258,-2.1961679169262593,1.1102168139814859,2.2186555753487833,2.2411030920099364
3.979254838992085,-3.5218352716522414,8.87563410846539,-2.196168477357664,1.1102168139814859,2.219324228114868,2.241771744776021
3.9790133787054383,-3.522803197673705,8.875636193340265,-2.196169519795102,1.1102168139814859,2.2201266114341704,2.242574128095323
3.9786249006124934,-3.5243583749662677,8.87563745826105,-2.196170152255495,1.1102168139814859,2.221089471417333,2.2435369880784855
3.978475924558087,-3.5249558876525935,8.875639066729748,-2.1961709564898437,1.1102168139814859,2.2218597594038623,2.2443072760650153
3.978218366065357,-3.525987637433399,8.875640582539637,-2.196171714394788,1.1102168139814859,2.222784104987698,2.245231621648851
3.9777288773484516,-3.5279483322133887,8.875643322452001,-2.19617308435097,1.1102168139814859,2.223893319688301,2.246340836349454
3.9775117512747604,-3.528822209398809,8.87564869534266,-2.196175770796299,1.1102168139814859,2.225224377329025,2.2476718939901774
3.977302867875014,-3.5296604245016914,8.875651376846555,-2.196177111548247,1.1102168139814859,2.2268216464978927,2.249269163159046
3.9767734306007285,-3.5317819497035217,8.875655152951245,-2.196178999600592,1.1102168139814859,2.2287383695005345,2.2511858861616876
3.9764908144726125,-3.532916368141256,8.875659106876515,-2.196180976563227,1.1102168139814859,2.231038437103705,2.2534859537648577
3.9757241668868457,-3.5359868897389446,8.875663038131135,-2.196182942190537,1.1102168139814859,2.233798518227509,2.2562460348886617
3.9747146660819777,-3.5400325727637187,8.875670717936435,-2.1961867820931875,1.1102168139814859,2.2371106155760745,2.2595581322372276
3.973990982281774,-3.5429327873670045,8.875676197338908,-2.1961895217944236,1.1102168139814859,2.2410851323943524,2.2635326490555054
3.9732720071754892,-3.5458139164082025,8.87568142595497,-2.1961921361024537,1.1102168139814859,2.2458545525762865,2.268302069237439
3.9723892699074614,-3.549351764166944,8.875688324641596,-2.1961955854457673,1.1102168139814859,2.251577856794607,2.27402537345576
3.971080710660628,-3.554595777450649,8.875698100937967,-2.1962004735939535,1.1102168139814859,2.2584458218565917,2.2808933385177443
3.970084546465594,-3.5585877887640556,8.87570545547124,-2.196204150860589,1.1102168139814859,2.2666873799309735,2.2891348965921265
3.9673830078712093,-3.5694098102028677,8.875721322532513,-2.196212084391226,1.1102168139814859,2.2765772496202317,2.2990247662813843
3.9657908887125117,-3.5757841854576804,8.875727221152538,-2.196215033701238,1.1102168139814859,2.2884450932473417,2.3108926099084943
3.9651023996788815,-3.578544245063896,8.875733324624232,-2.196218085437085,1.1102168139814859,2.3022394382766715,2.324686954937824
3.9625175472718897,-3.588899218621586,8.875748888553952,-2.1962258674019455,1.1102168139814859,2.3132749143001354,2.3357224309612885
3.9603201354455835,-3.5977017958355697,8.875761818462712,-2.1962323323563253,1.1102168139814859,2.326517485528292,2.348965002189445
3.957718437316437,-3.608124167523496,8.875777397634051,-2.1962401219419956,1.1102168139814859,2.34240857100208,2.3648560876632327
3.953955277619885,-3.6231965262663253,8.875797117590674,-2.1962499819203063,1.1102168139814859,2.3614778735706254,2.383925390231778
3.9508850651226672,-3.6354935969181543,8.875813338253632,-2.196258092251785,1.1102168139814859,2.38362329524933,2.406070811910483
3.9444668269645575,-3.6611953652347786,8.875842153937818,-2.1962725000938783,1.1102168139814859,2.406611049096748,2.429058565757901
3.940988351952219,-3.675121458803999,8.87585434745768,-2.1962785968538103,1.1102168139814859,2.425001252174682,2.447448768835835
3.9382948947565937,-3.6859048693232275,8.875863929194411,-2.196283387722175,1.1102168139814859,2.439993634572192,2.462441151233345
3.9362141330860205,-3.694236932305374,8.875872945494264,-2.196287895872101,1.1102168139814859,2.451987540490201,2.474435057151354
3.9339527061205666,-3.7032915744901094,8.875881879817182,-2.196292363033561,1.1102168139814859,2.4615826652246073,2.4840301818857604
3.9310665059575243,-3.714847725950773,8.875893230625678,-2.196298038437809,1.1102168139814859,2.473096814905895,2.4955443315670482
3.9279291757702417,-3.7274090475972903,8.875905231523067,-2.1963040388865025,1.1102168139814859,2.4869137945234407,2.509361311184594
3.9240937459288454,-3.742764316462626,8.875918781022817,-2.1963108136363783,1.1102168139814859,2.4979673782174774,2.52041489487863
3.9207498602283337,-3.756141120105925,8.875920041864068,-2.196311444057004,1.1102168139814859,2.506810245172707,2.5292577618338594
3.918272482203588,-3.7660591613942387,8.8759285710534,-2.1963157086516696,1.1102168139814859,2.5138845387368898,2.536332055398043
3.917465969981294,-3.769288230399964,8.875931591169946,-2.196317218709943,1.1102168139814859,2.5195439735882363,2.541991490249389
3.9160607596957346,-3.774913266995076,8.875935786622822,-2.1963193164363806,1.1102168139814859,2.524071521469314,2.5465190381304668
3.915971893329959,-3.77526928592945,8.875936340094094,-2.1963195931720167,1.1102168139814859,2.5295045789266073,2.55195209558776
3.9143322043670334,-3.7818339493337727,8.875942247646712,-2.196322546948326,1.1102168139814859,2.5354808997864615,2.557928416447614
3.913768691952089,-3.7840889796594563,8.875943228312622,-2.19632303728128,1.1102168139814859,2.540261956474345,2.5627094731354982
3.9117580483866443,-3.7921382678153037,8.875949942206688,-2.196326394228313,1.1102168139814859,2.5459992244998055,2.568446741160958
3.9102148912215187,-3.7983155978410745,8.875954643571957,-2.196328744910948,1.1102168139814859,2.5528839461303576,2.5753314627915107
3.907874482679396,-3.807684975374905,8.875962386937298,-2.1963326165936183,1.1102168139814859,2.5583917234347995,2.5808392400959526
3.906132382320651,-3.814658505803479,8.87596751593089,-2.196335181090415,1.1102168139814859,2.562797945278353,2.585245461939506
3.9047262291676352,-3.820287611716597,8.875972009231944,-2.196337427740941,1.1102168139814859,2.5680854114906175,2.5905329281517706
3.9017284460783,-3.8322882587962255,8.87598152395423,-2.1963421851020852,1.1102168139814859,2.574430370945335,2.596877887606488
3.900448385507488,-3.83741274615776,8.875985769032518,-2.196344307641229,1.1102168139814859,2.5820443222909955,2.6044918389521485
3.897522983693383,-3.8491236260727004,8.875995041691041,-2.19634894397049,1.1102168139814859,2.5911810639057884,2.6136285805669415
3.8952106845719623,-3.8583783004642727,8.876000519596928,-2.196351682923434,1.1102168139814859,2.60214515384354,2.6245926705046925
3.89259448578519,-3.868850186577672,8.87600761056324,-2.19635522840659,1.1102168139814859,2.6109164257937403,2.633363942454893
3.8902329353548804,-3.8783033159769937,8.876014538241323,-2.196358692245631,1.1102168139814859,2.6179334433539014,2.640380960015054
3.8889672883346065,-3.8833688172143974,8.87601745139763,-2.1963601488237843,1.1102168139814859,2.62354705740203,2.6459945740631827
3.8867366196592266,-3.8922970113986164,8.87602297088033,-2.196362908565135,1.1102168139814859,2.6302833942597847,2.6527309109209374
3.8848074637203114,-3.900018404340964,8.876027740067016,-2.1963652931584776,1.1102168139814859,2.63836699848909,2.6608145151502427
3.8823770338201293,-3.909747044882349,8.876034661007672,-2.196368753628806,1.1102168139814859,2.6480673235642556,2.6705148402254086
3.8729591429980994,-3.9474184970513377,8.876034549888542,-2.196368698069241,1.1102168139814859,2.659707713654455,2.682155230315608
3.8711109123704284,-3.954816405558594,8.876039535885115,-2.196371191067527,1.1102168139814859,2.669020025726615,2.691467542387768
3.8682173601534564,-3.966395691028562,8.876044612487195,-2.1963737293685672,1.1102168139814859,2.676469875384343,2.6989173920454954
3.865269358722342,-3.9781950601017813,8.87605197583596,-2.1963774110429495,1.1102168139814859,2.684683042039127,2.7071305587002796
3.862760870086857,-3.988232817100403,8.876055778292638,-2.196379312271289,1.1102168139814859,2.6945388420248686,2.7169863586860212
3.857768252227294,-4.008208251246443,8.876060741000424,-2.1963817936251817,1.1102168139814859,2.7063658020077583,2.728813318668911
