# Evolutionary track for a 1.2163 Msun sequence with He atmosphere.
# log Teff [K], log L/Lsun, log g [cm/s^2], log radius [Rsun], mass [Msun], cooling age [Gyr], total age [Gyr]
5.750703005172973,3.889488210566571,8.589724137210986,-2.0334030686100344,1.2162662243595057,0.0,0.019546727587515852
5.748970379284487,3.876160118240042,8.596121725983574,-2.036601862996328,1.2162662243595057,2.8009829018265007e-08,0.01954675559734487
5.746904238503888,3.860525452242984,8.603491828858234,-2.0402869144336577,1.2162662243595057,6.162162384390831e-08,0.019546789209139697
5.744446928583582,3.8422678610794447,8.611920180340547,-2.044501090174815,1.2162662243595057,1.019557776376605e-07,0.01954682954329349
5.741539305132477,3.821076939289145,8.621480608326427,-2.0492813041677547,1.2162662243595057,1.503567621856928e-07,0.01954687794427804
5.738115139013355,3.796629208764168,8.632231674374916,-2.054656837191999,1.2162662243595057,2.0843794364482165e-07,0.019546936025459496
5.734101330847047,3.76859501683367,8.644210633640185,-2.0606463168246334,1.2162662243595057,2.781353613957763e-07,0.01954700572287725
5.729418401044138,3.7366464633183547,8.657427467943863,-2.0672547339764726,1.2162662243595057,3.6177226269990204e-07,0.019547089359778554
5.723990054532067,3.7004997014818697,8.671860843732066,-2.074471421870574,1.2162662243595057,4.621365442574024e-07,0.01954718972406011
5.717705576022655,3.6597704173016945,8.68745221387459,-2.0822671069418357,1.2162662243595057,5.825736821331083e-07,0.019547310161197987
5.7104867495516265,3.614247456233071,8.704099869059101,-2.090590934534091,1.2162662243595057,7.270982475802303e-07,0.019547454685763434
5.702243574562052,3.563708623776625,8.72166600155725,-2.099374000783166,1.2162662243595057,9.005277261175216e-07,0.01954762811524197
5.692888500927735,3.507983712190995,8.739970618605609,-2.108526309307345,1.2162662243595057,1.1086431003659963e-06,0.01954783623061622
5.682343051192409,3.4469562815400208,8.75881625031528,-2.117949125162182,1.2162662243595057,1.358381549462676e-06,0.019548085969065317
5.670601551705409,3.3809315212161364,8.777875012691164,-2.1274785063501227,1.2162662243595057,1.6562313933968544e-06,0.01954838381890925
5.660466231390496,3.3255103644661053,8.792754888181541,-2.134918444095312,1.2162662243595057,1.926424916770309e-06,0.019548654012432623
5.651029693517624,3.2749675630658808,8.805551538090281,-2.141316769049682,1.2162662243595057,2.1914986422397197e-06,0.019548919086158092
5.640426470162695,3.2191458003409665,8.818960407395478,-2.1480212037022803,1.2162662243595057,2.5095871128067374e-06,0.01954923717462866
5.628575195437469,3.1578574550048972,8.832843653830645,-2.1549628269198635,1.2162662243595057,2.8912932774834333e-06,0.019549618880793335
5.61842378708792,3.1063024757105877,8.843792999726757,-2.16043749986792,1.2162662243595057,3.2357513084039093e-06,0.019549963338824257
5.608989366441374,3.059038016700627,8.853319776150538,-2.16520088807981,1.2162662243595057,3.573204342134297e-06,0.01955030079185799
5.598364907522873,3.006440378442737,8.863419578734423,-2.1702507893717518,1.2162662243595057,3.978147982608527e-06,0.019550705735498462
5.586460580946344,2.9482307136147585,8.874011937256284,-2.175546968632683,1.2162662243595057,4.464080351177603e-06,0.01955119166786703
5.576273167748448,2.8990431882387675,8.882449809840686,-2.179765904924884,1.2162662243595057,4.901885642740876e-06,0.019551629473158593
5.566801617235276,2.8537533554081156,8.889853440618655,-2.183467720313868,1.2162662243595057,5.3301030373498796e-06,0.019552057690553203
5.556096844675073,2.803002616756579,8.897785089029382,-2.1874335445192314,1.2162662243595057,5.843963910877705e-06,0.019552571551426732
5.544043305232049,2.746393079966561,8.906180468047298,-2.19163123402819,1.2162662243595057,6.460596959110349e-06,0.019553188184474962
5.533723441526255,2.6983964560214737,8.912897637169209,-2.194989818589146,1.2162662243595057,7.013389959517867e-06,0.01955374097747537
5.524166861366989,2.6542570124010934,8.918810760152528,-2.197946380080805,1.2162662243595057,7.551329736594111e-06,0.01955427891725245
5.513256286136117,2.604215692794538,8.925209778835592,-2.201145889422337,1.2162662243595057,8.19685746908933e-06,0.019554924444984943
5.500891312576368,2.5479257004867564,8.932039876904382,-2.2045609384567317,1.2162662243595057,8.971490748077632e-06,0.01955569907826393
5.490392652954532,2.5004454007475387,8.937525538156256,-2.2073037690826687,1.2162662243595057,9.658237120397388e-06,0.01955638582463625
5.480654139970198,2.4567110439270294,8.942305843039428,-2.209693921524255,1.2162662243595057,1.0321281791482121e-05,0.019557048869307335
5.4695341521193095,2.407060439078334,8.94747649648457,-2.2122792482468263,1.2162662243595057,1.1116935396779329e-05,0.01955784452291263
5.456921421170745,2.351051306365029,8.953034705403615,-2.2150583527063485,1.2162662243595057,1.2071719723135233e-05,0.01955879930723899
5.4463269747945855,2.3042595193428896,8.957448706921117,-2.217265353465099,1.2162662243595057,1.2909999659843742e-05,0.019559637587175698
5.436584030353735,2.261407421545164,8.961329026955443,-2.2192055134822626,1.2162662243595057,1.3715471736039966e-05,0.019560443059251892
5.425510049900062,2.2128779400657352,8.965562586620177,-2.2213222933146297,1.2162662243595057,1.468203822747618e-05,0.01956140962574333
5.413035923724555,2.1584187623677584,8.970125259616129,-2.2236036298126054,1.2162662243595057,1.584191801720485e-05,0.019562569505533058
5.402602881472588,2.1130448376326694,8.97376701534335,-2.2254245076762156,1.2162662243595057,1.6864141448345034e-05,0.0195635917289642
5.393025095586976,2.0715127102055986,8.976987999227973,-2.2270349996185272,1.2162662243595057,1.7851923089466988e-05,0.01956457951060532
5.382208609852757,2.0247288761011406,8.980505890395554,-2.2287939452023178,1.2162662243595057,1.9037261058807375e-05,0.01956576484857466
5.370074223238766,1.9723914557534263,8.984305764287303,-2.2306938821481923,1.2162662243595057,2.0459666622020305e-05,0.019567187254137874
5.359811212726049,1.9282588028193304,8.98738637517053,-2.2322341875898064,1.2162662243595057,2.1729382914226502e-05,0.01956845697043008
5.35030366120713,1.8874744264671872,8.990140545446998,-2.2336112727280395,1.2162662243595057,2.29659427934289e-05,0.01956969353030928
5.339513299349927,1.8412916340634837,8.993161890421888,-2.235121945215485,1.2162662243595057,2.4449814648471774e-05,0.019571177402164325
5.327301897886899,1.7891604269885437,8.996447491644721,-2.236764745826901,1.2162662243595057,2.6230460874520243e-05,0.019572958048390373
5.316891155699569,1.744837375198092,8.999127574685847,-2.238104787347464,1.2162662243595057,2.7818410742148756e-05,0.019574545998258003
5.30720676309775,1.7036989763464199,9.001528403130248,-2.239305201569665,1.2162662243595057,2.9357319575276226e-05,0.01957608490709113
5.296116125930985,1.6566854593068783,9.004179371502728,-2.240630685755905,1.2162662243595057,3.120401017503813e-05,0.019577931597690893
5.283486115820372,1.603266850779375,9.007077939587777,-2.2420799697984295,1.2162662243595057,3.3420038894746455e-05,0.0195801476264106
5.272862099559193,1.558434748465654,9.009413976856784,-2.243247988432933,1.2162662243595057,3.5366283878803256e-05,0.019582093871394656
5.263084520708548,1.5172492456151159,9.011489164304743,-2.2442855821569125,1.2162662243595057,3.723426796374842e-05,0.0195839618554796
5.25193306353004,1.4703556442025016,9.013776937003323,-2.2454294685062024,1.2162662243595057,3.947584886568412e-05,0.01958620343638154
5.239331320776123,1.417452299585731,9.016273310604427,-2.2466776553067547,1.2162662243595057,4.2165745948005466e-05,0.01958889333346386
5.228828940933965,1.3734406882830967,9.01827540253843,-2.247678701273756,1.2162662243595057,4.452626375201345e-05,0.019591253851267868
5.219210748956251,1.3331877632441604,9.02005555966651,-2.2485687798377954,1.2162662243595057,4.680012479880825e-05,0.01959352771231466
5.208341252654885,1.287749857717267,9.02201547998794,-2.2495487399985112,1.2162662243595057,4.952875805496424e-05,0.019596256345570818
5.196166005655998,1.2369189336753312,9.024145416034324,-2.2506137080217035,1.2162662243595057,5.280311796234921e-05,0.019599530705478204
5.185949399374205,1.1943145017410475,9.025883422841437,-2.251482711425259,1.2162662243595057,5.5719968202158807e-05,0.019602447555718012
5.176538137929565,1.155111011853706,9.02744186695022,-2.2522619334796503,1.2162662243595057,5.856294707841426e-05,0.01960529053459427
5.1659576680040855,1.1110766820281177,9.029154317073887,-2.253118158541485,1.2162662243595057,6.197452172992379e-05,0.019608702109245778
5.154150374437405,1.0619841517600648,9.031017673075219,-2.254049836542151,1.2162662243595057,6.606841131173075e-05,0.019612795998827585
5.14412099561329,1.020328269077553,9.032556040461271,-2.254819020235176,1.2162662243595057,6.976822630538047e-05,0.019616495813821234
5.134820564108087,0.9817332488823596,9.033949334635652,-2.255515667322367,1.2162662243595057,7.340582241983711e-05,0.01962013340993569
5.124361798965418,0.9383655140226329,9.035482008924703,-2.2562820044668923,1.2162662243595057,7.77709377571866e-05,0.01962449852527304
5.112677176915661,0.8899577050888181,9.03715132965949,-2.257116664834286,1.2162662243595057,8.300907616200298e-05,0.019629736663677858
5.102687637723632,0.8486125032213259,9.038538374758867,-2.257810187383974,1.2162662243595057,8.776911392683535e-05,0.01963449670144269
5.091488366876345,0.8022976742448776,9.04005612034617,-2.258569060177626,1.2162662243595057,9.348115924463048e-05,0.019640208746760483
5.07901657776611,0.7507651699743887,9.041701468175718,-2.2593917340923997,1.2162662243595057,0.00010033561362598464,0.01964706320114184
5.068718996974449,0.7082578103727425,9.043018504610718,-2.2600502523099,1.2162662243595057,0.00010635989002423361,0.019653087477540087
5.0592915276480515,0.6693732135225577,9.044193224155315,-2.2606376120821983,1.2162662243595057,0.00011220455281482264,0.019658932140330675
5.048690216845243,0.6256775793272022,9.045483615139434,-2.2612828075742573,1.2162662243595057,0.00011921814816352725,0.01966594573567938
5.03686766761729,0.5769857392315448,9.04688525832328,-2.261983629166181,1.2162662243595057,0.00012763446258197352,0.019674362050097826
5.026855839231846,0.5357853369994726,9.048038347013577,-2.2625601735113294,1.2162662243595057,0.00013523443586972356,0.019681962023385575
5.017592735663599,0.49769094266455705,9.049080327075506,-2.2630811635422936,1.2162662243595057,0.00014270898462825267,0.019689436572144108
5.007218045922956,0.4550501069483965,9.050222403829093,-2.263652201919087,1.2162662243595057,0.00015167844313848392,0.01969840603065434
4.995708279039478,0.4077731241091632,9.051460319134417,-2.2642711595717495,1.2162662243595057,0.00016244179335076734,0.01970916938086662
4.985899458983917,0.36750904587195804,9.05248911714938,-2.2647855585792303,1.2162662243595057,0.00017227949650016055,0.019719007084016013
4.975025802581288,0.3228956606548075,9.053607876756011,-2.265344938382546,1.2162662243595057,0.0001840847402794324,0.019730812327795284
4.963098408141587,0.2739799158610368,9.054814043790977,-2.2659480219000288,1.2162662243595057,0.00019825103281456233,0.019744978620330415
4.953233364573646,0.23352198625423348,9.055811799126017,-2.2664468995675495,1.2162662243595057,0.00021093439743021504,0.01975766198494607
4.942420905135589,0.18911323573914796,9.056970711888876,-2.2670263559489787,1.2162662243595057,0.00022615443496900423,0.019772882022484856
4.930675346966678,0.140935981145048,9.058165733807332,-2.2676238669082065,1.2162662243595057,0.00024441848001554233,0.019791146067531396
4.920996470057546,0.1012678518000621,9.059118355515787,-2.2681001777624346,1.2162662243595057,0.0002608567189335674,0.01980758430644942
4.910483191326416,0.0582019664139949,9.060131125977335,-2.268606562993208,1.2162662243595057,0.000280582605635196,0.019827310193151048
4.899214308054544,0.012064725491770989,9.061192833812072,-2.269137416910577,1.2162662243595057,0.00030425366967715324,0.019850981257193007
4.889886830138829,-0.026103183251910467,9.062050830892893,-2.2695664154509876,1.2162662243595057,0.00032593167278501016,0.019872659260300865
4.879898305727111,-0.06695985884725733,9.062953408841368,-2.270017704425225,1.2162662243595057,0.00035194527651443705,0.01989867286403029
4.8693583624046894,-0.11005522092697703,9.0638889976314,-2.270485498820241,1.2162662243595057,0.0003831616009897478,0.019929889188505603
4.858411647779961,-0.1547973067041839,9.064844224909692,-2.2709631124593863,1.2162662243595057,0.00042062119036012516,0.019967348777875978
4.84954909603166,-0.19100657189638048,9.065603283108684,-2.271342641558883,1.2162662243595057,0.00045515450288638844,0.020001882090402243
4.84035154569884,-0.22857759935176789,9.066384109232795,-2.2717330546209378,1.2162662243595057,0.0004965944779179021,0.020043322065433754
4.830967377837785,-0.2669051805131905,9.06717501895,-2.2721285094795403,1.2162662243595057,0.0005463224479557202,0.020093050035471575
4.821567756302694,-0.3052933793561546,9.067964731652596,-2.2725233658308386,1.2162662243595057,0.0006059960120011047,0.020152723599516958
4.812332544666023,-0.34301266215843174,9.068743167908188,-2.2729125839586346,1.2162662243595057,0.0006776042888555601,0.020224331876371415
4.803440782112286,-0.3793371332303873,9.069500588765198,-2.27329129438714,1.2162662243595057,0.0007635342210809142,0.02031026180859677
4.7950563827242,-0.41360294376676277,9.070228801749225,-2.273655400879154,1.2162662243595057,0.0008666501397513337,0.020413377727267187
4.787308851377672,-0.4452870497700914,9.070922782366443,-2.2740023911877625,1.2162662243595057,0.0009903892421558387,0.020537116829671694
4.7802797442043214,-0.47406858233070565,9.071587886233656,-2.2743349431213686,1.2162662243595057,0.0011388761650412455,0.0206856037525571
4.774007281056567,-0.4998022428934575,9.072231694205387,-2.274656847107235,1.2162662243595057,0.0013170604725037329,0.020863788060019588
4.768523693128373,-0.5223637107625689,9.07285881036173,-2.274970405185406,1.2162662243595057,0.0015308816414587162,0.02107760922897457
4.763744405094054,-0.5421024058528224,9.073480353314704,-2.2752811766618923,1.2162662243595057,0.0017874670442047007,0.021334194631720555
4.760396067448421,-0.5559822006627984,9.073966797542152,-2.2755243987756164,1.2162662243595057,0.002021649579306077,0.02156837716682193
4.757295128990746,-0.5688985023488957,9.074479345397547,-2.2757806727033145,1.2162662243595057,0.0023026686214277334,0.021849396208943588
4.754400686577746,-0.5810215070468092,9.075024580443458,-2.27605329022627,1.2162662243595057,0.002639891471973721,0.022186619059489574
4.752329437185831,-0.5897565213703295,9.075474597199321,-2.276278298604201,1.2162662243595057,0.002956101214967683,0.022502828802483537
4.750130498510276,-0.5990520458636304,9.075974366990401,-2.2765281834997415,1.2162662243595057,0.0033355529065604433,0.022882280494076295
4.747972413019856,-0.6082241983526678,9.076514177517758,-2.27679808876342,1.2162662243595057,0.003790894936471753,0.023337622523987606
4.745526815400166,-0.6186081662687818,9.077115754955113,-2.2770988774820973,1.2162662243595057,0.004337305372365322,0.023884032959881174
4.743725382735173,-0.6262775337856545,9.077579391812012,-2.2773306959105475,1.2162662243595057,0.0047974741268772296,0.024344201714393082
4.741759127241316,-0.6346606229669218,9.078097459017851,-2.277589729513467,1.2162662243595057,0.0053496766322915215,0.024896404219807374
4.7394881707739085,-0.6443247032283421,9.078677713409643,-2.2778798567093625,1.2162662243595057,0.006012319638788666,0.025559047226304518
4.737498988709205,-0.6527798368303429,9.079176118752828,-2.2781290593809556,1.2162662243595057,0.006620113056052368,0.02616684064356822
4.735131661347121,-0.6628136650683256,9.079740637542477,-2.2784113187757793,1.2162662243595057,0.00734946515676881,0.026896192744284664
4.732076223388898,-0.6756819174375871,9.080387138078844,-2.278734569043963,1.2162662243595057,0.008224687677628543,0.027771415265144397
4.729482221036606,-0.6866082787616542,9.080937489993744,-2.2790097450014124,1.2162662243595057,0.009026401581805264,0.028573129169321115
4.7266333765816,-0.6986177341688022,9.081551567580867,-2.2793167837949744,1.2162662243595057,0.009988458266817324,0.029535185854333176
4.723265993062448,-0.7127801807263827,9.08224448006184,-2.2796632400354606,1.2162662243595057,0.0111429262888318,0.030689653876347655
4.719829964392348,-0.7271371006554139,9.082857285310471,-2.2799696426597764,1.2162662243595057,0.012193419853972438,0.031740147441488294
4.7181908566564,-0.7340302399974626,9.083193993708726,-2.2801379968589037,1.2162662243595057,0.012823715993056822,0.03237044358057268
4.716684068036724,-0.740431220446873,9.083567819679432,-2.280324909844257,1.2162662243595057,0.013580071359958078,0.03312679894747393
4.7142507402870635,-0.7506254035788537,9.084028691812772,-2.2805553459109267,1.2162662243595057,0.014487697800239585,0.03403442538775544
4.7109996671235095,-0.7641757316975438,9.08457472727725,-2.2808283636431654,1.2162662243595057,0.015576849528577403,0.035123577116093256
4.707296243175806,-0.7796103009852706,9.08519560077416,-2.281138800391621,1.2162662243595057,0.016883831602582784,0.03643055919009863
4.7031968451293,-0.7967076582002788,9.085895365803147,-2.2814886829061143,1.2162662243595057,0.01845221009138923,0.03799893767890508
4.698466654205942,-0.8164232185587315,9.086690162468164,-2.2818860812386226,1.2162662243595057,0.02033426427795697,0.03988099186547282
4.694251486190225,-0.833972253523694,9.08737852537026,-2.2822302626896707,1.2162662243595057,0.022040808329153932,0.041587535916669784
4.6906592982988595,-0.8489680821921444,9.088005602473247,-2.282543801241164,1.2162662243595057,0.02371624621546793,0.04326297380298378
4.685693525930138,-0.8695715696462463,9.088746000452467,-2.282914000230774,1.2162662243595057,0.025726771679044733,0.04527349926656058
4.68035705741305,-0.8917307523054339,9.0895593090433,-2.283320654526191,1.2162662243595057,0.028139402235336893,0.047686129822852745
4.675577403161903,-0.9115354107955175,9.090245350528793,-2.283663675268937,1.2162662243595057,0.030290820362972565,0.04983754795048842
4.670923826330162,-0.9307810604511333,9.090876692857448,-2.2839793464332643,1.2162662243595057,0.03237292441760264,0.05191965200511849
4.665474116093386,-0.9532919698012517,9.09158876126046,-2.2843353806347713,1.2162662243595057,0.034871449283158724,0.05441817687067458
4.659201953075881,-0.979174138929738,9.092382278318926,-2.284732139164004,1.2162662243595057,0.03786967912182604,0.057416406709341894
4.653518558495441,-1.0025680102657437,9.093042571333172,-2.2850622856711262,1.2162662243595057,0.04049007846351493,0.060036806051030775
4.649292598636866,-1.0200301631310378,9.093600884764168,-2.2853414423866254,1.2162662243595057,0.042993461702887106,0.06254018929040296
4.643683934375097,-1.0431174875427778,9.09425355212883,-2.2856677760689554,1.2162662243595057,0.04599752159013371,0.06554424917764956
4.63669927014633,-1.0717981548587407,9.094995562529727,-2.2860387812694047,1.2162662243595057,0.04960239345482964,0.0691491210423455
4.631509159550009,-1.0931341807977601,9.09557114608346,-2.2863265730462707,1.2162662243595057,0.05270576830864458,0.07225249589616044
4.6262504206562625,-1.1146973075024702,9.096099317213188,-2.2865906586111344,1.2162662243595057,0.055639749401236435,0.07518647698875229
4.620886088434337,-1.136655832047332,9.096600512870346,-2.2868412564397134,1.2162662243595057,0.05853854892326633,0.07808527651078218
4.615631019401759,-1.1582113596324468,9.097135764325147,-2.2871088821671144,1.2162662243595057,0.0620171083497022,0.08156383593721805
4.608883821345138,-1.1858204902551095,9.09775610272133,-2.2874190513652057,1.2162662243595057,0.06619137966142523,0.08573810724894108
4.6021392524729094,-1.2133361247787207,9.098293461756024,-2.287687730882553,1.2162662243595057,0.06981851254500347,0.08936524013251931
4.5968637824469,-1.2348921499006793,9.098747606773948,-2.287914803391515,1.2162662243595057,0.07326103958304837,0.09280776717056421
4.591672144964031,-1.256091037115163,9.099179944056953,-2.288130972033018,1.2162662243595057,0.07667185713670659,0.09621858472422244
4.585587678196942,-1.280924630557627,9.099675670431058,-2.2883788352200702,1.2162662243595057,0.08076483820109645,0.10031156578861229
4.577895244037478,-1.3122798473462853,9.100261150581863,-2.2886715752954725,1.2162662243595057,0.08567641547836426,0.10522314306588013
4.571670250269892,-1.3376603992235836,9.10074172738882,-2.2889118636989507,1.2162662243595057,0.08996040157374417,0.10950712916126003
4.567173428833421,-1.3560454539797864,9.101139496399137,-2.2891107482041093,1.2162662243595057,0.09404037887949246,0.11358710646700831
4.561492887217973,-1.3791928736765429,9.1015647496341,-2.289323374821591,1.2162662243595057,0.09808751800687104,0.1176342455943869
4.554741961486774,-1.4066820342790078,9.102050207311768,-2.289566103660425,1.2162662243595057,0.10294408495972537,0.12249081254724123
4.548448237830083,-1.4323560936558246,9.102549372061823,-2.289815686035452,1.2162662243595057,0.10877196530315056,0.1283186928906664
4.541941368164098,-1.4587670087692668,9.102932808511325,-2.2900074042602028,1.2162662243595057,0.11385576815850577,0.13340249574602162
4.536432345753295,-1.4810991576238401,9.103228867722688,-2.2901554338658845,1.2162662243595057,0.11868932020533493,0.13823604779285079
4.532456664161733,-1.4972605637743512,9.103487547506953,-2.2902847737580174,1.2162662243595057,0.12347808697563979,0.14302481456315566
4.526476074816085,-1.5215083957370665,9.103813022087069,-2.2904475110480753,1.2162662243595057,0.12922460710000563,0.1487713346875215
4.519384834473688,-1.5502334527167905,9.104173117697208,-2.2906275588531444,1.2162662243595057,0.1361204312492446,0.15566715883676047
4.513649385626368,-1.5734614924722923,9.104459362063432,-2.290770681036257,1.2162662243595057,0.14209166639203322,0.16163839397954907
4.507567299152917,-1.5980953902339274,9.104764913931266,-2.2909234569701735,1.2162662243595057,0.14773892331345828,0.16728565090097416
4.502557206616434,-1.6183814837857926,9.105010637337193,-2.291046318673137,1.2162662243595057,0.15331456601873855,0.1728612936062544
4.496196083609347,-1.6441032660820227,9.105287927605076,-2.2911849638070785,1.2162662243595057,0.16000533726507485,0.1795520648525907
4.487551921305733,-1.679047232220827,9.105655244529427,-2.2913686222692538,1.2162662243595057,0.16803426276067843,0.1875809903481943
4.482376916963869,-1.699992921683106,9.105900916624247,-2.2914914583166643,1.2162662243595057,0.17503202476275426,0.1945787523502701
4.476861733769853,-1.7222850211238876,9.106132283288966,-2.291607141649024,1.2162662243595057,0.18169550077399482,0.2012422283615107
4.4711755773636,-1.7453066571316853,9.106409293671755,-2.291745646840418,1.2162662243595057,0.1896916719874835,0.20923839957499937
4.463191590618552,-1.777566877065768,9.106733566625644,-2.2919077833173627,1.2162662243595057,0.1992870774436699,0.21883380503118577
4.457060759839307,-1.8023496134582313,9.106992979901126,-2.2920374899551037,1.2162662243595057,0.20776272192939513,0.227309449516911
4.45256867706107,-1.8205340692631509,9.107209104593096,-2.292145552301089,1.2162662243595057,0.21571979161783572,0.2352665192053516
4.44765063442375,-1.8404221537109395,9.107425018491607,-2.292253509250345,1.2162662243595057,0.22355870774638542,0.24310543533390128
4.440839890763925,-1.8679281414216735,9.10768803156304,-2.2923850157860604,1.2162662243595057,0.23296540710064506,0.2525121346881609
4.4329879356017745,-1.8996278435943745,9.107979913087137,-2.2925309565481093,1.2162662243595057,0.24425344632575663,0.2638001739132725
4.4270722287685125,-1.923520606256794,9.108209848416507,-2.292645924212795,1.2162662243595057,0.25404317185866865,0.2735898994461845
4.42190419908964,-1.9443918041110384,9.108408927555265,-2.2927454637821736,1.2162662243595057,0.26333609518086354,0.2828828227683794
4.41667850846611,-1.9654868250290038,9.108601185979108,-2.292841592994095,1.2162662243595057,0.27253180435272206,0.29207853194023786
4.4106367288746355,-1.9898711262177105,9.10881836880192,-2.292950184405501,1.2162662243595057,0.2835666553589522,0.30311338294646806
4.403946400506866,-2.016872057989276,9.109057987102409,-2.2930699935557453,1.2162662243595057,0.29680847656642856,0.31635520415394436
4.3975300261464065,-2.0427444800032397,9.109264911674531,-2.293173455841806,1.2162662243595057,0.30821300976769134,0.32775973735520714
4.392906625898444,-2.0614051340296773,9.109431964709119,-2.2932569823591002,1.2162662243595057,0.3189424702746036,0.33848919786211945
4.387385863230429,-2.083658122386423,9.109601902393806,-2.2933419512014437,1.2162662243595057,0.3294749052268125,0.3490216328143283
4.3801322451558935,-2.1128773170390818,9.109806624748323,-2.293444312378702,1.2162662243595057,0.3421138271694632,0.36166055475697906
4.374090600756673,-2.1372424053917083,9.110005135504066,-2.293543567756574,1.2162662243595057,0.35728053350064404,0.37682726108815984
4.367890646117579,-2.1622203399516824,9.110183251507664,-2.2936326257583732,1.2162662243595057,0.37026367166384355,0.3898103992513594
4.362345214458767,-2.184557686235488,9.110338871156221,-2.293710435582651,1.2162662243595057,0.3824071006125001,0.40195382820001596
4.356862556166827,-2.206637591599001,9.110488143351976,-2.2937850716805284,1.2162662243595057,0.394283017151291,0.41382974473880685
4.350340746091937,-2.2328963932504124,9.110659704703824,-2.293870852356453,1.2162662243595057,0.4085341169978401,0.42808084458535595
4.342468656378636,-2.264580822953671,9.110855775553881,-2.2939688877814812,1.2162662243595057,0.42563543681369903,0.44518216440121483
4.336055098454128,-2.2903923987189247,9.111013119621107,-2.2940475598150947,1.2162662243595057,0.4402463261162299,0.45979305370374574
4.330369634754914,-2.3132701592944014,9.11114902539972,-2.294115512704401,1.2162662243595057,0.453947314709556,0.47349404229707187
4.323800312018573,-2.339686922799594,9.111288497959555,-2.2941852489843177,1.2162662243595057,0.46737500172081464,0.4869217293083305
4.318658602023471,-2.3603843890658758,9.111419124245426,-2.294250562127254,1.2162662243595057,0.48348822613432496,0.5030349537218408
4.311475239441444,-2.3892788075079574,9.111580092359397,-2.2943310461842397,1.2162662243595057,0.5028240954305374,0.5223708230180533
4.306474092452331,-2.4094032512566352,9.111699948151623,-2.2943909740803523,1.2162662243595057,0.5192932197013159,0.5388399472888317
4.302931525094885,-2.4236698633762317,9.111796290841436,-2.294439145425259,1.2162662243595057,0.5346153804827213,0.5541621080702371
4.296188928031859,-2.45076574500517,9.111921784218273,-2.294501892113678,1.2162662243595057,0.5494360756188416,0.5689828032063574
4.292003936201244,-2.4676001677811237,9.112016239671766,-2.2945491198404238,1.2162662243595057,0.5641010053548763,0.5836477329423921
4.2855508658573,-2.4935362263018885,9.112140016816754,-2.2946110084129185,1.2162662243595057,0.5816989210381179,0.6012456486256337
4.278733794627214,-2.520939622987967,9.112275128582487,-2.294678564295784,1.2162662243595057,0.6028164198580078,0.6223631474455236
4.271621343566438,-2.5495111054362365,9.112396806787656,-2.2947394033983683,1.2162662243595057,0.6207762220458516,0.6403229496333674
4.267279729228439,-2.5669662588251843,9.112485502824606,-2.294783751416844,1.2162662243595057,0.6375230590381559,0.6570697866256717
4.263246027077383,-2.5831834165501273,9.112567851945323,-2.294824925977203,1.2162662243595057,0.6538330393597576,0.6733797669472734
4.257958838647816,-2.6044236735809916,9.112659355257925,-2.294870677633504,1.2162662243595057,0.6699828992590094,0.6895296268465253
4.252034561646258,-2.62822353653112,9.112762110201816,-2.2949220551054488,1.2162662243595057,0.6893627311381119,0.7089094587256276
4.244126329807554,-2.6599823980611568,9.11288804437704,-2.2949850221930608,1.2162662243595057,0.7126185293930347,0.7321652569805506
4.240356204312937,-2.6751402394944743,9.112965383831886,-2.295023691920484,1.2162662243595057,0.7323175041112756,0.7518642316987914
4.234676443731859,-2.6979477873521005,9.113053889365204,-2.2950679446871427,1.2162662243595057,0.7505529298289101,0.7700996574164259
4.228520942546812,-2.7226580828241898,9.113142180097102,-2.2951120900530917,1.2162662243595057,0.7681437717582849,0.7876904993458006
4.224126633579098,-2.7403057834183926,9.11321264482045,-2.295147322414766,1.2162662243595057,0.7855589309533,0.8051056585408158
4.218868209935622,-2.761421223356752,9.113294390184906,-2.2951881950969937,1.2162662243595057,0.8064571219873181,0.826003849574834
4.211219213649339,-2.792122244818553,9.113399426501578,-2.2952407132553296,1.2162662243595057,0.83153495122814,0.8510816788156558
4.206092705226393,-2.812703442379151,9.113474590370387,-2.2952782951897346,1.2162662243595057,0.8527079579939524,0.8722546855814682
4.200842562908786,-2.8337749724245884,9.113545551145398,-2.2953137755772404,1.2162662243595057,0.8722952634219395,0.8918419910094553
4.19527156825978,-2.8561292697820617,9.113615869906846,-2.2953489349579637,1.2162662243595057,0.8912133868730928,0.9107601144606086
4.189765042754395,-2.878222657612486,9.113683155715734,-2.2953825778624073,1.2162662243595057,0.9099100099912506,0.9294567375787665
4.184238355118204,-2.9003999872968396,9.113753734855319,-2.2954178674322003,1.2162662243595057,0.9323459577330402,0.951892685320556
4.178314915122348,-2.9241711376723925,9.113831125247449,-2.2954565626282655,1.2162662243595057,0.9592690950231877,0.9788158226107034
4.172685868994772,-2.94675599588611,9.113899798950865,-2.295490899479973,1.2162662243595057,0.9819229187760355,1.0014696463635513
4.168001854711333,-2.965550153234126,9.113957899165126,-2.2955199495871037,1.2162662243595057,1.0027525434282119,1.0222992710157277
4.162902667036157,-2.986006843432672,9.114017838662965,-2.295549919336023,1.2162662243595057,1.0227638388432336,1.0423105664307495
4.158642597470953,-3.0030993193061994,9.114070036275677,-2.295576018142379,1.2162662243595057,1.0424389236973313,1.0619856512848471
4.1536369507662005,-3.023179047095779,9.114127177246246,-2.2956045886276635,1.2162662243595057,1.0619869491736025,1.0815336767611183
4.149613853030428,-3.0393203085325626,9.114176047739942,-2.295629023874512,1.2162662243595057,1.0814884902927067,1.1010352178802225
4.145421242098685,-3.0561403401172433,9.114225635597649,-2.2956538178033647,1.2162662243595057,1.1009869267162913,1.120533654303807
4.140956678132156,-3.0740500560306843,9.114277095644976,-2.295679547827029,1.2162662243595057,1.1204739456906903,1.140020673278206
4.136190852820245,-3.0931705281197956,9.114334266486441,-2.295708133247761,1.2162662243595057,1.1438583684599692,1.163405096047485
4.130131135094528,-3.1174810799259234,9.1144059473897,-2.295743973699391,1.2162662243595057,1.171919675783104,1.19146640337062
4.125725975431726,-3.13515576668439,9.114459995496956,-2.2957709977530194,1.2162662243595057,1.19530356007651,1.2148502876640257
4.12135578909255,-3.15268913699004,9.114512620445906,-2.2957973102274933,1.2162662243595057,1.2165776313227008,1.2361243589102167
4.11687032934253,-3.1706833045262757,9.114564948982059,-2.2958234744955703,1.2162662243595057,1.2367832247598358,1.2563299523473515
4.1133449188341205,-3.1848289485716488,9.114608950993796,-2.295845475501439,1.2162662243595057,1.2564509646096147,1.2759976921971306
4.1095537057352205,-3.2000400281897043,9.114655178216253,-2.2958685891126676,1.2162662243595057,1.2757885688985142,1.29533529648603
4.106312712274918,-3.213045300277165,9.114696476462504,-2.295889238235793,1.2162662243595057,1.2948646806725919,1.3144114082601077
4.1026421570426885,-3.2277737244318265,9.114742679688248,-2.2959123398486647,1.2162662243595057,1.313709323802645,1.3332560513901608
4.099534848588946,-3.2402424035099138,9.114782124951363,-2.2959320624802224,1.2162662243595057,1.3323373178582878,1.3518840454458037
4.095778784769933,-3.255312889206235,9.11482835537163,-2.2959551776903555,1.2162662243595057,1.3507468951713675,1.3702936227588833
4.092594851222854,-3.268089110644458,9.114868842621538,-2.2959754213153105,1.2162662243595057,1.3689456677003158,1.3884923952878316
4.089627983787978,-3.2799959140909207,9.1149081763285,-2.295995088168791,1.2162662243595057,1.3869354245092071,1.406482152096723
4.08629509449068,-3.293367755352533,9.114948460400921,-2.296015230205001,1.2162662243595057,1.4044441301254358,1.4239908577129516
4.083355502911064,-3.3051624836959457,9.114984822425866,-2.296033411217474,1.2162662243595057,1.4207964841324363,1.4403432117199522
4.080872772646685,-3.3151245221209265,9.11501593979333,-2.2960489699012068,1.2162662243595057,1.4357604552635603,1.4553071828510762
4.0785603219677595,-3.324402671726715,9.115044286683421,-2.296063143346251,1.2162662243595057,1.4485377931592103,1.4680845207467261
4.0765903680184365,-3.3323048330813014,9.115066632240714,-2.2960743161248978,1.2162662243595057,1.4593392573098165,1.4788859848973324
4.074946507062032,-3.3388999361470213,9.115086291480816,-2.2960841457449486,1.2162662243595057,1.4691997748455743,1.4887465024330901
4.073173334695412,-3.3460128102823563,9.115106476149673,-2.296094238079377,1.2162662243595057,1.4782747074372482,1.497821435024764
4.071589771553661,-3.3523648619585433,9.115124275258852,-2.2961031376339673,1.2162662243595057,1.4863849907220217,1.5059317183095373
4.070154232135846,-3.3581231462994077,9.115140401928457,-2.2961112009687694,1.2162662243595057,1.4934897118698007,1.5130364394573166
4.068858577749636,-3.3633194406254545,9.115154078709665,-2.296118039359373,1.2162662243595057,1.4997447233916723,1.5192914509791882
4.06803645312253,-3.3666185720312125,9.115164711607001,-2.2961233558080414,1.2162662243595057,1.5053971622330313,1.5249438898205472
4.067085324418353,-3.370433686900532,9.115175311659609,-2.2961286558343454,1.2162662243595057,1.5107751162804426,1.5303218438679582
4.066228650990297,-3.373869835437545,9.1151847664844,-2.2961333832467417,1.2162662243595057,1.5159839514827935,1.5355306790703094
4.065188438152666,-3.3780413542047514,9.115195433901082,-2.2961387169550815,1.2162662243595057,1.5210065514683764,1.5405532790558922
4.064318668669753,-3.3815296776383756,9.115204679403053,-2.2961433397060675,1.2162662243595057,1.5258549738550626,1.5454017014425785
4.063534269491715,-3.384675681074051,9.11521308612658,-2.2961475430678306,1.2162662243595057,1.530533955433235,1.5500806830207507
4.062690302951971,-3.3880604108742727,9.115221949767824,-2.2961519748884527,1.2162662243595057,1.535049732199014,1.5545964597865298
4.061755323915035,-3.3918097938228158,9.115231416568621,-2.2961567082888514,1.2162662243595057,1.5394079209337717,1.5589546485212875
4.060579494639197,-3.3965232486424783,9.11524155428493,-2.296161777147006,1.2162662243595057,1.5436140393260855,1.5631607669136014
4.059943356010463,-3.3990744593000066,9.115248210427527,-2.296165105218304,1.2162662243595057,1.5475506368533212,1.5670973644408368
4.059128846867586,-3.402340764264851,9.11525647882086,-2.296169239414971,1.2162662243595057,1.5522745538860037,1.5718212814735195
4.058811601350683,-3.4036128865894755,9.115259619077873,-2.296170809543478,1.2162662243595057,1.5536917289958088,1.5732384565833246
4.058482652148983,-3.4049330270108893,9.11526396269249,-2.296172981350786,1.2162662243595057,1.5553923391275746,1.5749390667150904
4.057856110624537,-3.407443781678455,9.11526855126227,-2.2961752756356764,1.2162662243595057,1.5574330712856934,1.5769797988732093
4.057452054074633,-3.409064023108155,9.115272566492356,-2.296177283250719,1.2162662243595057,1.5598819498754362,1.5794286774629518
4.056829306149915,-3.411561130767305,9.115278682452628,-2.296180341230855,1.2162662243595057,1.5628206041831274,1.5823673317706433
4.056043605350437,-3.414711241376581,9.115285989863995,-2.296183994936539,1.2162662243595057,1.566346989352357,1.5858937169398728
4.055220017253979,-3.418013513148494,9.115293909250076,-2.2961879546295783,1.2162662243595057,1.5705786515554323,1.5901253791429482
4.054165945945405,-3.4222407702032993,9.115304881070585,-2.296193440539833,1.2162662243595057,1.5756566461991228,1.5952033737866387
4.053007127905804,-3.4268870016557953,9.115315840364678,-2.29619892018688,1.2162662243595057,1.5817502397715513,1.6012969673590671
4.052062475004525,-3.4306745900939615,9.11532481719773,-2.2962034086034055,1.2162662243595057,1.5873195058807834,1.606866233468299
4.051091398869273,-3.434568031736121,9.11533395429888,-2.2962079771539807,1.2162662243595057,1.5927681149771926,1.6123148425647085
4.05007541055675,-3.4386412659620875,9.115343235274754,-2.2962126176419173,1.2162662243595057,1.5980087341590536,1.6175554617465695
4.048994101269458,-3.4429760860240157,9.115352818187512,-2.296217409098297,1.2162662243595057,1.603070793259335,1.622617520846851
4.047597591033844,-3.4485729676626287,9.115363658883666,-2.2962228294463745,1.2162662243595057,1.6079551785144082,1.627501906101924
4.0467001077924625,-3.4521715353793465,9.115372293634865,-2.2962271468219733,1.2162662243595057,1.612526824817396,1.632073552404912
4.045831652764779,-3.455652079574156,9.115379017718938,-2.29623050886401,1.2162662243595057,1.6168384421354263,1.6363851697229421
4.044587828807917,-3.4606380459761352,9.11538968829347,-2.2962358441512767,1.2162662243595057,1.6220123829170625,1.6415591105045784
4.042893257083688,-3.4674295532235537,9.115402908643972,-2.296242454326527,1.2162662243595057,1.6282211118550258,1.6477678394425417
4.041635455840279,-3.472471275780645,9.115413426227425,-2.2962477131182535,1.2162662243595057,1.6335756764462759,1.6531224040337917
4.040507697847694,-3.476991263202475,9.115422381678917,-2.2962521908439997,1.2162662243595057,1.6385910881769983,1.6581378157645141
4.0394021896789996,-3.4814219454140396,9.115431031215703,-2.296256515612392,1.2162662243595057,1.6434678304340775,1.6630145580215934
4.038332164427634,-3.48571026026246,9.115439245058662,-2.2962606225338713,1.2162662243595057,1.6481656124617665,1.6677123400492824
4.036987991477853,-3.4910961969563856,9.115448489953462,-2.2962652449812717,1.2162662243595057,1.6527015905320703,1.6722483181195862
4.0359835322150985,-3.4951218816661753,9.115456337612237,-2.2962691688106593,1.2162662243595057,1.6568319701057224,1.6763786976932382
4.035052677795639,-3.498852056960811,9.115463095229032,-2.296272547619057,1.2162662243595057,1.6606485406950853,1.6801952682826011
4.034341569861113,-3.5017013933801215,9.11546799991024,-2.296274999959661,1.2162662243595057,1.664372211455735,1.683918939043251
4.033233246690725,-3.506143144979631,9.115476458828196,-2.296279229418639,1.2162662243595057,1.668840616368515,1.6883873439560309
4.031743109420444,-3.512113684890875,9.115486449658318,-2.2962842248336996,1.2162662243595057,1.6742027022638506,1.6937494298513665
4.030630208179576,-3.5165733398337222,9.115494499637693,-2.296288249823387,1.2162662243595057,1.6788271005194821,1.698373828106998
4.029569193185076,-3.520824656676552,9.115501756502523,-2.2962918782558024,1.2162662243595057,1.6831585939329199,1.7027053215204357
4.0282534019489855,-3.5260964437204314,9.11551037860204,-2.2962961893055613,1.2162662243595057,1.6873703273059104,1.7069170548934263
4.027115335988613,-3.5306561325337595,9.115517803573876,-2.2962999017914787,1.2162662243595057,1.6914275040649096,1.7109742316524255
4.025928570217192,-3.5354107566104425,9.115525364564874,-2.296303682286978,1.2162662243595057,1.6953449409952948,1.7148916685828106
4.025018709876471,-3.539056113815955,9.115531280407504,-2.2963066402082926,1.2162662243595057,1.6991252416729818,1.7186719692604975
4.0239583367456495,-3.5433042738392615,9.115537947907526,-2.2963099739583037,1.2162662243595057,1.7027737396737876,1.7223204672613035
4.022860795390613,-3.547701172687515,9.115544681335633,-2.2963133406723575,1.2162662243595057,1.706294901799941,1.7258416293874566
4.021869216494232,-3.5516731150650305,9.115550308127627,-2.2963161540683545,1.2162662243595057,1.7096932032119665,1.7292399307994823
4.020796840412863,-3.5559692372233584,9.115556925960474,-2.296319462984778,1.2162662243595057,1.7137711649063974,1.7333178924939132
4.019438278785358,-3.56141215585246,9.11556559807956,-2.29632379904432,1.2162662243595057,1.7186647189397146,1.7382114465272305
4.017640593149566,-3.5686134789790733,9.115576178663003,-2.2963290893360426,1.2162662243595057,1.724536983779695,1.744083711367211
4.016115001797935,-3.574724665338942,9.115584999616349,-2.2963334998127154,1.2162662243595057,1.7299039655399673,1.7494506931274831
4.014396530937803,-3.581607089884341,9.115593540721216,-2.296337770365149,1.2162662243595057,1.7351546727365241,1.75470140032404
4.012366868380555,-3.589736570183,9.115604370790889,-2.296343185399986,1.2162662243595057,1.7402049445335492,1.759751672121065
4.010953153012208,-3.5953990937615607,9.115612032896061,-2.296347016452571,1.2162662243595057,1.7450831418270123,1.7646298694145282
4.009860770469162,-3.5997745057810677,9.115617914743382,-2.296349957376232,1.2162662243595057,1.7497901186638107,1.7693368462513266
4.008194761813465,-3.6064477401316184,9.115627114471145,-2.2963545572401136,1.2162662243595057,1.7554384908679685,1.7749852184554844
4.0059762236140815,-3.6153332388501225,9.115638460392113,-2.2963602302005968,1.2162662243595057,1.7622165375129581,1.7817632651004738
4.004018660846649,-3.6231733570881013,9.115648327560363,-2.2963651637847224,1.2162662243595057,1.7684113624578859,1.7879580900454017
4.00194198386842,-3.631490169659971,9.115658432219316,-2.296370216114199,1.2162662243595057,1.7744719777855764,1.7940187053730923
3.999974347963979,-3.6393700641605484,9.115667783102127,-2.296374891555604,1.2162662243595057,1.780301241066935,1.7998479686544508
3.9981692951834873,-3.6465985316703113,9.115676039489927,-2.296379019749504,1.2162662243595057,1.7859318877934653,1.8054786153809812
3.9957678946501085,-3.6562153591481508,9.11568726483425,-2.296384632421666,1.2162662243595057,1.7926886638653017,1.8122353914528175
3.992984111813945,-3.667362952940702,9.115699727282149,-2.2963908636456147,1.2162662243595057,1.800796795151505,1.8203435227390208
3.990277178429509,-3.6782023125534864,9.115711353357188,-2.2963966766831345,1.2162662243595057,1.8082072566870053,1.8277539842745212
3.9875720469342886,-3.6890341177315658,9.115722632554384,-2.2964023162817324,1.2162662243595057,1.8154571720868082,1.835003899674324
3.9847255461135074,-3.70043145846607,9.115733970005765,-2.2964079850074235,1.2162662243595057,1.8224303362538092,1.841977063841325
3.9820605127265107,-3.71110164771809,9.1157440257098,-2.296413012859441,1.2162662243595057,1.8291659085028857,1.8487126360904016
3.97884768775595,-3.7239649851853325,9.115756063294796,-2.296419031651939,1.2162662243595057,1.8372485952017776,1.8567953227892935
3.9748393112477736,-3.7400127437136064,9.115770315790366,-2.2964261578997234,1.2162662243595057,1.8469478192404483,1.8664945468279641
3.970951255770499,-3.7555779121494686,9.115783262317128,-2.2964326311631056,1.2162662243595057,1.8556079341181653,1.8751546617056811
3.9668234919869008,-3.7720994533215877,9.115793748354857,-2.2964378741819695,1.2162662243595057,1.8636782459424475,1.8832249735299633
3.963073607896637,-3.78711002838984,9.115804787062052,-2.296443393535567,1.2162662243595057,1.8713652235002818,1.8909119510877976
3.9596204438289724,-3.800932716286245,9.115814818687802,-2.2964484093484416,1.2162662243595057,1.878776482882003,1.898323210469519
3.9554874393573125,-3.8174756171416364,9.115825701656552,-2.2964538508328167,1.2162662243595057,1.8859599676251657,1.9055066952126816
3.9521899355792676,-3.8306742962062112,9.115834365608945,-2.296458182809014,1.2162662243595057,1.892956467626285,1.912503195213801
3.9484416947070975,-3.84567638988245,9.115843495796508,-2.2964627479027944,1.2162662243595057,1.899775069500675,1.9193217970881908
3.9448209475033593,-3.8601676921303416,9.115851809229445,-2.2964669046192636,1.2162662243595057,1.9064088668137817,1.9259555944012976
3.9403501087968036,-3.878060765319111,9.115861527591989,-2.296471763800535,1.2162662243595057,1.9128768487595311,1.9324235763470468
3.9369774931257875,-3.891558265058195,9.115868564647007,-2.296475282328045,1.2162662243595057,1.9192126879476779,1.9387594155351937
3.9326565525760904,-3.908850669926334,9.115877207316363,-2.2964796036627217,1.2162662243595057,1.9254042827296884,1.9449510103172043
3.930843075306408,-3.9161076977074156,9.115880326018713,-2.296481163013897,1.2162662243595057,1.9284257696914193,1.9479724972789352
3.9292819907790975,-3.922354352832343,9.115882643034398,-2.29648232152174,1.2162662243595057,1.9320515540454966,1.9515982816330122
3.924747235731849,-3.9404953608087916,9.115884630821855,-2.2964833154154682,1.2162662243595057,1.936402495270389,1.955949222857905
3.9215798529670134,-3.95317028242115,9.115890021374868,-2.296486010691975,1.2162662243595057,1.94162362474026,1.961170352327776
3.9171317199226454,-3.9709685139409308,9.115895720717177,-2.2964888603631297,1.2162662243595057,1.9478889801041055,1.9674357076916213
3.9119796624961243,-3.9915831337764582,9.11590211084662,-2.2964920554278505,1.2162662243595057,1.95540740654072,1.9749541341282357
3.907327103339775,-4.010198670314766,9.115907410759533,-2.296494705384307,1.2162662243595057,1.9616832101528419,1.9812299377403577
