============================================================================
  #Mod      Teff         Log(g)           R            Age            L
           Log(Tc)       Log(Pc)      Log(rhoc)       Mx/M         Log(qx)
             Lnu        Log(H/*)      Log(He/*)     Log(C/*)      Log(O/*)
============================================================================
     1   133116.9533    8.29690474  7.977471E+08  0.000000E+00  1.423954E+35
        8.011034E+00  2.440173E+01  7.334476E+00  0.0000000000  0.000000E+00
        5.301698E+35 -3.999873E+00 -1.999887E+00 -3.054398E-01 -3.054398E-01
     2   115870.3702    8.34086101  7.583804E+08  6.000000E+04  7.387471E+34
        7.988065E+00  2.441372E+01  7.343075E+00  0.0000000000  0.000000E+00
        3.037340E+35 -3.999873E+00 -1.999887E+00 -3.054398E-01 -3.054398E-01
     3   104304.1573    8.36779023  7.352288E+08  1.200000E+05  4.559146E+34
        7.970704E+00  2.442131E+01  7.348530E+00  0.0000000000  0.000000E+00
        1.968178E+35 -3.999873E+00 -1.999887E+00 -3.054398E-01 -3.054398E-01
     4    95979.2190    8.38621693  7.197955E+08  1.800000E+05  3.132991E+34
        7.956887E+00  2.442658E+01  7.352323E+00  0.0000000000  0.000000E+00
        1.384027E+35 -3.999873E+00 -1.999887E+00 -3.054398E-01 -3.054398E-01
     5    89534.7982    8.39981890  7.086115E+08  2.400000E+05  2.299407E+34
        7.945459E+00  2.443045E+01  7.355112E+00  0.0000000000  0.000000E+00
        1.030456E+35 -3.999873E+00 -1.999887E+00 -3.054398E-01 -3.054398E-01
     6    84325.2328    8.41035340  7.000691E+08  3.000000E+05  1.765810E+34
        7.935743E+00  2.443343E+01  7.357263E+00  0.0000000000  0.000000E+00
        8.001271E+34 -3.999873E+00 -1.999887E+00 -3.054398E-01 -3.054398E-01
     7    80015.2565    8.41879366  6.932993E+08  3.600000E+05  1.403992E+34
        7.927309E+00  2.443582E+01  7.358988E+00  0.0000000000  0.000000E+00
        6.415597E+34 -3.999873E+00 -1.999887E+00 -3.054398E-01 -3.054398E-01
     8    76392.8320    8.42572292  6.877905E+08  4.200000E+05  1.148034E+34
        7.919866E+00  2.443778E+01  7.360411E+00  0.0000000000  0.000000E+00
        5.275422E+34 -3.999873E+00 -1.999887E+00 -3.054398E-01 -3.054398E-01
     9    73264.9284    8.43155709  6.831862E+08  4.800000E+05  9.582849E+33
        7.913205E+00  2.443943E+01  7.361607E+00  0.0000000000  0.000000E+00
        4.426354E+34 -3.999873E+00 -1.999887E+00 -3.054398E-01 -3.054398E-01
    10    70566.2125    8.43651684  6.792962E+08  5.400000E+05  8.153379E+33
        7.907178E+00  2.444084E+01  7.362628E+00  0.0000000000  0.000000E+00
        3.775933E+34 -3.999873E+00 -1.999887E+00 -3.054398E-01 -3.054398E-01
    11    68196.2715    8.44081096  6.759462E+08  6.000000E+05  7.042045E+33
        7.901674E+00  2.444205E+01  7.363513E+00  0.0000000000  0.000000E+00
        3.265899E+34 -3.999873E+00 -1.999887E+00 -3.054398E-01 -3.054398E-01
    12    66103.9852    8.44456307  6.730326E+08  6.600000E+05  6.163320E+33
        7.896610E+00  2.444312E+01  7.364289E+00  0.0000000000  0.000000E+00
        2.857925E+34 -3.999873E+00 -1.999887E+00 -3.054398E-01 -3.054398E-01
    13    64257.7925    8.44785904  6.704835E+08  7.200000E+05  5.461493E+33
        7.891918E+00  2.444406E+01  7.364976E+00  0.0000000000  0.000000E+00
        2.526004E+34 -3.999873E+00 -1.999887E+00 -3.054398E-01 -3.054398E-01
    14    62617.8397    8.45078005  6.682325E+08  7.800000E+05  4.891922E+33
        7.887547E+00  2.444490E+01  7.365588E+00  0.0000000000  0.000000E+00
        2.251980E+34 -3.999873E+00 -1.999887E+00 -3.054398E-01 -3.054398E-01
    15    61146.9064    8.45339315  6.662252E+08  8.400000E+05  4.421524E+33
        7.883455E+00  2.444566E+01  7.366139E+00  0.0000000000  0.000000E+00
        2.022875E+34 -3.999873E+00 -1.999887E+00 -3.054398E-01 -3.054398E-01
    16    59812.1559    8.45575488  6.644161E+08  9.000000E+05  4.025967E+33
        7.879607E+00  2.444634E+01  7.366637E+00  0.0000000000  0.000000E+00
        1.829186E+34 -3.999873E+00 -1.999887E+00 -3.054398E-01 -3.054398E-01
    17    58368.9737    8.45830294  6.624699E+08  9.728480E+05  3.629882E+33
        7.875249E+00  2.444708E+01  7.367180E+00  0.0000000000  0.000000E+00
        1.632798E+34 -3.999873E+00 -1.999887E+00 -3.054398E-01 -3.054398E-01
    18    56974.2683    8.46076101  6.605978E+08  1.052395E+06  3.276583E+33
        7.870813E+00  2.444781E+01  7.367710E+00  0.0000000000  0.000000E+00
        1.455114E+34 -3.999873E+00 -1.999887E+00 -3.054398E-01 -3.054398E-01
    19    55621.8298    8.46313884  6.587918E+08  1.139594E+06  2.960121E+33
        7.866284E+00  2.444852E+01  7.368228E+00  0.0000000000  0.000000E+00
        1.294212E+34 -3.999873E+00 -1.999887E+00 -3.054398E-01 -3.054398E-01
    20    54309.7960    8.46543948  6.570492E+08  1.235278E+06  2.676335E+33
        7.861659E+00  2.444921E+01  7.368736E+00  0.0000000000  0.000000E+00
        1.148823E+34 -3.999873E+00 -1.999887E+00 -3.054398E-01 -3.054398E-01
    21    53039.7617    8.46766124  6.553707E+08  1.340388E+06  2.422212E+33
        7.856934E+00  2.444989E+01  7.369233E+00  0.0000000000  0.000000E+00
        1.017737E+34 -3.999873E+00 -1.999887E+00 -3.054398E-01 -3.054398E-01
    22    51812.6962    8.46980371  6.537561E+08  1.456190E+06  2.194867E+33
        7.852098E+00  2.445055E+01  7.369720E+00  0.0000000000  0.000000E+00
        8.996108E+33 -3.999873E+00 -1.999887E+00 -3.054398E-01 -3.054398E-01
    23    50628.7506    8.47186785  6.522044E+08  1.584272E+06  1.991536E+33
        7.847132E+00  2.445120E+01  7.370198E+00  0.0000000000  0.000000E+00
        7.931590E+33 -3.999873E+00 -1.999887E+00 -3.054398E-01 -3.054398E-01
    24    49486.5999    8.47385442  6.507144E+08  1.726544E+06  1.809519E+33
        7.842015E+00  2.445184E+01  7.370670E+00  0.0000000000  0.000000E+00
        6.972394E+33 -3.999873E+00 -1.999887E+00 -3.054398E-01 -3.054398E-01
    25    48388.4600    8.47576484  6.492847E+08  1.885252E+06  1.646909E+33
        7.836725E+00  2.445248E+01  7.371136E+00  0.0000000000  0.000000E+00
        6.108716E+33 -3.999873E+00 -1.999887E+00 -3.054398E-01 -3.054398E-01
    26    47331.2014    8.47760195  6.479129E+08  2.063243E+06  1.501258E+33
        7.831230E+00  2.445311E+01  7.371600E+00  0.0000000000  0.000000E+00
        5.331305E+33 -3.999873E+00 -1.999887E+00 -3.054398E-01 -3.054398E-01
    27    46319.1321    8.47936656  6.465980E+08  2.263692E+06  1.371331E+33
        7.825503E+00  2.445374E+01  7.372061E+00  0.0000000000  0.000000E+00
        4.633055E+33 -3.999873E+00 -1.999887E+00 -3.054398E-01 -3.054398E-01
    28    45349.6645    8.48106286  6.453364E+08  2.490802E+06  1.255165E+33
        7.819501E+00  2.445437E+01  7.372525E+00  0.0000000000  0.000000E+00
        4.006658E+33 -3.999873E+00 -1.999887E+00 -3.054398E-01 -3.054398E-01
    29    44420.3649    8.48269316  6.441263E+08  2.749362E+06  1.151072E+33
        7.813185E+00  2.445500E+01  7.372993E+00  0.0000000000  0.000000E+00
        3.446540E+33 -3.999873E+00 -1.999887E+00 -3.054398E-01 -3.054398E-01
    30    43539.0299    8.48425714  6.429675E+08  3.045079E+06  1.058583E+33
        7.806509E+00  2.445564E+01  7.373467E+00  0.0000000000  0.000000E+00
        2.947667E+33 -3.999873E+00 -1.999887E+00 -3.054398E-01 -3.054398E-01
    31    42698.5094    8.48576276  6.418540E+08  3.386030E+06  9.757876E+32
        7.799401E+00  2.445630E+01  7.373949E+00  0.0000000000  0.000000E+00
        2.504056E+33 -3.999873E+00 -1.999887E+00 -3.054398E-01 -3.054398E-01
    32    41896.0543    8.48720919  6.407860E+08  3.780362E+06  9.014684E+32
        7.791813E+00  2.445696E+01  7.374441E+00  0.0000000000  0.000000E+00
        2.112374E+33 -3.999873E+00 -1.999887E+00 -3.054398E-01 -3.054398E-01
    33    41141.3620    8.48859353  6.397656E+08  4.237771E+06  8.355806E+32
        7.783696E+00  2.445764E+01  7.374942E+00  0.0000000000  0.000000E+00
        1.769079E+33 -3.999873E+00 -1.999887E+00 -3.054398E-01 -3.054398E-01
    34    40423.8685    8.48992580  6.387850E+08  4.772306E+06  7.764132E+32
        7.774964E+00  2.445832E+01  7.375453E+00  0.0000000000  0.000000E+00
        1.469314E+33 -3.999873E+00 -1.999887E+00 -3.054398E-01 -3.054398E-01
    35    39738.8121    8.49120533  6.378447E+08  5.396467E+06  7.229719E+32
        7.765599E+00  2.445901E+01  7.375968E+00  0.0000000000  0.000000E+00
        1.210599E+33 -3.999873E+00 -1.999887E+00 -3.054398E-01 -3.054398E-01
    36    39095.6995    8.49242872  6.369469E+08  6.124056E+06  6.753897E+32
        7.755598E+00  2.445970E+01  7.376485E+00  0.0000000000  0.000000E+00
        9.898134E+32 -3.999873E+00 -1.999887E+00 -3.054398E-01 -3.054398E-01
    37    38480.5240    8.49361024  6.360811E+08  6.975109E+06  6.321511E+32
        7.744919E+00  2.446040E+01  7.377005E+00  0.0000000000  0.000000E+00
        8.025071E+32 -3.999873E+00 -1.999887E+00 -3.054398E-01 -3.054398E-01
    38    37886.2395    8.49475306  6.352447E+08  7.963133E+06  5.924342E+32
        7.733639E+00  2.446109E+01  7.377525E+00  0.0000000000  0.000000E+00
        6.459733E+32 -3.999873E+00 -1.999887E+00 -3.054398E-01 -3.054398E-01
    39    37321.7709    8.49585642  6.344383E+08  9.100673E+06  5.564931E+32
        7.721853E+00  2.446178E+01  7.378045E+00  0.0000000000  0.000000E+00
        5.168173E+32 -3.999873E+00 -1.999887E+00 -3.054398E-01 -3.054398E-01
    40    36766.7604    8.49693852  6.336484E+08  1.040803E+07  5.228175E+32
        7.709587E+00  2.446247E+01  7.378563E+00  0.0000000000  0.000000E+00
        4.107907E+32 -3.999873E+00 -1.999887E+00 -3.054398E-01 -3.054398E-01
    41    36232.7935    8.49799067  6.328813E+08  1.188717E+07  4.919079E+32
        7.697024E+00  2.446315E+01  7.379074E+00  0.0000000000  0.000000E+00
        3.251150E+32 -3.999873E+00 -1.999887E+00 -3.054398E-01 -3.054398E-01
    42    35701.5647    8.49903149  6.321234E+08  1.355461E+07  4.625777E+32
        7.684203E+00  2.446382E+01  7.379582E+00  0.0000000000  0.000000E+00
        2.560850E+32 -3.999873E+00 -1.999887E+00 -3.054398E-01 -3.054398E-01
    43    35180.5896    8.50005504  6.313789E+08  1.540469E+07  4.351356E+32
        7.671296E+00  2.446449E+01  7.380085E+00  0.0000000000  0.000000E+00
        2.011850E+32 -3.999873E+00 -1.999887E+00 -3.054398E-01 -3.054398E-01
    44    34665.8719    8.50106926  6.306421E+08  1.744616E+07  4.092667E+32
        7.658331E+00  2.446515E+01  7.380584E+00  0.0000000000  0.000000E+00
        1.576001E+32 -3.999873E+00 -1.999887E+00 -3.054398E-01 -3.054398E-01
    45    34156.4779    8.50207513  6.299122E+08  1.967902E+07  3.848437E+32
        7.645369E+00  2.446580E+01  7.381078E+00  0.0000000000  0.000000E+00
        1.231709E+32 -3.999873E+00 -1.999887E+00 -3.054398E-01 -3.054398E-01
    46    33651.8891    8.50307112  6.291903E+08  2.210209E+07  3.617711E+32
        7.632444E+00  2.446645E+01  7.381564E+00  0.0000000000  0.000000E+00
        9.607937E+31 -3.999873E+00 -1.999887E+00 -3.054398E-01 -3.054398E-01
    47    33149.0929    8.50405453  6.284784E+08  2.471283E+07  3.398594E+32
        7.619580E+00  2.446707E+01  7.382034E+00  0.0000000000  0.000000E+00
        7.483607E+31 -3.999873E+00 -1.999887E+00 -3.054398E-01 -3.054398E-01
    48    32653.2572    8.50501972  6.277804E+08  2.750285E+07  3.192666E+32
        7.606815E+00  2.446767E+01  7.382486E+00  0.0000000000  0.000000E+00
        5.824961E+31 -3.999873E+00 -1.999887E+00 -3.054398E-01 -3.054398E-01
    49    32162.8411    8.50596994  6.270940E+08  3.047597E+07  2.998575E+32
        7.594128E+00  2.446825E+01  7.382925E+00  0.0000000000  0.000000E+00
        4.529259E+31 -3.999873E+00 -1.999887E+00 -3.054398E-01 -3.054398E-01
    50    31676.6138    8.50690632  6.264183E+08  3.362889E+07  2.815243E+32
        7.581523E+00  2.446882E+01  7.383352E+00  0.0000000000  0.000000E+00
        3.519408E+31 -3.999873E+00 -1.999887E+00 -3.054398E-01 -3.054398E-01
    51    31196.3886    8.50782762  6.257542E+08  3.695620E+07  2.642755E+32
        7.569010E+00  2.446937E+01  7.383767E+00  0.0000000000  0.000000E+00
        2.734177E+31 -3.999873E+00 -1.999887E+00 -3.054398E-01 -3.054398E-01
    52    30722.8359    8.50873453  6.251012E+08  4.045857E+07  2.480721E+32
        7.556577E+00  2.446991E+01  7.384171E+00  0.0000000000  0.000000E+00
        2.123704E+31 -3.999873E+00 -1.999887E+00 -3.054398E-01 -3.054398E-01
    53    30254.6130    8.50962751  6.244589E+08  4.413714E+07  2.328124E+32
        7.544208E+00  2.447043E+01  7.384563E+00  0.0000000000  0.000000E+00
        1.649294E+31 -3.999873E+00 -1.999887E+00 -3.054398E-01 -3.054398E-01
    54    29792.0132    8.51050328  6.238296E+08  4.798795E+07  2.184557E+32
        7.531909E+00  2.447093E+01  7.384938E+00  0.0000000000  0.000000E+00
        1.281236E+31 -3.999873E+00 -1.999887E+00 -3.054398E-01 -3.054398E-01
    55    29335.2713    8.51136174  6.232133E+08  5.200951E+07  2.049585E+32
        7.519685E+00  2.447141E+01  7.385297E+00  0.0000000000  0.000000E+00
        9.959194E+30 -3.999873E+00 -1.999887E+00 -3.054398E-01 -3.054398E-01
    56    28884.3851    8.51220362  6.226096E+08  5.620283E+07  1.922720E+32
        7.507531E+00  2.447188E+01  7.385644E+00  0.0000000000  0.000000E+00
        7.747548E+30 -3.999873E+00 -1.999887E+00 -3.054398E-01 -3.054398E-01
    57    28439.1072    8.51303038  6.220172E+08  6.056969E+07  1.803436E+32
        7.495446E+00  2.447232E+01  7.385980E+00  0.0000000000  0.000000E+00
        6.033057E+30 -3.999873E+00 -1.999887E+00 -3.054398E-01 -3.054398E-01
    58    27999.4201    8.51384332  6.214354E+08  6.511181E+07  1.691298E+32
        7.483430E+00  2.447276E+01  7.386307E+00  0.0000000000  0.000000E+00
        4.703865E+30 -3.999873E+00 -1.999887E+00 -3.054398E-01 -3.054398E-01
    59    27565.5583    8.51464335  6.208632E+08  6.983203E+07  1.585956E+32
        7.471480E+00  2.447319E+01  7.386629E+00  0.0000000000  0.000000E+00
        3.672879E+30 -3.999873E+00 -1.999887E+00 -3.054398E-01 -3.054398E-01
    60    27137.5713    8.51543274  6.202992E+08  7.473501E+07  1.487025E+32
        7.459594E+00  2.447362E+01  7.386948E+00  0.0000000000  0.000000E+00
        2.872530E+30 -3.999873E+00 -1.999887E+00 -3.054398E-01 -3.054398E-01
    61    26715.2488    8.51621050  6.197441E+08  7.982669E+07  1.394099E+32
        7.447767E+00  2.447404E+01  7.387259E+00  0.0000000000  0.000000E+00
        2.250445E+30 -3.999873E+00 -1.999887E+00 -3.054398E-01 -3.054398E-01
    62    26298.7114    8.51697530  6.191986E+08  8.511170E+07  1.306862E+32
        7.435998E+00  2.447444E+01  7.387559E+00  0.0000000000  0.000000E+00
        1.766407E+30 -3.999873E+00 -1.999887E+00 -3.054398E-01 -3.054398E-01
    63    25887.9330    8.51772676  6.186631E+08  9.059565E+07  1.224983E+32
        7.424287E+00  2.447483E+01  7.387847E+00  0.0000000000  0.000000E+00
        1.389303E+30 -3.999873E+00 -1.999887E+00 -3.054398E-01 -3.054398E-01
    64    25483.1330    8.51846399  6.181383E+08  9.628463E+07  1.148192E+32
        7.412632E+00  2.447521E+01  7.388124E+00  0.0000000000  0.000000E+00
        1.095062E+30 -3.999873E+00 -1.999887E+00 -3.054398E-01 -3.054398E-01
    65    25084.3038    8.51918633  6.176244E+08  1.021857E+08  1.076190E+32
        7.401032E+00  2.447557E+01  7.388391E+00  0.0000000000  0.000000E+00
        8.650796E+29 -3.999873E+00 -1.999887E+00 -3.054398E-01 -3.054398E-01
    66    24691.5208    8.51989466  6.171209E+08  1.083058E+08  1.008704E+32
        7.389484E+00  2.447592E+01  7.388649E+00  0.0000000000  0.000000E+00
        6.850243E+29 -3.999873E+00 -1.999887E+00 -3.054398E-01 -3.054398E-01
    67    24305.0869    8.52059368  6.166245E+08  1.146532E+08  9.455015E+31
        7.377992E+00  2.447627E+01  7.388909E+00  0.0000000000  0.000000E+00
        5.438129E+29 -3.999873E+00 -1.999887E+00 -3.054398E-01 -3.054398E-01
    68    23924.9150    8.52128976  6.161305E+08  1.212406E+08  8.862966E+31
        7.366554E+00  2.447664E+01  7.389187E+00  0.0000000000  0.000000E+00
        4.328157E+29 -3.999873E+00 -1.999887E+00 -3.054398E-01 -3.054398E-01
    69    23550.5490    8.52198073  6.156406E+08  1.280824E+08  8.307888E+31
        7.355158E+00  2.447702E+01  7.389476E+00  0.0000000000  0.000000E+00
        3.453174E+29 -3.999873E+00 -1.999887E+00 -3.054398E-01 -3.054398E-01
    70    23181.9702    8.52266276  6.151574E+08  1.351867E+08  7.787639E+31
        7.343804E+00  2.447740E+01  7.389768E+00  0.0000000000  0.000000E+00
        2.762092E+29 -3.999873E+00 -1.999887E+00 -3.054398E-01 -3.054398E-01
    71    22819.0747    8.52333239  6.146833E+08  1.425606E+08  7.300069E+31
        7.332492E+00  2.447778E+01  7.390052E+00  0.0000000000  0.000000E+00
        2.215184E+29 -3.999873E+00 -1.999887E+00 -3.054398E-01 -3.054398E-01
    72    22461.9737    8.52398603  6.142209E+08  1.502108E+08  6.843414E+31
        7.321222E+00  2.447813E+01  7.390319E+00  0.0000000000  0.000000E+00
        1.781466E+29 -3.999873E+00 -1.999887E+00 -3.054398E-01 -3.054398E-01
    73    22110.6566    8.52462014  6.137727E+08  1.581450E+08  6.415842E+31
        7.309993E+00  2.447845E+01  7.390561E+00  0.0000000000  0.000000E+00
        1.436706E+29 -3.999873E+00 -1.999887E+00 -3.054398E-01 -3.054398E-01
    74    21765.1376    8.52523353  6.133394E+08  1.663700E+08  6.015606E+31
        7.298810E+00  2.447873E+01  7.390772E+00  0.0000000000  0.000000E+00
        1.162055E+29 -3.999873E+00 -1.999887E+00 -3.054398E-01 -3.054398E-01
    75    21425.5112    8.52583091  6.129177E+08  1.748947E+08  5.641065E+31
        7.287679E+00  2.447899E+01  7.390965E+00  0.0000000000  0.000000E+00
        9.427969E+28 -3.999873E+00 -1.999887E+00 -3.054398E-01 -3.054398E-01
    76    21091.5773    8.52641497  6.125057E+08  1.837348E+08  5.290400E+31
        7.276597E+00  2.447923E+01  7.391149E+00  0.0000000000  0.000000E+00
        7.672121E+28 -3.999873E+00 -1.999887E+00 -3.054398E-01 -3.054398E-01
    77    20763.1506    8.52698700  6.121024E+08  1.929047E+08  4.961960E+31
        7.265562E+00  2.447947E+01  7.391324E+00  0.0000000000  0.000000E+00
        6.261803E+28 -3.999873E+00 -1.999887E+00 -3.054398E-01 -3.054398E-01
    78    20440.1388    8.52754823  6.117071E+08  2.024177E+08  4.654300E+31
        7.254574E+00  2.447969E+01  7.391494E+00  0.0000000000  0.000000E+00
        5.125831E+28 -3.999873E+00 -1.999887E+00 -3.054398E-01 -3.054398E-01
    79    20122.5521    8.52810008  6.113185E+08  2.122874E+08  4.366157E+31
        7.243631E+00  2.447992E+01  7.391661E+00  0.0000000000  0.000000E+00
        4.208195E+28 -3.999873E+00 -1.999887E+00 -3.054398E-01 -3.054398E-01
    80    19810.4460    8.52864394  6.109359E+08  2.225289E+08  4.096380E+31
        7.232733E+00  2.448014E+01  7.391827E+00  0.0000000000  0.000000E+00
        3.464696E+28 -3.999873E+00 -1.999887E+00 -3.054398E-01 -3.054398E-01
    81    19504.2397    8.52917946  6.105593E+08  2.331580E+08  3.844181E+31
        7.221875E+00  2.448036E+01  7.391991E+00  0.0000000000  0.000000E+00
        2.860295E+28 -3.999873E+00 -1.999887E+00 -3.054398E-01 -3.054398E-01
    82    19203.6334    8.52970513  6.101900E+08  2.441931E+08  3.608242E+31
        7.211050E+00  2.448057E+01  7.392148E+00  0.0000000000  0.000000E+00
        2.367338E+28 -3.999873E+00 -1.999887E+00 -3.054398E-01 -3.054398E-01
    83    18908.0779    8.53022055  6.098280E+08  2.556450E+08  3.387164E+31
        7.200261E+00  2.448076E+01  7.392290E+00  0.0000000000  0.000000E+00
        1.964414E+28 -3.999873E+00 -1.999887E+00 -3.054398E-01 -3.054398E-01
    84    18617.7136    8.53072784  6.094719E+08  2.675208E+08  3.180129E+31
        7.189515E+00  2.448093E+01  7.392423E+00  0.0000000000  0.000000E+00
        1.634472E+28 -3.999873E+00 -1.999887E+00 -3.054398E-01 -3.054398E-01
    85    18332.4130    8.53122921  6.091202E+08  2.798376E+08  2.986184E+31
        7.178812E+00  2.448110E+01  7.392550E+00  0.0000000000  0.000000E+00
        1.363534E+28 -3.999873E+00 -1.999887E+00 -3.054398E-01 -3.054398E-01
    86    18052.2502    8.53172614  6.087718E+08  2.926120E+08  2.804571E+31
        7.168152E+00  2.448127E+01  7.392675E+00  0.0000000000  0.000000E+00
        1.140427E+28 -3.999873E+00 -1.999887E+00 -3.054398E-01 -3.054398E-01
    87    17777.2887    8.53221979  6.084259E+08  3.058626E+08  2.634569E+31
        7.157533E+00  2.448144E+01  7.392801E+00  0.0000000000  0.000000E+00
        9.561632E+27 -3.999873E+00 -1.999887E+00 -3.054398E-01 -3.054398E-01
    88    17507.4406    8.53271066  6.080822E+08  3.196088E+08  2.475410E+31
        7.146952E+00  2.448161E+01  7.392932E+00  0.0000000000  0.000000E+00
        8.035461E+27 -3.999873E+00 -1.999887E+00 -3.054398E-01 -3.054398E-01
    89    17242.6019    8.53319660  6.077421E+08  3.338666E+08  2.326386E+31
        7.136408E+00  2.448179E+01  7.393065E+00  0.0000000000  0.000000E+00
        6.768037E+27 -3.999873E+00 -1.999887E+00 -3.054398E-01 -3.054398E-01
    90    16982.6962    8.53367256  6.074092E+08  3.486471E+08  2.186861E+31
        7.125900E+00  2.448195E+01  7.393189E+00  0.0000000000  0.000000E+00
        5.712877E+27 -3.999873E+00 -1.999887E+00 -3.054398E-01 -3.054398E-01
    91    16727.8569    8.53413846  6.070834E+08  3.639568E+08  2.056317E+31
        7.115436E+00  2.448211E+01  7.393303E+00  0.0000000000  0.000000E+00
        4.832814E+27 -3.999873E+00 -1.999887E+00 -3.054398E-01 -3.054398E-01
    92    16478.0533    8.53459502  6.067644E+08  3.798110E+08  1.934175E+31
        7.105016E+00  2.448226E+01  7.393410E+00  0.0000000000  0.000000E+00
        4.097000E+27 -3.999873E+00 -1.999887E+00 -3.054398E-01 -3.054398E-01
    93    16233.2428    8.53504285  6.064517E+08  3.962252E+08  1.819892E+31
        7.094642E+00  2.448240E+01  7.393514E+00  0.0000000000  0.000000E+00
        3.480327E+27 -3.999873E+00 -1.999887E+00 -3.054398E-01 -3.054398E-01
    94    15993.3883    8.53548264  6.061447E+08  4.132130E+08  1.712957E+31
        7.084313E+00  2.448254E+01  7.393615E+00  0.0000000000  0.000000E+00
        2.962341E+27 -3.999873E+00 -1.999887E+00 -3.054398E-01 -3.054398E-01
    95    15758.4699    8.53591522  6.058429E+08  4.307862E+08  1.612903E+31
        7.074032E+00  2.448268E+01  7.393718E+00  0.0000000000  0.000000E+00
        2.526324E+27 -3.999873E+00 -1.999887E+00 -3.054398E-01 -3.054398E-01
    96    15528.4847    8.53634228  6.055451E+08  4.489554E+08  1.519292E+31
        7.063801E+00  2.448283E+01  7.393825E+00  0.0000000000  0.000000E+00
        2.158574E+27 -3.999873E+00 -1.999887E+00 -3.054398E-01 -3.054398E-01
    97    15303.4310    8.53676624  6.052496E+08  4.677309E+08  1.431714E+31
        7.053623E+00  2.448298E+01  7.393941E+00  0.0000000000  0.000000E+00
        1.847821E+27 -3.999873E+00 -1.999887E+00 -3.054398E-01 -3.054398E-01
    98    15083.2456    8.53718788  6.049558E+08  4.871241E+08  1.349766E+31
        7.043502E+00  2.448315E+01  7.394070E+00  0.0000000000  0.000000E+00
        1.584706E+27 -3.999873E+00 -1.999887E+00 -3.054398E-01 -3.054398E-01
    99    14867.7981    8.53760556  6.046650E+08  5.071437E+08  1.273058E+31
        7.033437E+00  2.448333E+01  7.394206E+00  0.0000000000  0.000000E+00
        1.361469E+27 -3.999873E+00 -1.999887E+00 -3.054398E-01 -3.054398E-01
   100    14657.0366    8.53801738  6.043784E+08  5.277874E+08  1.201253E+31
        7.023433E+00  2.448351E+01  7.394345E+00  0.0000000000  0.000000E+00
        1.171770E+27 -3.999873E+00 -1.999887E+00 -3.054398E-01 -3.054398E-01
   101    14450.9725    8.53842138  6.040973E+08  5.490441E+08  1.134055E+31
        7.013499E+00  2.448369E+01  7.394481E+00  0.0000000000  0.000000E+00
        1.010361E+27 -3.999873E+00 -1.999887E+00 -3.054398E-01 -3.054398E-01
   102    14249.7082    8.53881557  6.038232E+08  5.708897E+08  1.071212E+31
        7.003647E+00  2.448386E+01  7.394609E+00  0.0000000000  0.000000E+00
        8.728988E+26 -3.999873E+00 -1.999887E+00 -3.054398E-01 -3.054398E-01
   103    14053.5564    8.53919755  6.035578E+08  5.932689E+08  1.012546E+31
        6.993900E+00  2.448401E+01  7.394726E+00  0.0000000000  0.000000E+00
        7.558339E+26 -3.999873E+00 -1.999887E+00 -3.054398E-01 -3.054398E-01
   104    13863.3120    8.53956359  6.033035E+08  6.160554E+08  9.580135E+30
        6.984307E+00  2.448414E+01  7.394825E+00  0.0000000000  0.000000E+00
        6.563700E+26 -3.999873E+00 -1.999887E+00 -3.054398E-01 -3.054398E-01
   105    13680.9160    8.53990899  6.030636E+08  6.389530E+08  9.078601E+30
        6.974978E+00  2.448425E+01  7.394903E+00  0.0000000000  0.000000E+00
        5.725318E+26 -3.999873E+00 -1.999887E+00 -3.054398E-01 -3.054398E-01
   106    13510.6626    8.54022796  6.028422E+08  6.613034E+08  8.628710E+30
        6.966149E+00  2.448433E+01  7.394961E+00  0.0000000000  0.000000E+00
        5.033222E+26 -3.999873E+00 -1.999887E+00 -3.054398E-01 -3.054398E-01
   107    13357.7984    8.54051409  6.026436E+08  6.822117E+08  8.239344E+30
        6.958121E+00  2.448439E+01  7.395004E+00  0.0000000000  0.000000E+00
        4.478445E+26 -3.999873E+00 -1.999887E+00 -3.054398E-01 -3.054398E-01
   108    13227.8534    8.54075940  6.024735E+08  7.006320E+08  7.918908E+30
        6.951218E+00  2.448443E+01  7.395035E+00  0.0000000000  0.000000E+00
        4.051718E+26 -3.999873E+00 -1.999887E+00 -3.054398E-01 -3.054398E-01
   109    13118.0184    8.54096847  6.023285E+08  7.166847E+08  7.655467E+30
        6.945326E+00  2.448447E+01  7.395059E+00  0.0000000000  0.000000E+00
        3.720533E+26 -3.999873E+00 -1.999887E+00 -3.054398E-01 -3.054398E-01
   110    13017.9656    8.54116052  6.021953E+08  7.317189E+08  7.421286E+30
        6.939913E+00  2.448450E+01  7.395079E+00  0.0000000000  0.000000E+00
        3.440676E+26 -3.999873E+00 -1.999887E+00 -3.054398E-01 -3.054398E-01
   111    12923.6467    8.54134308  6.020687E+08  7.462679E+08  7.205505E+30
        6.934769E+00  2.448452E+01  7.395099E+00  0.0000000000  0.000000E+00
        3.194681E+26 -3.999873E+00 -1.999887E+00 -3.054398E-01 -3.054398E-01
   112    12832.9338    8.54152039  6.019458E+08  7.606199E+08  7.002460E+30
        6.929784E+00  2.448455E+01  7.395118E+00  0.0000000000  0.000000E+00
        2.973408E+26 -3.999873E+00 -1.999887E+00 -3.054398E-01 -3.054398E-01
   113    12745.0002    8.54169423  6.018254E+08  7.748805E+08  6.809769E+30
        6.924915E+00  2.448458E+01  7.395138E+00  0.0000000000  0.000000E+00
        2.772396E+26 -3.999873E+00 -1.999887E+00 -3.054398E-01 -3.054398E-01
   114    12659.4433    8.54186518  6.017069E+08  7.890958E+08  6.626138E+30
        6.920143E+00  2.448461E+01  7.395159E+00  0.0000000000  0.000000E+00
        2.588830E+26 -3.999873E+00 -1.999887E+00 -3.054398E-01 -3.054398E-01
   115    12574.9711    8.54203567  6.015889E+08  8.034716E+08  6.448512E+30
        6.915398E+00  2.448465E+01  7.395182E+00  0.0000000000  0.000000E+00
        2.418570E+26 -3.999873E+00 -1.999887E+00 -3.054398E-01 -3.054398E-01
   116    12490.6319    8.54220801  6.014695E+08  8.181749E+08  6.274756E+30
        6.910626E+00  2.448468E+01  7.395209E+00  0.0000000000  0.000000E+00
        2.258843E+26 -3.999873E+00 -1.999887E+00 -3.054398E-01 -3.054398E-01
   117    12325.9293    8.54255260  6.012309E+08  8.481749E+08  5.945567E+30
        6.901206E+00  2.448477E+01  7.395271E+00  0.0000000000  0.000000E+00
        1.974365E+26 -3.999873E+00 -1.999887E+00 -3.054398E-01 -3.054398E-01
   118    12166.6938    8.54289464  6.009942E+08  8.785644E+08  5.639789E+30
        6.891970E+00  2.448487E+01  7.395349E+00  0.0000000000  0.000000E+00
        1.730799E+26 -3.999873E+00 -1.999887E+00 -3.054398E-01 -3.054398E-01
   119    12007.7814    8.54324128  6.007544E+08  9.103364E+08  5.346592E+30
        6.882626E+00  2.448499E+01  7.395442E+00  0.0000000000  0.000000E+00
        1.515388E+26 -3.999873E+00 -1.999887E+00 -3.054398E-01 -3.054398E-01
   120    11843.4855    8.54360450  6.005033E+08  9.448033E+08  5.055695E+30
        6.872829E+00  2.448513E+01  7.395550E+00  0.0000000000  0.000000E+00
        1.318675E+26 -3.999873E+00 -1.999887E+00 -3.054398E-01 -3.054398E-01
   121    11677.8076    8.54397551  6.002468E+08  9.815555E+08  4.774600E+30
        6.863845E+00  2.448528E+01  7.395715E+00  0.0008766594 -3.808953E-04
        1.140729E+26 -3.999873E+00 -1.999887E+00 -3.054398E-01 -3.054398E-01
   122    11523.8247    8.54432420  6.000059E+08  1.020234E+09  4.524073E+30
        6.857378E+00  2.448543E+01  7.395820E+00  0.0094444061 -4.121145E-03
        9.982170E+25 -3.999873E+00 -1.999887E+00 -3.054398E-01 -3.054398E-01
   123    11372.6884    8.54466750  5.997688E+08  1.064199E+09  4.287975E+30
        6.848154E+00  2.448557E+01  7.395919E+00  0.0257075703 -1.131067E-02
        8.716499E+25 -3.999873E+00 -1.999887E+00 -3.054398E-01 -3.054398E-01
   124    11220.9225    8.54501292  5.995303E+08  1.114425E+09  4.060397E+30
        6.838261E+00  2.448571E+01  7.396018E+00  0.0478075806 -2.127528E-02
        7.563993E+25 -3.999873E+00 -1.999887E+00 -3.054398E-01 -3.054398E-01
   125    11066.5584    8.54535789  5.992923E+08  1.171032E+09  3.838483E+30
        6.827992E+00  2.448583E+01  7.396106E+00  0.0734418739 -3.312733E-02
        6.509479E+25 -3.999873E+00 -1.999887E+00 -3.054398E-01 -3.054398E-01
   126    10907.5098    8.54571112  5.990486E+08  1.235268E+09  3.619583E+30
        6.817328E+00  2.448595E+01  7.396192E+00  0.1042374850 -4.780712E-02
        5.555454E+25 -3.999873E+00 -1.999887E+00 -3.054398E-01 -3.054398E-01
   127    10744.2390    8.54607363  5.987986E+08  1.306748E+09  3.404836E+30
        6.806172E+00  2.448607E+01  7.396283E+00  0.1361909680 -6.358226E-02
        4.705892E+25 -3.999873E+00 -1.999887E+00 -3.054398E-01 -3.054398E-01
   128    10571.8222    8.54646298  5.985303E+08  1.386939E+09  3.188626E+30
        6.794193E+00  2.448622E+01  7.396391E+00  0.1739276539 -8.298192E-02
        3.931860E+25 -3.999873E+00 -1.999887E+00 -3.054398E-01 -3.054398E-01
   129    10398.1845    8.54685488  5.982603E+08  1.472309E+09  2.981552E+30
        6.781972E+00  2.448637E+01  7.396501E+00  0.2128302756 -1.039316E-01
        3.262975E+25 -3.999873E+00 -1.999887E+00 -3.054398E-01 -3.054398E-01
   130    10217.8433    8.54726469  5.979781E+08  1.564241E+09  2.777407E+30
        6.769049E+00  2.448654E+01  7.396621E+00  0.2510728096 -1.255604E-01
        2.681359E+25 -3.999873E+00 -1.999887E+00 -3.054398E-01 -3.054398E-01
   131    10045.6585    8.54765796  5.977074E+08  1.659469E+09  2.592525E+30
        6.756708E+00  2.448671E+01  7.396740E+00  0.2919220395 -1.499189E-01
        2.220732E+25 -3.999873E+00 -1.999887E+00 -3.054398E-01 -3.054398E-01
   132     9865.3751    8.54806329  5.974285E+08  1.761346E+09  2.409119E+30
        6.743429E+00  2.448687E+01  7.396855E+00  0.3349406911 -1.771396E-01
        1.808724E+25 -3.999873E+00 -1.999887E+00 -3.054398E-01 -3.054398E-01
   133     9695.1733    8.54843128  5.971755E+08  1.864874E+09  2.245217E+30
        6.730829E+00  2.448698E+01  7.396938E+00  0.3696195698 -2.003973E-01
        1.491882E+25 -3.999873E+00 -1.999887E+00 -3.054398E-01 -3.054398E-01
   134     9523.4565    8.54879139  5.969280E+08  1.975537E+09  2.088595E+30
        6.717878E+00  2.448706E+01  7.397006E+00  0.4102717221 -2.293480E-01
        1.220177E+25 -3.999873E+00 -1.999887E+00 -3.054398E-01 -3.054398E-01
   135     9344.8364    8.54915274  5.966797E+08  2.091472E+09  1.934645E+30
        6.704139E+00  2.448712E+01  7.397055E+00  0.4517166503 -2.609949E-01
        9.885969E+24 -3.999873E+00 -1.999887E+00 -3.054398E-01 -3.054398E-01
   136     9179.9084    8.54948097  5.964542E+08  2.206631E+09  1.800278E+30
        6.691319E+00  2.448716E+01  7.397091E+00  0.4883898559 -2.910609E-01
        8.107683E+24 -3.999873E+00 -1.999887E+00 -3.054398E-01 -3.054398E-01
   137     9012.8613    8.54981582  5.962243E+08  2.329338E+09  1.671484E+30
        6.678095E+00  2.448720E+01  7.397132E+00  0.5199640286 -3.187262E-01
        6.626168E+24 -3.999873E+00 -1.999887E+00 -3.054398E-01 -3.054398E-01
   138     8848.2444    8.55015710  5.959901E+08  2.456866E+09  1.551453E+30
        6.664897E+00  2.448727E+01  7.397190E+00  0.5567819450 -3.533826E-01
        5.399098E+24 -3.999873E+00 -1.999887E+00 -3.054398E-01 -3.054398E-01
   139     8679.2737    8.55051648  5.957436E+08  2.589300E+09  1.435107E+30
        6.650946E+00  2.448737E+01  7.397259E+00  0.5881760430 -3.852884E-01
        4.335105E+24 -3.999873E+00 -1.999887E+00 -3.054398E-01 -3.054398E-01
   140     8516.8342    8.55085240  5.955132E+08  2.722820E+09  1.329620E+30
        6.637476E+00  2.448745E+01  7.397314E+00  0.6192818887 -4.193965E-01
        3.486430E+24 -3.999873E+00 -1.999887E+00 -3.054398E-01 -3.054398E-01
   141     8352.1642    8.55118762  5.952834E+08  2.859481E+09  1.228784E+30
        6.623477E+00  2.448751E+01  7.397356E+00  0.6499699192 -4.558946E-01
        2.768183E+24 -3.999873E+00 -1.999887E+00 -3.054398E-01 -3.054398E-01
   142     8196.1979    8.55149681  5.950716E+08  2.995605E+09  1.138728E+30
        6.610113E+00  2.448755E+01  7.397387E+00  0.6801105719 -4.950001E-01
        2.222370E+24 -3.999873E+00 -1.999887E+00 -3.054398E-01 -3.054398E-01
   143     8045.1525    8.55179862  5.948648E+08  3.135418E+09  1.056345E+30
        6.596881E+00  2.448760E+01  7.397420E+00  0.7047161735 -5.297603E-01
        1.782507E+24 -3.999873E+00 -1.999887E+00 -3.054398E-01 -3.054398E-01
   144     7895.9614    8.55210307  5.946564E+08  3.280507E+09  9.794544E+29
        6.583582E+00  2.448766E+01  7.397461E+00  0.7287766990 -5.666730E-01
        1.426652E+24 -3.999873E+00 -1.999887E+00 -3.054398E-01 -3.054398E-01
   145     7751.0965    8.55240840  5.944474E+08  3.428916E+09  9.088901E+29
        6.570434E+00  2.448773E+01  7.397515E+00  0.7522171700 -6.059288E-01
        1.142571E+24 -3.999873E+00 -1.999887E+00 -3.054398E-01 -3.054398E-01
   146     7610.3978    8.55271201  5.942396E+08  3.580493E+09  8.440820E+29
        6.557433E+00  2.448782E+01  7.397580E+00  0.7704727221 -6.391657E-01
        9.194123E+23 -3.999873E+00 -1.999887E+00 -3.054398E-01 -3.054398E-01
   147     7466.9378    8.55302665  5.940244E+08  3.734192E+09  7.816470E+29
        6.544002E+00  2.448792E+01  7.397652E+00  0.7926081494 -6.832083E-01
        7.303225E+23 -3.999873E+00 -1.999887E+00 -3.054398E-01 -3.054398E-01
   148     7338.7287    8.55330883  5.938315E+08  3.880639E+09  7.288560E+29
        6.531718E+00  2.448800E+01  7.397715E+00  0.8097224944 -7.206126E-01
        5.940711E+23 -3.999873E+00 -1.999887E+00 -3.054398E-01 -3.054398E-01
   149     7215.1039    8.55358250  5.936444E+08  4.028675E+09  6.805422E+29
        6.519673E+00  2.448808E+01  7.397770E+00  0.8262672542 -7.601183E-01
        4.842571E+23 -3.999873E+00 -1.999887E+00 -3.054398E-01 -3.054398E-01
   150     7099.2776    8.55384105  5.934677E+08  4.174478E+09  6.375038E+29
        6.508187E+00  2.448814E+01  7.397813E+00  0.8382789404 -7.912334E-01
        3.982532E+23 -3.999873E+00 -1.999887E+00 -3.054398E-01 -3.054398E-01
   151     6984.7089    8.55410153  5.932898E+08  4.316721E+09  5.969788E+29
        6.496731E+00  2.448818E+01  7.397844E+00  0.8499324458 -8.237132E-01
        3.280581E+23 -3.999873E+00 -1.999887E+00 -3.054398E-01 -3.054398E-01
   152     6887.2377    8.55432968  5.931339E+08  4.445498E+09  5.640503E+29
        6.486740E+00  2.448820E+01  7.397863E+00  0.8612115751 -8.576468E-01
        2.759610E+23 -3.999873E+00 -1.999887E+00 -3.054398E-01 -3.054398E-01
   153     6794.5654    8.55454902  5.929842E+08  4.571464E+09  5.340291E+29
        6.477244E+00  2.448822E+01  7.397875E+00  0.8721001329 -8.931299E-01
        2.351338E+23 -3.999873E+00 -1.999887E+00 -3.054398E-01 -3.054398E-01
   154     6707.4366    8.55476317  5.928380E+08  4.697430E+09  5.069094E+29
        6.467969E+00  2.448823E+01  7.397884E+00  0.8791341896 -9.176965E-01
        2.008034E+23 -3.999873E+00 -1.999887E+00 -3.054398E-01 -3.054398E-01
   155     6616.9951    8.55498980  5.926833E+08  4.821907E+09  4.798667E+29
        6.458462E+00  2.448825E+01  7.397892E+00  0.8893358052 -9.559929E-01
        1.712115E+23 -3.999873E+00 -1.999887E+00 -3.054398E-01 -3.054398E-01
   156     6540.0480    8.55519432  5.925438E+08  4.935404E+09  4.577166E+29
        6.450005E+00  2.448826E+01  7.397898E+00  0.8958969048 -9.825364E-01
        1.478115E+23 -3.999873E+00 -1.999887E+00 -3.054398E-01 -3.054398E-01
   157     6462.9414    8.55540455  5.924004E+08  5.048900E+09  4.362983E+29
        6.441700E+00  2.448826E+01  7.397904E+00  0.9022604239 -1.009930E+00
        1.282399E+23 -3.999873E+00 -1.999887E+00 -3.054398E-01 -3.054398E-01
   158     6393.8258    8.55560543  5.922634E+08  5.156660E+09  4.177390E+29
        6.433999E+00  2.448828E+01  7.397912E+00  0.9084215640 -1.038207E+00
        1.125652E+23 -3.999873E+00 -1.999887E+00 -3.054398E-01 -3.054398E-01
   159     6321.1203    8.55582497  5.921137E+08  5.264689E+09  3.988582E+29
        6.425923E+00  2.448829E+01  7.397923E+00  0.9143755265 -1.067402E+00
        9.814938E+22 -3.999873E+00 -1.999887E+00 -3.054398E-01 -3.054398E-01
   160     6263.3272    8.55600437  5.919914E+08  5.364018E+09  3.843114E+29
        6.419071E+00  2.448831E+01  7.397935E+00  0.9201175126 -1.097548E+00
        8.732263E+22 -3.999873E+00 -1.999887E+00 -3.054398E-01 -3.054398E-01
   161     6198.6695    8.55620724  5.918532E+08  5.475800E+09  3.685139E+29
        6.411422E+00  2.448833E+01  7.397949E+00  0.9229075150 -1.112988E+00
        7.664968E+22 -3.999873E+00 -1.999887E+00 -3.054398E-01 -3.054398E-01
   162     6137.4056    8.55640677  5.917172E+08  5.587022E+09  3.539971E+29
        6.403899E+00  2.448835E+01  7.397964E+00  0.9283225393 -1.144617E+00
        6.760926E+22 -3.999873E+00 -1.999887E+00 -3.054398E-01 -3.054398E-01
   163     6073.8939    8.55662558  5.915682E+08  5.700362E+09  3.393989E+29
        6.395858E+00  2.448837E+01  7.397979E+00  0.9335135908 -1.177267E+00
        5.890697E+22 -3.999873E+00 -1.999887E+00 -3.054398E-01 -3.054398E-01
   164     6023.6546    8.55681036  5.914424E+08  5.806848E+09  3.281687E+29
        6.388779E+00  2.448839E+01  7.397993E+00  0.9360236271 -1.193980E+00
        5.216335E+22 -3.999873E+00 -1.999887E+00 -3.054398E-01 -3.054398E-01
   165     5970.6182    8.55701893  5.913004E+08  5.925587E+09  3.166106E+29
        6.380890E+00  2.448841E+01  7.398007E+00  0.9408697219 -1.228190E+00
        4.570785E+22 -3.999873E+00 -1.999887E+00 -3.054398E-01 -3.054398E-01
   166     5918.6816    8.55723466  5.911535E+08  6.045587E+09  3.055853E+29
        6.372512E+00  2.448843E+01  7.398023E+00  0.9454798474 -1.263443E+00
        3.959389E+22 -3.999873E+00 -1.999887E+00 -3.054398E-01 -3.054398E-01
   167     5854.4246    8.55751469  5.909630E+08  6.225587E+09  2.923408E+29
        6.360492E+00  2.448846E+01  7.398044E+00  0.9498492048 -1.299722E+00
        3.231970E+22 -3.999873E+00 -1.999887E+00 -3.054398E-01 -3.054398E-01
   168     5770.7145    8.55791379  5.906915E+08  6.495587E+09  2.757222E+29
        6.342034E+00  2.448850E+01  7.398072E+00  0.9578464211 -1.375166E+00
        2.361182E+22 -3.999873E+00 -1.999887E+00 -3.054398E-01 -3.054398E-01
   169     5696.8199    8.55830526  5.904253E+08  6.781843E+09  2.616326E+29
        6.321716E+00  2.448853E+01  7.398090E+00  0.9648229820 -1.453741E+00
        1.679124E+22 -3.999873E+00 -1.999887E+00 -3.054398E-01 -3.054398E-01
   170     5629.8519    8.55868655  5.901662E+08  7.082085E+09  2.493266E+29
        6.299337E+00  2.448853E+01  7.398091E+00  0.9720622662 -1.553809E+00
        1.149118E+22 -3.999873E+00 -1.999887E+00 -3.054398E-01 -3.054398E-01
   171     5567.2634    8.55905025  5.899191E+08  7.387821E+09  2.382232E+29
        6.275494E+00  2.448853E+01  7.398091E+00  0.9778159568 -1.653959E+00
        7.692652E+21 -3.999873E+00 -1.999887E+00 -3.054398E-01 -3.054398E-01
   172     5505.1590    8.55940858  5.896758E+08  7.694803E+09  2.275821E+29
        6.250169E+00  2.448855E+01  7.398109E+00  0.9823846913 -1.754110E+00
        5.056329E+21 -3.999873E+00 -1.999887E+00 -3.054398E-01 -3.054398E-01
   173     5443.9113    8.55975014  5.894440E+08  7.993431E+09  2.174509E+29
        6.223816E+00  2.448857E+01  7.398122E+00  0.9860125082 -1.854260E+00
        3.251729E+21 -3.999873E+00 -1.999887E+00 -3.054398E-01 -3.054398E-01
   174     5383.5373    8.56007589  5.892230E+08  8.277127E+09  2.078080E+29
        6.196375E+00  2.448859E+01  7.398132E+00  0.9872450227 -1.894320E+00
        2.073528E+21 -3.999873E+00 -1.999887E+00 -3.054398E-01 -3.054398E-01
   175     5326.5629    8.56036839  5.890246E+08  8.537014E+09  1.990156E+29
        6.169317E+00  2.448861E+01  7.398149E+00  0.9878199348 -1.914350E+00
        1.331369E+21 -3.999873E+00 -1.999887E+00 -3.054398E-01 -3.054398E-01
   176     5269.7220    8.56063925  5.888409E+08  8.780103E+09  1.905368E+29
        6.142036E+00  2.448864E+01  7.398172E+00  0.9883689334 -1.934380E+00
        8.519930E+20 -3.999873E+00 -1.999887E+00 -3.054398E-01 -3.054398E-01
   177     5212.0587    8.56088621  5.886735E+08  9.004947E+09  1.822293E+29
        6.114987E+00  2.448867E+01  7.398193E+00  0.9883689334 -1.934380E+00
        5.497211E+20 -3.999873E+00 -1.999887E+00 -3.054398E-01 -3.054398E-01
   178     5152.3559    8.56111201  5.885205E+08  9.213470E+09  1.739317E+29
        6.088305E+00  2.448869E+01  7.398208E+00  0.9883689334 -1.934380E+00
        3.558282E+20 -3.999873E+00 -1.999887E+00 -3.054398E-01 -3.054398E-01
   179     5087.8224    8.56132591  5.883756E+08  9.407786E+09  1.652986E+29
        6.061563E+00  2.448871E+01  7.398220E+00  0.9883689334 -1.934380E+00
        2.309143E+20 -3.999873E+00 -1.999887E+00 -3.054398E-01 -3.054398E-01
   180     5020.3511    8.56151651  5.882465E+08  9.585753E+09  1.566344E+29
        6.035487E+00  2.448872E+01  7.398230E+00  0.9888931867 -1.954411E+00
        1.511456E+20 -3.999873E+00 -1.999887E+00 -3.054398E-01 -3.054398E-01
   181     4950.0884    8.56168491  5.881325E+08  9.751048E+09  1.479906E+29
        6.009742E+00  2.448874E+01  7.398239E+00  0.9888931867 -1.954411E+00
        9.967873E+19 -3.999873E+00 -1.999887E+00 -3.054398E-01 -3.054398E-01
   182     4880.1302    8.56184212  5.880260E+08  9.904500E+09  1.397497E+29
        5.984698E+00  2.448876E+01  7.398252E+00  0.9888931867 -1.954411E+00
        6.676025E+19 -3.999873E+00 -1.999887E+00 -3.054398E-01 -3.054398E-01
   183     4808.4206    8.56199298  5.879239E+08  1.004930E+10  1.316692E+29
        5.959383E+00  2.448877E+01  7.398265E+00  0.9888931867 -1.954411E+00
        4.446182E+19 -3.999873E+00 -1.999887E+00 -3.054398E-01 -3.054398E-01
   184     4738.9792    8.56212425  5.878351E+08  1.018171E+10  1.241887E+29
        5.934801E+00  2.448878E+01  7.398272E+00  0.9888931867 -1.954411E+00
        2.992564E+19 -3.999873E+00 -1.999887E+00 -3.054398E-01 -3.054398E-01
   185     4669.8945    8.56223797  5.877581E+08  1.030466E+10  1.170732E+29
        5.910615E+00  2.448878E+01  7.398273E+00  0.9888931867 -1.954411E+00
        2.027086E+19 -3.999873E+00 -1.999887E+00 -3.054398E-01 -3.054398E-01
   186     4600.1306    8.56233990  5.876891E+08  1.041896E+10  1.102067E+29
        5.886869E+00  2.448878E+01  7.398271E+00  0.9893938100 -1.974441E+00
        1.380126E+19 -3.999873E+00 -1.999887E+00 -3.054398E-01 -3.054398E-01
   187     4528.9328    8.56243557  5.876244E+08  1.052589E+10  1.035178E+29
        5.863436E+00  2.448878E+01  7.398271E+00  0.9893938100 -1.974441E+00
        9.438751E+18 -3.999873E+00 -1.999887E+00 -3.054398E-01 -3.054398E-01
   188     4456.0294    8.56252597  5.875633E+08  1.062641E+10  9.699145E+28
        5.840231E+00  2.448879E+01  7.398273E+00  0.9893938100 -1.974441E+00
        6.469167E+18 -3.999873E+00 -1.999887E+00 -3.054398E-01 -3.054398E-01
   189     4384.7578    8.56260613  5.875090E+08  1.072152E+10  9.091667E+28
        5.817721E+00  2.448879E+01  7.398274E+00  0.9893938100 -1.974441E+00
        4.483353E+18 -3.999873E+00 -1.999887E+00 -3.054398E-01 -3.054398E-01
   190     4308.8197    8.56268575  5.874552E+08  1.081445E+10  8.476465E+28
        5.794110E+00  2.448879E+01  7.398273E+00  0.9893938100 -1.974441E+00
        3.045173E+18 -3.999873E+00 -1.999887E+00 -3.054398E-01 -3.054398E-01
   191     4236.6097    8.56275930  5.874054E+08  1.090007E+10  7.921032E+28
        5.771168E+00  2.448879E+01  7.398275E+00  0.9893938100 -1.974441E+00
        2.088602E+18 -3.999873E+00 -1.999887E+00 -3.054398E-01 -3.054398E-01
   192     4166.0683    8.56282841  5.873587E+08  1.098123E+10  7.405329E+28
        5.748288E+00  2.448879E+01  7.398275E+00  0.9893938100 -1.974441E+00
        1.432602E+18 -3.999873E+00 -1.999887E+00 -3.054398E-01 -3.054398E-01
   193     4097.3931    8.56289422  5.873142E+08  1.105801E+10  6.927930E+28
        5.725529E+00  2.448879E+01  7.398275E+00  0.9898718684 -1.994471E+00
        9.834071E+17 -3.999873E+00 -1.999887E+00 -3.054398E-01 -3.054398E-01
   194     4029.4383    8.56295681  5.872719E+08  1.113058E+10  6.478709E+28
        5.702879E+00  2.448879E+01  7.398275E+00  0.9898718684 -1.994471E+00
        6.750781E+17 -3.999873E+00 -1.999887E+00 -3.054398E-01 -3.054398E-01
   195     3960.9000    8.56301543  5.872323E+08  1.119941E+10  6.048216E+28
        5.680262E+00  2.448879E+01  7.398276E+00  0.9898718684 -1.994471E+00
        4.632671E+17 -3.999873E+00 -1.999887E+00 -3.054398E-01 -3.054398E-01
   196     3894.8205    8.56306562  5.871983E+08  1.126494E+10  5.653942E+28
        5.658712E+00  2.448879E+01  7.398276E+00  0.9898718684 -1.994471E+00
        3.233050E+17 -3.999873E+00 -1.999887E+00 -3.054398E-01 -3.054398E-01
   197     3818.3543    8.56311739  5.871633E+08  1.133132E+10  5.222215E+28
        5.634894E+00  2.448879E+01  7.398276E+00  0.9898718684 -1.994471E+00
        2.167028E+17 -3.999873E+00 -1.999887E+00 -3.054398E-01 -3.054398E-01
   198     3744.0779    8.56316308  5.871324E+08  1.139198E+10  4.827070E+28
        5.612071E+00  2.448879E+01  7.398276E+00  0.9898718684 -1.994471E+00
        1.475710E+17 -3.999873E+00 -1.999887E+00 -3.054398E-01 -3.054398E-01
   199     3668.0033    8.56320442  5.871045E+08  1.145089E+10  4.446125E+28
        5.589009E+00  2.448879E+01  7.398276E+00  0.9903283790 -2.014501E+00
        9.991034E+16 -3.999873E+00 -1.999887E+00 -3.054398E-01 -3.054398E-01
   200     3590.6446    8.56324236  5.870789E+08  1.150819E+10  4.082390E+28
        5.565777E+00  2.448879E+01  7.398276E+00  0.9903283790 -2.014501E+00
        6.735917E+16 -3.999873E+00 -1.999887E+00 -3.054398E-01 -3.054398E-01
   201     3511.9534    8.56327902  5.870541E+08  1.156417E+10  3.735796E+28
        5.542280E+00  2.448879E+01  7.398276E+00  0.9903283790 -2.014501E+00
        4.512518E+16 -3.999873E+00 -1.999887E+00 -3.054398E-01 -3.054398E-01
   202     3438.2371    8.56331016  5.870330E+08  1.161894E+10  3.431629E+28
        5.520164E+00  2.448879E+01  7.398276E+00  0.9903283790 -2.014501E+00
        3.093053E+16 -3.999873E+00 -1.999887E+00 -3.054398E-01 -3.054398E-01
   203     3350.3305    8.56334438  5.870099E+08  1.167692E+10  3.093666E+28
        5.494347E+00  2.448879E+01  7.398276E+00  0.9907643130 -2.034531E+00
        1.983396E+16 -3.999873E+00 -1.999887E+00 -3.054398E-01 -3.054398E-01
   204     3268.4798    8.56338284  5.869839E+08  1.172960E+10  2.801997E+28
        5.470243E+00  2.448879E+01  7.398276E+00  0.9907643130 -2.034531E+00
        1.307917E+16 -3.999873E+00 -1.999887E+00 -3.054398E-01 -3.054398E-01
   205     3192.9324    8.56342067  5.869583E+08  1.178191E+10  2.551558E+28
        5.447857E+00  2.448879E+01  7.398277E+00  0.9907643130 -2.034531E+00
        8.878139E+15 -3.999873E+00 -1.999887E+00 -3.054398E-01 -3.054398E-01
   206     3100.7300    8.56345695  5.869338E+08  1.183894E+10  2.269165E+28
        5.420733E+00  2.448879E+01  7.398277E+00  0.9911805978 -2.054561E+00
        5.530807E+15 -3.999873E+00 -1.999887E+00 -3.054398E-01 -3.054398E-01
   207     3017.1960    8.56347993  5.869183E+08  1.189048E+10  2.034236E+28
        5.395809E+00  2.448879E+01  7.398276E+00  0.9911805978 -2.054561E+00
        3.578278E+15 -3.999873E+00 -1.999887E+00 -3.054398E-01 -3.054398E-01
   208     2942.7742    8.56350061  5.869043E+08  1.194187E+10  1.840748E+28
        5.373237E+00  2.448879E+01  7.398277E+00  0.9915781192 -2.074591E+00
        2.413062E+15 -3.999873E+00 -1.999887E+00 -3.054398E-01 -3.054398E-01
   209     2859.2189    8.56352057  5.868908E+08  1.199909E+10  1.640349E+28
        5.347613E+00  2.448879E+01  7.398277E+00  0.9915781192 -2.074591E+00
        1.542572E+15 -3.999873E+00 -1.999887E+00 -3.054398E-01 -3.054398E-01
   210     2777.9135    8.56353921  5.868782E+08  1.205538E+10  1.461514E+28
        5.322246E+00  2.448879E+01  7.398277E+00  0.9919577228 -2.094621E+00
        9.916886E+14 -3.999873E+00 -1.999887E+00 -3.054398E-01 -3.054398E-01
   211     2697.6339    8.56355806  5.868655E+08  1.211155E+10  1.299694E+28
        5.296656E+00  2.448879E+01  7.398277E+00  0.9923202164 -2.114651E+00
        6.363892E+14 -3.999873E+00 -1.999887E+00 -3.054398E-01 -3.054398E-01
   212     2627.8333    8.56357259  5.868557E+08  1.216727E+10  1.170270E+28
        5.274014E+00  2.448879E+01  7.398277E+00  0.9929969232 -2.154711E+00
        4.309077E+14 -3.999873E+00 -1.999887E+00 -3.054398E-01 -3.054398E-01
   213     2567.9388    8.56358561  5.868469E+08  1.222298E+10  1.067137E+28
        5.254181E+00  2.448879E+01  7.398277E+00  0.9936140015 -2.194771E+00
        3.034755E+14 -3.999873E+00 -1.999887E+00 -3.054398E-01 -3.054398E-01
   214     2507.0370    8.56360121  5.868364E+08  1.227870E+10  9.694133E+27
        5.233472E+00  2.448879E+01  7.398277E+00  0.9944391816 -2.254861E+00
        2.068999E+14 -3.999873E+00 -1.999887E+00 -3.054398E-01 -3.054398E-01
   215     2436.7719    8.56361906  5.868243E+08  1.234689E+10  8.651824E+27
        5.209069E+00  2.448879E+01  7.398277E+00  0.9955844110 -2.355011E+00
        1.338939E+14 -3.999873E+00 -1.999887E+00 -3.054398E-01 -3.054398E-01
   216     2358.6798    8.56363466  5.868138E+08  1.241771E+10  7.594663E+27
        5.181130E+00  2.448879E+01  7.398277E+00  0.9966518206 -2.475191E+00
        8.191581E+13 -3.999873E+00 -1.999887E+00 -3.054398E-01 -3.054398E-01
   217     2285.9042    8.56365401  5.868007E+08  1.248172E+10  6.699545E+27
        5.154250E+00  2.448879E+01  7.398278E+00  0.9974611967 -2.595371E+00
        5.136231E+13 -3.999873E+00 -1.999887E+00 -3.054398E-01 -3.054398E-01
   218     2214.3642    8.56367977  5.867833E+08  1.253568E+10  5.899071E+27
        5.127010E+00  2.448879E+01  7.398278E+00  0.9980749159 -2.715550E+00
        3.236854E+13 -3.999873E+00 -1.999887E+00 -3.054398E-01 -3.054398E-01
   219     2142.8128    8.56370255  5.867679E+08  1.258525E+10  5.172513E+27
        5.098933E+00  2.448879E+01  7.398278E+00  0.9986060699 -2.855759E+00
        2.021657E+13 -3.999873E+00 -1.999887E+00 -3.054398E-01 -3.054398E-01
   220     2078.5335    8.56371942  5.867565E+08  1.262919E+10  4.579056E+27
        5.072814E+00  2.448879E+01  7.398278E+00  0.9989430298 -2.975937E+00
        1.319906E+13 -3.999873E+00 -1.999887E+00 -3.054398E-01 -3.054398E-01
   221     2017.3883    8.56373415  5.867465E+08  1.266673E+10  4.063414E+27
        5.047184E+00  2.448879E+01  7.398278E+00  0.9991985337 -3.096115E+00
        8.751309E+12 -3.999873E+00 -1.999887E+00 -3.054398E-01 -3.054398E-01
   222     1954.4813    8.56374460  5.867395E+08  1.270282E+10  3.579717E+27
        5.019892E+00  2.448879E+01  7.398278E+00  0.9993922726 -3.216291E+00
        5.694233E+12 -3.999873E+00 -1.999887E+00 -3.054398E-01 -3.054398E-01
   223     1895.6983    8.56375379  5.867333E+08  1.273525E+10  3.168037E+27
        4.993398E+00  2.448879E+01  7.398278E+00  0.9995391775 -3.336466E+00
        3.775916E+12 -3.999873E+00 -1.999887E+00 -3.054398E-01 -3.054398E-01
   224     1837.3430    8.56376339  5.867268E+08  1.276514E+10  2.795534E+27
        4.966193E+00  2.448879E+01  7.398278E+00  0.9996505699 -3.456640E+00
        2.497265E+12 -3.999873E+00 -1.999887E+00 -3.054398E-01 -3.054398E-01
   225     1784.0848    8.56377010  5.867223E+08  1.279181E+10  2.485187E+27
        4.940411E+00  2.448879E+01  7.398278E+00  0.9997094332 -3.536754E+00
        1.698338E+12 -3.999873E+00 -1.999887E+00 -3.054398E-01 -3.054398E-01
   226     1731.4714    8.56377865  5.867165E+08  1.281683E+10  2.204702E+27
        4.914116E+00  2.448879E+01  7.398278E+00  0.9997583799 -3.616867E+00
        1.152481E+12 -3.999873E+00 -1.999887E+00 -3.054398E-01 -3.054398E-01
   227     1681.2243    8.56378640  5.867112E+08  1.283966E+10  1.959672E+27
        4.888113E+00  2.448879E+01  7.398278E+00  0.9997895983 -3.676951E+00
        7.889423E+11 -3.999873E+00 -1.999887E+00 -3.054398E-01 -3.054398E-01
   228     1634.5116    8.56379091  5.867082E+08  1.286062E+10  1.750767E+27
        4.863040E+00  2.448879E+01  7.398278E+00  0.9998167828 -3.737034E+00
        5.490709E+11 -3.999873E+00 -1.999887E+00 -3.054398E-01 -3.054398E-01
   229     1589.8390    8.56379601  5.867048E+08  1.288052E+10  1.567053E+27
        4.838179E+00  2.448879E+01  7.398278E+00  0.9998329249 -3.777088E+00
        3.847724E+11 -3.999873E+00 -1.999887E+00 -3.054398E-01 -3.054398E-01
   230     1545.1644    8.56380183  5.867008E+08  1.289949E+10  1.398183E+27
        4.812496E+00  2.448879E+01  7.398278E+00  0.9998476447 -3.817142E+00
        2.671935E+11 -3.999873E+00 -1.999887E+00 -3.054398E-01 -3.054398E-01
   231     1502.4614    8.56380383  5.866995E+08  1.291690E+10  1.249904E+27
        4.787084E+00  2.448879E+01  7.398278E+00  0.9998610674 -3.857196E+00
        1.866490E+11 -3.999873E+00 -1.999887E+00 -3.054398E-01 -3.054398E-01
   232     1464.0766    8.56380526  5.866985E+08  1.293299E+10  1.126982E+27
        4.763360E+00  2.448879E+01  7.398278E+00  0.9998673285 -3.877222E+00
        1.337430E+11 -3.999873E+00 -1.999887E+00 -3.054398E-01 -3.054398E-01
