============================================================================
  #Mod      Teff         Log(g)           R            Age            L
           Log(Tc)       Log(Pc)      Log(rhoc)       Mx/M         Log(qx)
             Lnu        Log(H/*)      Log(He/*)     Log(C/*)      Log(O/*)
============================================================================
     1   148637.9532    9.24549529  3.130977E+08  0.000000E+00  3.409656E+34
        8.214303E+00  2.622976E+01  8.664373E+00  0.0000000000  0.000000E+00
        3.278447E+35 -9.999860E+00 -1.999885E+00 -3.053960E-01 -3.053960E-01
     2   126233.7576    9.25459571  3.098344E+08  5.000000E+04  1.736974E+34
        8.196269E+00  2.623452E+01  8.667948E+00  0.0000000000  0.000000E+00
        1.887412E+35 -9.999860E+00 -1.999885E+00 -3.053960E-01 -3.053960E-01
     3   113241.7873    9.25990287  3.079471E+08  1.000000E+05  1.111248E+34
        8.182727E+00  2.623774E+01  8.670373E+00  0.0000000000  0.000000E+00
        1.262693E+35 -9.999860E+00 -1.999885E+00 -3.053960E-01 -3.053960E-01
     4   104846.8783    9.26340008  3.067097E+08  1.500000E+05  8.100445E+33
        8.171779E+00  2.624013E+01  8.672171E+00  0.0000000000  0.000000E+00
        9.229768E+34 -9.999860E+00 -1.999885E+00 -3.053960E-01 -3.053960E-01
     5    99089.2241    9.26588524  3.058334E+08  2.000000E+05  6.425508E+33
        8.162497E+00  2.624199E+01  8.673579E+00  0.0000000000  0.000000E+00
        7.150061E+34 -9.999860E+00 -1.999885E+00 -3.053960E-01 -3.053960E-01
     6    94972.3969    9.26774424  3.051795E+08  2.500000E+05  5.399236E+33
        8.154370E+00  2.624351E+01  8.674724E+00  0.0000000000  0.000000E+00
        5.769448E+34 -9.999860E+00 -1.999885E+00 -3.053960E-01 -3.053960E-01
     7    91923.4547    9.26918726  3.046729E+08  3.000000E+05  4.722860E+33
        8.147088E+00  2.624477E+01  8.675683E+00  0.0000000000  0.000000E+00
        4.797882E+34 -9.999860E+00 -1.999885E+00 -3.053960E-01 -3.053960E-01
     8    89590.2829    9.27033848  3.042694E+08  3.500000E+05  4.250031E+33
        8.140455E+00  2.624585E+01  8.676502E+00  0.0000000000  0.000000E+00
        4.083422E+34 -9.999860E+00 -1.999885E+00 -3.053960E-01 -3.053960E-01
     9    87766.5641    9.27127779  3.039405E+08  4.000000E+05  3.905940E+33
        8.134335E+00  2.624679E+01  8.677215E+00  0.0000000000  0.000000E+00
        3.539651E+34 -9.999860E+00 -1.999885E+00 -3.053960E-01 -3.053960E-01
    10    86313.9762    9.27205880  3.036673E+08  4.500000E+05  3.647142E+33
        8.128632E+00  2.624762E+01  8.677844E+00  0.0000000000  0.000000E+00
        3.114211E+34 -9.999860E+00 -1.999885E+00 -3.053960E-01 -3.053960E-01
    11    85140.7403    9.27271821  3.034369E+08  5.000000E+05  3.447612E+33
        8.123277E+00  2.624836E+01  8.678403E+00  0.0000000000  0.000000E+00
        2.773739E+34 -9.999860E+00 -1.999885E+00 -3.053960E-01 -3.053960E-01
    12    83798.7075    9.27351688  3.031580E+08  5.750000E+05  3.229382E+33
        8.115879E+00  2.624931E+01  8.679125E+00  0.0000000000  0.000000E+00
        2.383081E+34 -9.999860E+00 -1.999885E+00 -3.053960E-01 -3.053960E-01
    13    82448.9451    9.27438302  3.028559E+08  6.798675E+05  3.020260E+33
        8.106500E+00  2.625042E+01  8.679970E+00  0.0000000000  0.000000E+00
        1.989776E+34 -9.999860E+00 -1.999885E+00 -3.053960E-01 -3.053960E-01
    14    81243.5050    9.27522929  3.025609E+08  8.139571E+05  2.841923E+33
        8.095706E+00  2.625159E+01  8.680860E+00  0.0000000000  0.000000E+00
        1.640592E+34 -9.999860E+00 -1.999885E+00 -3.053960E-01 -3.053960E-01
    15    80182.7758    9.27606185  3.022711E+08  9.875700E+05  2.691222E+33
        8.083247E+00  2.625283E+01  8.681809E+00  0.0000000000  0.000000E+00
        1.335626E+34 -9.999860E+00 -1.999885E+00 -3.053960E-01 -3.053960E-01
    16    79256.1183    9.27689071  3.019827E+08  1.213987E+06  2.564056E+33
        8.068924E+00  2.625418E+01  8.682834E+00  0.0000000000  0.000000E+00
        1.074510E+34 -9.999860E+00 -1.999885E+00 -3.053960E-01 -3.053960E-01
    17    78444.3669    9.27773526  3.016893E+08  1.508973E+06  2.455833E+33
        8.052675E+00  2.625565E+01  8.683958E+00  0.0000000000  0.000000E+00
        8.557535E+33 -9.999860E+00 -1.999885E+00 -3.053960E-01 -3.053960E-01
    18    77716.7196    9.27861569  3.013836E+08  1.888367E+06  2.361180E+33
        8.034690E+00  2.625728E+01  8.685202E+00  0.0000000000  0.000000E+00
        6.764611E+33 -9.999860E+00 -1.999885E+00 -3.053960E-01 -3.053960E-01
    19    77032.4668    9.27953178  3.010659E+08  2.364420E+06  2.274314E+33
        8.015438E+00  2.625904E+01  8.686542E+00  0.0000000000  0.000000E+00
        5.322170E+33 -9.999860E+00 -1.999885E+00 -3.053960E-01 -3.053960E-01
    20    76358.0061    9.28047757  3.007383E+08  2.943214E+06  2.190926E+33
        7.995571E+00  2.626088E+01  8.687946E+00  0.0000000000  0.000000E+00
        4.177103E+33 -9.999860E+00 -1.999885E+00 -3.053960E-01 -3.053960E-01
    21    75665.6971    9.28143087  3.004084E+08  3.624375E+06  2.107911E+33
        7.975726E+00  2.626273E+01  8.689356E+00  0.0000000000  0.000000E+00
        3.275446E+33 -9.999860E+00 -1.999885E+00 -3.053960E-01 -3.053960E-01
    22    74943.1101    9.28237001  3.000838E+08  4.404910E+06  2.024155E+33
        7.956332E+00  2.626450E+01  8.690712E+00  0.0000000000  0.000000E+00
        2.567194E+33 -9.999860E+00 -1.999885E+00 -3.053960E-01 -3.053960E-01
    23    74183.3264    9.28327455  2.997714E+08  5.279622E+06  1.939267E+33
        7.937651E+00  2.626616E+01  8.691971E+00  0.0000000000  0.000000E+00
        2.011972E+33 -9.999860E+00 -1.999885E+00 -3.053960E-01 -3.053960E-01
    24    73388.2930    9.28413980  2.994729E+08  6.245196E+06  1.853763E+33
        7.919765E+00  2.626768E+01  8.693121E+00  0.0000000000  0.000000E+00
        1.576543E+33 -9.999860E+00 -1.999885E+00 -3.053960E-01 -3.053960E-01
    25    72563.1512    9.28497952  2.991836E+08  7.298897E+06  1.768365E+33
        7.902681E+00  2.626911E+01  8.694197E+00  0.0000000000  0.000000E+00
        1.235280E+33 -9.999860E+00 -1.999885E+00 -3.053960E-01 -3.053960E-01
    26    71714.2140    9.28581021  2.988976E+08  8.440822E+06  1.683828E+33
        7.886322E+00  2.627049E+01  8.695236E+00  0.0000000000  0.000000E+00
        9.675029E+32 -9.999860E+00 -1.999885E+00 -3.053960E-01 -3.053960E-01
    27    70842.2204    9.28664013  2.986121E+08  9.670987E+06  1.600352E+33
        7.870603E+00  2.627186E+01  8.696267E+00  0.0000000000  0.000000E+00
        7.574416E+32 -9.999860E+00 -1.999885E+00 -3.053960E-01 -3.053960E-01
    28    69954.7217    9.28749567  2.983181E+08  1.099063E+07  1.518656E+33
        7.855441E+00  2.627329E+01  8.697346E+00  0.0000000000  0.000000E+00
        5.927643E+32 -9.999860E+00 -1.999885E+00 -3.053960E-01 -3.053960E-01
    29    69053.5124    9.28837868  2.980150E+08  1.240242E+07  1.438969E+33
        7.840731E+00  2.627479E+01  8.698477E+00  0.0000000000  0.000000E+00
        4.635582E+32 -9.999860E+00 -1.999885E+00 -3.053960E-01 -3.053960E-01
    30    68139.4598    9.28926276  2.977118E+08  1.390594E+07  1.361504E+33
        7.826384E+00  2.627630E+01  8.699608E+00  0.0000000000  0.000000E+00
        3.622421E+32 -9.999860E+00 -1.999885E+00 -3.053960E-01 -3.053960E-01
    31    67215.8804    9.29011866  2.974186E+08  1.549590E+07  1.286636E+33
        7.812358E+00  2.627773E+01  8.700684E+00  0.0000000000  0.000000E+00
        2.830606E+32 -9.999860E+00 -1.999885E+00 -3.053960E-01 -3.053960E-01
    32    66286.4571    9.29092307  2.971433E+08  1.716614E+07  1.214683E+33
        7.798621E+00  2.627903E+01  8.701663E+00  0.0000000000  0.000000E+00
        2.213577E+32 -9.999860E+00 -1.999885E+00 -3.053960E-01 -3.053960E-01
    33    65355.4761    9.29166739  2.968888E+08  1.891084E+07  1.145902E+33
        7.785152E+00  2.628018E+01  8.702528E+00  0.0000000000  0.000000E+00
        1.733814E+32 -9.999860E+00 -1.999885E+00 -3.053960E-01 -3.053960E-01
    34    64428.5555    9.29237354  2.966475E+08  2.072668E+07  1.080506E+33
        7.771945E+00  2.628123E+01  8.703324E+00  0.0000000000  0.000000E+00
        1.361345E+32 -9.999860E+00 -1.999885E+00 -3.053960E-01 -3.053960E-01
    35    63507.1317    9.29305965  2.964133E+08  2.261690E+07  1.018397E+33
        7.758952E+00  2.628225E+01  8.704089E+00  0.0000000000  0.000000E+00
        1.071414E+32 -9.999860E+00 -1.999885E+00 -3.053960E-01 -3.053960E-01
    36    62586.2350    9.29372678  2.961857E+08  2.458451E+07  9.591256E+32
        7.746127E+00  2.628322E+01  8.704825E+00  0.0000000000  0.000000E+00
        8.452794E+31 -9.999860E+00 -1.999885E+00 -3.053960E-01 -3.053960E-01
    37    61677.6712    9.29437817  2.959637E+08  2.662963E+07  9.032764E+32
        7.733447E+00  2.628416E+01  8.705536E+00  0.0000000000  0.000000E+00
        6.684355E+31 -9.999860E+00 -1.999885E+00 -3.053960E-01 -3.053960E-01
    38    60776.5595    9.29501274  2.957475E+08  2.875342E+07  8.503910E+32
        7.720890E+00  2.628507E+01  8.706221E+00  0.0000000000  0.000000E+00
        5.299234E+31 -9.999860E+00 -1.999885E+00 -3.053960E-01 -3.053960E-01
    39    59878.3306    9.29562483  2.955392E+08  3.095516E+07  8.000937E+32
        7.708443E+00  2.628594E+01  8.706874E+00  0.0000000000  0.000000E+00
        4.214121E+31 -9.999860E+00 -1.999885E+00 -3.053960E-01 -3.053960E-01
    40    58997.6259    9.29621808  2.953374E+08  3.323397E+07  7.530209E+32
        7.696104E+00  2.628676E+01  8.707497E+00  0.0000000000  0.000000E+00
        3.361164E+31 -9.999860E+00 -1.999885E+00 -3.053960E-01 -3.053960E-01
    41    58120.8727    9.29678967  2.951431E+08  3.559403E+07  7.083139E+32
        7.683846E+00  2.628755E+01  8.708085E+00  0.0000000000  0.000000E+00
        2.689258E+31 -9.999860E+00 -1.999885E+00 -3.053960E-01 -3.053960E-01
    42    57257.7514    9.29734240  2.949554E+08  3.803244E+07  6.663183E+32
        7.671685E+00  2.628829E+01  8.708643E+00  0.0000000000  0.000000E+00
        2.159143E+31 -9.999860E+00 -1.999885E+00 -3.053960E-01 -3.053960E-01
    43    56407.8280    9.29788028  2.947728E+08  4.055398E+07  6.268508E+32
        7.659602E+00  2.628901E+01  8.709180E+00  0.0000000000  0.000000E+00
        1.739040E+31 -9.999860E+00 -1.999885E+00 -3.053960E-01 -3.053960E-01
    44    55571.5778    9.29840711  2.945940E+08  4.316081E+07  5.897810E+32
        7.647590E+00  2.628971E+01  8.709705E+00  0.0000000000  0.000000E+00
        1.405109E+31 -9.999860E+00 -1.999885E+00 -3.053960E-01 -3.053960E-01
    45    54749.7989    9.29892987  2.944168E+08  4.585573E+07  5.549926E+32
        7.635645E+00  2.629041E+01  8.710230E+00  0.0000000000  0.000000E+00
        1.138842E+31 -9.999860E+00 -1.999885E+00 -3.053960E-01 -3.053960E-01
    46    53942.1443    9.29945071  2.942403E+08  4.864259E+07  5.223349E+32
        7.623753E+00  2.629111E+01  8.710760E+00  0.0000000000  0.000000E+00
        9.257536E+30 -9.999860E+00 -1.999885E+00 -3.053960E-01 -3.053960E-01
    47    53143.0447    9.29995741  2.940687E+08  5.152407E+07  4.914907E+32
        7.611898E+00  2.629179E+01  8.711272E+00  0.0000000000  0.000000E+00
        7.547242E+30 -9.999860E+00 -1.999885E+00 -3.053960E-01 -3.053960E-01
    48    52363.2778    9.30044568  2.939034E+08  5.449614E+07  4.627523E+32
        7.600100E+00  2.629244E+01  8.711759E+00  0.0000000000  0.000000E+00
        6.170620E+30 -9.999860E+00 -1.999885E+00 -3.053960E-01 -3.053960E-01
    49    51590.2530    9.30091815  2.937436E+08  5.756580E+07  4.355514E+32
        7.588339E+00  2.629305E+01  8.712225E+00  0.0000000000  0.000000E+00
        5.059652E+30 -9.999860E+00 -1.999885E+00 -3.053960E-01 -3.053960E-01
    50    50837.0455    9.30137494  2.935892E+08  6.072723E+07  4.102355E+32
        7.576644E+00  2.629363E+01  8.712673E+00  0.0000000000  0.000000E+00
        4.161008E+30 -9.999860E+00 -1.999885E+00 -3.053960E-01 -3.053960E-01
    51    50094.9191    9.30181875  2.934392E+08  6.399227E+07  3.864052E+32
        7.564976E+00  2.629420E+01  8.713104E+00  0.0000000000  0.000000E+00
        3.430309E+30 -9.999860E+00 -1.999885E+00 -3.053960E-01 -3.053960E-01
    52    49366.4081    9.30225115  2.932931E+08  6.735748E+07  3.640507E+32
        7.553355E+00  2.629475E+01  8.713523E+00  0.0000000000  0.000000E+00
        2.835528E+30 -9.999860E+00 -1.999885E+00 -3.053960E-01 -3.053960E-01
    53    48651.9595    9.30267405  2.931504E+08  7.082713E+07  3.430949E+32
        7.541771E+00  2.629529E+01  8.713932E+00  0.0000000000  0.000000E+00
        2.349567E+30 -9.999860E+00 -1.999885E+00 -3.053960E-01 -3.053960E-01
    54    47948.8330    9.30308331  2.930123E+08  7.440511E+07  3.233820E+32
        7.530213E+00  2.629581E+01  8.714321E+00  0.0000000000  0.000000E+00
        1.951239E+30 -9.999860E+00 -1.999885E+00 -3.053960E-01 -3.053960E-01
    55    47258.4815    9.30348110  2.928781E+08  7.808921E+07  3.048772E+32
        7.518698E+00  2.629631E+01  8.714693E+00  0.0000000000  0.000000E+00
        1.624295E+30 -9.999860E+00 -1.999885E+00 -3.053960E-01 -3.053960E-01
    56    46579.6378    9.30386981  2.927471E+08  8.188360E+07  2.874760E+32
        7.507218E+00  2.629680E+01  8.715054E+00  0.0000000000  0.000000E+00
        1.355133E+30 -9.999860E+00 -1.999885E+00 -3.053960E-01 -3.053960E-01
    57    45911.8207    9.30425153  2.926185E+08  8.579015E+07  2.711025E+32
        7.495777E+00  2.629727E+01  8.715408E+00  0.0000000000  0.000000E+00
        1.133035E+30 -9.999860E+00 -1.999885E+00 -3.053960E-01 -3.053960E-01
    58    45254.7910    9.30462854  2.924915E+08  8.981130E+07  2.556917E+32
        7.484374E+00  2.629775E+01  8.715758E+00  0.0000000000  0.000000E+00
        9.493233E+29 -9.999860E+00 -1.999885E+00 -3.053960E-01 -3.053960E-01
    59    44607.9006    9.30500031  2.923663E+08  9.394987E+07  2.411758E+32
        7.473007E+00  2.629822E+01  8.716105E+00  0.0000000000  0.000000E+00
        7.969725E+29 -9.999860E+00 -1.999885E+00 -3.053960E-01 -3.053960E-01
    60    43970.8042    9.30536311  2.922442E+08  9.820732E+07  2.275000E+32
        7.461673E+00  2.629867E+01  8.716444E+00  0.0000000000  0.000000E+00
        6.703280E+29 -9.999860E+00 -1.999885E+00 -3.053960E-01 -3.053960E-01
    61    43343.4091    9.30571351  2.921263E+08  1.025839E+08  2.146178E+32
        7.450376E+00  2.629910E+01  8.716768E+00  0.0000000000  0.000000E+00
        5.648392E+29 -9.999860E+00 -1.999885E+00 -3.053960E-01 -3.053960E-01
    62    42725.4642    9.30604864  2.920137E+08  1.070802E+08  2.024816E+32
        7.439118E+00  2.629950E+01  8.717069E+00  0.0000000000  0.000000E+00
        4.767965E+29 -9.999860E+00 -1.999885E+00 -3.053960E-01 -3.053960E-01
    63    42117.4267    9.30637061  2.919054E+08  1.116971E+08  1.910573E+32
        7.427904E+00  2.629987E+01  8.717352E+00  0.0000000000  0.000000E+00
        4.031863E+29 -9.999860E+00 -1.999885E+00 -3.053960E-01 -3.053960E-01
    64    41519.0182    9.30668216  2.918008E+08  1.164381E+08  1.802989E+32
        7.416732E+00  2.630023E+01  8.717622E+00  0.0000000000  0.000000E+00
        3.415032E+29 -9.999860E+00 -1.999885E+00 -3.053960E-01 -3.053960E-01
    65    40930.0980    9.30698638  2.916986E+08  1.213065E+08  1.701656E+32
        7.405601E+00  2.630057E+01  8.717884E+00  0.0000000000  0.000000E+00
        2.897051E+29 -9.999860E+00 -1.999885E+00 -3.053960E-01 -3.053960E-01
    66    40350.5612    9.30728761  2.915974E+08  1.263060E+08  1.606193E+32
        7.394507E+00  2.630092E+01  8.718145E+00  0.0000000000  0.000000E+00
        2.461212E+29 -9.999860E+00 -1.999885E+00 -3.053960E-01 -3.053960E-01
    67    39780.2096    9.30758585  2.914973E+08  1.314405E+08  1.516245E+32
        7.383444E+00  2.630127E+01  8.718406E+00  0.0000000000  0.000000E+00
        2.093655E+29 -9.999860E+00 -1.999885E+00 -3.053960E-01 -3.053960E-01
    68    39218.4305    9.30787868  2.913991E+08  1.367121E+08  1.431427E+32
        7.372411E+00  2.630161E+01  8.718666E+00  0.0000000000  0.000000E+00
        1.783145E+29 -9.999860E+00 -1.999885E+00 -3.053960E-01 -3.053960E-01
    69    38665.4305    9.30817128  2.913009E+08  1.421208E+08  1.351472E+32
        7.361413E+00  2.630197E+01  8.718939E+00  0.0000000000  0.000000E+00
        1.520630E+29 -9.999860E+00 -1.999885E+00 -3.053960E-01 -3.053960E-01
    70    38120.5130    9.30846153  2.912036E+08  1.476715E+08  1.276029E+32
        7.350445E+00  2.630234E+01  8.719220E+00  0.0000000000  0.000000E+00
        1.298188E+29 -9.999860E+00 -1.999885E+00 -3.053960E-01 -3.053960E-01
    71    37583.6235    9.30874663  2.911080E+08  1.533645E+08  1.204855E+32
        7.339506E+00  2.630271E+01  8.719500E+00  0.0000000000  0.000000E+00
        1.109455E+29 -9.999860E+00 -1.999885E+00 -3.053960E-01 -3.053960E-01
    72    37040.0934    9.30903141  2.910126E+08  1.593645E+08  1.135910E+32
        7.328298E+00  2.630308E+01  8.719780E+00  0.0000000000  0.000000E+00
        9.450752E+28 -9.999860E+00 -1.999885E+00 -3.053960E-01 -3.053960E-01
    73    36268.2347    9.30942488  2.908808E+08  1.683645E+08  1.043200E+32
        7.312147E+00  2.630358E+01  8.720158E+00  0.0000000000  0.000000E+00
        7.507262E+28 -9.999860E+00 -1.999885E+00 -3.053960E-01 -3.053960E-01
    74    35337.4135    9.30990577  2.907198E+08  1.807520E+08  9.391181E+31
        7.298719E+00  2.630420E+01  8.720662E+00  0.0094444061 -4.121145E-03
        5.664250E+28 -9.999860E+00 -1.999885E+00 -3.053960E-01 -3.053960E-01
    75    34473.4910    9.31040552  2.905526E+08  1.951598E+08  8.496156E+31
        7.281762E+00  2.630490E+01  8.721183E+00  0.0376017598 -1.664518E-02
        4.344153E+28 -9.999860E+00 -1.999885E+00 -3.053960E-01 -3.053960E-01
    76    33616.0040    9.31092489  2.903789E+08  2.127699E+08  7.672668E+31
        7.261841E+00  2.630564E+01  8.721730E+00  0.0821591723 -3.723263E-02
        3.267634E+28 -9.999860E+00 -1.999885E+00 -3.053960E-01 -3.053960E-01
    77    32767.0818    9.31143426  2.902087E+08  2.329845E+08  6.918370E+31
        7.241035E+00  2.630635E+01  8.722259E+00  0.1330481935 -6.200504E-02
        2.425706E+28 -9.999860E+00 -1.999885E+00 -3.053960E-01 -3.053960E-01
    78    31939.0764    9.31190497  2.900514E+08  2.552637E+08  6.238374E+31
        7.220414E+00  2.630699E+01  8.722736E+00  0.1889993551 -9.097880E-02
        1.792801E+28 -9.999860E+00 -1.999885E+00 -3.053960E-01 -3.053960E-01
    79    31175.1135    9.31230455  2.899180E+08  2.775430E+08  5.657370E+31
        7.200999E+00  2.630749E+01  8.723116E+00  0.2423338031 -1.205221E-01
        1.342040E+28 -9.999860E+00 -1.999885E+00 -3.053960E-01 -3.053960E-01
    80    30344.6785    9.31276355  2.897649E+08  3.030337E+08  5.072868E+31
        7.179525E+00  2.630811E+01  8.723586E+00  0.3013096546 -1.557153E-01
        9.738901E+27 -9.999860E+00 -1.999885E+00 -3.053960E-01 -3.053960E-01
    81    29563.5003    9.31323736  2.896068E+08  3.290790E+08  4.565339E+31
        7.159125E+00  2.630880E+01  8.724107E+00  0.3546420822 -1.901994E-01
        7.157827E+27 -9.999860E+00 -1.999885E+00 -3.053960E-01 -3.053960E-01
    82    28778.8578    9.31370058  2.894524E+08  3.566519E+08  4.095252E+31
        7.138196E+00  2.630944E+01  8.724590E+00  0.4051405499 -2.255856E-01
        5.218796E+27 -9.999860E+00 -1.999885E+00 -3.053960E-01 -3.053960E-01
    83    28018.4027    9.31409141  2.893222E+08  3.848004E+08  3.675945E+31
        7.117538E+00  2.630991E+01  8.724938E+00  0.4569377127 -2.651504E-01
        3.810323E+27 -9.999860E+00 -1.999885E+00 -3.053960E-01 -3.053960E-01
    84    27272.5143    9.31440285  2.892185E+08  4.135761E+08  3.297500E+31
        7.096891E+00  2.631019E+01  8.725143E+00  0.5041697862 -3.046670E-01
        2.776132E+27 -9.999860E+00 -1.999885E+00 -3.053960E-01 -3.053960E-01
    85    26546.5752    9.31465318  2.891352E+08  4.426680E+08  2.958474E+31
        7.076404E+00  2.631033E+01  8.725249E+00  0.5515306682 -3.482673E-01
        2.007645E+27 -9.999860E+00 -1.999885E+00 -3.053960E-01 -3.053960E-01
    86    25873.2819    9.31491175  2.890491E+08  4.719860E+08  2.667972E+31
        7.057005E+00  2.631053E+01  8.725399E+00  0.5881760430 -3.852884E-01
        1.466535E+27 -9.999860E+00 -1.999885E+00 -3.053960E-01 -3.053960E-01
    87    25176.9469    9.31521311  2.889488E+08  5.029371E+08  2.390485E+31
        7.036435E+00  2.631081E+01  8.725607E+00  0.6295640543 -4.312869E-01
        1.049759E+27 -9.999860E+00 -1.999885E+00 -3.053960E-01 -3.053960E-01
    88    24541.8526    9.31549003  2.888567E+08  5.335158E+08  2.156882E+31
        7.017244E+00  2.631106E+01  8.725790E+00  0.6651167655 -4.751066E-01
        7.645480E+26 -9.999860E+00 -1.999885E+00 -3.053960E-01 -3.053960E-01
    89    23911.8521    9.31575135  2.887698E+08  5.656830E+08  1.942623E+31
        6.997759E+00  2.631127E+01  8.725950E+00  0.6949351432 -5.156078E-01
        5.559965E+26 -9.999860E+00 -1.999885E+00 -3.053960E-01 -3.053960E-01
    90    23273.6147    9.31601028  2.886838E+08  5.987625E+08  1.742337E+31
        6.977580E+00  2.631150E+01  8.726115E+00  0.7287766990 -5.666730E-01
        3.965858E+26 -9.999860E+00 -1.999885E+00 -3.053960E-01 -3.053960E-01
    91    22689.2085    9.31623698  2.886084E+08  6.313100E+08  1.572995E+31
        6.958630E+00  2.631168E+01  8.726254E+00  0.7522171700 -6.059288E-01
        2.896907E+26 -9.999860E+00 -1.999885E+00 -3.053960E-01 -3.053960E-01
    92    22110.6831    9.31645530  2.885359E+08  6.652432E+08  1.417883E+31
        6.939494E+00  2.631185E+01  8.726380E+00  0.7794216937 -6.564372E-01
        2.105571E+26 -9.999860E+00 -1.999885E+00 -3.053960E-01 -3.053960E-01
    93    21553.7506    9.31666707  2.884655E+08  7.000138E+08  1.279709E+31
        6.920557E+00  2.631202E+01  8.726501E+00  0.8012341207 -7.016582E-01
        1.535771E+26 -9.999860E+00 -1.999885E+00 -3.053960E-01 -3.053960E-01
    94    20982.3666    9.31689147  2.883910E+08  7.357809E+08  1.148718E+31
        6.900792E+00  2.631220E+01  8.726636E+00  0.8221865622 -7.500354E-01
        1.102379E+26 -9.999860E+00 -1.999885E+00 -3.053960E-01 -3.053960E-01
    95    20459.4524    9.31708537  2.883267E+08  7.706834E+08  1.037953E+31
        6.882208E+00  2.631233E+01  8.726734E+00  0.8422040399 -8.019041E-01
        8.062593E+25 -9.999860E+00 -1.999885E+00 -3.053960E-01 -3.053960E-01
    96    19918.1221    9.31724976  2.882721E+08  8.067827E+08  9.320319E+30
        6.862668E+00  2.631238E+01  8.726770E+00  0.8612115751 -8.576468E-01
        5.816333E+25 -9.999860E+00 -1.999885E+00 -3.053960E-01 -3.053960E-01
    97    19424.0033    9.31738267  2.882280E+08  8.418528E+08  8.426734E+30
        6.844334E+00  2.631239E+01  8.726777E+00  0.8756400593 -9.053195E-01
        4.281426E+25 -9.999860E+00 -1.999885E+00 -3.053960E-01 -3.053960E-01
    98    18959.5198    9.31751506  2.881841E+08  8.780479E+08  7.646827E+30
        6.826695E+00  2.631243E+01  8.726805E+00  0.8893358052 -9.559929E-01
        3.193114E+25 -9.999860E+00 -1.999885E+00 -3.053960E-01 -3.053960E-01
    99    18462.5282    9.31769577  2.881241E+08  9.167779E+08  6.873151E+30
        6.807447E+00  2.631256E+01  8.726906E+00  0.9022604239 -1.009930E+00
        2.307234E+25 -9.999860E+00 -1.999885E+00 -3.053960E-01 -3.053960E-01
   100    18010.0140    9.31789353  2.880585E+08  9.541747E+08  6.220849E+30
        6.789430E+00  2.631277E+01  8.727059E+00  0.9143755265 -1.067402E+00
        1.703841E+25 -9.999860E+00 -1.999885E+00 -3.053960E-01 -3.053960E-01
   101    17563.9340    9.31809852  2.879905E+08  9.927018E+08  5.624393E+30
        6.771266E+00  2.631300E+01  8.727228E+00  0.9229075150 -1.112988E+00
        1.258200E+25 -9.999860E+00 -1.999885E+00 -3.053960E-01 -3.053960E-01
   102    17112.2760    9.31829494  2.879254E+08  1.031766E+09  5.065509E+30
        6.752559E+00  2.631320E+01  8.727378E+00  0.9335135908 -1.177267E+00
        9.203881E+24 -9.999860E+00 -1.999885E+00 -3.053960E-01 -3.053960E-01
   103    16710.9527    9.31843402  2.878793E+08  1.069754E+09  4.605299E+30
        6.735426E+00  2.631330E+01  8.727452E+00  0.9408697219 -1.228190E+00
        6.921881E+24 -9.999860E+00 -1.999885E+00 -3.053960E-01 -3.053960E-01
   104    16301.5040    9.31855990  2.878376E+08  1.110118E+09  4.169056E+30
        6.717502E+00  2.631336E+01  8.727498E+00  0.9476949220 -1.281456E+00
        5.133929E+24 -9.999860E+00 -1.999885E+00 -3.053960E-01 -3.053960E-01
   105    15889.9407    9.31867866  2.877983E+08  1.150514E+09  3.762681E+30
        6.699283E+00  2.631341E+01  8.727534E+00  0.9539729956 -1.336987E+00
        3.785026E+24 -9.999860E+00 -1.999885E+00 -3.053960E-01 -3.053960E-01
   106    15509.9908    9.31878710  2.877623E+08  1.189694E+09  3.414649E+30
        6.681962E+00  2.631345E+01  8.727565E+00  0.9596877474 -1.394563E+00
        2.841853E+24 -9.999860E+00 -1.999885E+00 -3.053960E-01 -3.053960E-01
   107    15141.4156    9.31889540  2.877265E+08  1.229190E+09  3.100684E+30
        6.664786E+00  2.631349E+01  8.727598E+00  0.9648229820 -1.453741E+00
        2.137047E+24 -9.999860E+00 -1.999885E+00 -3.053960E-01 -3.053960E-01
   108    14791.7504    9.31899677  2.876929E+08  1.267878E+09  2.823374E+30
        6.648230E+00  2.631353E+01  8.727625E+00  0.9693626379 -1.513749E+00
        1.621565E+24 -9.999860E+00 -1.999885E+00 -3.053960E-01 -3.053960E-01
   109    14532.6401    9.31906713  2.876696E+08  1.298680E+09  2.630255E+30
        6.635461E+00  2.631354E+01  8.727633E+00  0.9720622662 -1.553809E+00
        1.312488E+24 -9.999860E+00 -1.999885E+00 -3.053960E-01 -3.053960E-01
   110    14284.6996    9.31913073  2.876485E+08  1.327378E+09  2.454939E+30
        6.623345E+00  2.631354E+01  8.727631E+00  0.9745240151 -1.593869E+00
        1.071568E+24 -9.999860E+00 -1.999885E+00 -3.053960E-01 -3.053960E-01
   111    14079.1798    9.31918332  2.876311E+08  1.352210E+09  2.316397E+30
        6.613020E+00  2.631354E+01  8.727628E+00  0.9767688454 -1.633929E+00
        9.037527E+23 -9.999860E+00 -1.999885E+00 -3.053960E-01 -3.053960E-01
   112    13874.1040    9.31923731  2.876132E+08  1.376362E+09  2.184085E+30
        6.602746E+00  2.631353E+01  8.727626E+00  0.9788158710 -1.673989E+00
        7.622132E+23 -9.999860E+00 -1.999885E+00 -3.053960E-01 -3.053960E-01
   113    13696.5814    9.31928732  2.875967E+08  1.399172E+09  2.074189E+30
        6.593451E+00  2.631353E+01  8.727628E+00  0.9806825217 -1.714050E+00
        6.532542E+23 -9.999860E+00 -1.999885E+00 -3.053960E-01 -3.053960E-01
   114    13513.6716    9.31934203  2.875785E+08  1.422782E+09  1.965343E+30
        6.583912E+00  2.631354E+01  8.727635E+00  0.9815532295 -1.734080E+00
        5.574269E+23 -9.999860E+00 -1.999885E+00 -3.053960E-01 -3.053960E-01
   115    13333.8985    9.31940028  2.875593E+08  1.446434E+09  1.862581E+30
        6.574411E+00  2.631356E+01  8.727648E+00  0.9831786762 -1.774140E+00
        4.767672E+23 -9.999860E+00 -1.999885E+00 -3.053960E-01 -3.053960E-01
   116    13143.3933    9.31946131  2.875390E+08  1.470956E+09  1.758149E+30
        6.564338E+00  2.631358E+01  8.727658E+00  0.9846608956 -1.814200E+00
        4.032710E+23 -9.999860E+00 -1.999885E+00 -3.053960E-01 -3.053960E-01
   117    12970.6163    9.31951623  2.875209E+08  1.494920E+09  1.667298E+30
        6.554818E+00  2.631359E+01  8.727666E+00  0.9860125082 -1.854260E+00
        3.443131E+23 -9.999860E+00 -1.999885E+00 -3.053960E-01 -3.053960E-01
   118    12791.0983    9.31957230  2.875023E+08  1.520030E+09  1.576689E+30
        6.544921E+00  2.631359E+01  8.727671E+00  0.9866429742 -1.874290E+00
        2.939161E+23 -9.999860E+00 -1.999885E+00 -3.053960E-01 -3.053960E-01
   119    12604.9371    9.31962999  2.874832E+08  1.544906E+09  1.486688E+30
        6.534723E+00  2.631360E+01  8.727676E+00  0.9872450227 -1.894320E+00
        2.480376E+23 -9.999860E+00 -1.999885E+00 -3.053960E-01 -3.053960E-01
   120    12440.9591    9.31968025  2.874666E+08  1.568620E+09  1.410659E+30
        6.525287E+00  2.631360E+01  8.727680E+00  0.9872450227 -1.894320E+00
        2.126077E+23 -9.999860E+00 -1.999885E+00 -3.053960E-01 -3.053960E-01
   121    12260.0060    9.31973544  2.874483E+08  1.594246E+09  1.330192E+30
        6.514952E+00  2.631361E+01  8.727685E+00  0.9878199348 -1.914350E+00
        1.793497E+23 -9.999860E+00 -1.999885E+00 -3.053960E-01 -3.053960E-01
   122    12091.1150    9.31978668  2.874314E+08  1.619868E+09  1.258246E+30
        6.504944E+00  2.631362E+01  8.727692E+00  0.9878199348 -1.914350E+00
        1.523461E+23 -9.999860E+00 -1.999885E+00 -3.053960E-01 -3.053960E-01
   123    11904.4955    9.31984414  2.874123E+08  1.647650E+09  1.182189E+30
        6.493939E+00  2.631364E+01  8.727703E+00  0.9878199348 -1.914350E+00
        1.278517E+23 -9.999860E+00 -1.999885E+00 -3.053960E-01 -3.053960E-01
   124    11724.0607    9.31990283  2.873929E+08  1.675392E+09  1.111978E+30
        6.483027E+00  2.631366E+01  8.727720E+00  0.9878199348 -1.914350E+00
        1.068936E+23 -9.999860E+00 -1.999885E+00 -3.053960E-01 -3.053960E-01
   125    11542.0350    9.31996466  2.873725E+08  1.704112E+09  1.044364E+30
        6.471837E+00  2.631369E+01  8.727743E+00  0.9883689334 -1.934380E+00
        8.908228E+22 -9.999860E+00 -1.999885E+00 -3.053960E-01 -3.053960E-01
   126    11360.4083    9.32002737  2.873517E+08  1.733516E+09  9.800209E+29
        6.460490E+00  2.631372E+01  8.727768E+00  0.9883689334 -1.934380E+00
        7.405228E+22 -9.999860E+00 -1.999885E+00 -3.053960E-01 -3.053960E-01
   127    11186.5776    9.32008734  2.873319E+08  1.763484E+09  9.212735E+29
        6.449353E+00  2.631376E+01  8.727793E+00  0.9883689334 -1.934380E+00
        6.177673E+22 -9.999860E+00 -1.999885E+00 -3.053960E-01 -3.053960E-01
   128    11000.3239    9.32014960  2.873113E+08  1.795024E+09  8.613095E+29
        6.437428E+00  2.631379E+01  8.727816E+00  0.9883689334 -1.934380E+00
        5.082660E+22 -9.999860E+00 -1.999885E+00 -3.053960E-01 -3.053960E-01
   129    10823.8248    9.32020531  2.872929E+08  1.825834E+09  8.072437E+29
        6.425847E+00  2.631381E+01  8.727832E+00  0.9883689334 -1.934380E+00
        4.209355E+22 -9.999860E+00 -1.999885E+00 -3.053960E-01 -3.053960E-01
   130    10648.2902    9.32025604  2.872761E+08  1.857220E+09  7.560499E+29
        6.414132E+00  2.631382E+01  8.727840E+00  0.9883689334 -1.934380E+00
        3.478732E+22 -9.999860E+00 -1.999885E+00 -3.053960E-01 -3.053960E-01
   131    10474.3685    9.32030372  2.872603E+08  1.889084E+09  7.077740E+29
        6.402329E+00  2.631383E+01  8.727844E+00  0.9883689334 -1.934380E+00
        2.870761E+22 -9.999860E+00 -1.999885E+00 -3.053960E-01 -3.053960E-01
   132    10301.9386    9.32034973  2.872451E+08  1.921472E+09  6.622364E+29
        6.390428E+00  2.631383E+01  8.727847E+00  0.9888931867 -1.954411E+00
        2.365174E+22 -9.999860E+00 -1.999885E+00 -3.053960E-01 -3.053960E-01
   133    10130.8886    9.32039378  2.872305E+08  1.954424E+09  6.192747E+29
        6.378420E+00  2.631383E+01  8.727848E+00  0.9888931867 -1.954411E+00
        1.939039E+22 -9.999860E+00 -1.999885E+00 -3.053960E-01 -3.053960E-01
   134     9961.2036    9.32043678  2.872163E+08  1.987958E+09  5.787586E+29
        6.366301E+00  2.631383E+01  8.727849E+00  0.9888931867 -1.954411E+00
        1.591775E+22 -9.999860E+00 -1.999885E+00 -3.053960E-01 -3.053960E-01
   135     9792.8136    9.32047939  2.872022E+08  2.022082E+09  5.405520E+29
        6.354063E+00  2.631384E+01  8.727851E+00  0.9888931867 -1.954411E+00
        1.304016E+22 -9.999860E+00 -1.999885E+00 -3.053960E-01 -3.053960E-01
   136     9626.0033    9.32052219  2.871881E+08  2.056720E+09  5.046018E+29
        6.341725E+00  2.631384E+01  8.727855E+00  0.9888931867 -1.954411E+00
        1.066368E+22 -9.999860E+00 -1.999885E+00 -3.053960E-01 -3.053960E-01
   137     9469.0994    9.32056170  2.871750E+08  2.091808E+09  4.724545E+29
        6.329824E+00  2.631385E+01  8.727858E+00  0.9888931867 -1.954411E+00
        8.782109E+21 -9.999860E+00 -1.999885E+00 -3.053960E-01 -3.053960E-01
   138     9297.4062    9.32060186  2.871617E+08  2.129018E+09  4.390685E+29
        6.316765E+00  2.631385E+01  8.727859E+00  0.9888931867 -1.954411E+00
        7.103098E+21 -9.999860E+00 -1.999885E+00 -3.053960E-01 -3.053960E-01
   139     9137.6857    9.32063737  2.871500E+08  2.164672E+09  4.096325E+29
        6.304311E+00  2.631385E+01  8.727858E+00  0.9888931867 -1.954411E+00
        5.804313E+21 -9.999860E+00 -1.999885E+00 -3.053960E-01 -3.053960E-01
   140     8980.5674    9.32067154  2.871387E+08  2.200638E+09  3.821471E+29
        6.291836E+00  2.631384E+01  8.727857E+00  0.9888931867 -1.954411E+00
        4.747174E+21 -9.999860E+00 -1.999885E+00 -3.053960E-01 -3.053960E-01
   141     8826.4069    9.32070548  2.871275E+08  2.236816E+09  3.565474E+29
        6.279373E+00  2.631384E+01  8.727855E+00  0.9888931867 -1.954411E+00
        3.882027E+21 -9.999860E+00 -1.999885E+00 -3.053960E-01 -3.053960E-01
   142     8675.4704    9.32074023  2.871160E+08  2.273094E+09  3.327506E+29
        6.266950E+00  2.631384E+01  8.727856E+00  0.9888931867 -1.954411E+00
        3.170968E+21 -9.999860E+00 -1.999885E+00 -3.053960E-01 -3.053960E-01
   143     8527.9485    9.32077687  2.871039E+08  2.309352E+09  3.106622E+29
        6.254593E+00  2.631385E+01  8.727859E+00  0.9893938100 -1.974441E+00
        2.594511E+21 -9.999860E+00 -1.999885E+00 -3.053960E-01 -3.053960E-01
   144     8384.3063    9.32081229  2.870922E+08  2.345440E+09  2.902306E+29
        6.242359E+00  2.631385E+01  8.727861E+00  0.9893938100 -1.974441E+00
        2.127264E+21 -9.999860E+00 -1.999885E+00 -3.053960E-01 -3.053960E-01
   145     8245.0495    9.32084657  2.870808E+08  2.381208E+09  2.714023E+29
        6.230305E+00  2.631385E+01  8.727861E+00  0.9893938100 -1.974441E+00
        1.746691E+21 -9.999860E+00 -1.999885E+00 -3.053960E-01 -3.053960E-01
   146     8110.5186    9.32088005  2.870698E+08  2.416530E+09  2.540981E+29
        6.218477E+00  2.631385E+01  8.727861E+00  0.9893938100 -1.974441E+00
        1.440600E+21 -9.999860E+00 -1.999885E+00 -3.053960E-01 -3.053960E-01
   147     7981.3878    9.32091289  2.870589E+08  2.451176E+09  2.382801E+29
        6.206948E+00  2.631385E+01  8.727861E+00  0.9893938100 -1.974441E+00
        1.193599E+21 -9.999860E+00 -1.999885E+00 -3.053960E-01 -3.053960E-01
   148     7857.9005    9.32094527  2.870482E+08  2.485004E+09  2.238555E+29
        6.195760E+00  2.631385E+01  8.727862E+00  0.9893938100 -1.974441E+00
        9.938145E+20 -9.999860E+00 -1.999885E+00 -3.053960E-01 -3.053960E-01
   149     7740.1736    9.32097742  2.870376E+08  2.517892E+09  2.107232E+29
        6.184936E+00  2.631385E+01  8.727863E+00  0.9893938100 -1.974441E+00
        8.324726E+20 -9.999860E+00 -1.999885E+00 -3.053960E-01 -3.053960E-01
   150     7640.2383    9.32100560  2.870283E+08  2.549692E+09  2.000364E+29
        6.175523E+00  2.631385E+01  8.727864E+00  0.9893938100 -1.974441E+00
        7.129753E+20 -9.999860E+00 -1.999885E+00 -3.053960E-01 -3.053960E-01
   151     7520.1064    9.32104021  2.870168E+08  2.584312E+09  1.877339E+29
        6.164265E+00  2.631386E+01  8.727866E+00  0.9893938100 -1.974441E+00
        5.925095E+20 -9.999860E+00 -1.999885E+00 -3.053960E-01 -3.053960E-01
   152     7417.8842    9.32107032  2.870069E+08  2.614534E+09  1.777202E+29
        6.154451E+00  2.631386E+01  8.727867E+00  0.9893938100 -1.974441E+00
        5.041954E+20 -9.999860E+00 -1.999885E+00 -3.053960E-01 -3.053960E-01
   153     7319.4802    9.32110033  2.869970E+08  2.644284E+09  1.684642E+29
        6.144839E+00  2.631386E+01  8.727868E+00  0.9893938100 -1.974441E+00
        4.303791E+20 -9.999860E+00 -1.999885E+00 -3.053960E-01 -3.053960E-01
   154     7225.6050    9.32113045  2.869870E+08  2.673366E+09  1.599755E+29
        6.135489E+00  2.631386E+01  8.727869E+00  0.9893938100 -1.974441E+00
        3.687816E+20 -9.999860E+00 -1.999885E+00 -3.053960E-01 -3.053960E-01
   155     7137.1575    9.32116072  2.869770E+08  2.701596E+09  1.522746E+29
        6.126451E+00  2.631386E+01  8.727870E+00  0.9893938100 -1.974441E+00
        3.176473E+20 -9.999860E+00 -1.999885E+00 -3.053960E-01 -3.053960E-01
   156     7054.6351    9.32119092  2.869670E+08  2.728960E+09  1.453430E+29
        6.117717E+00  2.631386E+01  8.727871E+00  0.9893938100 -1.974441E+00
        2.749244E+20 -9.999860E+00 -1.999885E+00 -3.053960E-01 -3.053960E-01
   157     6978.1950    9.32122076  2.869572E+08  2.755618E+09  1.391357E+29
        6.109215E+00  2.631386E+01  8.727872E+00  0.9893938100 -1.974441E+00
        2.386545E+20 -9.999860E+00 -1.999885E+00 -3.053960E-01 -3.053960E-01
   158     6907.7179    9.32124978  2.869476E+08  2.781870E+09  1.335905E+29
        6.100826E+00  2.631386E+01  8.727873E+00  0.9893938100 -1.974441E+00
        2.076587E+20 -9.999860E+00 -1.999885E+00 -3.053960E-01 -3.053960E-01
   159     6842.9637    9.32127755  2.869384E+08  2.808194E+09  1.286431E+29
        6.092367E+00  2.631387E+01  8.727873E+00  0.9898718684 -1.994471E+00
        1.804448E+20 -9.999860E+00 -1.999885E+00 -3.053960E-01 -3.053960E-01
   160     6784.2223    9.32130351  2.869299E+08  2.835036E+09  1.242750E+29
        6.083662E+00  2.631387E+01  8.727874E+00  0.9898718684 -1.994471E+00
        1.560942E+20 -9.999860E+00 -1.999885E+00 -3.053960E-01 -3.053960E-01
   161     6729.0120    9.32132832  2.869217E+08  2.862824E+09  1.202718E+29
        6.074536E+00  2.631387E+01  8.727874E+00  0.9898718684 -1.994471E+00
        1.340855E+20 -9.999860E+00 -1.999885E+00 -3.053960E-01 -3.053960E-01
   162     6676.0704    9.32135225  2.869137E+08  2.891336E+09  1.165248E+29
        6.065031E+00  2.631387E+01  8.727874E+00  0.9898718684 -1.994471E+00
        1.144286E+20 -9.999860E+00 -1.999885E+00 -3.053960E-01 -3.053960E-01
   163     6625.9794    9.32137545  2.869061E+08  2.920138E+09  1.130607E+29
        6.055263E+00  2.631387E+01  8.727873E+00  0.9898718684 -1.994471E+00
        9.720098E+19 -9.999860E+00 -1.999885E+00 -3.053960E-01 -3.053960E-01
   164     6578.8938    9.32139812  2.868986E+08  2.948966E+09  1.098754E+29
        6.045292E+00  2.631387E+01  8.727873E+00  0.9898718684 -1.994471E+00
        8.222094E+19 -9.999860E+00 -1.999885E+00 -3.053960E-01 -3.053960E-01
   165     6534.4534    9.32142055  2.868912E+08  2.977666E+09  1.069310E+29
        6.035143E+00  2.631387E+01  8.727873E+00  0.9898718684 -1.994471E+00
        6.936076E+19 -9.999860E+00 -1.999885E+00 -3.053960E-01 -3.053960E-01
   166     6492.0093    9.32144302  2.868838E+08  3.006106E+09  1.041743E+29
        6.024836E+00  2.631387E+01  8.727873E+00  0.9898718684 -1.994471E+00
        5.833095E+19 -9.999860E+00 -1.999885E+00 -3.053960E-01 -3.053960E-01
   167     6446.9532    9.32146786  2.868756E+08  3.037106E+09  1.013065E+29
        6.013255E+00  2.631387E+01  8.727874E+00  0.9898718684 -1.994471E+00
        4.800777E+19 -9.999860E+00 -1.999885E+00 -3.053960E-01 -3.053960E-01
   168     6386.8445    9.32150027  2.868649E+08  3.083606E+09  9.757354E+28
        5.997111E+00  2.631387E+01  8.727875E+00  0.9898718684 -1.994471E+00
        3.657586E+19 -9.999860E+00 -1.999885E+00 -3.053960E-01 -3.053960E-01
   169     6306.4045    9.32154153  2.868512E+08  3.137656E+09  9.274120E+28
        5.974791E+00  2.631387E+01  8.727876E+00  0.9898718684 -1.994471E+00
        2.505866E+19 -9.999860E+00 -1.999885E+00 -3.053960E-01 -3.053960E-01
   170     6229.6235    9.32157953  2.868387E+08  3.188520E+09  8.829876E+28
        5.952553E+00  2.631387E+01  8.727877E+00  0.9898718684 -1.994471E+00
        1.717950E+19 -9.999860E+00 -1.999885E+00 -3.053960E-01 -3.053960E-01
   171     6155.6737    9.32161615  2.868266E+08  3.236816E+09  8.417307E+28
        5.930070E+00  2.631387E+01  8.727878E+00  0.9903283790 -2.014501E+00
        1.170803E+19 -9.999860E+00 -1.999885E+00 -3.053960E-01 -3.053960E-01
   172     6085.7573    9.32164788  2.868161E+08  3.282146E+09  8.040769E+28
        5.907801E+00  2.631387E+01  8.727878E+00  0.9903283790 -2.014501E+00
        7.998469E+18 -9.999860E+00 -1.999885E+00 -3.053960E-01 -3.053960E-01
   173     6017.3540    9.32167670  2.868066E+08  3.324996E+09  7.684799E+28
        5.885609E+00  2.631387E+01  8.727877E+00  0.9903283790 -2.014501E+00
        5.463984E+18 -9.999860E+00 -1.999885E+00 -3.053960E-01 -3.053960E-01
   174     5958.2859    9.32170021  2.867988E+08  3.365440E+09  7.387068E+28
        5.866684E+00  2.631387E+01  8.727877E+00  0.9903283790 -2.014501E+00
        3.942667E+18 -9.999860E+00 -1.999885E+00 -3.053960E-01 -3.053960E-01
   175     5885.3765    9.32172715  2.867899E+08  3.405542E+09  7.031643E+28
        5.843667E+00  2.631387E+01  8.727878E+00  0.9903283790 -2.014501E+00
        2.648578E+18 -9.999860E+00 -1.999885E+00 -3.053960E-01 -3.053960E-01
   176     5817.0742    9.32174872  2.867828E+08  3.441540E+09  6.710527E+28
        5.822031E+00  2.631387E+01  8.727878E+00  0.9907643130 -2.034531E+00
        1.821076E+18 -9.999860E+00 -1.999885E+00 -3.053960E-01 -3.053960E-01
   177     5750.1646    9.32176786  2.867765E+08  3.475690E+09  6.406786E+28
        5.800647E+00  2.631387E+01  8.727878E+00  0.9907643130 -2.034531E+00
        1.257516E+18 -9.999860E+00 -1.999885E+00 -3.053960E-01 -3.053960E-01
   178     5695.7743    9.32178389  2.867712E+08  3.508186E+09  6.167571E+28
        5.783254E+00  2.631387E+01  8.727878E+00  0.9907643130 -2.034531E+00
        9.307280E+17 -9.999860E+00 -1.999885E+00 -3.053960E-01 -3.053960E-01
   179     5621.9390    9.32180381  2.867646E+08  3.542106E+09  5.853663E+28
        5.760083E+00  2.631387E+01  8.727878E+00  0.9907643130 -2.034531E+00
        6.231933E+17 -9.999860E+00 -1.999885E+00 -3.053960E-01 -3.053960E-01
   180     5553.1612    9.32181863  2.867597E+08  3.571350E+09  5.572235E+28
        5.739465E+00  2.631387E+01  8.727878E+00  0.9911805978 -2.054561E+00
        4.365542E+17 -9.999860E+00 -1.999885E+00 -3.053960E-01 -3.053960E-01
   181     5496.6593    9.32182860  2.867564E+08  3.599384E+09  5.348767E+28
        5.723406E+00  2.631387E+01  8.727877E+00  0.9911805978 -2.054561E+00
        3.310856E+17 -9.999860E+00 -1.999885E+00 -3.053960E-01 -3.053960E-01
   182     5420.2503    9.32184358  2.867515E+08  3.627080E+09  5.057324E+28
        5.702715E+00  2.631387E+01  8.727877E+00  0.9915781192 -2.074591E+00
        2.319604E+17 -9.999860E+00 -1.999885E+00 -3.053960E-01 -3.053960E-01
   183     5343.5205    9.32185566  2.867475E+08  3.653200E+09  4.776846E+28
        5.682839E+00  2.631387E+01  8.727877E+00  0.9915781192 -2.074591E+00
        1.650755E+17 -9.999860E+00 -1.999885E+00 -3.053960E-01 -3.053960E-01
   184     5283.8275    9.32186175  2.867455E+08  3.678680E+09  4.566881E+28
        5.667732E+00  2.631387E+01  8.727877E+00  0.9915781192 -2.074591E+00
        1.276070E+17 -9.999860E+00 -1.999885E+00 -3.053960E-01 -3.053960E-01
   185     5200.1771    9.32187045  2.867426E+08  3.711158E+09  4.284391E+28
        5.646401E+00  2.631387E+01  8.727877E+00  0.9919577228 -2.094621E+00
        8.884479E+16 -9.999860E+00 -1.999885E+00 -3.053960E-01 -3.053960E-01
   186     5124.8817    9.32188044  2.867393E+08  3.740374E+09  4.041494E+28
        5.626988E+00  2.631387E+01  8.727877E+00  0.9923202164 -2.114651E+00
        6.404745E+16 -9.999860E+00 -1.999885E+00 -3.053960E-01 -3.053960E-01
   187     5049.1169    9.32189278  2.867353E+08  3.768992E+09  3.807640E+28
        5.607277E+00  2.631387E+01  8.727877E+00  0.9926663710 -2.134681E+00
        4.604100E+16 -9.999860E+00 -1.999885E+00 -3.053960E-01 -3.053960E-01
   188     4974.3580    9.32190440  2.867314E+08  3.796384E+09  3.586995E+28
        5.587876E+00  2.631387E+01  8.727878E+00  0.9933125762 -2.174741E+00
        3.335334E+16 -9.999860E+00 -1.999885E+00 -3.053960E-01 -3.053960E-01
   189     4904.8201    9.32191319  2.867285E+08  3.821384E+09  3.390518E+28
        5.570012E+00  2.631387E+01  8.727878E+00  0.9939018406 -2.214801E+00
        2.420866E+16 -9.999860E+00 -1.999885E+00 -3.053960E-01 -3.053960E-01
   190     4846.3380    9.32192316  2.867252E+08  3.846384E+09  3.231608E+28
        5.555241E+00  2.631387E+01  8.727879E+00  0.9944391816 -2.254861E+00
        1.867472E+16 -9.999860E+00 -1.999885E+00 -3.053960E-01 -3.053960E-01
   191     4781.7662    9.32193143  2.867225E+08  3.871384E+09  3.062731E+28
        5.538889E+00  2.631387E+01  8.727880E+00  0.9949291744 -2.294921E+00
        1.406782E+16 -9.999860E+00 -1.999885E+00 -3.053960E-01 -3.053960E-01
   192     4722.5140    9.32194095  2.867194E+08  3.896384E+09  2.913661E+28
        5.524054E+00  2.631388E+01  8.727880E+00  0.9955844110 -2.355011E+00
        1.088646E+16 -9.999860E+00 -1.999885E+00 -3.053960E-01 -3.053960E-01
   193     4652.3358    9.32194828  2.867169E+08  3.921384E+09  2.744245E+28
        5.506217E+00  2.631388E+01  8.727881E+00  0.9963282875 -2.435131E+00
        8.048552E+15 -9.999860E+00 -1.999885E+00 -3.053960E-01 -3.053960E-01
   194     4600.3665    9.32195358  2.867152E+08  3.946384E+09  2.623633E+28
        5.492962E+00  2.631388E+01  8.727881E+00  0.9966518206 -2.475191E+00
        6.461370E+15 -9.999860E+00 -1.999885E+00 -3.053960E-01 -3.053960E-01
   195     4522.4260    9.32196248  2.867122E+08  3.971384E+09  2.450250E+28
        5.472166E+00  2.631388E+01  8.727881E+00  0.9973413634 -2.575341E+00
        4.554725E+15 -9.999860E+00 -1.999885E+00 -3.053960E-01 -3.053960E-01
   196     4428.0100    9.32197395  2.867085E+08  3.996384E+09  2.251891E+28
        5.446312E+00  2.631388E+01  8.727882E+00  0.9978888969 -2.675491E+00
        2.988274E+15 -9.999860E+00 -1.999885E+00 -3.053960E-01 -3.053960E-01
   197     4326.7082    9.32198508  2.867048E+08  4.021384E+09  2.052732E+28
        5.417524E+00  2.631388E+01  8.727882E+00  0.9984713764 -2.815699E+00
        1.879199E+15 -9.999860E+00 -1.999885E+00 -3.053960E-01 -3.053960E-01
   198     4206.8887    9.32199646  2.867010E+08  4.046384E+09  1.834571E+28
        5.383439E+00  2.631388E+01  8.727882E+00  0.9988931407 -2.955908E+00
        1.096235E+15 -9.999860E+00 -1.999885E+00 -3.053960E-01 -3.053960E-01
   199     4045.7168    9.32200982  2.866966E+08  4.071384E+09  1.569130E+28
        5.337330E+00  2.631388E+01  8.727882E+00  0.9993335501 -3.176233E+00
        5.387878E+14 -9.999860E+00 -1.999885E+00 -3.053960E-01 -3.053960E-01
   200     3971.9990    9.32201599  2.866946E+08  4.081384E+09  1.457832E+28
        5.315838E+00  2.631388E+01  8.727883E+00  0.9994707985 -3.276379E+00
        3.894406E+14 -9.999860E+00 -1.999885E+00 -3.053960E-01 -3.053960E-01
   201     3876.1537    9.32202270  2.866924E+08  4.092736E+09  1.322112E+28
        5.287632E+00  2.631388E+01  8.727883E+00  0.9995987207 -3.396553E+00
        2.554189E+14 -9.999860E+00 -1.999885E+00 -3.053960E-01 -3.053960E-01
   202     3785.9947    9.32202689  2.866910E+08  4.101658E+09  1.203317E+28
        5.260918E+00  2.631388E+01  8.727883E+00  0.9996957192 -3.516725E+00
        1.723486E+14 -9.999860E+00 -1.999885E+00 -3.053960E-01 -3.053960E-01
   203     3690.2489    9.32203235  2.866892E+08  4.110020E+09  1.086119E+28
        5.232387E+00  2.631388E+01  8.727883E+00  0.9997796683 -3.656923E+00
        1.137364E+14 -9.999860E+00 -1.999885E+00 -3.053960E-01 -3.053960E-01
   204     3588.8321    9.32203797  2.866873E+08  4.117502E+09  9.715419E+27
        5.201890E+00  2.631388E+01  8.727883E+00  0.9998404545 -3.797115E+00
        7.329313E+13 -9.999860E+00 -1.999885E+00 -3.053960E-01 -3.053960E-01
   205     3490.6530    9.32204292  2.866857E+08  4.123866E+09  8.695023E+27
        5.171944E+00  2.631388E+01  8.727883E+00  0.9998896751 -3.957327E+00
        4.775449E+13 -9.999860E+00 -1.999885E+00 -3.053960E-01 -3.053960E-01
   206     3394.8577    9.32204813  2.866840E+08  4.129448E+09  7.779024E+27
        5.142216E+00  2.631388E+01  8.727883E+00  0.9999201087 -4.097501E+00
        3.133575E+13 -9.999860E+00 -1.999885E+00 -3.053960E-01 -3.053960E-01
   207     3296.6979    9.32205186  2.866827E+08  4.134436E+09  6.917541E+27
        5.111285E+00  2.631388E+01  8.727883E+00  0.9999421452 -4.237661E+00
        2.026922E+13 -9.999860E+00 -1.999885E+00 -3.053960E-01 -3.053960E-01
   208     3200.5046    9.32205489  2.866817E+08  4.138760E+09  6.144774E+27
        5.080452E+00  2.631388E+01  8.727883E+00  0.9999599889 -4.397820E+00
        1.315580E+13 -9.999860E+00 -1.999885E+00 -3.053960E-01 -3.053960E-01
   209     3103.2689    9.32205799  2.866807E+08  4.142562E+09  5.431335E+27
        5.048731E+00  2.631388E+01  8.727883E+00  0.9999723269 -4.557942E+00
        8.446140E+12 -9.999860E+00 -1.999885E+00 -3.053960E-01 -3.053960E-01
   210     3012.0085    9.32205984  2.866801E+08  4.145842E+09  4.820054E+27
        5.018157E+00  2.631388E+01  8.727883E+00  0.9999808580 -4.718012E+00
        5.514505E+12 -9.999860E+00 -1.999885E+00 -3.053960E-01 -3.053960E-01
   211     2920.6990    9.32206192  2.866794E+08  4.148802E+09  4.261596E+27
        4.986807E+00  2.631388E+01  8.727883E+00  0.9999867568 -4.878006E+00
        3.565485E+12 -9.999860E+00 -1.999885E+00 -3.053960E-01 -3.053960E-01
   212     2831.3977    9.32206399  2.866787E+08  4.151418E+09  3.763799E+27
        4.955173E+00  2.631388E+01  8.727883E+00  0.9999908355 -5.037889E+00
        2.297600E+12 -9.999860E+00 -1.999885E+00 -3.053960E-01 -3.053960E-01
   213     2746.0963    9.32206560  2.866782E+08  4.153718E+09  3.330308E+27
        4.923956E+00  2.631388E+01  8.727883E+00  0.9999933573 -5.177659E+00
        1.489883E+12 -9.999860E+00 -1.999885E+00 -3.053960E-01 -3.053960E-01
   214     2662.8491    9.32206748  2.866776E+08  4.155768E+09  2.944460E+27
        4.892410E+00  2.631388E+01  8.727883E+00  0.9999956057 -5.357108E+00
        9.620568E+11 -9.999860E+00 -1.999885E+00 -3.053960E-01 -3.053960E-01
   215     2583.0385    9.32206897  2.866771E+08  4.157580E+09  2.607003E+27
        4.861037E+00  2.631388E+01  8.727883E+00  0.9999969540 -5.516272E+00
        6.228238E+11 -9.999860E+00 -1.999885E+00 -3.053960E-01 -3.053960E-01
   216     2506.7591    9.32207094  2.866764E+08  4.159188E+09  2.312418E+27
        4.829946E+00  2.631388E+01  8.727883E+00  0.9999977877 -5.655157E+00
        4.049047E+11 -9.999860E+00 -1.999885E+00 -3.053960E-01 -3.053960E-01
   217     2432.7245    9.32208029  2.866734E+08  4.160624E+09  2.051060E+27
        4.798463E+00  2.631388E+01  8.727883E+00  0.9999984628 -5.813261E+00
        2.618494E+11 -9.999860E+00 -1.999885E+00 -3.053960E-01 -3.053960E-01
   218     2362.4068    9.32209000  2.866702E+08  4.161890E+09  1.823962E+27
        4.767465E+00  2.631388E+01  8.727883E+00  0.9999989767 -5.989993E+00
        1.704981E+11 -9.999860E+00 -1.999885E+00 -3.053960E-01 -3.053960E-01
   219     2294.1607    9.32209179  2.866696E+08  4.163022E+09  1.622148E+27
        4.736366E+00  2.631388E+01  8.727883E+00  0.9999992849 -6.145629E+00
        1.108730E+11 -9.999860E+00 -1.999885E+00 -3.053960E-01 -3.053960E-01
   220     2228.8466    9.32209080  2.866699E+08  4.164022E+09  1.445163E+27
        4.705468E+00  2.631388E+01  8.727883E+00  0.9999994980 -6.299294E+00
        7.230580E+10 -9.999860E+00 -1.999885E+00 -3.053960E-01 -3.053960E-01
   221     2166.4799    9.32208970  2.866703E+08  4.164910E+09  1.290078E+27
        4.674967E+00  2.631388E+01  8.727883E+00  0.9999996453 -6.450198E+00
        4.741927E+10 -9.999860E+00 -1.999885E+00 -3.053960E-01 -3.053960E-01
   222     2105.3231    9.32208652  2.866713E+08  4.165704E+09  1.150470E+27
        4.644206E+00  2.631388E+01  8.727883E+00  0.9999997575 -6.615333E+00
        3.098886E+10 -9.999860E+00 -1.999885E+00 -3.053960E-01 -3.053960E-01
   223     2047.2482    9.32208309  2.866724E+08  4.166402E+09  1.028693E+27
        4.614071E+00  2.631388E+01  8.727883E+00  0.9999998248 -6.756461E+00
        2.042898E+10 -9.999860E+00 -1.999885E+00 -3.053960E-01 -3.053960E-01
   224     1991.1679    9.32208155  2.866729E+08  4.167026E+09  9.205278E+26
        4.584151E+00  2.631388E+01  8.727883E+00  0.9999998713 -6.890468E+00
        1.350824E+10 -9.999860E+00 -1.999885E+00 -3.053960E-01 -3.053960E-01
   225     1923.6124    9.32207931  2.866737E+08  4.167702E+09  8.018219E+26
        4.547028E+00  2.631388E+01  8.727883E+00  0.9999999098 -7.044929E+00
        8.085890E+09 -9.999860E+00 -1.999885E+00 -3.053960E-01 -3.053960E-01
   226     1860.4657    9.32207907  2.866738E+08  4.168282E+09  7.016080E+26
        4.511065E+00  2.631388E+01  8.727883E+00  0.9999999360 -7.193684E+00
        4.918685E+09 -9.999860E+00 -1.999885E+00 -3.053960E-01 -3.053960E-01
   227     1798.9825    9.32207918  2.866737E+08  4.168794E+09  6.133601E+26
        4.474957E+00  2.631388E+01  8.727883E+00  0.9999999506 -7.306285E+00
        2.986223E+09 -9.999860E+00 -1.999885E+00 -3.053960E-01 -3.053960E-01
   228     1740.7687    9.32208031  2.866734E+08  4.169238E+09  5.377383E+26
        4.439868E+00  2.631388E+01  8.727883E+00  0.9999999598 -7.395995E+00
        1.838768E+09 -9.999860E+00 -1.999885E+00 -3.053960E-01 -3.053960E-01
   229     1683.0112    9.32208113  2.866731E+08  4.169636E+09  4.698442E+26
        4.404933E+00  2.631388E+01  8.727883E+00  0.9999999661 -7.469549E+00
        1.134667E+09 -9.999860E+00 -1.999885E+00 -3.053960E-01 -3.053960E-01
   230     1627.0810    9.32207847  2.866740E+08  4.169986E+09  4.104357E+26
        4.371197E+00  2.631388E+01  8.727883E+00  0.9999999696 -7.516844E+00
        7.119006E+08 -9.999860E+00 -1.999885E+00 -3.053960E-01 -3.053960E-01
   231     1574.2235    9.32207316  2.866757E+08  4.170302E+09  3.596495E+26
        4.337998E+00  2.631388E+01  8.727883E+00  0.9999999704 -7.528005E+00
        4.499866E+08 -9.999860E+00 -1.999885E+00 -3.053960E-01 -3.053960E-01
   232     1525.6569    9.32206737  2.866776E+08  4.170588E+09  3.172832E+26
        4.304954E+00  2.631388E+01  8.727883E+00  0.9999999706 -7.531452E+00
        2.850516E+08 -9.999860E+00 -1.999885E+00 -3.053960E-01 -3.053960E-01
   233     1482.2744    9.32206084  2.866798E+08  4.170850E+09  2.827096E+26
        4.272080E+00  2.631388E+01  8.727883E+00  0.9999999710 -7.537962E+00
        1.809946E+08 -9.999860E+00 -1.999885E+00 -3.053960E-01 -3.053960E-01
