============================================================================
  #Mod      Teff         Log(g)           R            Age            L
           Log(Tc)       Log(Pc)      Log(rhoc)       Mx/M         Log(qx)
             Lnu        Log(H/*)      Log(He/*)     Log(C/*)      Log(O/*)
============================================================================
     1   140041.0269    7.88748596  1.135647E+09  0.000000E+00  3.534598E+35
        8.054628E+00  2.357556E+01  6.761433E+00  0.0000000000  0.000000E+00
        9.171663E+35 -9.999860E+00 -1.999885E+00 -3.053960E-01 -3.053960E-01
     2   128015.9210    7.95197964  1.054379E+09  6.000000E+04  2.127557E+35
        8.016820E+00  2.361636E+01  6.789576E+00  0.0000000000  0.000000E+00
        5.863886E+35 -9.999860E+00 -1.999885E+00 -3.053960E-01 -3.053960E-01
     3   118304.2784    7.99531619  1.003063E+09  1.200000E+05  1.404399E+35
        7.988241E+00  2.364283E+01  6.807869E+00  0.0000000000  0.000000E+00
        3.981458E+35 -9.999860E+00 -1.999885E+00 -3.053960E-01 -3.053960E-01
     4   110207.4033    8.02674585  9.674166E+08  1.800000E+05  9.837893E+34
        7.965856E+00  2.366138E+01  6.820705E+00  0.0000000000  0.000000E+00
        2.853013E+35 -9.999860E+00 -1.999885E+00 -3.053960E-01 -3.053960E-01
     5   103374.8743    8.05053300  9.412824E+08  2.400000E+05  7.209943E+34
        7.947695E+00  2.367494E+01  6.830102E+00  0.0000000000  0.000000E+00
        2.133794E+35 -9.999860E+00 -1.999885E+00 -3.053960E-01 -3.053960E-01
     6    97566.6908    8.06913990  9.213327E+08  3.000000E+05  5.481145E+34
        7.932558E+00  2.368523E+01  6.837242E+00  0.0000000000  0.000000E+00
        1.651850E+35 -9.999860E+00 -1.999885E+00 -3.053960E-01 -3.053960E-01
     7    92598.3850    8.08414420  9.055540E+08  3.600000E+05  4.296099E+34
        7.919700E+00  2.369338E+01  6.842896E+00  0.0000000000  0.000000E+00
        1.315869E+35 -9.999860E+00 -1.999885E+00 -3.053960E-01 -3.053960E-01
     8    88302.3928    8.09646874  8.927957E+08  4.200000E+05  3.453234E+34
        7.908575E+00  2.369994E+01  6.847461E+00  0.0000000000  0.000000E+00
        1.072697E+35 -9.999860E+00 -1.999885E+00 -3.053960E-01 -3.053960E-01
     9    84572.1879    8.10674705  8.822932E+08  4.800000E+05  2.837710E+34
        7.898803E+00  2.370533E+01  6.851207E+00  0.0000000000  0.000000E+00
        8.912795E+34 -9.999860E+00 -1.999885E+00 -3.053960E-01 -3.053960E-01
    10    81325.7600    8.11547843  8.734685E+08  5.400000E+05  2.378148E+34
        7.890124E+00  2.370984E+01  6.854351E+00  0.0000000000  0.000000E+00
        7.527361E+34 -9.999860E+00 -1.999885E+00 -3.053960E-01 -3.053960E-01
    11    78443.2092    8.12301389  8.659234E+08  6.000000E+05  2.023077E+34
        7.882343E+00  2.371369E+01  6.857033E+00  0.0000000000  0.000000E+00
        6.446551E+34 -9.999860E+00 -1.999885E+00 -3.053960E-01 -3.053960E-01
    12    75851.7171    8.12959793  8.593844E+08  6.600000E+05  1.742082E+34
        7.875302E+00  2.371701E+01  6.859348E+00  0.0000000000  0.000000E+00
        5.587225E+34 -9.999860E+00 -1.999885E+00 -3.053960E-01 -3.053960E-01
    13    73505.3794    8.13540172  8.536613E+08  7.200000E+05  1.515932E+34
        7.868884E+00  2.371990E+01  6.861365E+00  0.0000000000  0.000000E+00
        4.892553E+34 -9.999860E+00 -1.999885E+00 -3.053960E-01 -3.053960E-01
    14    71370.9500    8.14055976  8.486069E+08  7.800000E+05  1.331469E+34
        7.862995E+00  2.372244E+01  6.863139E+00  0.0000000000  0.000000E+00
        4.322878E+34 -9.999860E+00 -1.999885E+00 -3.053960E-01 -3.053960E-01
    15    69433.6103    8.14517634  8.441085E+08  8.400000E+05  1.180069E+34
        7.857563E+00  2.372470E+01  6.864716E+00  0.0000000000  0.000000E+00
        3.849976E+34 -9.999860E+00 -1.999885E+00 -3.053960E-01 -3.053960E-01
    16    67644.6122    8.14935007  8.400621E+08  9.000000E+05  1.052901E+34
        7.852528E+00  2.372672E+01  6.866127E+00  0.0000000000  0.000000E+00
        3.452896E+34 -9.999860E+00 -1.999885E+00 -3.053960E-01 -3.053960E-01
    17    65949.6153    8.15324396  8.363046E+08  9.619020E+05  9.427792E+33
        7.847701E+00  2.372860E+01  6.867433E+00  0.0000000000  0.000000E+00
        3.106593E+34 -9.999860E+00 -1.999885E+00 -3.053960E-01 -3.053960E-01
    18    64309.2996    8.15698018  8.327149E+08  1.027766E+06  8.451228E+33
        7.842929E+00  2.373038E+01  6.868680E+00  0.0000000000  0.000000E+00
        2.794713E+34 -9.999860E+00 -1.999885E+00 -3.053960E-01 -3.053960E-01
    19    62688.6366    8.16060708  8.292451E+08  1.098314E+06  7.567511E+33
        7.838183E+00  2.373210E+01  6.869879E+00  0.0000000000  0.000000E+00
        2.512221E+34 -9.999860E+00 -1.999885E+00 -3.053960E-01 -3.053960E-01
    20    61126.2429    8.16407597  8.259399E+08  1.173157E+06  6.786404E+33
        7.833505E+00  2.373373E+01  6.871020E+00  0.0000000000  0.000000E+00
        2.258835E+34 -9.999860E+00 -1.999885E+00 -3.053960E-01 -3.053960E-01
    21    59589.7898    8.16744160  8.227457E+08  1.253343E+06  6.082060E+33
        7.828853E+00  2.373530E+01  6.872118E+00  0.0000000000  0.000000E+00
        2.029498E+34 -9.999860E+00 -1.999885E+00 -3.053960E-01 -3.053960E-01
    22    58105.6993    8.17066829  8.196950E+08  1.338676E+06  5.457723E+33
        7.824255E+00  2.373680E+01  6.873167E+00  0.0000000000  0.000000E+00
        1.823379E+34 -9.999860E+00 -1.999885E+00 -3.053960E-01 -3.053960E-01
    23    56658.9074    8.17378642  8.167577E+08  1.430145E+06  4.898817E+33
        7.819680E+00  2.373824E+01  6.874175E+00  0.0000000000  0.000000E+00
        1.636926E+34 -9.999860E+00 -1.999885E+00 -3.053960E-01 -3.053960E-01
    24    55255.2263    8.17679120  8.139371E+08  1.528056E+06  4.400552E+33
        7.815135E+00  2.373962E+01  6.875144E+00  0.0000000000  0.000000E+00
        1.468654E+34 -9.999860E+00 -1.999885E+00 -3.053960E-01 -3.053960E-01
    25    53889.0140    8.17969767  8.112181E+08  1.633089E+06  3.954651E+33
        7.810610E+00  2.374095E+01  6.876076E+00  0.0000000000  0.000000E+00
        1.316632E+34 -9.999860E+00 -1.999885E+00 -3.053960E-01 -3.053960E-01
    26    52567.1389    8.18250393  8.086014E+08  1.745673E+06  3.557610E+33
        7.806109E+00  2.374223E+01  6.876973E+00  0.0000000000  0.000000E+00
        1.179560E+34 -9.999860E+00 -1.999885E+00 -3.053960E-01 -3.053960E-01
    27    51289.4681    8.18521846  8.060783E+08  1.866753E+06  3.204049E+33
        7.801619E+00  2.374347E+01  6.877841E+00  0.0000000000  0.000000E+00
        1.055722E+34 -9.999860E+00 -1.999885E+00 -3.053960E-01 -3.053960E-01
    28    50039.1340    8.18786530  8.036257E+08  1.997335E+06  2.885219E+33
        7.797126E+00  2.374467E+01  6.878683E+00  0.0000000000  0.000000E+00
        9.437198E+33 -9.999860E+00 -1.999885E+00 -3.053960E-01 -3.053960E-01
    29    48826.5499    8.19041731  8.012680E+08  2.137249E+06  2.600230E+33
        7.792657E+00  2.374582E+01  6.879495E+00  0.0000000000  0.000000E+00
        8.431703E+33 -9.999860E+00 -1.999885E+00 -3.053960E-01 -3.053960E-01
    30    47647.7206    8.19287618  7.990029E+08  2.287533E+06  2.344754E+33
        7.788199E+00  2.374694E+01  6.880280E+00  0.0000000000  0.000000E+00
        7.527529E+33 -9.999860E+00 -1.999885E+00 -3.053960E-01 -3.053960E-01
    31    46507.3097    8.19524063  7.968308E+08  2.449119E+06  2.116650E+33
        7.783742E+00  2.374802E+01  6.881041E+00  0.0000000000  0.000000E+00
        6.714416E+33 -9.999860E+00 -1.999885E+00 -3.053960E-01 -3.053960E-01
    32    45401.8267    8.19751846  7.947439E+08  2.623536E+06  1.912404E+33
        7.779266E+00  2.374907E+01  6.881781E+00  0.0000000000  0.000000E+00
        5.981456E+33 -9.999860E+00 -1.999885E+00 -3.053960E-01 -3.053960E-01
    33    44329.6937    8.19971026  7.927410E+08  2.812124E+06  1.729313E+33
        7.774758E+00  2.375009E+01  6.882500E+00  0.0000000000  0.000000E+00
        5.320852E+33 -9.999860E+00 -1.999885E+00 -3.053960E-01 -3.053960E-01
    34    43294.2893    8.20181981  7.908180E+08  3.016378E+06  1.565696E+33
        7.770204E+00  2.375108E+01  6.883199E+00  0.0000000000  0.000000E+00
        4.725660E+33 -9.999860E+00 -1.999885E+00 -3.053960E-01 -3.053960E-01
    35    42288.6749    8.20385172  7.889702E+08  3.238435E+06  1.418566E+33
        7.765583E+00  2.375205E+01  6.883881E+00  0.0000000000  0.000000E+00
        4.188698E+33 -9.999860E+00 -1.999885E+00 -3.053960E-01 -3.053960E-01
    36    41320.0112    8.20580620  7.871968E+08  3.479891E+06  1.287183E+33
        7.760885E+00  2.375299E+01  6.884547E+00  0.0000000000  0.000000E+00
        3.705391E+33 -9.999860E+00 -1.999885E+00 -3.053960E-01 -3.053960E-01
    37    40381.2683    8.20769026  7.854912E+08  3.743742E+06  1.169054E+33
        7.756079E+00  2.375390E+01  6.885198E+00  0.0000000000  0.000000E+00
        3.269577E+33 -9.999860E+00 -1.999885E+00 -3.053960E-01 -3.053960E-01
    38    39470.8925    8.20949943  7.838568E+08  4.032169E+06  1.062706E+33
        7.751152E+00  2.375480E+01  6.885833E+00  0.0000000000  0.000000E+00
        2.877808E+33 -9.999860E+00 -1.999885E+00 -3.053960E-01 -3.053960E-01
    39    38598.1152    8.21123511  7.822920E+08  4.347825E+06  9.679082E+32
        7.746087E+00  2.375567E+01  6.886453E+00  0.0000000000  0.000000E+00
        2.526496E+33 -9.999860E+00 -1.999885E+00 -3.053960E-01 -3.053960E-01
    40    37748.7700    8.21290700  7.807877E+08  4.695774E+06  8.820823E+32
        7.740835E+00  2.375652E+01  6.887062E+00  0.0000000000  0.000000E+00
        2.210595E+33 -9.999860E+00 -1.999885E+00 -3.053960E-01 -3.053960E-01
    41    36938.2476    8.21450944  7.793485E+08  5.078407E+06  8.057505E+32
        7.735396E+00  2.375736E+01  6.887657E+00  0.0000000000  0.000000E+00
        1.928424E+33 -9.999860E+00 -1.999885E+00 -3.053960E-01 -3.053960E-01
    42    36149.2694    8.21605621  7.779619E+08  5.503146E+06  7.364559E+32
        7.729703E+00  2.375818E+01  6.888245E+00  0.0000000000  0.000000E+00
        1.675327E+33 -9.999860E+00 -1.999885E+00 -3.053960E-01 -3.053960E-01
    43    35399.8429    8.21753930  7.766347E+08  5.972898E+06  6.749489E+32
        7.723760E+00  2.375899E+01  6.888821E+00  0.0000000000  0.000000E+00
        1.450263E+33 -9.999860E+00 -1.999885E+00 -3.053960E-01 -3.053960E-01
    44    34670.2285    8.21897445  7.753525E+08  6.498174E+06  6.189524E+32
        7.717487E+00  2.375978E+01  6.889392E+00  0.0000000000  0.000000E+00
        1.249148E+33 -9.999860E+00 -1.999885E+00 -3.053960E-01 -3.053960E-01
    45    33973.9746    8.22034830  7.741271E+08  7.082473E+06  5.689080E+32
        7.710897E+00  2.376056E+01  6.889952E+00  0.0000000000  0.000000E+00
        1.071397E+33 -9.999860E+00 -1.999885E+00 -3.053960E-01 -3.053960E-01
    46    33312.3431    8.22166776  7.729521E+08  7.737549E+06  5.242734E+32
        7.703921E+00  2.376132E+01  6.890500E+00  0.0000000000  0.000000E+00
        9.140707E+32 -9.999860E+00 -1.999885E+00 -3.053960E-01 -3.053960E-01
    47    32668.4265    8.22294222  7.718188E+08  8.476315E+06  4.834767E+32
        7.696503E+00  2.376206E+01  6.891039E+00  0.0000000000  0.000000E+00
        7.750945E+32 -9.999860E+00 -1.999885E+00 -3.053960E-01 -3.053960E-01
    48    32056.5362    8.22415994  7.707375E+08  9.303379E+06  4.470039E+32
        7.688684E+00  2.376279E+01  6.891567E+00  0.0000000000  0.000000E+00
        6.540390E+32 -9.999860E+00 -1.999885E+00 -3.053960E-01 -3.053960E-01
    49    31471.5616    8.22533333  7.696970E+08  1.023675E+07  4.141376E+32
        7.680396E+00  2.376351E+01  6.892089E+00  0.0000000000  0.000000E+00
        5.484958E+32 -9.999860E+00 -1.999885E+00 -3.053960E-01 -3.053960E-01
    50    30911.8743    8.22646678  7.686932E+08  1.129107E+07  3.844496E+32
        7.671625E+00  2.376422E+01  6.892606E+00  0.0000000000  0.000000E+00
        4.570742E+32 -9.999860E+00 -1.999885E+00 -3.053960E-01 -3.053960E-01
    51    30376.0574    8.22756426  7.677226E+08  1.248181E+07  3.575742E+32
        7.662371E+00  2.376492E+01  6.893119E+00  0.0000000000  0.000000E+00
        3.784577E+32 -9.999860E+00 -1.999885E+00 -3.053960E-01 -3.053960E-01
    52    29862.0140    8.22863012  7.667811E+08  1.382535E+07  3.331587E+32
        7.652643E+00  2.376562E+01  6.893632E+00  0.0000000000  0.000000E+00
        3.113596E+32 -9.999860E+00 -1.999885E+00 -3.053960E-01 -3.053960E-01
    53    29367.9674    8.22966927  7.658643E+08  1.533801E+07  3.109075E+32
        7.642464E+00  2.376633E+01  6.894147E+00  0.0000000000  0.000000E+00
        2.545548E+32 -9.999860E+00 -1.999885E+00 -3.053960E-01 -3.053960E-01
    54    28888.0913    8.23068739  7.649671E+08  1.703609E+07  2.903975E+32
        7.631866E+00  2.376704E+01  6.894668E+00  0.0000000000  0.000000E+00
        2.068531E+32 -9.999860E+00 -1.999885E+00 -3.053960E-01 -3.053960E-01
    55    28426.3592    8.23168021  7.640932E+08  1.892940E+07  2.716499E+32
        7.620917E+00  2.376775E+01  6.895189E+00  0.0000000000  0.000000E+00
        1.672078E+32 -9.999860E+00 -1.999885E+00 -3.053960E-01 -3.053960E-01
    56    27978.3466    8.23265124  7.632395E+08  2.103804E+07  2.543559E+32
        7.609623E+00  2.376845E+01  6.895707E+00  0.0000000000  0.000000E+00
        1.343906E+32 -9.999860E+00 -1.999885E+00 -3.053960E-01 -3.053960E-01
    57    27540.7411    8.23360089  7.624055E+08  2.337146E+07  2.382904E+32
        7.598048E+00  2.376914E+01  6.896215E+00  0.0000000000  0.000000E+00
        1.074613E+32 -9.999860E+00 -1.999885E+00 -3.053960E-01 -3.053960E-01
    58    27114.9227    8.23452642  7.615935E+08  2.593363E+07  2.234148E+32
        7.586265E+00  2.376982E+01  6.896710E+00  0.0000000000  0.000000E+00
        8.555609E+31 -9.999860E+00 -1.999885E+00 -3.053960E-01 -3.053960E-01
    59    26698.2430    8.23543083  7.608009E+08  2.873476E+07  2.095583E+32
        7.574299E+00  2.377047E+01  6.897193E+00  0.0000000000  0.000000E+00
        6.782166E+31 -9.999860E+00 -1.999885E+00 -3.053960E-01 -3.053960E-01
    60    26288.7442    8.23631563  7.600263E+08  3.177645E+07  1.965933E+32
        7.562201E+00  2.377111E+01  6.897664E+00  0.0000000000  0.000000E+00
        5.356183E+31 -9.999860E+00 -1.999885E+00 -3.053960E-01 -3.053960E-01
    61    25887.4925    8.23718031  7.592701E+08  3.505607E+07  1.844950E+32
        7.550020E+00  2.377174E+01  6.898122E+00  0.0000000000  0.000000E+00
        4.216968E+31 -9.999860E+00 -1.999885E+00 -3.053960E-01 -3.053960E-01
    62    25492.7743    8.23802800  7.585294E+08  3.857722E+07  1.731591E+32
        7.537771E+00  2.377234E+01  6.898572E+00  0.0000000000  0.000000E+00
        3.310120E+31 -9.999860E+00 -1.999885E+00 -3.053960E-01 -3.053960E-01
    63    25103.6025    8.23885882  7.578042E+08  4.233631E+07  1.625138E+32
        7.525485E+00  2.377294E+01  6.899009E+00  0.0000000000  0.000000E+00
        2.591850E+31 -9.999860E+00 -1.999885E+00 -3.053960E-01 -3.053960E-01
    64    24720.0163    8.23967253  7.570947E+08  4.632749E+07  1.525202E+32
        7.513194E+00  2.377351E+01  6.899433E+00  0.0000000000  0.000000E+00
        2.025552E+31 -9.999860E+00 -1.999885E+00 -3.053960E-01 -3.053960E-01
    65    24341.8843    8.24046903  7.564007E+08  5.054734E+07  1.431372E+32
        7.500914E+00  2.377407E+01  6.899844E+00  0.0000000000  0.000000E+00
        1.580490E+31 -9.999860E+00 -1.999885E+00 -3.053960E-01 -3.053960E-01
    66    23969.1802    8.24124835  7.557224E+08  5.499279E+07  1.343288E+32
        7.488657E+00  2.377461E+01  6.900243E+00  0.0000000000  0.000000E+00
        1.231630E+31 -9.999860E+00 -1.999885E+00 -3.053960E-01 -3.053960E-01
    67    23601.9365    8.24201132  7.550588E+08  5.966141E+07  1.260620E+32
        7.476432E+00  2.377513E+01  6.900632E+00  0.0000000000  0.000000E+00
        9.587910E+30 -9.999860E+00 -1.999885E+00 -3.053960E-01 -3.053960E-01
    68    23240.1349    8.24275848  7.544096E+08  6.455174E+07  1.183044E+32
        7.464243E+00  2.377565E+01  6.901012E+00  0.0000000000  0.000000E+00
        7.458005E+30 -9.999860E+00 -1.999885E+00 -3.053960E-01 -3.053960E-01
    69    22883.7905    8.24349028  7.537743E+08  6.966285E+07  1.110264E+32
        7.452094E+00  2.377615E+01  6.901385E+00  0.0000000000  0.000000E+00
        5.798017E+30 -9.999860E+00 -1.999885E+00 -3.053960E-01 -3.053960E-01
    70    22532.8932    8.24420715  7.531524E+08  7.499502E+07  1.041995E+32
        7.439990E+00  2.377665E+01  6.901754E+00  0.0000000000  0.000000E+00
        4.505877E+30 -9.999860E+00 -1.999885E+00 -3.053960E-01 -3.053960E-01
    71    22187.3912    8.24490872  7.525443E+08  8.054950E+07  9.779601E+31
        7.427931E+00  2.377714E+01  6.902116E+00  0.0000000000  0.000000E+00
        3.500988E+30 -9.999860E+00 -1.999885E+00 -3.053960E-01 -3.053960E-01
    72    21847.2725    8.24559461  7.519503E+08  8.632753E+07  9.179080E+31
        7.415917E+00  2.377761E+01  6.902469E+00  0.0000000000  0.000000E+00
        2.720131E+30 -9.999860E+00 -1.999885E+00 -3.053960E-01 -3.053960E-01
    73    21512.6527    8.24626390  7.513711E+08  9.233105E+07  8.616221E+31
        7.403948E+00  2.377807E+01  6.902810E+00  0.0000000000  0.000000E+00
        2.113705E+30 -9.999860E+00 -1.999885E+00 -3.053960E-01 -3.053960E-01
    74    21183.2445    8.24691518  7.508079E+08  9.856305E+07  8.088344E+31
        7.392022E+00  2.377851E+01  6.903137E+00  0.0000000000  0.000000E+00
        1.642922E+30 -9.999860E+00 -1.999885E+00 -3.053960E-01 -3.053960E-01
    75    20859.0530    8.24754921  7.502601E+08  1.050248E+08  7.593360E+31
        7.380142E+00  2.377894E+01  6.903451E+00  0.0000000000  0.000000E+00
        1.277710E+30 -9.999860E+00 -1.999885E+00 -3.053960E-01 -3.053960E-01
    76    20540.2144    8.24816867  7.497252E+08  1.117206E+08  7.129451E+31
        7.368313E+00  2.377935E+01  6.903760E+00  0.0000000000  0.000000E+00
        9.944424E+29 -9.999860E+00 -1.999885E+00 -3.053960E-01 -3.053960E-01
    77    20226.5041    8.24877332  7.492035E+08  1.186591E+08  6.694449E+31
        7.356530E+00  2.377977E+01  6.904065E+00  0.0000000000  0.000000E+00
        7.745880E+29 -9.999860E+00 -1.999885E+00 -3.053960E-01 -3.053960E-01
    78    19917.7797    8.24936215  7.486957E+08  1.258458E+08  6.286464E+31
        7.344790E+00  2.378017E+01  6.904363E+00  0.0000000000  0.000000E+00
        6.039038E+29 -9.999860E+00 -1.999885E+00 -3.053960E-01 -3.053960E-01
    79    19614.1233    8.24993470  7.482024E+08  1.332854E+08  5.903992E+31
        7.333094E+00  2.378056E+01  6.904652E+00  0.0000000000  0.000000E+00
        4.713538E+29 -9.999860E+00 -1.999885E+00 -3.053960E-01 -3.053960E-01
    80    19315.5469    8.25049180  7.477227E+08  1.409840E+08  5.545505E+31
        7.321442E+00  2.378093E+01  6.904928E+00  0.0000000000  0.000000E+00
        3.683561E+29 -9.999860E+00 -1.999885E+00 -3.053960E-01 -3.053960E-01
    81    19022.1777    8.25103467  7.472555E+08  1.489480E+08  5.209681E+31
        7.309831E+00  2.378129E+01  6.905190E+00  0.0000000000  0.000000E+00
        2.882611E+29 -9.999860E+00 -1.999885E+00 -3.053960E-01 -3.053960E-01
    82    18734.3910    8.25156437  7.467999E+08  1.571852E+08  4.895520E+31
        7.298259E+00  2.378162E+01  6.905437E+00  0.0000000000  0.000000E+00
        2.259071E+29 -9.999860E+00 -1.999885E+00 -3.053960E-01 -3.053960E-01
    83    18452.3037    8.25208428  7.463530E+08  1.657065E+08  4.601749E+31
        7.286726E+00  2.378194E+01  6.905672E+00  0.0000000000  0.000000E+00
        1.772982E+29 -9.999860E+00 -1.999885E+00 -3.053960E-01 -3.053960E-01
    84    18175.6189    8.25259695  7.459126E+08  1.745236E+08  4.326779E+31
        7.275225E+00  2.378224E+01  6.905898E+00  0.0000000000  0.000000E+00
        1.393523E+29 -9.999860E+00 -1.999885E+00 -3.053960E-01 -3.053960E-01
    85    17904.4309    8.25310394  7.454774E+08  1.836442E+08  4.069518E+31
        7.263760E+00  2.378254E+01  6.906117E+00  0.0000000000  0.000000E+00
        1.096992E+29 -9.999860E+00 -1.999885E+00 -3.053960E-01 -3.053960E-01
    86    17638.2681    8.25360631  7.450463E+08  1.930785E+08  3.828444E+31
        7.252327E+00  2.378282E+01  6.906330E+00  0.0000000000  0.000000E+00
        8.649861E+28 -9.999860E+00 -1.999885E+00 -3.053960E-01 -3.053960E-01
    87    17377.1544    8.25410361  7.446199E+08  2.028311E+08  3.602599E+31
        7.240932E+00  2.378311E+01  6.906538E+00  0.0000000000  0.000000E+00
        6.833283E+28 -9.999860E+00 -1.999885E+00 -3.053960E-01 -3.053960E-01
    88    17120.7106    8.25459502  7.441987E+08  2.129093E+08  3.390760E+31
        7.229575E+00  2.378338E+01  6.906742E+00  0.0000000000  0.000000E+00
        5.409391E+28 -9.999860E+00 -1.999885E+00 -3.053960E-01 -3.053960E-01
    89    16868.7118    8.25507697  7.437859E+08  2.233169E+08  3.191946E+31
        7.218260E+00  2.378365E+01  6.906938E+00  0.0000000000  0.000000E+00
        4.292226E+28 -9.999860E+00 -1.999885E+00 -3.053960E-01 -3.053960E-01
    90    16620.8948    8.25554628  7.433842E+08  2.340562E+08  3.005220E+31
        7.206993E+00  2.378390E+01  6.907123E+00  0.0000000000  0.000000E+00
        3.414791E+28 -9.999860E+00 -1.999885E+00 -3.053960E-01 -3.053960E-01
    91    16377.5256    8.25600400  7.429925E+08  2.451284E+08  2.830049E+31
        7.195783E+00  2.378413E+01  6.907299E+00  0.0000000000  0.000000E+00
        2.724779E+28 -9.999860E+00 -1.999885E+00 -3.053960E-01 -3.053960E-01
    92    16138.6950    8.25645231  7.426091E+08  2.565446E+08  2.665792E+31
        7.184631E+00  2.378436E+01  6.907469E+00  0.0000000000  0.000000E+00
        2.180804E+28 -9.999860E+00 -1.999885E+00 -3.053960E-01 -3.053960E-01
    93    15904.3815    8.25689293  7.422325E+08  2.683167E+08  2.511765E+31
        7.173533E+00  2.378458E+01  6.907634E+00  0.0000000000  0.000000E+00
        1.750818E+28 -9.999860E+00 -1.999885E+00 -3.053960E-01 -3.053960E-01
    94    15674.5407    8.25732709  7.418616E+08  2.804543E+08  2.367321E+31
        7.162491E+00  2.378479E+01  6.907797E+00  0.0000000000  0.000000E+00
        1.410076E+28 -9.999860E+00 -1.999885E+00 -3.053960E-01 -3.053960E-01
    95    15449.1416    8.25775598  7.414954E+08  2.929646E+08  2.231857E+31
        7.151507E+00  2.378501E+01  6.907961E+00  0.0000000000  0.000000E+00
        1.139395E+28 -9.999860E+00 -1.999885E+00 -3.053960E-01 -3.053960E-01
    96    15228.1411    8.25817948  7.411339E+08  3.058536E+08  2.104810E+31
        7.140581E+00  2.378524E+01  6.908126E+00  0.0000000000  0.000000E+00
        9.238202E+27 -9.999860E+00 -1.999885E+00 -3.053960E-01 -3.053960E-01
    97    15011.4739    8.25859560  7.407790E+08  3.191257E+08  1.985650E+31
        7.129718E+00  2.378546E+01  6.908288E+00  0.0000000000  0.000000E+00
        7.516693E+27 -9.999860E+00 -1.999885E+00 -3.053960E-01 -3.053960E-01
    98    14799.1234    8.25900277  7.404318E+08  3.327827E+08  1.873899E+31
        7.118921E+00  2.378567E+01  6.908444E+00  0.0000000000  0.000000E+00
        6.138233E+27 -9.999860E+00 -1.999885E+00 -3.053960E-01 -3.053960E-01
    99    14591.0966    8.25939999  7.400933E+08  3.468261E+08  1.769117E+31
        7.108197E+00  2.378588E+01  6.908594E+00  0.0000000000  0.000000E+00
        5.031271E+27 -9.999860E+00 -1.999885E+00 -3.053960E-01 -3.053960E-01
   100    14387.3762    8.25978646  7.397640E+08  3.612567E+08  1.670878E+31
        7.097547E+00  2.378609E+01  6.908739E+00  0.0000000000  0.000000E+00
        4.139595E+27 -9.999860E+00 -1.999885E+00 -3.053960E-01 -3.053960E-01
   101    14187.9671    8.26016155  7.394446E+08  3.760738E+08  1.578789E+31
        7.086978E+00  2.378628E+01  6.908878E+00  0.0000000000  0.000000E+00
        3.419036E+27 -9.999860E+00 -1.999885E+00 -3.053960E-01 -3.053960E-01
   102    13992.8849    8.26052492  7.391354E+08  3.912744E+08  1.492482E+31
        7.076492E+00  2.378647E+01  6.909011E+00  0.0000000000  0.000000E+00
        2.834868E+27 -9.999860E+00 -1.999885E+00 -3.053960E-01 -3.053960E-01
   103    13802.2044    8.26087681  7.388360E+08  4.068494E+08  1.411633E+31
        7.066099E+00  2.378664E+01  6.909139E+00  0.0000000000  0.000000E+00
        2.359831E+27 -9.999860E+00 -1.999885E+00 -3.053960E-01 -3.053960E-01
   104    13616.1402    8.26121941  7.385446E+08  4.227774E+08  1.335985E+31
        7.055816E+00  2.378682E+01  6.909267E+00  0.0000000000  0.000000E+00
        1.972600E+27 -9.999860E+00 -1.999885E+00 -3.053960E-01 -3.053960E-01
   105    13435.1292    8.26155462  7.382597E+08  4.390108E+08  1.265370E+31
        7.045673E+00  2.378699E+01  6.909397E+00  0.0000000000  0.000000E+00
        1.656511E+27 -9.999860E+00 -1.999885E+00 -3.053960E-01 -3.053960E-01
   106    13260.1444    8.26188054  7.379827E+08  4.554346E+08  1.199823E+31
        7.035736E+00  2.378717E+01  6.909528E+00  0.0000000000  0.000000E+00
        1.398824E+27 -9.999860E+00 -1.999885E+00 -3.053960E-01 -3.053960E-01
   107    13093.5915    8.26219307  7.377172E+08  4.717684E+08  1.139848E+31
        7.026155E+00  2.378734E+01  6.909654E+00  0.0000000000  0.000000E+00
        1.190580E+27 -9.999860E+00 -1.999885E+00 -3.053960E-01 -3.053960E-01
   108    12941.0782    8.26248272  7.374712E+08  4.873492E+08  1.086936E+31
        7.017272E+00  2.378750E+01  6.909770E+00  0.0000000000  0.000000E+00
        1.026942E+27 -9.999860E+00 -1.999885E+00 -3.053960E-01 -3.053960E-01
   109    12808.5087    8.26273919  7.372535E+08  5.013927E+08  1.042461E+31
        7.009465E+00  2.378763E+01  6.909870E+00  0.0000000000  0.000000E+00
        9.028765E+26 -9.999860E+00 -1.999885E+00 -3.053960E-01 -3.053960E-01
   110    12696.3437    8.26296077  7.370655E+08  5.136506E+08  1.005909E+31
        7.002794E+00  2.378774E+01  6.909952E+00  0.0000000000  0.000000E+00
        8.095272E+26 -9.999860E+00 -1.999885E+00 -3.053960E-01 -3.053960E-01
   111    12598.4100    8.26315703  7.368989E+08  5.246473E+08  9.747894E+30
        6.996921E+00  2.378784E+01  6.910023E+00  0.0000000000  0.000000E+00
        7.358386E+26 -9.999860E+00 -1.999885E+00 -3.053960E-01 -3.053960E-01
   112    12508.0209    8.26333994  7.367438E+08  5.350522E+08  9.467152E+30
        6.991460E+00  2.378792E+01  6.910086E+00  0.0000000000  0.000000E+00
        6.737069E+26 -9.999860E+00 -1.999885E+00 -3.053960E-01 -3.053960E-01
   113    12422.5708    8.26351379  7.365963E+08  5.451216E+08  9.207400E+30
        6.986262E+00  2.378800E+01  6.910143E+00  0.0000000000  0.000000E+00
        6.197311E+26 -9.999860E+00 -1.999885E+00 -3.053960E-01 -3.053960E-01
   114    12340.2826    8.26368165  7.364540E+08  5.550397E+08  8.962386E+30
        6.981223E+00  2.378807E+01  6.910195E+00  0.0000000000  0.000000E+00
        5.717809E+26 -9.999860E+00 -1.999885E+00 -3.053960E-01 -3.053960E-01
   115    12260.2590    8.26384505  7.363155E+08  5.648981E+08  8.728878E+30
        6.976291E+00  2.378813E+01  6.910242E+00  0.0000000000  0.000000E+00
        5.286554E+26 -9.999860E+00 -1.999885E+00 -3.053960E-01 -3.053960E-01
   116    12182.3282    8.26400421  7.361805E+08  5.747078E+08  8.505931E+30
        6.971459E+00  2.378819E+01  6.910285E+00  0.0000000000  0.000000E+00
        4.897311E+26 -9.999860E+00 -1.999885E+00 -3.053960E-01 -3.053960E-01
   117    12105.6979    8.26416018  7.360484E+08  5.845598E+08  8.290945E+30
        6.966678E+00  2.378824E+01  6.910325E+00  0.0000000000  0.000000E+00
        4.542067E+26 -9.999860E+00 -1.999885E+00 -3.053960E-01 -3.053960E-01
   118    12029.1748    8.26431550  7.359168E+08  5.946099E+08  8.080397E+30
        6.961876E+00  2.378829E+01  6.910362E+00  0.0000000000  0.000000E+00
        4.212551E+26 -9.999860E+00 -1.999885E+00 -3.053960E-01 -3.053960E-01
   119    11952.6743    8.26447108  7.357850E+08  6.048760E+08  7.873977E+30
        6.957046E+00  2.378834E+01  6.910398E+00  0.0000000000  0.000000E+00
        3.906525E+26 -9.999860E+00 -1.999885E+00 -3.053960E-01 -3.053960E-01
   120    11877.0569    8.26462581  7.356539E+08  6.152437E+08  7.673870E+30
        6.952243E+00  2.378838E+01  6.910432E+00  0.0000000000  0.000000E+00
        3.625424E+26 -9.999860E+00 -1.999885E+00 -3.053960E-01 -3.053960E-01
   121    11802.8025    8.26477847  7.355246E+08  6.256438E+08  7.481126E+30
        6.947499E+00  2.378842E+01  6.910464E+00  0.0000000000  0.000000E+00
        3.368614E+26 -9.999860E+00 -1.999885E+00 -3.053960E-01 -3.053960E-01
   122    11729.1772    8.26492976  7.353965E+08  6.361769E+08  7.293656E+30
        6.942766E+00  2.378846E+01  6.910496E+00  0.0000000000  0.000000E+00
        3.131507E+26 -9.999860E+00 -1.999885E+00 -3.053960E-01 -3.053960E-01
   123    11654.8716    8.26508179  7.352678E+08  6.470384E+08  7.108092E+30
        6.937961E+00  2.378850E+01  6.910528E+00  0.0000000000  0.000000E+00
        2.908706E+26 -9.999860E+00 -1.999885E+00 -3.053960E-01 -3.053960E-01
   124    11579.0145    8.26523635  7.351370E+08  6.583743E+08  6.922372E+30
        6.933027E+00  2.378855E+01  6.910560E+00  0.0000000000  0.000000E+00
        2.697153E+26 -9.999860E+00 -1.999885E+00 -3.053960E-01 -3.053960E-01
   125    11501.5367    8.26539410  7.350035E+08  6.702194E+08  6.736499E+30
        6.927955E+00  2.378859E+01  6.910594E+00  0.0000000000  0.000000E+00
        2.496494E+26 -9.999860E+00 -1.999885E+00 -3.053960E-01 -3.053960E-01
   126    11422.8737    8.26555480  7.348675E+08  6.825289E+08  6.551663E+30
        6.922773E+00  2.378864E+01  6.910629E+00  0.0000000000  0.000000E+00
        2.307582E+26 -9.999860E+00 -1.999885E+00 -3.053960E-01 -3.053960E-01
   127    11343.6317    8.26571800  7.347294E+08  6.952283E+08  6.369353E+30
        6.917517E+00  2.378869E+01  6.910667E+00  0.0000000000  0.000000E+00
        2.131260E+26 -9.999860E+00 -1.999885E+00 -3.053960E-01 -3.053960E-01
   128    11264.3208    8.26588320  7.345897E+08  7.082471E+08  6.190728E+30
        6.912222E+00  2.378874E+01  6.910706E+00  0.0000000000  0.000000E+00
        1.967820E+26 -9.999860E+00 -1.999885E+00 -3.053960E-01 -3.053960E-01
   129    11185.2821    8.26605095  7.344479E+08  7.215406E+08  6.016469E+30
        6.906909E+00  2.378880E+01  6.910749E+00  0.0000000000  0.000000E+00
        1.816943E+26 -9.999860E+00 -1.999885E+00 -3.053960E-01 -3.053960E-01
   130    11107.3586    8.26621814  7.343065E+08  7.349641E+08  5.848303E+30
        6.901636E+00  2.378886E+01  6.910793E+00  0.0000000000  0.000000E+00
        1.679116E+26 -9.999860E+00 -1.999885E+00 -3.053960E-01 -3.053960E-01
   131    11029.3601    8.26638725  7.341635E+08  7.487291E+08  5.683540E+30
        6.896323E+00  2.378892E+01  6.910841E+00  0.0000000000  0.000000E+00
        1.551220E+26 -9.999860E+00 -1.999885E+00 -3.053960E-01 -3.053960E-01
   132    10951.3752    8.26655754  7.340196E+08  7.628283E+08  5.522325E+30
        6.890974E+00  2.378899E+01  6.910890E+00  0.0000000000  0.000000E+00
        1.432706E+26 -9.999860E+00 -1.999885E+00 -3.053960E-01 -3.053960E-01
   133    10873.2247    8.26672883  7.338749E+08  7.773040E+08  5.364256E+30
        6.885579E+00  2.378906E+01  6.910941E+00  0.0000000000  0.000000E+00
        1.322670E+26 -9.999860E+00 -1.999885E+00 -3.053960E-01 -3.053960E-01
   134    10794.5913    8.26690161  7.337289E+08  7.922324E+08  5.208685E+30
        6.880114E+00  2.378913E+01  6.910993E+00  0.0000000000  0.000000E+00
        1.220125E+26 -9.999860E+00 -1.999885E+00 -3.053960E-01 -3.053960E-01
   135    10715.4127    8.26707515  7.335823E+08  8.076419E+08  5.055514E+30
        6.874574E+00  2.378920E+01  6.911047E+00  0.0000000000  0.000000E+00
        1.124568E+26 -9.999860E+00 -1.999885E+00 -3.053960E-01 -3.053960E-01
   136    10635.2324    8.26725030  7.334344E+08  8.236466E+08  4.903910E+30
        6.868925E+00  2.378928E+01  6.911102E+00  0.0000000000  0.000000E+00
        1.035092E+26 -9.999860E+00 -1.999885E+00 -3.053960E-01 -3.053960E-01
   137    10554.1637    8.26742620  7.332859E+08  8.402508E+08  4.754162E+30
        6.863174E+00  2.378936E+01  6.911158E+00  0.0000000000  0.000000E+00
        9.515343E+25 -9.999860E+00 -1.999885E+00 -3.053960E-01 -3.053960E-01
   138    10471.9604    8.26760330  7.331364E+08  8.575356E+08  4.605890E+30
        6.857300E+00  2.378943E+01  6.911214E+00  0.0000000000  0.000000E+00
        8.733706E+25 -9.999860E+00 -1.999885E+00 -3.053960E-01 -3.053960E-01
   139    10388.8273    8.26778066  7.329867E+08  8.754906E+08  4.459543E+30
        6.851316E+00  2.378951E+01  6.911270E+00  0.0000000000  0.000000E+00
        8.005338E+25 -9.999860E+00 -1.999885E+00 -3.053960E-01 -3.053960E-01
   140    10304.6375    8.26795841  7.328367E+08  8.941774E+08  4.314966E+30
        6.845210E+00  2.378959E+01  6.911326E+00  0.0000000000  0.000000E+00
        7.326479E+25 -9.999860E+00 -1.999885E+00 -3.053960E-01 -3.053960E-01
   141    10219.6209    8.26813599  7.326869E+08  9.135792E+08  4.172612E+30
        6.838997E+00  2.378966E+01  6.911381E+00  0.0000000000  0.000000E+00
        6.696317E+25 -9.999860E+00 -1.999885E+00 -3.053960E-01 -3.053960E-01
   142    10134.0208    8.26831257  7.325380E+08  9.336729E+08  4.032919E+30
        6.832692E+00  2.378974E+01  6.911433E+00  0.0000000000  0.000000E+00
        6.113624E+25 -9.999860E+00 -1.999885E+00 -3.053960E-01 -3.053960E-01
   143    10048.0005    8.26848829  7.323898E+08  9.544517E+08  3.896146E+30
        6.826305E+00  2.378980E+01  6.911483E+00  0.0000000000  0.000000E+00
        5.576264E+25 -9.999860E+00 -1.999885E+00 -3.053960E-01 -3.053960E-01
   144     9961.9857    8.26866602  7.322400E+08  9.758456E+08  3.762899E+30
        6.819863E+00  2.378987E+01  6.911531E+00  0.0000000000  0.000000E+00
        5.083301E+25 -9.999860E+00 -1.999885E+00 -3.053960E-01 -3.053960E-01
   145     9877.4084    8.26884463  7.320894E+08  9.975121E+08  3.635233E+30
        6.813475E+00  2.378994E+01  6.911581E+00  0.0000000000  0.000000E+00
        4.638308E+25 -9.999860E+00 -1.999885E+00 -3.053960E-01 -3.053960E-01
   146     9794.2815    8.26902062  7.319411E+08  1.019436E+09  3.512971E+30
        6.807144E+00  2.379001E+01  6.911633E+00  0.0000000000  0.000000E+00
        4.236622E+25 -9.999860E+00 -1.999885E+00 -3.053960E-01 -3.053960E-01
   147     9711.2765    8.26919651  7.317929E+08  1.041974E+09  3.394014E+30
        6.800770E+00  2.379008E+01  6.911687E+00  0.0000000000  0.000000E+00
        3.868044E+25 -9.999860E+00 -1.999885E+00 -3.053960E-01 -3.053960E-01
   148     9628.4686    8.26937188  7.316452E+08  1.065126E+09  3.278399E+30
        6.794358E+00  2.379016E+01  6.911743E+00  0.0000000000  0.000000E+00
        3.530246E+25 -9.999860E+00 -1.999885E+00 -3.053960E-01 -3.053960E-01
   149     9545.9195    8.26954632  7.314982E+08  1.088890E+09  3.166136E+30
        6.787914E+00  2.379024E+01  6.911800E+00  0.0000000000  0.000000E+00
        3.220980E+25 -9.999860E+00 -1.999885E+00 -3.053960E-01 -3.053960E-01
   150     9463.6943    8.26971937  7.313525E+08  1.113266E+09  3.057231E+30
        6.781442E+00  2.379031E+01  6.911857E+00  0.0000000000  0.000000E+00
        2.938054E+25 -9.999860E+00 -1.999885E+00 -3.053960E-01 -3.053960E-01
   151     9381.8537    8.26989056  7.312084E+08  1.138246E+09  2.951678E+30
        6.774947E+00  2.379039E+01  6.911914E+00  0.0000000000  0.000000E+00
        2.679583E+25 -9.999860E+00 -1.999885E+00 -3.053960E-01 -3.053960E-01
   152     9300.4363    8.27005948  7.310662E+08  1.163836E+09  2.849435E+30
        6.768433E+00  2.379047E+01  6.911969E+00  0.0000000000  0.000000E+00
        2.443528E+25 -9.999860E+00 -1.999885E+00 -3.053960E-01 -3.053960E-01
   153     9219.5076    8.27022569  7.309263E+08  1.190028E+09  2.750490E+30
        6.761905E+00  2.379054E+01  6.912022E+00  0.0000000000  0.000000E+00
        2.228135E+25 -9.999860E+00 -1.999885E+00 -3.053960E-01 -3.053960E-01
   154     9139.1311    8.27038866  7.307892E+08  1.216808E+09  2.654825E+30
        6.755368E+00  2.379061E+01  6.912072E+00  0.0000000000  0.000000E+00
        2.031701E+25 -9.999860E+00 -1.999885E+00 -3.053960E-01 -3.053960E-01
   155     9059.3013    8.27054796  7.306552E+08  1.244190E+09  2.562334E+30
        6.748823E+00  2.379067E+01  6.912117E+00  0.0000000000  0.000000E+00
        1.852654E+25 -9.999860E+00 -1.999885E+00 -3.053960E-01 -3.053960E-01
   156     8979.9588    8.27070403  7.305239E+08  1.272206E+09  2.472853E+30
        6.742265E+00  2.379072E+01  6.912159E+00  0.0000000000  0.000000E+00
        1.689282E+25 -9.999860E+00 -1.999885E+00 -3.053960E-01 -3.053960E-01
   157     8844.8448    8.27096335  7.303058E+08  1.322206E+09  2.325961E+30
        6.730975E+00  2.379080E+01  6.912217E+00  0.0000000000  0.000000E+00
        1.441434E+25 -9.999860E+00 -1.999885E+00 -3.053960E-01 -3.053960E-01
   158     8655.5176    8.27131421  7.300109E+08  1.397206E+09  2.131390E+30
        6.714889E+00  2.379088E+01  6.912275E+00  0.0000000000  0.000000E+00
        1.150397E+25 -9.999860E+00 -1.999885E+00 -3.053960E-01 -3.053960E-01
   159     8445.0992    8.27169527  7.296907E+08  1.490526E+09  1.929873E+30
        6.699120E+00  2.379095E+01  6.912380E+00  0.0057805561 -2.517748E-03
        8.872263E+24 -9.999860E+00 -1.999885E+00 -3.053960E-01 -3.053960E-01
   160     8260.6159    8.27203256  7.294074E+08  1.593886E+09  1.765314E+30
        6.685379E+00  2.379105E+01  6.912449E+00  0.0337150811 -1.489480E-02
        7.039909E+24 -9.999860E+00 -1.999885E+00 -3.053960E-01 -3.053960E-01
   161     8071.7842    8.27238990  7.291074E+08  1.724488E+09  1.608026E+30
        6.667566E+00  2.379120E+01  6.912556E+00  0.0821591723 -3.723263E-02
        5.451194E+24 -9.999860E+00 -1.999885E+00 -3.053960E-01 -3.053960E-01
   162     7881.8640    8.27275598  7.288002E+08  1.878448E+09  1.460712E+30
        6.649101E+00  2.379139E+01  6.912688E+00  0.1393828475 -6.519000E-02
        4.160421E+24 -9.999860E+00 -1.999885E+00 -3.053960E-01 -3.053960E-01
   163     7686.2787    8.27312010  7.284947E+08  2.053042E+09  1.319925E+30
        6.629723E+00  2.379154E+01  6.912801E+00  0.2047299177 -9.948536E-02
        3.115845E+24 -9.999860E+00 -1.999885E+00 -3.053960E-01 -3.053960E-01
   164     7499.2845    8.27345797  7.282114E+08  2.238632E+09  1.195160E+30
        6.610827E+00  2.379164E+01  6.912876E+00  0.2689322012 -1.360423E-01
        2.336582E+24 -9.999860E+00 -1.999885E+00 -3.053960E-01 -3.053960E-01
   165     7309.5833    8.27380460  7.279208E+08  2.436374E+09  1.077881E+30
        6.591467E+00  2.379175E+01  6.912954E+00  0.3349406911 -1.771396E-01
        1.740472E+24 -9.999860E+00 -1.999885E+00 -3.053960E-01 -3.053960E-01
   166     7137.7098    8.27414656  7.276343E+08  2.634080E+09  9.792506E+29
        6.573545E+00  2.379189E+01  6.913056E+00  0.3949177663 -2.181856E-01
        1.319653E+24 -9.999860E+00 -1.999885E+00 -3.053960E-01 -3.053960E-01
   167     6966.8661    8.27451531  7.273255E+08  2.837968E+09  8.880541E+29
        6.555026E+00  2.379207E+01  6.913182E+00  0.4517166503 -2.609949E-01
        9.918661E+23 -9.999860E+00 -1.999885E+00 -3.053960E-01 -3.053960E-01
   168     6817.4570    8.27485369  7.270422E+08  3.029982E+09  8.136560E+29
        6.538583E+00  2.379222E+01  6.913291E+00  0.4989074194 -3.000820E-01
        7.703837E+23 -9.999860E+00 -1.999885E+00 -3.053960E-01 -3.053960E-01
   169     6678.5625    8.27519386  7.267575E+08  3.213776E+09  7.487606E+29
        6.522640E+00  2.379235E+01  6.913383E+00  0.5462755831 -3.432078E-01
        6.030445E+23 -9.999860E+00 -1.999885E+00 -3.053960E-01 -3.053960E-01
   170     6565.9131    8.27548493  7.265140E+08  3.376980E+09  6.990375E+29
        6.509013E+00  2.379244E+01  6.913447E+00  0.5829602119 -3.798225E-01
        4.887443E+23 -9.999860E+00 -1.999885E+00 -3.053960E-01 -3.053960E-01
   171     6465.4631    8.27574560  7.262960E+08  3.536670E+09  6.568373E+29
        6.496284E+00  2.379251E+01  6.913495E+00  0.6141230970 -4.135512E-01
        4.012354E+23 -9.999860E+00 -1.999885E+00 -3.053960E-01 -3.053960E-01
   172     6373.9048    8.27600171  7.260819E+08  3.701854E+09  6.200482E+29
        6.483347E+00  2.379257E+01  6.913540E+00  0.6448897608 -4.496368E-01
        3.254055E+23 -9.999860E+00 -1.999885E+00 -3.053960E-01 -3.053960E-01
   173     6282.5624    8.27628118  7.258483E+08  3.874458E+09  5.848856E+29
        6.469167E+00  2.379264E+01  6.913589E+00  0.6751306406 -4.882912E-01
        2.573881E+23 -9.999860E+00 -1.999885E+00 -3.053960E-01 -3.053960E-01
   174     6206.4844    8.27654363  7.256290E+08  4.037416E+09  5.567291E+29
        6.455399E+00  2.379271E+01  6.913634E+00  0.7047161735 -5.297603E-01
        2.042879E+23 -9.999860E+00 -1.999885E+00 -3.053960E-01 -3.053960E-01
   175     6140.9510    8.27678551  7.254270E+08  4.201916E+09  5.332881E+29
        6.442120E+00  2.379277E+01  6.913677E+00  0.7335167969 -5.743302E-01
        1.636452E+23 -9.999860E+00 -1.999885E+00 -3.053960E-01 -3.053960E-01
   176     6077.0448    8.27702946  7.252232E+08  4.379426E+09  5.111462E+29
        6.427471E+00  2.379284E+01  6.913721E+00  0.7568242596 -6.140798E-01
        1.271694E+23 -9.999860E+00 -1.999885E+00 -3.053960E-01 -3.053960E-01
   177     6013.2657    8.27726814  7.250240E+08  4.564318E+09  4.897544E+29
        6.411831E+00  2.379290E+01  6.913763E+00  0.7838493789 -6.652435E-01
        9.763296E+22 -9.999860E+00 -1.999885E+00 -3.053960E-01 -3.053960E-01
   178     5949.2386    8.27749921  7.248311E+08  4.750790E+09  4.689766E+29
        6.395127E+00  2.379294E+01  6.913797E+00  0.8097224944 -7.206126E-01
        7.298108E+22 -9.999860E+00 -1.999885E+00 -3.053960E-01 -3.053960E-01
   179     5890.4005    8.27770840  7.246566E+08  4.931542E+09  4.504803E+29
        6.378643E+00  2.379296E+01  6.913822E+00  0.8343140431 -7.807143E-01
        5.483645E+22 -9.999860E+00 -1.999885E+00 -3.053960E-01 -3.053960E-01
   180     5836.8526    8.27790053  7.244963E+08  5.111778E+09  4.341295E+29
        6.362418E+00  2.379299E+01  6.913844E+00  0.8537345527 -8.348583E-01
        4.150986E+22 -9.999860E+00 -1.999885E+00 -3.053960E-01 -3.053960E-01
   181     5781.7782    8.27809873  7.243310E+08  5.297968E+09  4.177841E+29
        6.345156E+00  2.379302E+01  6.913873E+00  0.8721001329 -8.931299E-01
        3.080765E+22 -9.999860E+00 -1.999885E+00 -3.053960E-01 -3.053960E-01
   182     5725.5979    8.27829673  7.241659E+08  5.480508E+09  4.015980E+29
        6.327235E+00  2.379307E+01  6.913905E+00  0.8893358052 -9.559929E-01
        2.255116E+22 -9.999860E+00 -1.999885E+00 -3.053960E-01 -3.053960E-01
   183     5671.7981    8.27847129  7.240204E+08  5.653572E+09  3.865597E+29
        6.309809E+00  2.379309E+01  6.913922E+00  0.9053665913 -1.023956E+00
        1.666530E+22 -9.999860E+00 -1.999885E+00 -3.053960E-01 -3.053960E-01
   184     5615.9275    8.27864189  7.238782E+08  5.824610E+09  3.714060E+29
        6.291657E+00  2.379311E+01  6.913932E+00  0.9201175126 -1.097548E+00
        1.217424E+22 -9.999860E+00 -1.999885E+00 -3.053960E-01 -3.053960E-01
   185     5564.9187    8.27879054  7.237543E+08  5.985334E+09  3.579725E+29
        6.274563E+00  2.379313E+01  6.913944E+00  0.9309463616 -1.160813E+00
        9.050182E+21 -9.999860E+00 -1.999885E+00 -3.053960E-01 -3.053960E-01
   186     5510.0467    8.27894853  7.236227E+08  6.147780E+09  3.439359E+29
        6.256389E+00  2.379316E+01  6.913967E+00  0.9432045807 -1.245687E+00
        6.610950E+21 -9.999860E+00 -1.999885E+00 -3.053960E-01 -3.053960E-01
   187     5458.2695    8.27909287  7.235025E+08  6.298424E+09  3.310792E+29
        6.239079E+00  2.379320E+01  6.913994E+00  0.9498492048 -1.299722E+00
        4.913514E+21 -9.999860E+00 -1.999885E+00 -3.053960E-01 -3.053960E-01
   188     5405.3295    8.27923222  7.233864E+08  6.445272E+09  3.183181E+29
        6.221740E+00  2.379323E+01  6.914019E+00  0.9578464211 -1.375166E+00
        3.646944E+21 -9.999860E+00 -1.999885E+00 -3.053960E-01 -3.053960E-01
   189     5351.7656    8.27936230  7.232781E+08  6.587246E+09  3.057954E+29
        6.204512E+00  2.379327E+01  6.914042E+00  0.9648229820 -1.453741E+00
        2.727776E+21 -9.999860E+00 -1.999885E+00 -3.053960E-01 -3.053960E-01
   190     5298.2107    8.27948099  7.231792E+08  6.724686E+09  2.936573E+29
        6.187354E+00  2.379330E+01  6.914063E+00  0.9707435740 -1.533779E+00
        2.037630E+21 -9.999860E+00 -1.999885E+00 -3.053960E-01 -3.053960E-01
   191     5245.5327    8.27958785  7.230903E+08  6.857384E+09  2.820820E+29
        6.170345E+00  2.379333E+01  6.914083E+00  0.9756723091 -1.613899E+00
        1.525847E+21 -9.999860E+00 -1.999885E+00 -3.053960E-01 -3.053960E-01
   192     5193.5373    8.27968821  7.230067E+08  6.985866E+09  2.710003E+29
        6.153413E+00  2.379337E+01  6.914111E+00  0.9797707155 -1.694019E+00
        1.149116E+21 -9.999860E+00 -1.999885E+00 -3.053960E-01 -3.053960E-01
   193     5141.7658    8.27978327  7.229276E+08  7.109836E+09  2.602980E+29
        6.136630E+00  2.379341E+01  6.914143E+00  0.9831786762 -1.774140E+00
        8.675440E+20 -9.999860E+00 -1.999885E+00 -3.053960E-01 -3.053960E-01
   194     5089.5540    8.27987310  7.228528E+08  7.229872E+09  2.498335E+29
        6.119954E+00  2.379345E+01  6.914173E+00  0.9853522836 -1.834230E+00
        6.562688E+20 -9.999860E+00 -1.999885E+00 -3.053960E-01 -3.053960E-01
   195     5034.8563    8.27996107  7.227796E+08  7.346242E+09  2.392170E+29
        6.103205E+00  2.379348E+01  6.914197E+00  0.9872450227 -1.894320E+00
        4.961593E+20 -9.999860E+00 -1.999885E+00 -3.053960E-01 -3.053960E-01
   196     4980.5831    8.28004408  7.227106E+08  7.456752E+09  2.290243E+29
        6.086853E+00  2.379351E+01  6.914215E+00  0.9878199348 -1.914350E+00
        3.798023E+20 -9.999860E+00 -1.999885E+00 -3.053960E-01 -3.053960E-01
   197     4926.0075    8.28012691  7.226416E+08  7.564662E+09  2.191080E+29
        6.070583E+00  2.379354E+01  6.914236E+00  0.9878199348 -1.914350E+00
        2.914513E+20 -9.999860E+00 -1.999885E+00 -3.053960E-01 -3.053960E-01
   198     4869.6574    8.28020899  7.225734E+08  7.671268E+09  2.092134E+29
        6.054138E+00  2.379357E+01  6.914259E+00  0.9878199348 -1.914350E+00
        2.228685E+20 -9.999860E+00 -1.999885E+00 -3.053960E-01 -3.053960E-01
   199     4814.3162    8.28028369  7.225112E+08  7.774548E+09  1.998295E+29
        6.037912E+00  2.379360E+01  6.914278E+00  0.9883689334 -1.934380E+00
        1.717573E+20 -9.999860E+00 -1.999885E+00 -3.053960E-01 -3.053960E-01
   200     4759.9696    8.28034720  7.224584E+08  7.876226E+09  1.909301E+29
        6.021762E+00  2.379362E+01  6.914291E+00  0.9883689334 -1.934380E+00
        1.321883E+20 -9.999860E+00 -1.999885E+00 -3.053960E-01 -3.053960E-01
   201     4703.5313    8.28041086  7.224054E+08  7.977112E+09  1.820079E+29
        6.005374E+00  2.379364E+01  6.914307E+00  0.9883689334 -1.934380E+00
        1.012799E+20 -9.999860E+00 -1.999885E+00 -3.053960E-01 -3.053960E-01
   202     4648.6781    8.28047545  7.223517E+08  8.073530E+09  1.736390E+29
        5.989432E+00  2.379368E+01  6.914330E+00  0.9883689334 -1.934380E+00
        7.843350E+19 -9.999860E+00 -1.999885E+00 -3.053960E-01 -3.053960E-01
   203     4593.2236    8.28053897  7.222989E+08  8.168224E+09  1.654765E+29
        5.973520E+00  2.379371E+01  6.914354E+00  0.9883689334 -1.934380E+00
        6.078262E+19 -9.999860E+00 -1.999885E+00 -3.053960E-01 -3.053960E-01
   204     4536.9614    8.28059798  7.222498E+08  8.261028E+09  1.574952E+29
        5.957682E+00  2.379374E+01  6.914375E+00  0.9888931867 -1.954411E+00
        4.706346E+19 -9.999860E+00 -1.999885E+00 -3.053960E-01 -3.053960E-01
   205     4479.7929    8.28064749  7.222087E+08  8.352410E+09  1.496887E+29
        5.941844E+00  2.379376E+01  6.914388E+00  0.9888931867 -1.954411E+00
        3.647457E+19 -9.999860E+00 -1.999885E+00 -3.053960E-01 -3.053960E-01
   206     4421.5970    8.28068735  7.221755E+08  8.442510E+09  1.420477E+29
        5.925997E+00  2.379377E+01  6.914392E+00  0.9888931867 -1.954411E+00
        2.831092E+19 -9.999860E+00 -1.999885E+00 -3.053960E-01 -3.053960E-01
   207     4363.7558    8.28072090  7.221476E+08  8.531826E+09  1.347491E+29
        5.910228E+00  2.379377E+01  6.914391E+00  0.9888931867 -1.954411E+00
        2.198645E+19 -9.999860E+00 -1.999885E+00 -3.053960E-01 -3.053960E-01
   208     4301.5813    8.28075341  7.221206E+08  8.622612E+09  1.272225E+29
        5.893876E+00  2.379376E+01  6.914389E+00  0.9888931867 -1.954411E+00
        1.693174E+19 -9.999860E+00 -1.999885E+00 -3.053960E-01 -3.053960E-01
   209     4241.4387    8.28078438  7.220949E+08  8.710324E+09  1.202467E+29
        5.877842E+00  2.379376E+01  6.914387E+00  0.9888931867 -1.954411E+00
        1.312114E+19 -9.999860E+00 -1.999885E+00 -3.053960E-01 -3.053960E-01
   210     4181.2932    8.28081787  7.220670E+08  8.797830E+09  1.135611E+29
        5.861618E+00  2.379376E+01  6.914389E+00  0.9888931867 -1.954411E+00
        1.013354E+19 -9.999860E+00 -1.999885E+00 -3.053960E-01 -3.053960E-01
   211     4121.8060    8.28085171  7.220389E+08  8.884406E+09  1.072268E+29
        5.845325E+00  2.379377E+01  6.914393E+00  0.9888931867 -1.954411E+00
        7.814453E+18 -9.999860E+00 -1.999885E+00 -3.053960E-01 -3.053960E-01
   212     4063.1576    8.28088317  7.220127E+08  8.969780E+09  1.012456E+29
        5.829013E+00  2.379377E+01  6.914394E+00  0.9888931867 -1.954411E+00
        6.023947E+18 -9.999860E+00 -1.999885E+00 -3.053960E-01 -3.053960E-01
   213     4005.1805    8.28091299  7.219879E+08  9.053874E+09  9.558291E+28
        5.812692E+00  2.379377E+01  6.914394E+00  0.9893938100 -1.974441E+00
        4.641425E+18 -9.999860E+00 -1.999885E+00 -3.053960E-01 -3.053960E-01
   214     3947.2293    8.28094103  7.219646E+08  9.136782E+09  9.016402E+28
        5.796340E+00  2.379377E+01  6.914395E+00  0.9893938100 -1.974441E+00
        3.570215E+18 -9.999860E+00 -1.999885E+00 -3.053960E-01 -3.053960E-01
   215     3888.5706    8.28096841  7.219419E+08  9.218960E+09  8.491735E+28
        5.779856E+00  2.379377E+01  6.914397E+00  0.9893938100 -1.974441E+00
        2.740726E+18 -9.999860E+00 -1.999885E+00 -3.053960E-01 -3.053960E-01
   216     3828.5009    8.28099403  7.219206E+08  9.300604E+09  7.978584E+28
        5.763213E+00  2.379378E+01  6.914399E+00  0.9893938100 -1.974441E+00
        2.097146E+18 -9.999860E+00 -1.999885E+00 -3.053960E-01 -3.053960E-01
   217     3766.7738    8.28101739  7.219012E+08  9.382336E+09  7.475937E+28
        5.746307E+00  2.379378E+01  6.914399E+00  0.9893938100 -1.974441E+00
        1.596481E+18 -9.999860E+00 -1.999885E+00 -3.053960E-01 -3.053960E-01
   218     3705.7545    8.28103860  7.218835E+08  9.464350E+09  7.002818E+28
        5.729409E+00  2.379378E+01  6.914398E+00  0.9893938100 -1.974441E+00
        1.216194E+18 -9.999860E+00 -1.999885E+00 -3.053960E-01 -3.053960E-01
   219     3638.2846    8.28106113  7.218648E+08  9.549316E+09  6.506245E+28
        5.711404E+00  2.379378E+01  6.914399E+00  0.9893938100 -1.974441E+00
        9.081579E+17 -9.999860E+00 -1.999885E+00 -3.053960E-01 -3.053960E-01
   220     3573.1630    8.28108268  7.218469E+08  9.631276E+09  6.052482E+28
        5.693724E+00  2.379378E+01  6.914400E+00  0.9893938100 -1.974441E+00
        6.816951E+17 -9.999860E+00 -1.999885E+00 -3.053960E-01 -3.053960E-01
   221     3507.2305    8.28110272  7.218303E+08  9.713714E+09  5.617711E+28
        5.675681E+00  2.379378E+01  6.914401E+00  0.9893938100 -1.974441E+00
        5.081434E+17 -9.999860E+00 -1.999885E+00 -3.053960E-01 -3.053960E-01
   222     3440.9774    8.28112165  7.218145E+08  9.796066E+09  5.204877E+28
        5.657410E+00  2.379378E+01  6.914401E+00  0.9898718684 -1.994471E+00
        3.772112E+17 -9.999860E+00 -1.999885E+00 -3.053960E-01 -3.053960E-01
   223     3374.2098    8.28113986  7.217994E+08  9.878362E+09  4.812307E+28
        5.638903E+00  2.379378E+01  6.914401E+00  0.9898718684 -1.994471E+00
        2.786771E+17 -9.999860E+00 -1.999885E+00 -3.053960E-01 -3.053960E-01
   224     3306.8515    8.28115841  7.217840E+08  9.960772E+09  4.439206E+28
        5.620090E+00  2.379378E+01  6.914402E+00  0.9898718684 -1.994471E+00
        2.046418E+17 -9.999860E+00 -1.999885E+00 -3.053960E-01 -3.053960E-01
   225     3238.8190    8.28117629  7.217691E+08  1.004323E+10  4.084842E+28
        5.600985E+00  2.379378E+01  6.914403E+00  0.9898718684 -1.994471E+00
        1.494598E+17 -9.999860E+00 -1.999885E+00 -3.053960E-01 -3.053960E-01
   226     3170.2347    8.28119271  7.217555E+08  1.012587E+10  3.749539E+28
        5.581583E+00  2.379378E+01  6.914403E+00  0.9898718684 -1.994471E+00
        1.085081E+17 -9.999860E+00 -1.999885E+00 -3.053960E-01 -3.053960E-01
   227     3104.6274    8.28120737  7.217433E+08  1.020871E+10  3.448542E+28
        5.562496E+00  2.379378E+01  6.914402E+00  0.9898718684 -1.994471E+00
        7.918063E+16 -9.999860E+00 -1.999885E+00 -3.053960E-01 -3.053960E-01
   228     3031.6471    8.28122292  7.217304E+08  1.029525E+10  3.135426E+28
        5.541695E+00  2.379378E+01  6.914403E+00  0.9898718684 -1.994471E+00
        5.599495E+16 -9.999860E+00 -1.999885E+00 -3.053960E-01 -3.053960E-01
   229     2962.9956    8.28123630  7.217193E+08  1.037736E+10  2.860833E+28
        5.521582E+00  2.379378E+01  6.914403E+00  0.9898718684 -1.994471E+00
        4.004618E+16 -9.999860E+00 -1.999885E+00 -3.053960E-01 -3.053960E-01
   230     2894.7384    8.28124858  7.217091E+08  1.045934E+10  2.606115E+28
        5.501231E+00  2.379378E+01  6.914403E+00  0.9903283790 -2.014501E+00
        2.849328E+16 -9.999860E+00 -1.999885E+00 -3.053960E-01 -3.053960E-01
   231     2827.0950    8.28126028  7.216993E+08  1.054089E+10  2.370862E+28
        5.480735E+00  2.379378E+01  6.914403E+00  0.9903283790 -2.014501E+00
        2.019360E+16 -9.999860E+00 -1.999885E+00 -3.053960E-01 -3.053960E-01
   232     2760.2944    8.28127284  7.216889E+08  1.062186E+10  2.154536E+28
        5.460083E+00  2.379378E+01  6.914403E+00  0.9903283790 -2.014501E+00
        1.425913E+16 -9.999860E+00 -1.999885E+00 -3.053960E-01 -3.053960E-01
   233     2698.8219    8.28128441  7.216793E+08  1.070198E+10  1.968871E+28
        5.440370E+00  2.379378E+01  6.914403E+00  0.9903283790 -2.014501E+00
        1.022399E+16 -9.999860E+00 -1.999885E+00 -3.053960E-01 -3.053960E-01
   234     2629.5863    8.28129690  7.216689E+08  1.078616E+10  1.774425E+28
        5.418385E+00  2.379378E+01  6.914404E+00  0.9903283790 -2.014501E+00
        7.032227E+15 -9.999860E+00 -1.999885E+00 -3.053960E-01 -3.053960E-01
   235     2566.6493    8.28130816  7.216596E+08  1.086408E+10  1.610508E+28
        5.397677E+00  2.379378E+01  6.914404E+00  0.9903283790 -2.014501E+00
        4.939835E+15 -9.999860E+00 -1.999885E+00 -3.053960E-01 -3.053960E-01
   236     2504.8792    8.28131969  7.216500E+08  1.094139E+10  1.460940E+28
        5.376811E+00  2.379378E+01  6.914404E+00  0.9907643130 -2.034531E+00
        3.455371E+15 -9.999860E+00 -1.999885E+00 -3.053960E-01 -3.053960E-01
   237     2444.5930    8.28132896  7.216423E+08  1.101759E+10  1.325263E+28
        5.355951E+00  2.379378E+01  6.914404E+00  0.9907643130 -2.034531E+00
        2.414097E+15 -9.999860E+00 -1.999885E+00 -3.053960E-01 -3.053960E-01
   238     2390.9252    8.28133637  7.216361E+08  1.109273E+10  1.212642E+28
        5.336663E+00  2.379378E+01  6.914404E+00  0.9907643130 -2.034531E+00
        1.732116E+15 -9.999860E+00 -1.999885E+00 -3.053960E-01 -3.053960E-01
   239     2328.0736    8.28134578  7.216283E+08  1.117355E+10  1.090049E+28
        5.314095E+00  2.379378E+01  6.914404E+00  0.9911805978 -2.054561E+00
        1.170123E+15 -9.999860E+00 -1.999885E+00 -3.053960E-01 -3.053960E-01
   240     2272.3987    8.28135404  7.216214E+08  1.124648E+10  9.894388E+27
        5.293321E+00  2.379378E+01  6.914404E+00  0.9911805978 -2.054561E+00
        8.150170E+14 -9.999860E+00 -1.999885E+00 -3.053960E-01 -3.053960E-01
   241     2223.7831    8.28135985  7.216166E+08  1.131836E+10  9.074333E+27
        5.274464E+00  2.379378E+01  6.914404E+00  0.9911805978 -2.054561E+00
        5.867710E+14 -9.999860E+00 -1.999885E+00 -3.053960E-01 -3.053960E-01
   242     2165.0897    8.28136680  7.216108E+08  1.139696E+10  8.153454E+27
        5.251600E+00  2.379378E+01  6.914404E+00  0.9915781192 -2.074591E+00
        3.924907E+14 -9.999860E+00 -1.999885E+00 -3.053960E-01 -3.053960E-01
   243     2119.9669    8.28137243  7.216062E+08  1.146652E+10  7.494605E+27
        5.233154E+00  2.379378E+01  6.914404E+00  0.9915781192 -2.074591E+00
        2.841177E+14 -9.999860E+00 -1.999885E+00 -3.053960E-01 -3.053960E-01
   244     2064.0738    8.28138082  7.215992E+08  1.154358E+10  6.734804E+27
        5.210088E+00  2.379378E+01  6.914404E+00  0.9919577228 -2.094621E+00
        1.893085E+14 -9.999860E+00 -1.999885E+00 -3.053960E-01 -3.053960E-01
   245     2022.1798    8.28138597  7.215949E+08  1.161079E+10  6.204375E+27
        5.192016E+00  2.379378E+01  6.914404E+00  0.9923202164 -2.114651E+00
        1.380389E+14 -9.999860E+00 -1.999885E+00 -3.053960E-01 -3.053960E-01
   246     1974.9419    8.28139146  7.215903E+08  1.168620E+10  5.644568E+27
        5.171296E+00  2.379378E+01  6.914404E+00  0.9926663710 -2.134681E+00
        9.608523E+13 -9.999860E+00 -1.999885E+00 -3.053960E-01 -3.053960E-01
   247     1935.5040    8.28139671  7.215860E+08  1.175918E+10  5.206962E+27
        5.153431E+00  2.379378E+01  6.914404E+00  0.9929969232 -2.154711E+00
        7.044516E+13 -9.999860E+00 -1.999885E+00 -3.053960E-01 -3.053960E-01
   248     1896.3202    8.28140380  7.215801E+08  1.183217E+10  4.797862E+27
        5.135290E+00  2.379378E+01  6.914404E+00  0.9936140015 -2.194771E+00
        5.143965E+13 -9.999860E+00 -1.999885E+00 -3.053960E-01 -3.053960E-01
   249     1856.4660    8.28140975  7.215752E+08  1.191230E+10  4.407001E+27
        5.116293E+00  2.379378E+01  6.914404E+00  0.9941767057 -2.234831E+00
        3.595494E+13 -9.999860E+00 -1.999885E+00 -3.053960E-01 -3.053960E-01
   250     1816.4629    8.28141585  7.215701E+08  1.199621E+10  4.039198E+27
        5.096718E+00  2.379378E+01  6.914404E+00  0.9951577339 -2.314951E+00
        2.525015E+13 -9.999860E+00 -1.999885E+00 -3.053960E-01 -3.053960E-01
   251     1778.0984    8.28142262  7.215645E+08  1.208013E+10  3.708561E+27
        5.077358E+00  2.379379E+01  6.914405E+00  0.9959734913 -2.395071E+00
        1.780285E+13 -9.999860E+00 -1.999885E+00 -3.053960E-01 -3.053960E-01
   252     1739.6369    8.28143008  7.215583E+08  1.215720E+10  3.397889E+27
        5.057468E+00  2.379379E+01  6.914405E+00  0.9968027341 -2.495221E+00
        1.251836E+13 -9.999860E+00 -1.999885E+00 -3.053960E-01 -3.053960E-01
   253     1697.5254    8.28143573  7.215536E+08  1.223428E+10  3.080593E+27
        5.035077E+00  2.379379E+01  6.914405E+00  0.9974611967 -2.595371E+00
        8.447064E+12 -9.999860E+00 -1.999885E+00 -3.053960E-01 -3.053960E-01
   254     1659.1512    8.28143965  7.215503E+08  1.230150E+10  2.811313E+27
        5.014005E+00  2.379379E+01  6.914405E+00  0.9979840509 -2.695520E+00
        5.875751E+12 -9.999860E+00 -1.999885E+00 -3.053960E-01 -3.053960E-01
   255     1621.3063    8.28144460  7.215462E+08  1.236368E+10  2.563424E+27
        4.992623E+00  2.379379E+01  6.914405E+00  0.9983992248 -2.795670E+00
        4.087126E+12 -9.999860E+00 -1.999885E+00 -3.053960E-01 -3.053960E-01
   256     1584.7660    8.28145015  7.215416E+08  1.241964E+10  2.339997E+27
        4.971317E+00  2.379379E+01  6.914405E+00  0.9987288948 -2.895818E+00
        2.862607E+12 -9.999860E+00 -1.999885E+00 -3.053960E-01 -3.053960E-01
   257     1549.9954    8.28145464  7.215379E+08  1.247039E+10  2.141272E+27
        4.950404E+00  2.379379E+01  6.914405E+00  0.9989906702 -2.995967E+00
        2.024229E+12 -9.999860E+00 -1.999885E+00 -3.053960E-01 -3.053960E-01
   258     1516.4378    8.28145858  7.215346E+08  1.251710E+10  1.961755E+27
        4.929637E+00  2.379379E+01  6.914405E+00  0.9991985337 -3.096115E+00
        1.445785E+12 -9.999860E+00 -1.999885E+00 -3.053960E-01 -3.053960E-01
   259     1484.0592    8.28146293  7.215310E+08  1.256019E+10  1.799479E+27
        4.908977E+00  2.379379E+01  6.914405E+00  0.9993635883 -3.196262E+00
        1.039836E+12 -9.999860E+00 -1.999885E+00 -3.053960E-01 -3.053960E-01
