============================================================================
  #Mod      Teff         Log(g)           R            Age            L
           Log(Tc)       Log(Pc)      Log(rhoc)       Mx/M         Log(qx)
             Lnu        Log(H/*)      Log(He/*)     Log(C/*)      Log(O/*)
============================================================================
     1    77491.1091    7.50932319  1.433109E+09  0.000000E+00  5.277132E+34
        7.954503E+00  2.270792E+01  6.186075E+00  0.0000000000  0.000000E+00
        2.328243E+34 -9.999860E+00 -1.999885E+00 -3.053960E-01 -3.053960E-01
     2    68690.2840    7.54371794  1.377469E+09  8.000000E+04  3.010072E+34
        7.944927E+00  2.271555E+01  6.191249E+00  0.0000000000  0.000000E+00
        2.229069E+34 -9.999860E+00 -1.999885E+00 -3.053960E-01 -3.053960E-01
     3    64928.1204    7.56200019  1.348779E+09  1.600000E+05  2.303800E+34
        7.935972E+00  2.272211E+01  6.195704E+00  0.0000000000  0.000000E+00
        2.125203E+34 -9.999860E+00 -1.999885E+00 -3.053960E-01 -3.053960E-01
     4    62494.8350    7.57515921  1.328499E+09  2.400000E+05  1.918364E+34
        7.927608E+00  2.272799E+01  6.199696E+00  0.0000000000  0.000000E+00
        2.023090E+34 -9.999860E+00 -1.999885E+00 -3.053960E-01 -3.053960E-01
     5    60655.6791    7.58574103  1.312412E+09  3.200000E+05  1.661340E+34
        7.919805E+00  2.273336E+01  6.203337E+00  0.0000000000  0.000000E+00
        1.924908E+34 -9.999860E+00 -1.999885E+00 -3.053960E-01 -3.053960E-01
     6    59157.0532    7.59472474  1.298908E+09  4.000000E+05  1.472363E+34
        7.912519E+00  2.273831E+01  6.206697E+00  0.0000000000  0.000000E+00
        1.831568E+34 -9.999860E+00 -1.999885E+00 -3.053960E-01 -3.053960E-01
     7    57482.9624    7.60514223  1.283423E+09  5.095158E+05  1.281528E+34
        7.903406E+00  2.274449E+01  6.210885E+00  0.0000000000  0.000000E+00
        1.712545E+34 -9.999860E+00 -1.999885E+00 -3.053960E-01 -3.053960E-01
     8    55871.6870    7.61542174  1.268323E+09  6.358149E+05  1.117015E+34
        7.893876E+00  2.275095E+01  6.215249E+00  0.0000000000  0.000000E+00
        1.587093E+34 -9.999860E+00 -1.999885E+00 -3.053960E-01 -3.053960E-01
     9    54340.8083    7.62540691  1.253826E+09  7.781672E+05  9.768122E+33
        7.884188E+00  2.275750E+01  6.219674E+00  0.0000000000  0.000000E+00
        1.459666E+34 -9.999860E+00 -1.999885E+00 -3.053960E-01 -3.053960E-01
    10    52867.5915    7.63512240  1.239880E+09  9.372560E+05  8.557548E+33
        7.874462E+00  2.276406E+01  6.224101E+00  0.0000000000  0.000000E+00
        1.332949E+34 -9.999860E+00 -1.999885E+00 -3.053960E-01 -3.053960E-01
    11    51435.6765    7.64451302  1.226547E+09  1.112045E+06  7.503406E+33
        7.864876E+00  2.277049E+01  6.228437E+00  0.0000000000  0.000000E+00
        1.210363E+34 -9.999860E+00 -1.999885E+00 -3.053960E-01 -3.053960E-01
    12    50053.1859    7.65345340  1.213987E+09  1.300116E+06  6.591543E+33
        7.855614E+00  2.277665E+01  6.232584E+00  0.0000000000  0.000000E+00
        1.095127E+34 -9.999860E+00 -1.999885E+00 -3.053960E-01 -3.053960E-01
    13    48721.7371    7.66191650  1.202216E+09  1.500439E+06  5.803476E+33
        7.846736E+00  2.278247E+01  6.236509E+00  0.0000000000  0.000000E+00
        9.885383E+33 -9.999860E+00 -1.999885E+00 -3.053960E-01 -3.053960E-01
    14    47434.6572    7.66993877  1.191164E+09  1.712880E+06  5.118679E+33
        7.838241E+00  2.278798E+01  6.240217E+00  0.0000000000  0.000000E+00
        8.909325E+33 -9.999860E+00 -1.999885E+00 -3.053960E-01 -3.053960E-01
    15    46199.9885    7.67751685  1.180816E+09  1.937294E+06  4.526518E+33
        7.830117E+00  2.279317E+01  6.243709E+00  0.0000000000  0.000000E+00
        8.021943E+33 -9.999860E+00 -1.999885E+00 -3.053960E-01 -3.053960E-01
    16    45004.8884    7.68472089  1.171063E+09  2.175216E+06  4.008958E+33
        7.822292E+00  2.279807E+01  6.247008E+00  0.0000000000  0.000000E+00
        7.214517E+33 -9.999860E+00 -1.999885E+00 -3.053960E-01 -3.053960E-01
    17    43843.1308    7.69156992  1.161865E+09  2.426659E+06  3.554266E+33
        7.814749E+00  2.280268E+01  6.250114E+00  0.0000000000  0.000000E+00
        6.483850E+33 -9.999860E+00 -1.999885E+00 -3.053960E-01 -3.053960E-01
    18    42728.1136    7.69804092  1.153242E+09  2.691178E+06  3.158840E+33
        7.807482E+00  2.280701E+01  6.253028E+00  0.0000000000  0.000000E+00
        5.826665E+33 -9.999860E+00 -1.999885E+00 -3.053960E-01 -3.053960E-01
    19    41644.5429    7.70422008  1.145067E+09  2.971262E+06  2.810127E+33
        7.800412E+00  2.281110E+01  6.255782E+00  0.0000000000  0.000000E+00
        5.232761E+33 -9.999860E+00 -1.999885E+00 -3.053960E-01 -3.053960E-01
    20    40596.4348    7.71010671  1.137333E+09  3.266820E+06  2.503563E+33
        7.793536E+00  2.281496E+01  6.258381E+00  0.0000000000  0.000000E+00
        4.698696E+33 -9.999860E+00 -1.999885E+00 -3.053960E-01 -3.053960E-01
    21    39587.7524    7.71571620  1.130011E+09  3.579250E+06  2.234811E+33
        7.786815E+00  2.281861E+01  6.260840E+00  0.0000000000  0.000000E+00
        4.218056E+33 -9.999860E+00 -1.999885E+00 -3.053960E-01 -3.053960E-01
    22    38613.5244    7.72110398  1.123023E+09  3.911208E+06  1.997871E+33
        7.780196E+00  2.282208E+01  6.263176E+00  0.0000000000  0.000000E+00
        3.783781E+33 -9.999860E+00 -1.999885E+00 -3.053960E-01 -3.053960E-01
    23    37664.3695    7.72630188  1.116323E+09  4.264288E+06  1.787041E+33
        7.773654E+00  2.282538E+01  6.265398E+00  0.0000000000  0.000000E+00
        3.391492E+33 -9.999860E+00 -1.999885E+00 -3.053960E-01 -3.053960E-01
    24    36741.0283    7.73127720  1.109947E+09  4.638008E+06  1.599711E+33
        7.767203E+00  2.282849E+01  6.267499E+00  0.0000000000  0.000000E+00
        3.039089E+33 -9.999860E+00 -1.999885E+00 -3.053960E-01 -3.053960E-01
    25    35853.7163    7.73601415  1.103910E+09  5.033003E+06  1.434948E+33
        7.760838E+00  2.283144E+01  6.269485E+00  0.0000000000  0.000000E+00
        2.723076E+33 -9.999860E+00 -1.999885E+00 -3.053960E-01 -3.053960E-01
    26    34993.9855    7.74055805  1.098150E+09  5.453631E+06  1.288633E+33
        7.754500E+00  2.283425E+01  6.271377E+00  0.0000000000  0.000000E+00
        2.437862E+33 -9.999860E+00 -1.999885E+00 -3.053960E-01 -3.053960E-01
    27    34161.9682    7.74491576  1.092655E+09  5.901605E+06  1.158696E+33
        7.748178E+00  2.283692E+01  6.273179E+00  0.0000000000  0.000000E+00
        2.180690E+33 -9.999860E+00 -1.999885E+00 -3.053960E-01 -3.053960E-01
    28    33356.3999    7.74909449  1.087411E+09  6.379222E+06  1.043124E+33
        7.741855E+00  2.283946E+01  6.274897E+00  0.0000000000  0.000000E+00
        1.948808E+33 -9.999860E+00 -1.999885E+00 -3.053960E-01 -3.053960E-01
    29    32581.3275    7.75309419  1.082415E+09  6.888858E+06  9.407940E+32
        7.735518E+00  2.284189E+01  6.276536E+00  0.0000000000  0.000000E+00
        1.739774E+33 -9.999860E+00 -1.999885E+00 -3.053960E-01 -3.053960E-01
    30    31828.5437    7.75693846  1.077635E+09  7.435229E+06  8.492630E+32
        7.729129E+00  2.284421E+01  6.278108E+00  0.0000000000  0.000000E+00
        1.550700E+33 -9.999860E+00 -1.999885E+00 -3.053960E-01 -3.053960E-01
    31    31104.7867    7.76062519  1.073070E+09  8.019635E+06  7.680639E+32
        7.722696E+00  2.284643E+01  6.279613E+00  0.0000000000  0.000000E+00
        1.380298E+33 -9.999860E+00 -1.999885E+00 -3.053960E-01 -3.053960E-01
    32    30401.6727    7.76417919  1.068689E+09  8.647768E+06  6.952233E+32
        7.716181E+00  2.284856E+01  6.281061E+00  0.0000000000  0.000000E+00
        1.226280E+33 -9.999860E+00 -1.999885E+00 -3.053960E-01 -3.053960E-01
    33    29717.7103    7.76759086  1.064499E+09  9.321142E+06  6.297731E+32
        7.709591E+00  2.285061E+01  6.282453E+00  0.0000000000  0.000000E+00
        1.087677E+33 -9.999860E+00 -1.999885E+00 -3.053960E-01 -3.053960E-01
    34    29063.9854    7.77085233  1.060510E+09  1.004183E+07  5.718498E+32
        7.702930E+00  2.285257E+01  6.283790E+00  0.0000000000  0.000000E+00
        9.633264E+32 -9.999860E+00 -1.999885E+00 -3.053960E-01 -3.053960E-01
    35    28423.0498    7.77400267  1.056670E+09  1.082019E+07  5.192705E+32
        7.696127E+00  2.285446E+01  6.285085E+00  0.0000000000  0.000000E+00
        8.510017E+32 -9.999860E+00 -1.999885E+00 -3.053960E-01 -3.053960E-01
    36    27812.3948    7.77700846  1.053020E+09  1.165377E+07  4.727796E+32
        7.689230E+00  2.285628E+01  6.286330E+00  0.0000000000  0.000000E+00
        7.505636E+32 -9.999860E+00 -1.999885E+00 -3.053960E-01 -3.053960E-01
    37    27212.7403    7.77991466  1.049503E+09  1.255651E+07  4.304157E+32
        7.682154E+00  2.285805E+01  6.287538E+00  0.0000000000  0.000000E+00
        6.599697E+32 -9.999860E+00 -1.999885E+00 -3.053960E-01 -3.053960E-01
    38    26642.7195    7.78268349  1.046162E+09  1.352465E+07  3.929564E+32
        7.674956E+00  2.285974E+01  6.288698E+00  0.0000000000  0.000000E+00
        5.792183E+32 -9.999860E+00 -1.999885E+00 -3.053960E-01 -3.053960E-01
    39    26082.6984    7.78536507  1.042937E+09  1.457584E+07  3.587225E+32
        7.667541E+00  2.286138E+01  6.289826E+00  0.0000000000  0.000000E+00
        5.065973E+32 -9.999860E+00 -1.999885E+00 -3.053960E-01 -3.053960E-01
    40    25545.6774    7.78792560  1.039868E+09  1.570563E+07  3.281389E+32
        7.659973E+00  2.286295E+01  6.290910E+00  0.0000000000  0.000000E+00
        4.421299E+32 -9.999860E+00 -1.999885E+00 -3.053960E-01 -3.053960E-01
    41    25032.8348    7.79038366  1.036929E+09  1.692942E+07  3.008639E+32
        7.652186E+00  2.286447E+01  6.291960E+00  0.0000000000  0.000000E+00
        3.846317E+32 -9.999860E+00 -1.999885E+00 -3.053960E-01 -3.053960E-01
    42    24529.9358    7.79276818  1.034086E+09  1.826347E+07  2.758869E+32
        7.644126E+00  2.286595E+01  6.292982E+00  0.0000000000  0.000000E+00
        3.332421E+32 -9.999860E+00 -1.999885E+00 -3.053960E-01 -3.053960E-01
    43    24049.0124    7.79504736  1.031376E+09  1.970356E+07  2.535451E+32
        7.635861E+00  2.286736E+01  6.293967E+00  0.0000000000  0.000000E+00
        2.879082E+32 -9.999860E+00 -1.999885E+00 -3.053960E-01 -3.053960E-01
    44    23586.0366    7.79724213  1.028773E+09  2.127046E+07  2.333949E+32
        7.627323E+00  2.286874E+01  6.294924E+00  0.0000000000  0.000000E+00
        2.477467E+32 -9.999860E+00 -1.999885E+00 -3.053960E-01 -3.053960E-01
    45    23140.1138    7.79935776  1.026271E+09  2.297659E+07  2.151879E+32
        7.618499E+00  2.287007E+01  6.295854E+00  0.0000000000  0.000000E+00
        2.122967E+32 -9.999860E+00 -1.999885E+00 -3.053960E-01 -3.053960E-01
    46    22709.7454    7.80139934  1.023861E+09  2.483479E+07  1.986842E+32
        7.609386E+00  2.287137E+01  6.296763E+00  0.0000000000  0.000000E+00
        1.811462E+32 -9.999860E+00 -1.999885E+00 -3.053960E-01 -3.053960E-01
    47    22293.7621    7.80336773  1.021544E+09  2.685762E+07  1.836874E+32
        7.599988E+00  2.287263E+01  6.297652E+00  0.0000000000  0.000000E+00
        1.539090E+32 -9.999860E+00 -1.999885E+00 -3.053960E-01 -3.053960E-01
    48    21891.2052    7.80526580  1.019314E+09  2.905831E+07  1.700304E+32
        7.590309E+00  2.287387E+01  6.298521E+00  0.0000000000  0.000000E+00
        1.302074E+32 -9.999860E+00 -1.999885E+00 -3.053960E-01 -3.053960E-01
    49    21501.5335    7.80709583  1.017168E+09  3.145042E+07  1.575780E+32
        7.580356E+00  2.287506E+01  6.299368E+00  0.0000000000  0.000000E+00
        1.096817E+32 -9.999860E+00 -1.999885E+00 -3.053960E-01 -3.053960E-01
    50    21124.0898    7.80886043  1.015104E+09  3.404874E+07  1.462060E+32
        7.570134E+00  2.287622E+01  6.300192E+00  0.0000000000  0.000000E+00
        9.198545E+31 -9.999860E+00 -1.999885E+00 -3.053960E-01 -3.053960E-01
    51    20758.1856    7.81056168  1.013118E+09  3.686829E+07  1.358030E+32
        7.559648E+00  2.287735E+01  6.300990E+00  0.0000000000  0.000000E+00
        7.679797E+31 -9.999860E+00 -1.999885E+00 -3.053960E-01 -3.053960E-01
    52    20403.0175    7.81220114  1.011207E+09  3.992332E+07  1.262671E+32
        7.548907E+00  2.287843E+01  6.301759E+00  0.0000000000  0.000000E+00
        6.382809E+31 -9.999860E+00 -1.999885E+00 -3.053960E-01 -3.053960E-01
    53    20057.8870    7.81378356  1.009367E+09  4.322677E+07  1.175089E+32
        7.537928E+00  2.287947E+01  6.302501E+00  0.0000000000  0.000000E+00
        5.281415E+31 -9.999860E+00 -1.999885E+00 -3.053960E-01 -3.053960E-01
    54    19722.2813    7.81531530  1.007588E+09  4.679144E+07  1.094528E+32
        7.526734E+00  2.288048E+01  6.303221E+00  0.0000000000  0.000000E+00
        4.351264E+31 -9.999860E+00 -1.999885E+00 -3.053960E-01 -3.053960E-01
    55    19395.2736    7.81680115  1.005866E+09  5.063070E+07  1.020225E+32
        7.515340E+00  2.288147E+01  6.303922E+00  0.0000000000  0.000000E+00
        3.569544E+31 -9.999860E+00 -1.999885E+00 -3.053960E-01 -3.053960E-01
    56    19076.3099    7.81824449  1.004196E+09  5.475469E+07  9.515828E+31
        7.503770E+00  2.288243E+01  6.304605E+00  0.0000000000  0.000000E+00
        2.916045E+31 -9.999860E+00 -1.999885E+00 -3.053960E-01 -3.053960E-01
    57    18764.7537    7.81964825  1.002575E+09  5.917239E+07  8.880488E+31
        7.492043E+00  2.288336E+01  6.305269E+00  0.0000000000  0.000000E+00
        2.372504E+31 -9.999860E+00 -1.999885E+00 -3.053960E-01 -3.053960E-01
    58    18460.0409    7.82101340  1.001000E+09  6.389037E+07  8.291457E+31
        7.480182E+00  2.288426E+01  6.305914E+00  0.0000000000  0.000000E+00
        1.922708E+31 -9.999860E+00 -1.999885E+00 -3.053960E-01 -3.053960E-01
    59    18161.7872    7.82233864  9.994740E+08  6.891282E+07  7.744784E+31
        7.468208E+00  2.288514E+01  6.306537E+00  0.0000000000  0.000000E+00
        1.552353E+31 -9.999860E+00 -1.999885E+00 -3.053960E-01 -3.053960E-01
    60    17869.6055    7.82362374  9.979963E+08  7.424181E+07  7.236853E+31
        7.456142E+00  2.288597E+01  6.307138E+00  0.0000000000  0.000000E+00
        1.248967E+31 -9.999860E+00 -1.999885E+00 -3.053960E-01 -3.053960E-01
    61    17583.2481    7.82486986  9.965656E+08  7.987804E+07  6.764570E+31
        7.444012E+00  2.288678E+01  6.307718E+00  0.0000000000  0.000000E+00
        1.001662E+31 -9.999860E+00 -1.999885E+00 -3.053960E-01 -3.053960E-01
    62    17302.5589    7.82607820  9.951802E+08  8.582274E+07  6.325236E+31
        7.431837E+00  2.288756E+01  6.308277E+00  0.0000000000  0.000000E+00
        8.009303E+30 -9.999860E+00 -1.999885E+00 -3.053960E-01 -3.053960E-01
    63    17027.0020    7.82724999  9.938385E+08  9.207677E+07  5.915839E+31
        7.419632E+00  2.288831E+01  6.308818E+00  0.0000000000  0.000000E+00
        6.386403E+30 -9.999860E+00 -1.999885E+00 -3.053960E-01 -3.053960E-01
    64    16756.7747    7.82838597  9.925396E+08  9.863769E+07  5.534640E+31
        7.407416E+00  2.288904E+01  6.309342E+00  0.0000000000  0.000000E+00
        5.079588E+30 -9.999860E+00 -1.999885E+00 -3.053960E-01 -3.053960E-01
    65    16491.3981    7.82948970  9.912791E+08  1.055078E+08  5.179094E+31
        7.395196E+00  2.288974E+01  6.309852E+00  0.0000000000  0.000000E+00
        4.030578E+30 -9.999860E+00 -1.999885E+00 -3.053960E-01 -3.053960E-01
    66    16230.8507    7.83056302  9.900550E+08  1.126851E+08  4.847477E+31
        7.382986E+00  2.289044E+01  6.310350E+00  0.0000000000  0.000000E+00
        3.191520E+30 -9.999860E+00 -1.999885E+00 -3.053960E-01 -3.053960E-01
    67    15974.8913    7.83160583  9.888670E+08  1.201693E+08  4.537947E+31
        7.370794E+00  2.289111E+01  6.310835E+00  0.0000000000  0.000000E+00
        2.522415E+30 -9.999860E+00 -1.999885E+00 -3.053960E-01 -3.053960E-01
    68    15723.6663    7.83261807  9.877153E+08  1.279575E+08  4.249236E+31
        7.358635E+00  2.289177E+01  6.311306E+00  0.0000000000  0.000000E+00
        1.990496E+30 -9.999860E+00 -1.999885E+00 -3.053960E-01 -3.053960E-01
    69    15477.0224    7.83360099  9.865982E+08  1.360496E+08  3.979809E+31
        7.346518E+00  2.289240E+01  6.311762E+00  0.0000000000  0.000000E+00
        1.568639E+30 -9.999860E+00 -1.999885E+00 -3.053960E-01 -3.053960E-01
    70    15235.0182    7.83455623  9.855138E+08  1.444428E+08  3.728458E+31
        7.334451E+00  2.289301E+01  6.312202E+00  0.0000000000  0.000000E+00
        1.234893E+30 -9.999860E+00 -1.999885E+00 -3.053960E-01 -3.053960E-01
    71    14997.8098    7.83548629  9.844591E+08  1.531351E+08  3.494127E+31
        7.322442E+00  2.289360E+01  6.312623E+00  0.0000000000  0.000000E+00
        9.713816E+29 -9.999860E+00 -1.999885E+00 -3.053960E-01 -3.053960E-01
    72    14765.8377    7.83639458  9.834302E+08  1.621271E+08  3.276057E+31
        7.310493E+00  2.289416E+01  6.313025E+00  0.0000000000  0.000000E+00
        7.636356E+29 -9.999860E+00 -1.999885E+00 -3.053960E-01 -3.053960E-01
    73    14539.0771    7.83728701  9.824203E+08  1.714240E+08  3.073081E+31
        7.298605E+00  2.289469E+01  6.313412E+00  0.0000000000  0.000000E+00
        6.000228E+29 -9.999860E+00 -1.999885E+00 -3.053960E-01 -3.053960E-01
    74    14317.4295    7.83816728  9.814251E+08  1.810272E+08  2.884075E+31
        7.286781E+00  2.289521E+01  6.313784E+00  0.0000000000  0.000000E+00
        4.713285E+29 -9.999860E+00 -1.999885E+00 -3.053960E-01 -3.053960E-01
    75    14100.9969    7.83903659  9.804434E+08  1.909355E+08  2.708172E+31
        7.275030E+00  2.289571E+01  6.314141E+00  0.0000000000  0.000000E+00
        3.702193E+29 -9.999860E+00 -1.999885E+00 -3.053960E-01 -3.053960E-01
    76    13889.4202    7.83989574  9.794741E+08  2.011481E+08  2.544218E+31
        7.263356E+00  2.289619E+01  6.314484E+00  0.0000000000  0.000000E+00
        2.908512E+29 -9.999860E+00 -1.999885E+00 -3.053960E-01 -3.053960E-01
    77    13682.7853    7.84074292  9.785192E+08  2.116561E+08  2.391491E+31
        7.251772E+00  2.289665E+01  6.314815E+00  0.0000000000  0.000000E+00
        2.286281E+29 -9.999860E+00 -1.999885E+00 -3.053960E-01 -3.053960E-01
    78    13480.8048    7.84157531  9.775819E+08  2.224547E+08  2.249063E+31
        7.240286E+00  2.289710E+01  6.315133E+00  0.0000000000  0.000000E+00
        1.798698E+29 -9.999860E+00 -1.999885E+00 -3.053960E-01 -3.053960E-01
    79    13283.3775    7.84238819  9.766675E+08  2.335327E+08  2.116213E+31
        7.228909E+00  2.289752E+01  6.315438E+00  0.0000000000  0.000000E+00
        1.416900E+29 -9.999860E+00 -1.999885E+00 -3.053960E-01 -3.053960E-01
    80    13090.4453    7.84317774  9.757801E+08  2.448733E+08  1.992295E+31
        7.217656E+00  2.289793E+01  6.315729E+00  0.0000000000  0.000000E+00
        1.118172E+29 -9.999860E+00 -1.999885E+00 -3.053960E-01 -3.053960E-01
    81    12902.5631    7.84394220  9.749217E+08  2.564493E+08  1.877048E+31
        7.206554E+00  2.289831E+01  6.316004E+00  0.0000000000  0.000000E+00
        8.846383E+28 -9.999860E+00 -1.999885E+00 -3.053960E-01 -3.053960E-01
    82    12720.2190    7.84468216  9.740915E+08  2.682251E+08  1.770149E+31
        7.195635E+00  2.289867E+01  6.316264E+00  0.0000000000  0.000000E+00
        7.021819E+28 -9.999860E+00 -1.999885E+00 -3.053960E-01 -3.053960E-01
    83    12544.5412    7.84539566  9.732916E+08  2.801083E+08  1.671618E+31
        7.184974E+00  2.289901E+01  6.316509E+00  0.0000000000  0.000000E+00
        5.601574E+28 -9.999860E+00 -1.999885E+00 -3.053960E-01 -3.053960E-01
    84    12378.1074    7.84607552  9.725301E+08  2.918825E+08  1.582177E+31
        7.174741E+00  2.289932E+01  6.316739E+00  0.0000000000  0.000000E+00
        4.507852E+28 -9.999860E+00 -1.999885E+00 -3.053960E-01 -3.053960E-01
    85    12227.0550    7.84670322  9.718275E+08  3.030270E+08  1.504173E+31
        7.165335E+00  2.289962E+01  6.316949E+00  0.0000000000  0.000000E+00
        3.691147E+28 -9.999860E+00 -1.999885E+00 -3.053960E-01 -3.053960E-01
    86    12114.8309    7.84718107  9.712931E+08  3.115857E+08  1.448111E+31
        7.158268E+00  2.289983E+01  6.317105E+00  0.0000000000  0.000000E+00
        3.176231E+28 -9.999860E+00 -1.999885E+00 -3.053960E-01 -3.053960E-01
    87    12012.4068    7.84762543  9.707963E+08  3.196283E+08  1.398326E+31
        7.151760E+00  2.290003E+01  6.317249E+00  0.0000000000  0.000000E+00
        2.765759E+28 -9.999860E+00 -1.999885E+00 -3.053960E-01 -3.053960E-01
    88    11920.3403    7.84803190  9.703421E+08  3.270528E+08  1.354679E+31
        7.145862E+00  2.290021E+01  6.317379E+00  0.0000000000  0.000000E+00
        2.439757E+28 -9.999860E+00 -1.999885E+00 -3.053960E-01 -3.053960E-01
    89    11835.3841    7.84841341  9.699160E+08  3.340754E+08  1.315315E+31
        7.140376E+00  2.290038E+01  6.317500E+00  0.0000000000  0.000000E+00
        2.171244E+28 -9.999860E+00 -1.999885E+00 -3.053960E-01 -3.053960E-01
    90    11755.8168    7.84877587  9.695113E+08  3.408070E+08  1.279231E+31
        7.135202E+00  2.290054E+01  6.317615E+00  0.0000000000  0.000000E+00
        1.945178E+28 -9.999860E+00 -1.999885E+00 -3.053960E-01 -3.053960E-01
    91    11679.9213    7.84912558  9.691210E+08  3.473723E+08  1.245511E+31
        7.130233E+00  2.290069E+01  6.317724E+00  0.0000000000  0.000000E+00
        1.750347E+28 -9.999860E+00 -1.999885E+00 -3.053960E-01 -3.053960E-01
    92    11606.2908    7.84946847  9.687385E+08  3.538809E+08  1.213442E+31
        7.125381E+00  2.290084E+01  6.317831E+00  0.0000000000  0.000000E+00
        1.579023E+28 -9.999860E+00 -1.999885E+00 -3.053960E-01 -3.053960E-01
    93    11534.3347    7.84980731  9.683607E+08  3.603783E+08  1.182705E+31
        7.120608E+00  2.290099E+01  6.317935E+00  0.0000000000  0.000000E+00
        1.426971E+28 -9.999860E+00 -1.999885E+00 -3.053960E-01 -3.053960E-01
    94    11463.9017    7.85014139  9.679883E+08  3.668723E+08  1.153193E+31
        7.115908E+00  2.290113E+01  6.318037E+00  0.0000000000  0.000000E+00
        1.291619E+28 -9.999860E+00 -1.999885E+00 -3.053960E-01 -3.053960E-01
    95    11394.0375    7.85047348  9.676183E+08  3.734481E+08  1.124477E+31
        7.111216E+00  2.290127E+01  6.318137E+00  0.0000000000  0.000000E+00
        1.169439E+28 -9.999860E+00 -1.999885E+00 -3.053960E-01 -3.053960E-01
    96    11323.7427    7.85080848  9.672452E+08  3.802041E+08  1.096138E+31
        7.106467E+00  2.290141E+01  6.318238E+00  0.0000000000  0.000000E+00
        1.057616E+28 -9.999860E+00 -1.999885E+00 -3.053960E-01 -3.053960E-01
    97    11253.2736    7.85114673  9.668686E+08  3.871224E+08  1.068273E+31
        7.101676E+00  2.290155E+01  6.318338E+00  0.0000000000  0.000000E+00
        9.557340E+27 -9.999860E+00 -1.999885E+00 -3.053960E-01 -3.053960E-01
    98    11183.5811    7.85148437  9.664928E+08  3.941116E+08  1.041245E+31
        7.096906E+00  2.290169E+01  6.318437E+00  0.0000000000  0.000000E+00
        8.641684E+27 -9.999860E+00 -1.999885E+00 -3.053960E-01 -3.053960E-01
    99    11114.9228    7.85181870  9.661209E+08  4.011432E+08  1.015128E+31
        7.092177E+00  2.290182E+01  6.318533E+00  0.0000000000  0.000000E+00
        7.821499E+27 -9.999860E+00 -1.999885E+00 -3.053960E-01 -3.053960E-01
   100    11046.3826    7.85215167  9.657506E+08  4.083102E+08  9.895603E+30
        7.087427E+00  2.290195E+01  6.318628E+00  0.0000000000  0.000000E+00
        7.077041E+27 -9.999860E+00 -1.999885E+00 -3.053960E-01 -3.053960E-01
   101    10976.6927    7.85248793  9.653768E+08  4.157528E+08  9.640770E+30
        7.082568E+00  2.290209E+01  6.318723E+00  0.0000000000  0.000000E+00
        6.389753E+27 -9.999860E+00 -1.999885E+00 -3.053960E-01 -3.053960E-01
   102    10905.1878    7.85283038  9.649963E+08  4.235565E+08  9.384601E+30
        7.077551E+00  2.290222E+01  6.318820E+00  0.0000000000  0.000000E+00
        5.751175E+27 -9.999860E+00 -1.999885E+00 -3.053960E-01 -3.053960E-01
   103    10831.9348    7.85317922  9.646088E+08  4.317323E+08  9.127641E+30
        7.072378E+00  2.290236E+01  6.318917E+00  0.0000000000  0.000000E+00
        5.160561E+27 -9.999860E+00 -1.999885E+00 -3.053960E-01 -3.053960E-01
   104    10757.4342    7.85353435  9.642145E+08  4.402423E+08  8.871847E+30
        7.067080E+00  2.290249E+01  6.319014E+00  0.0000000000  0.000000E+00
        4.619646E+27 -9.999860E+00 -1.999885E+00 -3.053960E-01 -3.053960E-01
   105    10682.8511    7.85388945  9.638204E+08  4.489630E+08  8.621302E+30
        7.061739E+00  2.290262E+01  6.319109E+00  0.0000000000  0.000000E+00
        4.132821E+27 -9.999860E+00 -1.999885E+00 -3.053960E-01 -3.053960E-01
   106    10607.9578    7.85424634  9.634244E+08  4.579299E+08  8.375185E+30
        7.056337E+00  2.290275E+01  6.319204E+00  0.0000000000  0.000000E+00
        3.693723E+27 -9.999860E+00 -1.999885E+00 -3.053960E-01 -3.053960E-01
   107    10532.9953    7.85460453  9.630272E+08  4.671231E+08  8.134234E+30
        7.050892E+00  2.290288E+01  6.319298E+00  0.0000000000  0.000000E+00
        3.299286E+27 -9.999860E+00 -1.999885E+00 -3.053960E-01 -3.053960E-01
   108    10458.1509    7.85496278  9.626301E+08  4.765259E+08  7.898970E+30
        7.045416E+00  2.290301E+01  6.319393E+00  0.0000000000  0.000000E+00
        2.946085E+27 -9.999860E+00 -1.999885E+00 -3.053960E-01 -3.053960E-01
   109    10383.2497    7.85532336  9.622305E+08  4.861687E+08  7.668730E+30
        7.039897E+00  2.290314E+01  6.319487E+00  0.0000000000  0.000000E+00
        2.629210E+27 -9.999860E+00 -1.999885E+00 -3.053960E-01 -3.053960E-01
   110    10308.7474    7.85569802  9.618156E+08  4.960087E+08  7.444563E+30
        7.034360E+00  2.290327E+01  6.319580E+00  0.0000000000  0.000000E+00
        2.346487E+27 -9.999860E+00 -1.999885E+00 -3.053960E-01 -3.053960E-01
   111    10237.4641    7.85605965  9.614152E+08  5.056511E+08  7.234750E+30
        7.029025E+00  2.290339E+01  6.319670E+00  0.0000000000  0.000000E+00
        2.103591E+27 -9.999860E+00 -1.999885E+00 -3.053960E-01 -3.053960E-01
   112    10166.9654    7.85641397  9.610231E+08  5.154103E+08  7.031776E+30
        7.023713E+00  2.290351E+01  6.319758E+00  0.0000000000  0.000000E+00
        1.887476E+27 -9.999860E+00 -1.999885E+00 -3.053960E-01 -3.053960E-01
   113    10095.9064    7.85676709  9.606325E+08  5.254794E+08  6.831684E+30
        7.018325E+00  2.290363E+01  6.319847E+00  0.0000000000  0.000000E+00
        1.691568E+27 -9.999860E+00 -1.999885E+00 -3.053960E-01 -3.053960E-01
   114    10023.9330    7.85712155  9.602405E+08  5.359240E+08  6.633530E+30
        7.012831E+00  2.290375E+01  6.319936E+00  0.0000000000  0.000000E+00
        1.513376E+27 -9.999860E+00 -1.999885E+00 -3.053960E-01 -3.053960E-01
   115     9951.2208    7.85747591  9.598489E+08  5.467347E+08  6.437884E+30
        7.007243E+00  2.290387E+01  6.320026E+00  0.0000000000  0.000000E+00
        1.351996E+27 -9.999860E+00 -1.999885E+00 -3.053960E-01 -3.053960E-01
   116     9877.4807    7.85783213  9.594553E+08  5.579729E+08  6.244048E+30
        7.001537E+00  2.290399E+01  6.320117E+00  0.0000000000  0.000000E+00
        1.205540E+27 -9.999860E+00 -1.999885E+00 -3.053960E-01 -3.053960E-01
   117     9802.8667    7.85818992  9.590602E+08  5.696361E+08  6.052518E+30
        6.995722E+00  2.290412E+01  6.320209E+00  0.0000000000  0.000000E+00
        1.073170E+27 -9.999860E+00 -1.999885E+00 -3.053960E-01 -3.053960E-01
   118     9727.4428    7.85854970  9.586630E+08  5.817347E+08  5.863523E+30
        6.989801E+00  2.290425E+01  6.320302E+00  0.0000000000  0.000000E+00
        9.538526E+26 -9.999860E+00 -1.999885E+00 -3.053960E-01 -3.053960E-01
   119     9651.4143    7.85890965  9.582658E+08  5.942532E+08  5.677639E+30
        6.983790E+00  2.290437E+01  6.320394E+00  0.0000000000  0.000000E+00
        8.467830E+26 -9.999860E+00 -1.999885E+00 -3.053960E-01 -3.053960E-01
   120     9574.6170    7.85927045  9.578678E+08  6.072390E+08  5.494508E+30
        6.977672E+00  2.290450E+01  6.320486E+00  0.0000000000  0.000000E+00
        7.506366E+26 -9.999860E+00 -1.999885E+00 -3.053960E-01 -3.053960E-01
   121     9497.3101    7.85963094  9.574704E+08  6.206678E+08  5.314778E+30
        6.971467E+00  2.290463E+01  6.320575E+00  0.0000000000  0.000000E+00
        6.647247E+26 -9.999860E+00 -1.999885E+00 -3.053960E-01 -3.053960E-01
   122     9419.6241    7.85999070  9.570739E+08  6.345358E+08  5.138747E+30
        6.965185E+00  2.290475E+01  6.320663E+00  0.0000000000  0.000000E+00
        5.881762E+26 -9.999860E+00 -1.999885E+00 -3.053960E-01 -3.053960E-01
   123     9341.6951    7.86034936  9.566788E+08  6.488376E+08  4.966690E+30
        6.958835E+00  2.290487E+01  6.320749E+00  0.0000000000  0.000000E+00
        5.201468E+26 -9.999860E+00 -1.999885E+00 -3.053960E-01 -3.053960E-01
   124     9263.6559    7.86070649  9.562855E+08  6.635669E+08  4.798846E+30
        6.952426E+00  2.290499E+01  6.320834E+00  0.0000000000  0.000000E+00
        4.598294E+26 -9.999860E+00 -1.999885E+00 -3.053960E-01 -3.053960E-01
   125     9185.6279    7.86106187  9.558943E+08  6.787183E+08  4.635399E+30
        6.945967E+00  2.290511E+01  6.320918E+00  0.0000000000  0.000000E+00
        4.064449E+26 -9.999860E+00 -1.999885E+00 -3.053960E-01 -3.053960E-01
   126     9107.7338    7.86141507  9.555057E+08  6.942818E+08  4.476513E+30
        6.939468E+00  2.290522E+01  6.321000E+00  0.0000000000  0.000000E+00
        3.592853E+26 -9.999860E+00 -1.999885E+00 -3.053960E-01 -3.053960E-01
   127     9030.0770    7.86176576  9.551200E+08  7.102499E+08  4.322288E+30
        6.932936E+00  2.290534E+01  6.321081E+00  0.0000000000  0.000000E+00
        3.176811E+26 -9.999860E+00 -1.999885E+00 -3.053960E-01 -3.053960E-01
   128     8952.6773    7.86211505  9.547360E+08  7.266309E+08  4.172634E+30
        6.926374E+00  2.290545E+01  6.321161E+00  0.0000000000  0.000000E+00
        2.809838E+26 -9.999860E+00 -1.999885E+00 -3.053960E-01 -3.053960E-01
   129     8875.9523    7.86246128  9.543555E+08  7.433473E+08  4.028211E+30
        6.919816E+00  2.290556E+01  6.321241E+00  0.0000000000  0.000000E+00
        2.487695E+26 -9.999860E+00 -1.999885E+00 -3.053960E-01 -3.053960E-01
   130     8799.9006    7.86280501  9.539779E+08  7.604042E+08  3.888836E+30
        6.913263E+00  2.290568E+01  6.321320E+00  0.0000000000  0.000000E+00
        2.204694E+26 -9.999860E+00 -1.999885E+00 -3.053960E-01 -3.053960E-01
   131     8724.6395    7.86314585  9.536036E+08  7.777799E+08  3.754549E+30
        6.906724E+00  2.290579E+01  6.321399E+00  0.0000000000  0.000000E+00
        1.956238E+26 -9.999860E+00 -1.999885E+00 -3.053960E-01 -3.053960E-01
   132     8650.1743    7.86348320  9.532333E+08  7.954763E+08  3.625182E+30
        6.900201E+00  2.290590E+01  6.321479E+00  0.0000000000  0.000000E+00
        1.737913E+26 -9.999860E+00 -1.999885E+00 -3.053960E-01 -3.053960E-01
   133     8576.3971    7.86381661  9.528675E+08  8.135218E+08  3.500391E+30
        6.893687E+00  2.290601E+01  6.321558E+00  0.0000000000  0.000000E+00
        1.545575E+26 -9.999860E+00 -1.999885E+00 -3.053960E-01 -3.053960E-01
   134     8503.2018    7.86414548  9.525068E+08  8.319481E+08  3.379855E+30
        6.887172E+00  2.290611E+01  6.321635E+00  0.0000000000  0.000000E+00
        1.375814E+26 -9.999860E+00 -1.999885E+00 -3.053960E-01 -3.053960E-01
   135     8430.3947    7.86447134  9.521495E+08  8.508158E+08  3.263127E+30
        6.880639E+00  2.290622E+01  6.321713E+00  0.0000000000  0.000000E+00
        1.225440E+26 -9.999860E+00 -1.999885E+00 -3.053960E-01 -3.053960E-01
   136     8358.1893    7.86479292  9.517971E+08  8.700797E+08  3.150428E+30
        6.874107E+00  2.290632E+01  6.321789E+00  0.0000000000  0.000000E+00
        1.092532E+26 -9.999860E+00 -1.999885E+00 -3.053960E-01 -3.053960E-01
   137     8286.4591    7.86511098  9.514486E+08  8.897846E+08  3.041435E+30
        6.867566E+00  2.290643E+01  6.321864E+00  0.0000000000  0.000000E+00
        9.747517E+25 -9.999860E+00 -1.999885E+00 -3.053960E-01 -3.053960E-01
   138     8215.1845    7.86542558  9.511040E+08  9.099477E+08  2.936009E+30
        6.861012E+00  2.290653E+01  6.321938E+00  0.0000000000  0.000000E+00
        8.702724E+25 -9.999860E+00 -1.999885E+00 -3.053960E-01 -3.053960E-01
   139     8144.3211    7.86573661  9.507635E+08  9.305945E+08  2.833979E+30
        6.854441E+00  2.290663E+01  6.322012E+00  0.0000000000  0.000000E+00
        7.774703E+25 -9.999860E+00 -1.999885E+00 -3.053960E-01 -3.053960E-01
   140     8073.7578    7.86604529  9.504257E+08  9.517741E+08  2.735087E+30
        6.847843E+00  2.290673E+01  6.322085E+00  0.0000000000  0.000000E+00
        6.948567E+25 -9.999860E+00 -1.999885E+00 -3.053960E-01 -3.053960E-01
   141     8003.7062    7.86635039  9.500919E+08  9.734364E+08  2.639537E+30
        6.841237E+00  2.290683E+01  6.322157E+00  0.0000000000  0.000000E+00
        6.214849E+25 -9.999860E+00 -1.999885E+00 -3.053960E-01 -3.053960E-01
   142     7934.0703    7.86665228  9.497617E+08  9.956247E+08  2.547097E+30
        6.834614E+00  2.290693E+01  6.322228E+00  0.0000000000  0.000000E+00
        5.561481E+25 -9.999860E+00 -1.999885E+00 -3.053960E-01 -3.053960E-01
   143     7864.8787    7.86695080  9.494354E+08  1.018344E+09  2.457712E+30
        6.827975E+00  2.290702E+01  6.322298E+00  0.0000000000  0.000000E+00
        4.980118E+25 -9.999860E+00 -1.999885E+00 -3.053960E-01 -3.053960E-01
   144     7796.1700    7.86724577  9.491130E+08  1.041594E+09  2.371336E+30
        6.821325E+00  2.290712E+01  6.322368E+00  0.0000000000  0.000000E+00
        4.462434E+25 -9.999860E+00 -1.999885E+00 -3.053960E-01 -3.053960E-01
   145     7727.8515    7.86753896  9.487927E+08  1.065428E+09  2.287756E+30
        6.814655E+00  2.290722E+01  6.322438E+00  0.0000000000  0.000000E+00
        4.000495E+25 -9.999860E+00 -1.999885E+00 -3.053960E-01 -3.053960E-01
   146     7660.1248    7.86782946  9.484754E+08  1.089786E+09  2.207128E+30
        6.807983E+00  2.290732E+01  6.322511E+00  0.0000000000  0.000000E+00
        3.589227E+25 -9.999860E+00 -1.999885E+00 -3.053960E-01 -3.053960E-01
   147     7592.9376    7.86811732  9.481611E+08  1.114696E+09  2.129294E+30
        6.801307E+00  2.290742E+01  6.322585E+00  0.0000000000  0.000000E+00
        3.222231E+25 -9.999860E+00 -1.999885E+00 -3.053960E-01 -3.053960E-01
   148     7526.3252    7.86840192  9.478505E+08  1.140152E+09  2.054204E+30
        6.794631E+00  2.290752E+01  6.322660E+00  0.0000000000  0.000000E+00
        2.895196E+25 -9.999860E+00 -1.999885E+00 -3.053960E-01 -3.053960E-01
   149     7460.2650    7.86868362  9.475432E+08  1.166176E+09  1.981742E+30
        6.787952E+00  2.290762E+01  6.322735E+00  0.0000000000  0.000000E+00
        2.603184E+25 -9.999860E+00 -1.999885E+00 -3.053960E-01 -3.053960E-01
   150     7394.9450    7.86896120  9.472404E+08  1.192694E+09  1.912019E+30
        6.781292E+00  2.290773E+01  6.322810E+00  0.0000000000  0.000000E+00
        2.342955E+25 -9.999860E+00 -1.999885E+00 -3.053960E-01 -3.053960E-01
   151     7330.3453    7.86923444  9.469425E+08  1.219722E+09  1.844917E+30
        6.774648E+00  2.290783E+01  6.322883E+00  0.0000000000  0.000000E+00
        2.110752E+25 -9.999860E+00 -1.999885E+00 -3.053960E-01 -3.053960E-01
   152     7266.4753    7.86950367  9.466490E+08  1.247254E+09  1.780349E+30
        6.768024E+00  2.290792E+01  6.322954E+00  0.0000000000  0.000000E+00
        1.903165E+25 -9.999860E+00 -1.999885E+00 -3.053960E-01 -3.053960E-01
   153     7203.5385    7.86976774  9.463612E+08  1.275200E+09  1.718420E+30
        6.761441E+00  2.290802E+01  6.323023E+00  0.0000000000  0.000000E+00
        1.718358E+25 -9.999860E+00 -1.999885E+00 -3.053960E-01 -3.053960E-01
   154     7141.5248    7.87002660  9.460792E+08  1.303560E+09  1.659017E+30
        6.754900E+00  2.290811E+01  6.323088E+00  0.0000000000  0.000000E+00
        1.553422E+25 -9.999860E+00 -1.999885E+00 -3.053960E-01 -3.053960E-01
   155     7080.4961    7.87028061  9.458026E+08  1.332296E+09  1.602093E+30
        6.748409E+00  2.290819E+01  6.323149E+00  0.0000000000  0.000000E+00
        1.406177E+25 -9.999860E+00 -1.999885E+00 -3.053960E-01 -3.053960E-01
   156     7020.6704    7.87052920  9.455320E+08  1.361298E+09  1.547743E+30
        6.741991E+00  2.290827E+01  6.323206E+00  0.0000000000  0.000000E+00
        1.275009E+25 -9.999860E+00 -1.999885E+00 -3.053960E-01 -3.053960E-01
   157     6962.1249    7.87077328  9.452663E+08  1.390510E+09  1.495917E+30
        6.735658E+00  2.290834E+01  6.323260E+00  0.0000000000  0.000000E+00
        1.158128E+25 -9.999860E+00 -1.999885E+00 -3.053960E-01 -3.053960E-01
   158     6904.9397    7.87101397  9.450044E+08  1.419876E+09  1.446569E+30
        6.729419E+00  2.290842E+01  6.323313E+00  0.0000000000  0.000000E+00
        1.053944E+25 -9.999860E+00 -1.999885E+00 -3.053960E-01 -3.053960E-01
   159     6849.3102    7.87125071  9.447469E+08  1.449270E+09  1.399749E+30
        6.723297E+00  2.290849E+01  6.323363E+00  0.0000000000  0.000000E+00
        9.612370E+24 -9.999860E+00 -1.999885E+00 -3.053960E-01 -3.053960E-01
   160     6795.2780    7.87148454  9.444926E+08  1.478648E+09  1.355370E+30
        6.717297E+00  2.290856E+01  6.323412E+00  0.0000000000  0.000000E+00
        8.786271E+24 -9.999860E+00 -1.999885E+00 -3.053960E-01 -3.053960E-01
   161     6743.0774    7.87171490  9.442421E+08  1.507846E+09  1.313504E+30
        6.711446E+00  2.290862E+01  6.323458E+00  0.0000000000  0.000000E+00
        8.051884E+24 -9.999860E+00 -1.999885E+00 -3.053960E-01 -3.053960E-01
   162     6692.7357    7.87194259  9.439946E+08  1.536814E+09  1.274048E+30
        6.705747E+00  2.290868E+01  6.323503E+00  0.0000000000  0.000000E+00
        7.397989E+24 -9.999860E+00 -1.999885E+00 -3.053960E-01 -3.053960E-01
   163     6644.3903    7.87216738  9.437503E+08  1.565434E+09  1.236992E+30
        6.700217E+00  2.290874E+01  6.323546E+00  0.0000000000  0.000000E+00
        6.816111E+24 -9.999860E+00 -1.999885E+00 -3.053960E-01 -3.053960E-01
   164     6598.0723    7.87238975  9.435088E+08  1.593656E+09  1.202243E+30
        6.694857E+00  2.290880E+01  6.323587E+00  0.0000000000  0.000000E+00
        6.297422E+24 -9.999860E+00 -1.999885E+00 -3.053960E-01 -3.053960E-01
   165     6553.8425    7.87260937  9.432702E+08  1.621402E+09  1.169737E+30
        6.689674E+00  2.290886E+01  6.323627E+00  0.0000000000  0.000000E+00
        5.835167E+24 -9.999860E+00 -1.999885E+00 -3.053960E-01 -3.053960E-01
   166     6511.7017    7.87282571  9.430353E+08  1.648634E+09  1.139373E+30
        6.684668E+00  2.290891E+01  6.323664E+00  0.0000000000  0.000000E+00
        5.421403E+24 -9.999860E+00 -1.999885E+00 -3.053960E-01 -3.053960E-01
   167     6471.5645    7.87303968  9.428030E+08  1.675398E+09  1.110992E+30
        6.679822E+00  2.290896E+01  6.323700E+00  0.0000000000  0.000000E+00
        5.049679E+24 -9.999860E+00 -1.999885E+00 -3.053960E-01 -3.053960E-01
   168     6432.3662    7.87325562  9.425687E+08  1.702398E+09  1.083780E+30
        6.675006E+00  2.290901E+01  6.323736E+00  0.0000000000  0.000000E+00
        4.706149E+24 -9.999860E+00 -1.999885E+00 -3.053960E-01 -3.053960E-01
   169     6376.2255    7.87357557  9.422215E+08  1.742898E+09  1.045665E+30
        6.667934E+00  2.290908E+01  6.323787E+00  0.0000000000  0.000000E+00
        4.244672E+24 -9.999860E+00 -1.999885E+00 -3.053960E-01 -3.053960E-01
   170     6297.8756    7.87403789  9.417202E+08  1.803648E+09  9.941502E+29
        6.657638E+00  2.290918E+01  6.323859E+00  0.0000000000  0.000000E+00
        3.653605E+24 -9.999860E+00 -1.999885E+00 -3.053960E-01 -3.053960E-01
   171     6207.3607    7.87458511  9.411271E+08  1.881036E+09  9.370363E+29
        6.644955E+00  2.290928E+01  6.323934E+00  0.0000000000  0.000000E+00
        3.039046E+24 -9.999860E+00 -1.999885E+00 -3.053960E-01 -3.053960E-01
   172     6123.8307    7.87511845  9.405494E+08  1.961640E+09  8.865186E+29
        6.632141E+00  2.290937E+01  6.323997E+00  0.0000000000  0.000000E+00
        2.523928E+24 -9.999860E+00 -1.999885E+00 -3.053960E-01 -3.053960E-01
   173     6048.2533    7.87565198  9.399718E+08  2.046234E+09  8.425225E+29
        6.619040E+00  2.290946E+01  6.324056E+00  0.0000000000  0.000000E+00
        2.087850E+24 -9.999860E+00 -1.999885E+00 -3.053960E-01 -3.053960E-01
   174     5980.1642    7.87617809  9.394026E+08  2.134790E+09  8.042442E+29
        6.605612E+00  2.290954E+01  6.324115E+00  0.0000000000  0.000000E+00
        1.719224E+24 -9.999860E+00 -1.999885E+00 -3.053960E-01 -3.053960E-01
   175     5916.4453    7.87669632  9.388423E+08  2.228538E+09  7.695923E+29
        6.591633E+00  2.290964E+01  6.324183E+00  0.0000000000  0.000000E+00
        1.404963E+24 -9.999860E+00 -1.999885E+00 -3.053960E-01 -3.053960E-01
   176     5854.3301    7.87720467  9.382930E+08  2.327930E+09  7.369156E+29
        6.577011E+00  2.290976E+01  6.324269E+00  0.0000000000  0.000000E+00
        1.138254E+24 -9.999860E+00 -1.999885E+00 -3.053960E-01 -3.053960E-01
   177     5792.3119    7.87770246  9.377554E+08  2.433242E+09  7.053731E+29
        6.561694E+00  2.290990E+01  6.324372E+00  0.0000000000  0.000000E+00
        9.137331E+23 -9.999860E+00 -1.999885E+00 -3.053960E-01 -3.053960E-01
   178     5731.2796    7.87819006  9.372291E+08  2.543858E+09  6.753516E+29
        6.545758E+00  2.291005E+01  6.324485E+00  0.0000000000  0.000000E+00
        7.275815E+23 -9.999860E+00 -1.999885E+00 -3.053960E-01 -3.053960E-01
   179     5673.0528    7.87866629  9.367154E+08  2.658560E+09  6.476116E+29
        6.529346E+00  2.291021E+01  6.324599E+00  0.0000000000  0.000000E+00
        5.758025E+23 -9.999860E+00 -1.999885E+00 -3.053960E-01 -3.053960E-01
   180     5590.8300    7.87934854  9.359800E+08  2.838560E+09  6.099163E+29
        6.505558E+00  2.291042E+01  6.324777E+00  0.0027195760 -1.182706E-03
        3.997038E+23 -9.999860E+00 -1.999885E+00 -3.053960E-01 -3.053960E-01
   181     5524.0325    7.87988038  9.354070E+08  3.018560E+09  5.805747E+29
        6.489418E+00  2.291058E+01  6.324892E+00  0.0432334304 -1.919401E-02
        2.930821E+23 -9.999860E+00 -1.999885E+00 -3.053960E-01 -3.053960E-01
   182     5468.7027    7.88031064  9.349438E+08  3.198560E+09  5.571091E+29
        6.470277E+00  2.291073E+01  6.325000E+00  0.1016097432 -4.653497E-02
        2.216652E+23 -9.999860E+00 -1.999885E+00 -3.053960E-01 -3.053960E-01
   183     5420.5308    7.88068341  9.345426E+08  3.378560E+09  5.372760E+29
        6.452556E+00  2.291088E+01  6.325103E+00  0.1630793492 -7.731572E-02
        1.700444E+23 -9.999860E+00 -1.999885E+00 -3.053960E-01 -3.053960E-01
   184     5375.5191    7.88102946  9.341704E+08  3.558560E+09  5.192372E+29
        6.435106E+00  2.291102E+01  6.325203E+00  0.2294771511 -1.132145E-01
        1.307919E+23 -9.999860E+00 -1.999885E+00 -3.053960E-01 -3.053960E-01
   185     5329.9926    7.88136927  9.338050E+08  3.738560E+09  5.014767E+29
        6.417006E+00  2.291115E+01  6.325301E+00  0.2966027555 -1.527993E-01
        9.890328E+22 -9.999860E+00 -1.999885E+00 -3.053960E-01 -3.053960E-01
   186     5284.9280    7.88169616  9.334536E+08  3.918560E+09  4.843661E+29
        6.398921E+00  2.291129E+01  6.325395E+00  0.3646090884 -1.969590E-01
        7.477321E+22 -9.999860E+00 -1.999885E+00 -3.053960E-01 -3.053960E-01
   187     5239.7435    7.88200001  9.331271E+08  4.098560E+09  4.676853E+29
        6.381186E+00  2.291141E+01  6.325479E+00  0.4257371620 -2.408893E-01
        5.670601E+22 -9.999860E+00 -1.999885E+00 -3.053960E-01 -3.053960E-01
   188     5192.1939    7.88229665  9.328085E+08  4.278560E+09  4.506305E+29
        6.362777E+00  2.291153E+01  6.325561E+00  0.4883898559 -2.910609E-01
        4.246616E+22 -9.999860E+00 -1.999885E+00 -3.053960E-01 -3.053960E-01
   189     5140.7507    7.88258837  9.324953E+08  4.458560E+09  4.327443E+29
        6.343517E+00  2.291164E+01  6.325641E+00  0.5515306682 -3.482673E-01
        3.143403E+22 -9.999860E+00 -1.999885E+00 -3.053960E-01 -3.053960E-01
   190     5085.8521    7.88286481  9.321985E+08  4.638560E+09  4.142893E+29
        6.323983E+00  2.291176E+01  6.325720E+00  0.6089532992 -4.077714E-01
        2.316908E+22 -9.999860E+00 -1.999885E+00 -3.053960E-01 -3.053960E-01
   191     5032.1238    7.88309620  9.319502E+08  4.800560E+09  3.968466E+29
        6.306217E+00  2.291186E+01  6.325792E+00  0.6550348727 -4.622248E-01
        1.761066E+22 -9.999860E+00 -1.999885E+00 -3.053960E-01 -3.053960E-01
   192     4973.5846    7.88330986  9.317210E+08  4.957720E+09  3.785138E+29
        6.288392E+00  2.291196E+01  6.325862E+00  0.6998362599 -5.226418E-01
        1.313725E+22 -9.999860E+00 -1.999885E+00 -3.053960E-01 -3.053960E-01
   193     4910.8920    7.88350469  9.315120E+08  5.109672E+09  3.596255E+29
        6.270516E+00  2.291204E+01  6.325924E+00  0.7382314927 -5.820826E-01
        9.701384E+21 -9.999860E+00 -1.999885E+00 -3.053960E-01 -3.053960E-01
   194     4847.7511    7.88367973  9.313243E+08  5.257088E+09  3.413463E+29
        6.253081E+00  2.291212E+01  6.325977E+00  0.7704727221 -6.391657E-01
        7.199068E+21 -9.999860E+00 -1.999885E+00 -3.053960E-01 -3.053960E-01
   195     4779.0569    7.88385866  9.311325E+08  5.405582E+09  3.222729E+29
        6.234900E+00  2.291219E+01  6.326028E+00  0.8054958072 -7.110710E-01
        5.242897E+21 -9.999860E+00 -1.999885E+00 -3.053960E-01 -3.053960E-01
   196     4712.4651    7.88402046  9.309591E+08  5.548098E+09  3.045690E+29
        6.217387E+00  2.291226E+01  6.326072E+00  0.8303099477 -7.703436E-01
        3.859755E+21 -9.999860E+00 -1.999885E+00 -3.053960E-01 -3.053960E-01
   197     4644.0363    7.88417494  9.307935E+08  5.692082E+09  2.871581E+29
        6.199590E+00  2.291232E+01  6.326112E+00  0.8574944624 -8.461683E-01
        2.826338E+21 -9.999860E+00 -1.999885E+00 -3.053960E-01 -3.053960E-01
   198     4573.4988    7.88431881  9.306393E+08  5.835254E+09  2.700157E+29
        6.181470E+00  2.291237E+01  6.326149E+00  0.8791341896 -9.176965E-01
        2.050516E+21 -9.999860E+00 -1.999885E+00 -3.053960E-01 -3.053960E-01
   199     4505.2280    7.88444554  9.305036E+08  5.972598E+09  2.541764E+29
        6.163624E+00  2.291240E+01  6.326170E+00  0.8991036618 -9.961246E-01
        1.491881E+21 -9.999860E+00 -1.999885E+00 -3.053960E-01 -3.053960E-01
   200     4441.8165    7.88455305  9.303884E+08  6.104574E+09  2.401060E+29
        6.146378E+00  2.291241E+01  6.326171E+00  0.9143755265 -1.067402E+00
        1.105275E+21 -9.999860E+00 -1.999885E+00 -3.053960E-01 -3.053960E-01
   201     4379.4881    7.88465515  9.302790E+08  6.236180E+09  2.268568E+29
        6.129115E+00  2.291240E+01  6.326167E+00  0.9283225393 -1.144617E+00
        8.166116E+20 -9.999860E+00 -1.999885E+00 -3.053960E-01 -3.053960E-01
   202     4317.8986    7.88475649  9.301705E+08  6.366486E+09  2.143122E+29
        6.111950E+00  2.291241E+01  6.326173E+00  0.9384758708 -1.210955E+00
        6.068430E+20 -9.999860E+00 -1.999885E+00 -3.053960E-01 -3.053960E-01
   203     4256.2364    7.88486561  9.300537E+08  6.496180E+09  2.022791E+29
        6.094776E+00  2.291245E+01  6.326201E+00  0.9498492048 -1.299722E+00
        4.493457E+20 -9.999860E+00 -1.999885E+00 -3.053960E-01 -3.053960E-01
   204     4194.2399    7.88498020  9.299310E+08  6.625436E+09  1.906982E+29
        6.077598E+00  2.291254E+01  6.326265E+00  0.9578464211 -1.375166E+00
        3.345901E+20 -9.999860E+00 -1.999885E+00 -3.053960E-01 -3.053960E-01
   205     4129.9042    7.88510097  9.298017E+08  6.754750E+09  1.792143E+29
        6.060167E+00  2.291265E+01  6.326353E+00  0.9664031461 -1.473701E+00
        2.476472E+20 -9.999860E+00 -1.999885E+00 -3.053960E-01 -3.053960E-01
   206     4070.2956    7.88520911  9.296859E+08  6.880188E+09  1.690473E+29
        6.043266E+00  2.291276E+01  6.326435E+00  0.9720622662 -1.553809E+00
        1.858936E+20 -9.999860E+00 -1.999885E+00 -3.053960E-01 -3.053960E-01
   207     4006.4027    7.88531244  9.295753E+08  7.009698E+09  1.586425E+29
        6.025641E+00  2.291283E+01  6.326495E+00  0.9778159568 -1.653959E+00
        1.384146E+20 -9.999860E+00 -1.999885E+00 -3.053960E-01 -3.053960E-01
   208     3948.0048    7.88539796  9.294838E+08  7.134194E+09  1.495637E+29
        6.008694E+00  2.291287E+01  6.326522E+00  0.9815532295 -1.734080E+00
        1.039999E+20 -9.999860E+00 -1.999885E+00 -3.053960E-01 -3.053960E-01
   209     3887.1193    7.88548883  9.293866E+08  7.262238E+09  1.405194E+29
        5.991235E+00  2.291292E+01  6.326554E+00  0.9853522836 -1.834230E+00
        7.780564E+19 -9.999860E+00 -1.999885E+00 -3.053960E-01 -3.053960E-01
   210     3823.7096    7.88557905  9.292901E+08  7.389522E+09  1.315449E+29
        5.973709E+00  2.291296E+01  6.326586E+00  0.9872450227 -1.894320E+00
        5.839398E+19 -9.999860E+00 -1.999885E+00 -3.053960E-01 -3.053960E-01
   211     3762.8446    7.88565806  9.292055E+08  7.513910E+09  1.233448E+29
        5.956511E+00  2.291300E+01  6.326614E+00  0.9878199348 -1.914350E+00
        4.398290E+19 -9.999860E+00 -1.999885E+00 -3.053960E-01 -3.053960E-01
   212     3700.8903    7.88572628  9.291325E+08  7.642474E+09  1.154017E+29
        5.938777E+00  2.291303E+01  6.326632E+00  0.9878199348 -1.914350E+00
        3.304035E+19 -9.999860E+00 -1.999885E+00 -3.053960E-01 -3.053960E-01
   213     3635.6348    7.88578439  9.290704E+08  7.775912E+09  1.074608E+29
        5.920423E+00  2.291304E+01  6.326638E+00  0.9883689334 -1.934380E+00
        2.458291E+19 -9.999860E+00 -1.999885E+00 -3.053960E-01 -3.053960E-01
   214     3569.9902    7.88583291  9.290185E+08  7.911878E+09  9.989616E+28
        5.901845E+00  2.291303E+01  6.326635E+00  0.9883689334 -1.934380E+00
        1.825229E+19 -9.999860E+00 -1.999885E+00 -3.053960E-01 -3.053960E-01
   215     3503.5618    7.88587838  9.289699E+08  8.052868E+09  9.265618E+28
        5.882814E+00  2.291303E+01  6.326631E+00  0.9883689334 -1.934380E+00
        1.350541E+19 -9.999860E+00 -1.999885E+00 -3.053960E-01 -3.053960E-01
   216     3433.2486    7.88592955  9.289151E+08  8.199938E+09  8.542895E+28
        5.863123E+00  2.291304E+01  6.326637E+00  0.9883689334 -1.934380E+00
        9.866445E+18 -9.999860E+00 -1.999885E+00 -3.053960E-01 -3.053960E-01
   217     3363.6056    7.88598232  9.288587E+08  8.348628E+09  7.869580E+28
        5.843406E+00  2.291306E+01  6.326649E+00  0.9883689334 -1.934380E+00
        7.213602E+18 -9.999860E+00 -1.999885E+00 -3.053960E-01 -3.053960E-01
   218     3292.8049    7.88603324  9.288043E+08  8.502344E+09  7.226773E+28
        5.823250E+00  2.291307E+01  6.326658E+00  0.9888931867 -1.954411E+00
        5.249782E+18 -9.999860E+00 -1.999885E+00 -3.053960E-01 -3.053960E-01
   219     3221.0877    7.88608105  9.287531E+08  8.660698E+09  6.616720E+28
        5.802735E+00  2.291308E+01  6.326666E+00  0.9888931867 -1.954411E+00
        3.795599E+18 -9.999860E+00 -1.999885E+00 -3.053960E-01 -3.053960E-01
   220     3148.7034    7.88612523  9.287059E+08  8.823652E+09  6.041091E+28
        5.781877E+00  2.291310E+01  6.326674E+00  0.9888931867 -1.954411E+00
        2.727832E+18 -9.999860E+00 -1.999885E+00 -3.053960E-01 -3.053960E-01
   221     3077.2148    7.88616452  9.286639E+08  8.990930E+09  5.510365E+28
        5.760827E+00  2.291311E+01  6.326681E+00  0.9888931867 -1.954411E+00
        1.959140E+18 -9.999860E+00 -1.999885E+00 -3.053960E-01 -3.053960E-01
   222     3002.9322    7.88620171  9.286241E+08  9.164538E+09  4.996823E+28
        5.739191E+00  2.291311E+01  6.326682E+00  0.9888931867 -1.954411E+00
        1.393892E+18 -9.999860E+00 -1.999885E+00 -3.053960E-01 -3.053960E-01
   223     2930.7553    7.88623766  9.285857E+08  9.338998E+09  4.533089E+28
        5.717698E+00  2.291311E+01  6.326683E+00  0.9888931867 -1.954411E+00
        9.942084E+17 -9.999860E+00 -1.999885E+00 -3.053960E-01 -3.053960E-01
   224     2858.7820    7.88627534  9.285454E+08  9.517958E+09  4.103575E+28
        5.695904E+00  2.291312E+01  6.326689E+00  0.9888931867 -1.954411E+00
        7.051677E+17 -9.999860E+00 -1.999885E+00 -3.053960E-01 -3.053960E-01
   225     2787.3569    7.88631172  9.285065E+08  9.700474E+09  3.708278E+28
        5.673936E+00  2.291313E+01  6.326693E+00  0.9893938100 -1.974441E+00
        4.984502E+17 -9.999860E+00 -1.999885E+00 -3.053960E-01 -3.053960E-01
   226     2716.8003    7.88634516  9.284708E+08  9.886164E+09  3.346565E+28
        5.651843E+00  2.291313E+01  6.326696E+00  0.9893938100 -1.974441E+00
        3.511258E+17 -9.999860E+00 -1.999885E+00 -3.053960E-01 -3.053960E-01
   227     2647.2155    7.88637733  9.284364E+08  1.007471E+10  3.016431E+28
        5.629643E+00  2.291313E+01  6.326698E+00  0.9893938100 -1.974441E+00
        2.467643E+17 -9.999860E+00 -1.999885E+00 -3.053960E-01 -3.053960E-01
   228     2578.7052    7.88640982  9.284017E+08  1.026581E+10  2.715880E+28
        5.607340E+00  2.291314E+01  6.326703E+00  0.9893938100 -1.974441E+00
        1.729149E+17 -9.999860E+00 -1.999885E+00 -3.053960E-01 -3.053960E-01
   229     2512.9532    7.88643933  9.283701E+08  1.045901E+10  2.449130E+28
        5.585189E+00  2.291314E+01  6.326704E+00  0.9893938100 -1.974441E+00
        1.213517E+17 -9.999860E+00 -1.999885E+00 -3.053960E-01 -3.053960E-01
   230     2445.3451    7.88646763  9.283399E+08  1.065739E+10  2.195870E+28
        5.562461E+00  2.291314E+01  6.326704E+00  0.9893938100 -1.974441E+00
        8.420898E+16 -9.999860E+00 -1.999885E+00 -3.053960E-01 -3.053960E-01
   231     2381.1882    7.88649318  9.283126E+08  1.085281E+10  1.974219E+28
        5.540160E+00  2.291315E+01  6.326706E+00  0.9893938100 -1.974441E+00
        5.879365E+16 -9.999860E+00 -1.999885E+00 -3.053960E-01 -3.053960E-01
   232     2318.3186    7.88651700  9.282871E+08  1.105000E+10  1.773736E+28
        5.517753E+00  2.291315E+01  6.326708E+00  0.9893938100 -1.974441E+00
        4.091642E+16 -9.999860E+00 -1.999885E+00 -3.053960E-01 -3.053960E-01
   233     2257.0015    7.88653884  9.282638E+08  1.124779E+10  1.593317E+28
        5.495371E+00  2.291315E+01  6.326707E+00  0.9898718684 -1.994471E+00
        2.845518E+16 -9.999860E+00 -1.999885E+00 -3.053960E-01 -3.053960E-01
   234     2197.2896    7.88656007  9.282411E+08  1.144589E+10  1.431208E+28
        5.473015E+00  2.291315E+01  6.326707E+00  0.9898718684 -1.994471E+00
        1.977202E+16 -9.999860E+00 -1.999885E+00 -3.053960E-01 -3.053960E-01
   235     2139.1938    7.88658222  9.282174E+08  1.164376E+10  1.285677E+28
        5.450679E+00  2.291315E+01  6.326709E+00  0.9898718684 -1.994471E+00
        1.372071E+16 -9.999860E+00 -1.999885E+00 -3.053960E-01 -3.053960E-01
   236     2082.8311    7.88660364  9.281945E+08  1.184096E+10  1.155384E+28
        5.428405E+00  2.291315E+01  6.326710E+00  0.9898718684 -1.994471E+00
        9.519136E+15 -9.999860E+00 -1.999885E+00 -3.053960E-01 -3.053960E-01
   237     2029.9747    7.88662353  9.281733E+08  1.203733E+10  1.042444E+28
        5.406620E+00  2.291315E+01  6.326711E+00  0.9898718684 -1.994471E+00
        6.653160E+15 -9.999860E+00 -1.999885E+00 -3.053960E-01 -3.053960E-01
   238     1974.8319    7.88664422  9.281511E+08  1.223826E+10  9.336626E+27
        5.383858E+00  2.291316E+01  6.326712E+00  0.9898718684 -1.994471E+00
        4.561521E+15 -9.999860E+00 -1.999885E+00 -3.053960E-01 -3.053960E-01
   239     1923.5546    7.88666138  9.281328E+08  1.243100E+10  8.403696E+27
        5.361818E+00  2.291316E+01  6.326713E+00  0.9898718684 -1.994471E+00
        3.163041E+15 -9.999860E+00 -1.999885E+00 -3.053960E-01 -3.053960E-01
   240     1873.8032    7.88667623  9.281169E+08  1.262246E+10  7.567167E+27
        5.339780E+00  2.291316E+01  6.326712E+00  0.9903283790 -2.014501E+00
        2.189807E+15 -9.999860E+00 -1.999885E+00 -3.053960E-01 -3.053960E-01
   241     1825.6143    7.88669023  9.281020E+08  1.281201E+10  6.818040E+27
        5.317797E+00  2.291316E+01  6.326712E+00  0.9903283790 -2.014501E+00
        1.515230E+15 -9.999860E+00 -1.999885E+00 -3.053960E-01 -3.053960E-01
   242     1778.8987    7.88670550  9.280857E+08  1.299935E+10  6.146289E+27
        5.295824E+00  2.291316E+01  6.326712E+00  0.9903283790 -2.014501E+00
        1.047101E+15 -9.999860E+00 -1.999885E+00 -3.053960E-01 -3.053960E-01
   243     1735.8985    7.88671942  9.280708E+08  1.318387E+10  5.573032E+27
        5.274663E+00  2.291316E+01  6.326713E+00  0.9903283790 -2.014501E+00
        7.329290E+14 -9.999860E+00 -1.999885E+00 -3.053960E-01 -3.053960E-01
   244     1689.7853    7.88673410  9.280551E+08  1.337346E+10  5.003866E+27
        5.251987E+00  2.291316E+01  6.326713E+00  0.9903283790 -2.014501E+00
        4.984613E+14 -9.999860E+00 -1.999885E+00 -3.053960E-01 -3.053960E-01
   245     1647.6501    7.88674839  9.280398E+08  1.355110E+10  4.522986E+27
        5.230378E+00  2.291316E+01  6.326713E+00  0.9907643130 -2.034531E+00
        3.448755E+14 -9.999860E+00 -1.999885E+00 -3.053960E-01 -3.053960E-01
   246     1606.7417    7.88676173  9.280256E+08  1.372613E+10  4.090121E+27
        5.208723E+00  2.291316E+01  6.326713E+00  0.9907643130 -2.034531E+00
        2.380163E+14 -9.999860E+00 -1.999885E+00 -3.053960E-01 -3.053960E-01
   247     1569.7049    7.88677327  9.280133E+08  1.389755E+10  3.725739E+27
        5.188220E+00  2.291316E+01  6.326713E+00  0.9907643130 -2.034531E+00
        1.674577E+14 -9.999860E+00 -1.999885E+00 -3.053960E-01 -3.053960E-01
   248     1528.7760    7.88678598  9.279997E+08  1.407576E+10  3.351993E+27
        5.165581E+00  2.291316E+01  6.326713E+00  0.9907643130 -2.034531E+00
        1.131355E+14 -9.999860E+00 -1.999885E+00 -3.053960E-01 -3.053960E-01
   249     1491.9217    7.88679833  9.279865E+08  1.423970E+10  3.040181E+27
        5.144294E+00  2.291316E+01  6.326713E+00  0.9911805978 -2.054561E+00
        7.818007E+13 -9.999860E+00 -1.999885E+00 -3.053960E-01 -3.053960E-01
