============================================================================
  #Mod      Teff         Log(g)           R            Age            L
           Log(Tc)       Log(Pc)      Log(rhoc)       Mx/M         Log(qx)
             Lnu        Log(H/*)      Log(He/*)     Log(C/*)      Log(O/*)
============================================================================
     1    54205.6105    7.37131166  1.502554E+09  0.000000E+00  1.388893E+34
        7.869159E+00  2.233899E+01  5.949355E+00  0.0000000000  0.000000E+00
        2.471979E+33 -9.999860E+00 -1.999885E+00 -3.053960E-01 -3.053960E-01
     2    45425.2000    7.40397946  1.447092E+09  1.250000E+05  6.353478E+33
        7.864450E+00  2.234205E+01  5.951433E+00  0.0000000000  0.000000E+00
        2.432906E+33 -9.999860E+00 -1.999885E+00 -3.053960E-01 -3.053960E-01
     3    42358.0421    7.41780643  1.424238E+09  2.500000E+05  4.653082E+33
        7.860023E+00  2.234459E+01  5.953171E+00  0.0000000000  0.000000E+00
        2.387209E+33 -9.999860E+00 -1.999885E+00 -3.053960E-01 -3.053960E-01
     4    40633.5295    7.42657261  1.409936E+09  3.750000E+05  3.861617E+33
        7.855835E+00  2.234687E+01  5.954733E+00  0.0000000000  0.000000E+00
        2.339667E+33 -9.999860E+00 -1.999885E+00 -3.053960E-01 -3.053960E-01
     5    39448.9580    7.43311601  1.399355E+09  5.000000E+05  3.379323E+33
        7.851857E+00  2.234897E+01  5.956178E+00  0.0000000000  0.000000E+00
        2.291799E+33 -9.999860E+00 -1.999885E+00 -3.053960E-01 -3.053960E-01
     6    38548.5318    7.43841259  1.390848E+09  6.250000E+05  3.043844E+33
        7.848068E+00  2.235095E+01  5.957535E+00  0.0000000000  0.000000E+00
        2.244272E+33 -9.999860E+00 -1.999885E+00 -3.053960E-01 -3.053960E-01
     7    37533.5998    7.44480413  1.380650E+09  8.125000E+05  2.695755E+33
        7.842763E+00  2.235372E+01  5.959427E+00  0.0000000000  0.000000E+00
        2.174445E+33 -9.999860E+00 -1.999885E+00 -3.053960E-01 -3.053960E-01
     8    36507.6536    7.45170583  1.369723E+09  1.062305E+06  2.374835E+33
        7.836276E+00  2.235711E+01  5.961749E+00  0.0000000000  0.000000E+00
        2.084926E+33 -9.999860E+00 -1.999885E+00 -3.053960E-01 -3.053960E-01
     9    35518.0587    7.45876268  1.358640E+09  1.371135E+06  2.093331E+33
        7.829001E+00  2.236097E+01  5.964378E+00  0.0000000000  0.000000E+00
        1.980181E+33 -9.999860E+00 -1.999885E+00 -3.053960E-01 -3.053960E-01
    10    34568.6354    7.46588261  1.347549E+09  1.742102E+06  1.847779E+33
        7.821143E+00  2.236520E+01  5.967255E+00  0.0000000000  0.000000E+00
        1.862919E+33 -9.999860E+00 -1.999885E+00 -3.053960E-01 -3.053960E-01
    11    33655.7991    7.47301461  1.336529E+09  2.177760E+06  1.633160E+33
        7.812883E+00  2.236972E+01  5.970319E+00  0.0000000000  0.000000E+00
        1.736450E+33 -9.999860E+00 -1.999885E+00 -3.053960E-01 -3.053960E-01
    12    32784.0958    7.48008790  1.325690E+09  2.678235E+06  1.446667E+33
        7.804387E+00  2.237442E+01  5.973498E+00  0.0000000000  0.000000E+00
        1.604855E+33 -9.999860E+00 -1.999885E+00 -3.053960E-01 -3.053960E-01
    13    31939.6365    7.48708298  1.315056E+09  3.245194E+06  1.282450E+33
        7.795732E+00  2.237921E+01  5.976738E+00  0.0000000000  0.000000E+00
        1.471553E+33 -9.999860E+00 -1.999885E+00 -3.053960E-01 -3.053960E-01
    14    31126.0236    7.49389662  1.304781E+09  3.873076E+06  1.138680E+33
        7.787045E+00  2.238399E+01  5.979961E+00  0.0000000000  0.000000E+00
        1.341024E+33 -9.999860E+00 -1.999885E+00 -3.053960E-01 -3.053960E-01
    15    30345.5051    7.50047518  1.294936E+09  4.559181E+06  1.013225E+33
        7.778367E+00  2.238868E+01  5.983117E+00  0.0000000000  0.000000E+00
        1.216041E+33 -9.999860E+00 -1.999885E+00 -3.053960E-01 -3.053960E-01
    16    29599.4976    7.50679967  1.285541E+09  5.303732E+06  9.039435E+32
        7.769685E+00  2.239323E+01  5.986182E+00  0.0000000000  0.000000E+00
        1.098099E+33 -9.999860E+00 -1.999885E+00 -3.053960E-01 -3.053960E-01
    17    28878.4734    7.51289493  1.276552E+09  6.109672E+06  8.076173E+32
        7.760967E+00  2.239763E+01  5.989145E+00  0.0000000000  0.000000E+00
        9.878123E+32 -9.999860E+00 -1.999885E+00 -3.053960E-01 -3.053960E-01
    18    28181.9451    7.51873131  1.268003E+09  6.974159E+06  7.226968E+32
        7.752247E+00  2.240185E+01  5.991983E+00  0.0000000000  0.000000E+00
        8.861186E+32 -9.999860E+00 -1.999885E+00 -3.053960E-01 -3.053960E-01
    19    27517.1159    7.52429433  1.259907E+09  7.896611E+06  6.485163E+32
        7.743540E+00  2.240586E+01  5.994688E+00  0.0000000000  0.000000E+00
        7.931658E+32 -9.999860E+00 -1.999885E+00 -3.053960E-01 -3.053960E-01
    20    26873.2207    7.52964338  1.252172E+09  8.885720E+06  5.826920E+32
        7.734786E+00  2.240971E+01  5.997283E+00  0.0000000000  0.000000E+00
        7.081309E+32 -9.999860E+00 -1.999885E+00 -3.053960E-01 -3.053960E-01
    21    26251.5671    7.53476486  1.244811E+09  9.940800E+06  5.243964E+32
        7.726014E+00  2.241339E+01  5.999761E+00  0.0000000000  0.000000E+00
        6.309983E+32 -9.999860E+00 -1.999885E+00 -3.053960E-01 -3.053960E-01
    22    25653.4426    7.53966275  1.237811E+09  1.106550E+07  4.728501E+32
        7.717218E+00  2.241689E+01  6.002125E+00  0.0000000000  0.000000E+00
        5.612521E+32 -9.999860E+00 -1.999885E+00 -3.053960E-01 -3.053960E-01
    23    25078.2520    7.54435474  1.231143E+09  1.226681E+07  4.272066E+32
        7.708371E+00  2.242023E+01  6.004385E+00  0.0000000000  0.000000E+00
        4.982121E+32 -9.999860E+00 -1.999885E+00 -3.053960E-01 -3.053960E-01
    24    24520.6547    7.54886335  1.224769E+09  1.355230E+07  3.864279E+32
        7.699448E+00  2.242342E+01  6.006550E+00  0.0000000000  0.000000E+00
        4.412669E+32 -9.999860E+00 -1.999885E+00 -3.053960E-01 -3.053960E-01
    25    23986.6883    7.55317277  1.218707E+09  1.492346E+07  3.503580E+32
        7.690469E+00  2.242647E+01  6.008617E+00  0.0000000000  0.000000E+00
        3.900944E+32 -9.999860E+00 -1.999885E+00 -3.053960E-01 -3.053960E-01
    26    23470.9125    7.55731570  1.212908E+09  1.639375E+07  3.181323E+32
        7.681382E+00  2.242938E+01  6.010598E+00  0.0000000000  0.000000E+00
        3.439677E+32 -9.999860E+00 -1.999885E+00 -3.053960E-01 -3.053960E-01
    27    22971.4660    7.56129518  1.207364E+09  1.796764E+07  2.892433E+32
        7.672196E+00  2.243217E+01  6.012495E+00  0.0000000000  0.000000E+00
        3.025759E+32 -9.999860E+00 -1.999885E+00 -3.053960E-01 -3.053960E-01
    28    22489.5925    7.56510913  1.202074E+09  1.964937E+07  2.634031E+32
        7.662923E+00  2.243483E+01  6.014311E+00  0.0000000000  0.000000E+00
        2.655933E+32 -9.999860E+00 -1.999885E+00 -3.053960E-01 -3.053960E-01
    29    22024.5473    7.56876794  1.197021E+09  2.144906E+07  2.402501E+32
        7.653541E+00  2.243738E+01  6.016051E+00  0.0000000000  0.000000E+00
        2.325731E+32 -9.999860E+00 -1.999885E+00 -3.053960E-01 -3.053960E-01
    30    21575.4016    7.57228074  1.192190E+09  2.337690E+07  2.194615E+32
        7.644035E+00  2.243982E+01  6.017719E+00  0.0000000000  0.000000E+00
        2.031298E+32 -9.999860E+00 -1.999885E+00 -3.053960E-01 -3.053960E-01
    31    21142.1999    7.57565287  1.187570E+09  2.544277E+07  2.007943E+32
        7.634393E+00  2.244216E+01  6.019320E+00  0.0000000000  0.000000E+00
        1.769269E+32 -9.999860E+00 -1.999885E+00 -3.053960E-01 -3.053960E-01
    32    20724.5234    7.57889112  1.183151E+09  2.765873E+07  1.840139E+32
        7.624595E+00  2.244440E+01  6.020858E+00  0.0000000000  0.000000E+00
        1.536390E+32 -9.999860E+00 -1.999885E+00 -3.053960E-01 -3.053960E-01
    33    20321.2378    7.58200291  1.178920E+09  3.003716E+07  1.688890E+32
        7.614628E+00  2.244654E+01  6.022334E+00  0.0000000000  0.000000E+00
        1.329832E+32 -9.999860E+00 -1.999885E+00 -3.053960E-01 -3.053960E-01
    34    19931.3683    7.58499381  1.174868E+09  3.258870E+07  1.552238E+32
        7.604490E+00  2.244861E+01  6.023755E+00  0.0000000000  0.000000E+00
        1.147317E+32 -9.999860E+00 -1.999885E+00 -3.053960E-01 -3.053960E-01
    35    19554.1658    7.58786598  1.170989E+09  3.532450E+07  1.428548E+32
        7.594182E+00  2.245059E+01  6.025121E+00  0.0000000000  0.000000E+00
        9.866258E+31 -9.999860E+00 -1.999885E+00 -3.053960E-01 -3.053960E-01
    36    19189.4073    7.59062279  1.167278E+09  3.825661E+07  1.316519E+32
        7.583704E+00  2.245248E+01  6.026435E+00  0.0000000000  0.000000E+00
        8.456205E+31 -9.999860E+00 -1.999885E+00 -3.053960E-01 -3.053960E-01
    37    18836.3521    7.59327007  1.163726E+09  4.139925E+07  1.214845E+32
        7.573049E+00  2.245431E+01  6.027700E+00  0.0000000000  0.000000E+00
        7.222412E+31 -9.999860E+00 -1.999885E+00 -3.053960E-01 -3.053960E-01
    38    18494.3071    7.59581331  1.160324E+09  4.476593E+07  1.122387E+32
        7.562216E+00  2.245606E+01  6.028918E+00  0.0000000000  0.000000E+00
        6.146440E+31 -9.999860E+00 -1.999885E+00 -3.053960E-01 -3.053960E-01
    39    18162.8206    7.59825707  1.157064E+09  4.836972E+07  1.038197E+32
        7.551204E+00  2.245775E+01  6.030089E+00  0.0000000000  0.000000E+00
        5.211460E+31 -9.999860E+00 -1.999885E+00 -3.053960E-01 -3.053960E-01
    40    17841.0499    7.60060363  1.153942E+09  5.222375E+07  9.613502E+31
        7.540013E+00  2.245936E+01  6.031213E+00  0.0000000000  0.000000E+00
        4.401960E+31 -9.999860E+00 -1.999885E+00 -3.053960E-01 -3.053960E-01
    41    17528.6328    7.60285660  1.150953E+09  5.633805E+07  8.911261E+31
        7.528657E+00  2.246090E+01  6.032294E+00  0.0000000000  0.000000E+00
        3.704556E+31 -9.999860E+00 -1.999885E+00 -3.053960E-01 -3.053960E-01
    42    17225.1637    7.60502307  1.148086E+09  6.072448E+07  8.268638E+31
        7.517150E+00  2.246239E+01  6.033335E+00  0.0000000000  0.000000E+00
        3.106342E+31 -9.999860E+00 -1.999885E+00 -3.053960E-01 -3.053960E-01
    43    16929.9392    7.60711023  1.145330E+09  6.539564E+07  7.679182E+31
        7.505499E+00  2.246382E+01  6.034342E+00  0.0000000000  0.000000E+00
        2.595235E+31 -9.999860E+00 -1.999885E+00 -3.053960E-01 -3.053960E-01
    44    16642.5331    7.60912435  1.142677E+09  7.036169E+07  7.137678E+31
        7.493718E+00  2.246520E+01  6.035314E+00  0.0000000000  0.000000E+00
        2.160420E+31 -9.999860E+00 -1.999885E+00 -3.053960E-01 -3.053960E-01
    45    16362.4968    7.61107130  1.140119E+09  7.563248E+07  6.639427E+31
        7.481818E+00  2.246653E+01  6.036255E+00  0.0000000000  0.000000E+00
        1.792014E+31 -9.999860E+00 -1.999885E+00 -3.053960E-01 -3.053960E-01
    46    16089.3396    7.61295494  1.137649E+09  8.121660E+07  6.180186E+31
        7.469809E+00  2.246782E+01  6.037165E+00  0.0000000000  0.000000E+00
        1.481147E+31 -9.999860E+00 -1.999885E+00 -3.053960E-01 -3.053960E-01
    47    15822.6132    7.61477423  1.135269E+09  8.711937E+07  5.756284E+31
        7.457705E+00  2.246906E+01  6.038038E+00  0.0000000000  0.000000E+00
        1.219970E+31 -9.999860E+00 -1.999885E+00 -3.053960E-01 -3.053960E-01
    48    15562.0540    7.61652807  1.132979E+09  9.334187E+07  5.364672E+31
        7.445528E+00  2.247024E+01  6.038870E+00  0.0000000000  0.000000E+00
        1.001611E+31 -9.999860E+00 -1.999885E+00 -3.053960E-01 -3.053960E-01
    49    15307.4455    7.61821773  1.130777E+09  9.988440E+07  5.002611E+31
        7.433305E+00  2.247137E+01  6.039664E+00  0.0000000000  0.000000E+00
        8.198852E+30 -9.999860E+00 -1.999885E+00 -3.053960E-01 -3.053960E-01
    50    15058.7329    7.61984450  1.128661E+09  1.067472E+08  4.667806E+31
        7.421053E+00  2.247245E+01  6.040424E+00  0.0000000000  0.000000E+00
        6.692582E+30 -9.999860E+00 -1.999885E+00 -3.053960E-01 -3.053960E-01
    51    14815.4578    7.62141045  1.126628E+09  1.139317E+08  4.357661E+31
        7.408785E+00  2.247349E+01  6.041153E+00  0.0000000000  0.000000E+00
        5.448403E+30 -9.999860E+00 -1.999885E+00 -3.053960E-01 -3.053960E-01
    52    14577.3735    7.62291703  1.124676E+09  1.214335E+08  4.070087E+31
        7.396520E+00  2.247448E+01  6.041855E+00  0.0000000000  0.000000E+00
        4.424801E+30 -9.999860E+00 -1.999885E+00 -3.053960E-01 -3.053960E-01
    53    14344.4324    7.62436829  1.122798E+09  1.292460E+08  3.803372E+31
        7.384279E+00  2.247545E+01  6.042535E+00  0.0000000000  0.000000E+00
        3.586056E+30 -9.999860E+00 -1.999885E+00 -3.053960E-01 -3.053960E-01
    54    14116.6244    7.62576848  1.120990E+09  1.373642E+08  3.555974E+31
        7.372078E+00  2.247639E+01  6.043199E+00  0.0000000000  0.000000E+00
        2.901162E+30 -9.999860E+00 -1.999885E+00 -3.053960E-01 -3.053960E-01
    55    13894.0456    7.62711938  1.119247E+09  1.457838E+08  3.326589E+31
        7.359934E+00  2.247730E+01  6.043843E+00  0.0000000000  0.000000E+00
        2.343453E+30 -9.999860E+00 -1.999885E+00 -3.053960E-01 -3.053960E-01
    56    13676.2660    7.62842543  1.117566E+09  1.545001E+08  3.113496E+31
        7.347857E+00  2.247817E+01  6.044465E+00  0.0000000000  0.000000E+00
        1.890458E+30 -9.999860E+00 -1.999885E+00 -3.053960E-01 -3.053960E-01
    57    13463.8634    7.62968889  1.115941E+09  1.634987E+08  2.916040E+31
        7.335870E+00  2.247902E+01  6.045062E+00  0.0000000000  0.000000E+00
        1.523644E+30 -9.999860E+00 -1.999885E+00 -3.053960E-01 -3.053960E-01
    58    13256.5487    7.63091572  1.114366E+09  1.727793E+08  2.732812E+31
        7.323972E+00  2.247982E+01  6.045631E+00  0.0000000000  0.000000E+00
        1.226975E+30 -9.999860E+00 -1.999885E+00 -3.053960E-01 -3.053960E-01
    59    13054.8077    7.63210902  1.112836E+09  1.823320E+08  2.563165E+31
        7.312174E+00  2.248058E+01  6.046173E+00  0.0000000000  0.000000E+00
        9.875077E+29 -9.999860E+00 -1.999885E+00 -3.053960E-01 -3.053960E-01
    60    12858.5327    7.63327478  1.111344E+09  1.921573E+08  2.405994E+31
        7.300475E+00  2.248130E+01  6.046686E+00  0.0000000000  0.000000E+00
        7.943763E+29 -9.999860E+00 -1.999885E+00 -3.053960E-01 -3.053960E-01
    61    12667.6710    7.63441875  1.109881E+09  2.022453E+08  2.260331E+31
        7.288890E+00  2.248200E+01  6.047180E+00  0.0000000000  0.000000E+00
        6.389101E+29 -9.999860E+00 -1.999885E+00 -3.053960E-01 -3.053960E-01
    62    12482.5043    7.63554161  1.108447E+09  2.125701E+08  2.125538E+31
        7.277448E+00  2.248267E+01  6.047655E+00  0.0000000000  0.000000E+00
        5.140977E+29 -9.999860E+00 -1.999885E+00 -3.053960E-01 -3.053960E-01
    63    12303.4814    7.63663947  1.107047E+09  2.230714E+08  2.001134E+31
        7.266206E+00  2.248330E+01  6.048109E+00  0.0000000000  0.000000E+00
        4.143625E+29 -9.999860E+00 -1.999885E+00 -3.053960E-01 -3.053960E-01
    64    12132.4545    7.63769948  1.105697E+09  2.336027E+08  1.887551E+31
        7.255301E+00  2.248390E+01  6.048538E+00  0.0000000000  0.000000E+00
        3.354761E+29 -9.999860E+00 -1.999885E+00 -3.053960E-01 -3.053960E-01
    65    11973.1858    7.63869810  1.104426E+09  2.438508E+08  1.786259E+31
        7.245014E+00  2.248445E+01  6.048930E+00  0.0000000000  0.000000E+00
        2.744051E+29 -9.999860E+00 -1.999885E+00 -3.053960E-01 -3.053960E-01
    66    11848.7081    7.63949678  1.103411E+09  2.521631E+08  1.709979E+31
        7.236873E+00  2.248487E+01  6.049232E+00  0.0000000000  0.000000E+00
        2.337836E+29 -9.999860E+00 -1.999885E+00 -3.053960E-01 -3.053960E-01
    67    11741.1363    7.64020151  1.102516E+09  2.595731E+08  1.646048E+31
        7.229767E+00  2.248523E+01  6.049489E+00  0.0000000000  0.000000E+00
        2.031144E+29 -9.999860E+00 -1.999885E+00 -3.053960E-01 -3.053960E-01
    68    11649.3416    7.64080966  1.101745E+09  2.660664E+08  1.592940E+31
        7.223653E+00  2.248553E+01  6.049704E+00  0.0000000000  0.000000E+00
        1.798596E+29 -9.999860E+00 -1.999885E+00 -3.053960E-01 -3.053960E-01
    69    11563.8491    7.64138322  1.101017E+09  2.722636E+08  1.544650E+31
        7.217916E+00  2.248581E+01  6.049900E+00  0.0000000000  0.000000E+00
        1.603900E+29 -9.999860E+00 -1.999885E+00 -3.053960E-01 -3.053960E-01
    70    11484.2071    7.64192494  1.100331E+09  2.781719E+08  1.500661E+31
        7.212533E+00  2.248606E+01  6.050079E+00  0.0000000000  0.000000E+00
        1.439841E+29 -9.999860E+00 -1.999885E+00 -3.053960E-01 -3.053960E-01
    71    11409.2767    7.64244090  1.099678E+09  2.838539E+08  1.460142E+31
        7.207434E+00  2.248629E+01  6.050245E+00  0.0000000000  0.000000E+00
        1.299485E+29 -9.999860E+00 -1.999885E+00 -3.053960E-01 -3.053960E-01
    72    11337.4472    7.64294090  1.099045E+09  2.894167E+08  1.422079E+31
        7.202515E+00  2.248651E+01  6.050401E+00  0.0000000000  0.000000E+00
        1.176677E+29 -9.999860E+00 -1.999885E+00 -3.053960E-01 -3.053960E-01
    73    11267.5127    7.64343316  1.098422E+09  2.949458E+08  1.385743E+31
        7.197695E+00  2.248673E+01  6.050551E+00  0.0000000000  0.000000E+00
        1.067300E+29 -9.999860E+00 -1.999885E+00 -3.053960E-01 -3.053960E-01
    74    11199.0307    7.64392098  1.097805E+09  3.004729E+08  1.350841E+31
        7.192946E+00  2.248693E+01  6.050697E+00  0.0000000000  0.000000E+00
        9.691844E+28 -9.999860E+00 -1.999885E+00 -3.053960E-01 -3.053960E-01
    75    11131.7491    7.64440384  1.097195E+09  3.060120E+08  1.317205E+31
        7.188254E+00  2.248713E+01  6.050839E+00  0.0000000000  0.000000E+00
        8.808529E+28 -9.999860E+00 -1.999885E+00 -3.053960E-01 -3.053960E-01
    76    11064.6469    7.64488680  1.096585E+09  3.116470E+08  1.284302E+31
        7.183547E+00  2.248733E+01  6.050979E+00  0.0000000000  0.000000E+00
        8.001303E+28 -9.999860E+00 -1.999885E+00 -3.053960E-01 -3.053960E-01
    77    10996.8660    7.64537685  1.095967E+09  3.174557E+08  1.251706E+31
        7.178764E+00  2.248753E+01  6.051120E+00  0.0000000000  0.000000E+00
        7.254880E+28 -9.999860E+00 -1.999885E+00 -3.053960E-01 -3.053960E-01
    78    10928.8003    7.64587378  1.095340E+09  3.234110E+08  1.219607E+31
        7.173932E+00  2.248773E+01  6.051261E+00  0.0000000000  0.000000E+00
        6.569639E+28 -9.999860E+00 -1.999885E+00 -3.053960E-01 -3.053960E-01
    79    10861.4174    7.64637147  1.094712E+09  3.294306E+08  1.188442E+31
        7.169118E+00  2.248793E+01  6.051400E+00  0.0000000000  0.000000E+00
        5.949830E+28 -9.999860E+00 -1.999885E+00 -3.053960E-01 -3.053960E-01
    80    10794.8659    7.64686645  1.094089E+09  3.354993E+08  1.158260E+31
        7.164334E+00  2.248812E+01  6.051538E+00  0.0000000000  0.000000E+00
        5.390534E+28 -9.999860E+00 -1.999885E+00 -3.053960E-01 -3.053960E-01
    81    10728.1818    7.64736227  1.093464E+09  3.417049E+08  1.128615E+31
        7.159513E+00  2.248832E+01  6.051677E+00  0.0000000000  0.000000E+00
        4.878898E+28 -9.999860E+00 -1.999885E+00 -3.053960E-01 -3.053960E-01
    82    10660.1654    7.64786576  1.092831E+09  3.481664E+08  1.098990E+31
        7.154566E+00  2.248852E+01  6.051819E+00  0.0000000000  0.000000E+00
        4.403423E+28 -9.999860E+00 -1.999885E+00 -3.053960E-01 -3.053960E-01
    83    10590.2567    7.64838070  1.092183E+09  3.549504E+08  1.069175E+31
        7.149453E+00  2.248872E+01  6.051965E+00  0.0000000000  0.000000E+00
        3.959551E+28 -9.999860E+00 -1.999885E+00 -3.053960E-01 -3.053960E-01
    84    10518.6129    7.64890964  1.091518E+09  3.620596E+08  1.039269E+31
        7.144178E+00  2.248894E+01  6.052116E+00  0.0000000000  0.000000E+00
        3.547693E+28 -9.999860E+00 -1.999885E+00 -3.053960E-01 -3.053960E-01
    85    10446.5064    7.64944161  1.090850E+09  3.693781E+08  1.009825E+31
        7.138833E+00  2.248915E+01  6.052269E+00  0.0000000000  0.000000E+00
        3.173388E+28 -9.999860E+00 -1.999885E+00 -3.053960E-01 -3.053960E-01
    86    10373.6665    7.64998420  1.090169E+09  3.769465E+08  9.807279E+30
        7.133396E+00  2.248937E+01  6.052426E+00  0.0000000000  0.000000E+00
        2.832444E+28 -9.999860E+00 -1.999885E+00 -3.053960E-01 -3.053960E-01
    87    10301.5900    7.65055304  1.089455E+09  3.846297E+08  9.525057E+30
        7.127967E+00  2.248959E+01  6.052582E+00  0.0000000000  0.000000E+00
        2.527964E+28 -9.999860E+00 -1.999885E+00 -3.053960E-01 -3.053960E-01
    88    10234.5949    7.65108160  1.088792E+09  3.919286E+08  9.268397E+30
        7.122887E+00  2.248979E+01  6.052728E+00  0.0000000000  0.000000E+00
        2.272396E+28 -9.999860E+00 -1.999885E+00 -3.053960E-01 -3.053960E-01
    89    10168.1649    7.65160293  1.088139E+09  3.993216E+08  9.019262E+30
        7.117819E+00  2.249000E+01  6.052873E+00  0.0000000000  0.000000E+00
        2.042871E+28 -9.999860E+00 -1.999885E+00 -3.053960E-01 -3.053960E-01
    90    10101.7855    7.65212167  1.087489E+09  4.068690E+08  8.775553E+30
        7.112724E+00  2.249020E+01  6.053018E+00  0.0000000000  0.000000E+00
        1.835203E+28 -9.999860E+00 -1.999885E+00 -3.053960E-01 -3.053960E-01
    91    10035.4646    7.65263778  1.086843E+09  4.145744E+08  8.537206E+30
        7.107603E+00  2.249040E+01  6.053163E+00  0.0000000000  0.000000E+00
        1.647475E+28 -9.999860E+00 -1.999885E+00 -3.053960E-01 -3.053960E-01
    92     9969.0808    7.65315173  1.086200E+09  4.224565E+08  8.303713E+30
        7.102444E+00  2.249060E+01  6.053307E+00  0.0000000000  0.000000E+00
        1.477613E+28 -9.999860E+00 -1.999885E+00 -3.053960E-01 -3.053960E-01
    93     9902.3915    7.65366653  1.085557E+09  4.305514E+08  8.074162E+30
        7.097228E+00  2.249080E+01  6.053450E+00  0.0000000000  0.000000E+00
        1.323516E+28 -9.999860E+00 -1.999885E+00 -3.053960E-01 -3.053960E-01
    94     9835.5487    7.65417970  1.084916E+09  4.388469E+08  7.849071E+30
        7.091967E+00  2.249100E+01  6.053593E+00  0.0000000000  0.000000E+00
        1.184224E+28 -9.999860E+00 -1.999885E+00 -3.053960E-01 -3.053960E-01
    95     9768.1683    7.65469443  1.084273E+09  4.473991E+08  7.627140E+30
        7.086629E+00  2.249120E+01  6.053735E+00  0.0000000000  0.000000E+00
        1.057775E+28 -9.999860E+00 -1.999885E+00 -3.053960E-01 -3.053960E-01
    96     9700.2931    7.65521073  1.083629E+09  4.562132E+08  7.408534E+30
        7.081215E+00  2.249139E+01  6.053876E+00  0.0000000000  0.000000E+00
        9.432549E+27 -9.999860E+00 -1.999885E+00 -3.053960E-01 -3.053960E-01
    97     9631.9887    7.65572627  1.082986E+09  4.652893E+08  7.193516E+30
        7.075730E+00  2.249159E+01  6.054016E+00  0.0000000000  0.000000E+00
        8.398267E+27 -9.999860E+00 -1.999885E+00 -3.053960E-01 -3.053960E-01
    98     9562.8725    7.65624408  1.082340E+09  4.746910E+08  6.980925E+30
        7.070143E+00  2.249178E+01  6.054154E+00  0.0000000000  0.000000E+00
        7.460785E+27 -9.999860E+00 -1.999885E+00 -3.053960E-01 -3.053960E-01
    99     9493.0522    7.65676288  1.081694E+09  4.844171E+08  6.771177E+30
        7.064459E+00  2.249197E+01  6.054290E+00  0.0000000000  0.000000E+00
        6.614338E+27 -9.999860E+00 -1.999885E+00 -3.053960E-01 -3.053960E-01
   100     9422.5123    7.65728243  1.081047E+09  4.944843E+08  6.564294E+30
        7.058675E+00  2.249216E+01  6.054423E+00  0.0000000000  0.000000E+00
        5.851617E+27 -9.999860E+00 -1.999885E+00 -3.053960E-01 -3.053960E-01
   101     9351.2571    7.65780255  1.080400E+09  5.049075E+08  6.360350E+30
        7.052791E+00  2.249234E+01  6.054554E+00  0.0000000000  0.000000E+00
        5.165939E+27 -9.999860E+00 -1.999885E+00 -3.053960E-01 -3.053960E-01
   102     9279.3158    7.65832296  1.079753E+09  5.156990E+08  6.159486E+30
        7.046807E+00  2.249252E+01  6.054683E+00  0.0000000000  0.000000E+00
        4.551148E+27 -9.999860E+00 -1.999885E+00 -3.053960E-01 -3.053960E-01
   103     9206.7233    7.65884388  1.079105E+09  5.268706E+08  5.961837E+30
        7.040725E+00  2.249270E+01  6.054810E+00  0.0000000000  0.000000E+00
        4.001385E+27 -9.999860E+00 -1.999885E+00 -3.053960E-01 -3.053960E-01
   104     9133.5856    7.65936536  1.078458E+09  5.384238E+08  5.767710E+30
        7.034551E+00  2.249288E+01  6.054935E+00  0.0000000000  0.000000E+00
        3.511490E+27 -9.999860E+00 -1.999885E+00 -3.053960E-01 -3.053960E-01
   105     9060.0689    7.65988763  1.077809E+09  5.503499E+08  5.577531E+30
        7.028297E+00  2.249305E+01  6.055058E+00  0.0000000000  0.000000E+00
        3.076692E+27 -9.999860E+00 -1.999885E+00 -3.053960E-01 -3.053960E-01
   106     8986.4044    7.66041050  1.077161E+09  5.626270E+08  5.391839E+30
        7.021982E+00  2.249323E+01  6.055180E+00  0.0000000000  0.000000E+00
        2.692555E+27 -9.999860E+00 -1.999885E+00 -3.053960E-01 -3.053960E-01
   107     8912.8246    7.66093323  1.076513E+09  5.752286E+08  5.211129E+30
        7.015623E+00  2.249340E+01  6.055301E+00  0.0000000000  0.000000E+00
        2.354613E+27 -9.999860E+00 -1.999885E+00 -3.053960E-01 -3.053960E-01
   108     8839.4955    7.66145429  1.075867E+09  5.881350E+08  5.035693E+30
        7.009237E+00  2.249357E+01  6.055421E+00  0.0000000000  0.000000E+00
        2.058223E+27 -9.999860E+00 -1.999885E+00 -3.053960E-01 -3.053960E-01
   109     8766.4739    7.66197184  1.075226E+09  6.013436E+08  4.865545E+30
        7.002827E+00  2.249374E+01  6.055540E+00  0.0000000000  0.000000E+00
        1.798638E+27 -9.999860E+00 -1.999885E+00 -3.053960E-01 -3.053960E-01
   110     8693.7053    7.66248536  1.074591E+09  6.148725E+08  4.700433E+30
        6.996389E+00  2.249391E+01  6.055660E+00  0.0000000000  0.000000E+00
        1.571251E+27 -9.999860E+00 -1.999885E+00 -3.053960E-01 -3.053960E-01
   111     8621.1503    7.66299517  1.073960E+09  6.287401E+08  4.540141E+30
        6.989920E+00  2.249408E+01  6.055782E+00  0.0000000000  0.000000E+00
        1.372072E+27 -9.999860E+00 -1.999885E+00 -3.053960E-01 -3.053960E-01
   112     8548.7816    7.66350178  1.073334E+09  6.429631E+08  4.384486E+30
        6.983417E+00  2.249426E+01  6.055906E+00  0.0000000000  0.000000E+00
        1.197636E+27 -9.999860E+00 -1.999885E+00 -3.053960E-01 -3.053960E-01
   113     8476.5926    7.66400400  1.072714E+09  6.575532E+08  4.233356E+30
        6.976878E+00  2.249443E+01  6.056031E+00  0.0000000000  0.000000E+00
        1.044957E+27 -9.999860E+00 -1.999885E+00 -3.053960E-01 -3.053960E-01
   114     8404.4552    7.66450357  1.072097E+09  6.725487E+08  4.086376E+30
        6.970293E+00  2.249461E+01  6.056156E+00  0.0000000000  0.000000E+00
        9.111828E+26 -9.999860E+00 -1.999885E+00 -3.053960E-01 -3.053960E-01
   115     8332.6759    7.66499777  1.071487E+09  6.878963E+08  3.944063E+30
        6.963688E+00  2.249478E+01  6.056280E+00  0.0000000000  0.000000E+00
        7.945398E+26 -9.999860E+00 -1.999885E+00 -3.053960E-01 -3.053960E-01
   116     8261.1376    7.66548735  1.070883E+09  7.036341E+08  3.806060E+30
        6.957053E+00  2.249495E+01  6.056403E+00  0.0000000000  0.000000E+00
        6.926889E+26 -9.999860E+00 -1.999885E+00 -3.053960E-01 -3.053960E-01
   117     8189.8556    7.66597211  1.070286E+09  7.197709E+08  3.672286E+30
        6.950388E+00  2.249512E+01  6.056525E+00  0.0000000000  0.000000E+00
        6.038094E+26 -9.999860E+00 -1.999885E+00 -3.053960E-01 -3.053960E-01
   118     8118.8627    7.66645222  1.069694E+09  7.363109E+08  3.542682E+30
        6.943697E+00  2.249529E+01  6.056645E+00  0.0000000000  0.000000E+00
        5.263130E+26 -9.999860E+00 -1.999885E+00 -3.053960E-01 -3.053960E-01
   119     8048.2248    7.66692631  1.069111E+09  7.532471E+08  3.417257E+30
        6.936987E+00  2.249546E+01  6.056763E+00  0.0000000000  0.000000E+00
        4.588298E+26 -9.999860E+00 -1.999885E+00 -3.053960E-01 -3.053960E-01
   120     7977.8781    7.66739638  1.068532E+09  7.706107E+08  3.295769E+30
        6.930249E+00  2.249562E+01  6.056879E+00  0.0000000000  0.000000E+00
        4.000092E+26 -9.999860E+00 -1.999885E+00 -3.053960E-01 -3.053960E-01
   121     7908.0715    7.66785995  1.067962E+09  7.883474E+08  3.178528E+30
        6.923509E+00  2.249578E+01  6.056993E+00  0.0000000000  0.000000E+00
        3.489272E+26 -9.999860E+00 -1.999885E+00 -3.053960E-01 -3.053960E-01
   122     7838.7083    7.66831816  1.067399E+09  8.064910E+08  3.065233E+30
        6.916757E+00  2.249594E+01  6.057105E+00  0.0000000000  0.000000E+00
        3.044943E+26 -9.999860E+00 -1.999885E+00 -3.053960E-01 -3.053960E-01
   123     7769.8506    7.66876978  1.066844E+09  8.250336E+08  2.955864E+30
        6.909999E+00  2.249609E+01  6.057214E+00  0.0000000000  0.000000E+00
        2.658740E+26 -9.999860E+00 -1.999885E+00 -3.053960E-01 -3.053960E-01
   124     7701.4214    7.66921665  1.066295E+09  8.440084E+08  2.850168E+30
        6.903228E+00  2.249624E+01  6.057321E+00  0.0000000000  0.000000E+00
        2.322571E+26 -9.999860E+00 -1.999885E+00 -3.053960E-01 -3.053960E-01
   125     7633.6506    7.66965713  1.065755E+09  8.633605E+08  2.748372E+30
        6.896465E+00  2.249639E+01  6.057426E+00  0.0000000000  0.000000E+00
        2.030818E+26 -9.999860E+00 -1.999885E+00 -3.053960E-01 -3.053960E-01
   126     7566.4615    7.67009115  1.065222E+09  8.831191E+08  2.650231E+30
        6.889704E+00  2.249653E+01  6.057529E+00  0.0000000000  0.000000E+00
        1.777183E+26 -9.999860E+00 -1.999885E+00 -3.053960E-01 -3.053960E-01
   127     7499.7878    7.67051850  1.064698E+09  9.033132E+08  2.555530E+30
        6.882939E+00  2.249667E+01  6.057629E+00  0.0000000000  0.000000E+00
        1.556359E+26 -9.999860E+00 -1.999885E+00 -3.053960E-01 -3.053960E-01
   128     7433.5263    7.67094084  1.064181E+09  9.239891E+08  2.464009E+30
        6.876159E+00  2.249681E+01  6.057728E+00  0.0000000000  0.000000E+00
        1.363701E+26 -9.999860E+00 -1.999885E+00 -3.053960E-01 -3.053960E-01
   129     7367.8775    7.67135671  1.063671E+09  9.450953E+08  2.375836E+30
        6.869384E+00  2.249695E+01  6.057826E+00  0.0000000000  0.000000E+00
        1.196037E+26 -9.999860E+00 -1.999885E+00 -3.053960E-01 -3.053960E-01
   130     7302.8042    7.67176643  1.063170E+09  9.666531E+08  2.290845E+30
        6.862611E+00  2.249708E+01  6.057922E+00  0.0000000000  0.000000E+00
        1.049936E+26 -9.999860E+00 -1.999885E+00 -3.053960E-01 -3.053960E-01
   131     7238.3203    7.67217131  1.062674E+09  9.886709E+08  2.208938E+30
        6.855839E+00  2.249721E+01  6.058016E+00  0.0000000000  0.000000E+00
        9.225446E+25 -9.999860E+00 -1.999885E+00 -3.053960E-01 -3.053960E-01
   132     7174.6712    7.67257014  1.062186E+09  1.011071E+09  2.130303E+30
        6.849096E+00  2.249735E+01  6.058109E+00  0.0000000000  0.000000E+00
        8.117782E+25 -9.999860E+00 -1.999885E+00 -3.053960E-01 -3.053960E-01
   133     7111.9005    7.67296357  1.061705E+09  1.033840E+09  2.054862E+30
        6.842384E+00  2.249747E+01  6.058200E+00  0.0000000000  0.000000E+00
        7.154070E+25 -9.999860E+00 -1.999885E+00 -3.053960E-01 -3.053960E-01
   134     7050.1279    7.67335138  1.061231E+09  1.056936E+09  1.982623E+30
        6.835719E+00  2.249760E+01  6.058290E+00  0.0000000000  0.000000E+00
        6.316011E+25 -9.999860E+00 -1.999885E+00 -3.053960E-01 -3.053960E-01
   135     6989.4321    7.67373444  1.060764E+09  1.080324E+09  1.913536E+30
        6.829108E+00  2.249772E+01  6.058378E+00  0.0000000000  0.000000E+00
        5.586943E+25 -9.999860E+00 -1.999885E+00 -3.053960E-01 -3.053960E-01
   136     6930.0269    7.67411134  1.060303E+09  1.103911E+09  1.847702E+30
        6.822577E+00  2.249784E+01  6.058464E+00  0.0000000000  0.000000E+00
        4.953817E+25 -9.999860E+00 -1.999885E+00 -3.053960E-01 -3.053960E-01
   137     6871.9076    7.67448384  1.059849E+09  1.127687E+09  1.784962E+30
        6.816126E+00  2.249796E+01  6.058549E+00  0.0000000000  0.000000E+00
        4.402836E+25 -9.999860E+00 -1.999885E+00 -3.053960E-01 -3.053960E-01
   138     6815.2722    7.67485098  1.059401E+09  1.151554E+09  1.725383E+30
        6.809780E+00  2.249808E+01  6.058633E+00  0.0000000000  0.000000E+00
        3.923980E+25 -9.999860E+00 -1.999885E+00 -3.053960E-01 -3.053960E-01
   139     6760.0986    7.67521385  1.058958E+09  1.175499E+09  1.668791E+30
        6.803536E+00  2.249819E+01  6.058716E+00  0.0000000000  0.000000E+00
        3.506683E+25 -9.999860E+00 -1.999885E+00 -3.053960E-01 -3.053960E-01
   140     6706.5256    7.67557119  1.058523E+09  1.199440E+09  1.615187E+30
        6.797414E+00  2.249831E+01  6.058798E+00  0.0000000000  0.000000E+00
        3.143099E+25 -9.999860E+00 -1.999885E+00 -3.053960E-01 -3.053960E-01
   141     6654.5297    7.67592394  1.058093E+09  1.223364E+09  1.564405E+30
        6.791411E+00  2.249842E+01  6.058878E+00  0.0000000000  0.000000E+00
        2.825352E+25 -9.999860E+00 -1.999885E+00 -3.053960E-01 -3.053960E-01
   142     6604.2407    7.67627065  1.057671E+09  1.247183E+09  1.516438E+30
        6.785544E+00  2.249853E+01  6.058956E+00  0.0000000000  0.000000E+00
        2.548068E+25 -9.999860E+00 -1.999885E+00 -3.053960E-01 -3.053960E-01
   143     6555.6044    7.67661221  1.057255E+09  1.270898E+09  1.471101E+30
        6.779806E+00  2.249863E+01  6.059032E+00  0.0000000000  0.000000E+00
        2.304461E+25 -9.999860E+00 -1.999885E+00 -3.053960E-01 -3.053960E-01
   144     6508.7053    7.67694775  1.056847E+09  1.294441E+09  1.428349E+30
        6.774209E+00  2.249873E+01  6.059104E+00  0.0000000000  0.000000E+00
        2.090593E+25 -9.999860E+00 -1.999885E+00 -3.053960E-01 -3.053960E-01
   145     6463.5465    7.67727799  1.056445E+09  1.317791E+09  1.388063E+30
        6.768751E+00  2.249882E+01  6.059174E+00  0.0000000000  0.000000E+00
        1.902260E+25 -9.999860E+00 -1.999885E+00 -3.053960E-01 -3.053960E-01
   146     6420.3847    7.67760166  1.056051E+09  1.340791E+09  1.350349E+30
        6.763462E+00  2.249892E+01  6.059240E+00  0.0000000000  0.000000E+00
        1.736860E+25 -9.999860E+00 -1.999885E+00 -3.053960E-01 -3.053960E-01
   147     6358.3595    7.67808420  1.055465E+09  1.375291E+09  1.297477E+30
        6.755712E+00  2.249905E+01  6.059334E+00  0.0000000000  0.000000E+00
        1.521619E+25 -9.999860E+00 -1.999885E+00 -3.053960E-01 -3.053960E-01
   148     6271.5719    7.67880493  1.054589E+09  1.427041E+09  1.226039E+30
        6.744467E+00  2.249922E+01  6.059463E+00  0.0000000000  0.000000E+00
        1.257829E+25 -9.999860E+00 -1.999885E+00 -3.053960E-01 -3.053960E-01
   149     6172.8951    7.67970207  1.053501E+09  1.492260E+09  1.148305E+30
        6.730825E+00  2.249943E+01  6.059610E+00  0.0000000000  0.000000E+00
        1.000792E+25 -9.999860E+00 -1.999885E+00 -3.053960E-01 -3.053960E-01
   150     6086.5815    7.68054241  1.052482E+09  1.556406E+09  1.083315E+30
        6.717848E+00  2.249962E+01  6.059747E+00  0.0000000000  0.000000E+00
        8.066677E+24 -9.999860E+00 -1.999885E+00 -3.053960E-01 -3.053960E-01
   151     6007.9183    7.68136436  1.051486E+09  1.622834E+09  1.026444E+30
        6.704801E+00  2.249981E+01  6.059882E+00  0.0000000000  0.000000E+00
        6.507131E+24 -9.999860E+00 -1.999885E+00 -3.053960E-01 -3.053960E-01
   152     5936.5046    7.68218535  1.050493E+09  1.692800E+09  9.766557E+29
        6.691403E+00  2.250000E+01  6.060017E+00  0.0000000000  0.000000E+00
        5.227189E+24 -9.999860E+00 -1.999885E+00 -3.053960E-01 -3.053960E-01
   153     5871.2379    7.68299262  1.049517E+09  1.766393E+09  9.326736E+29
        6.677596E+00  2.250019E+01  6.060153E+00  0.0000000000  0.000000E+00
        4.178361E+24 -9.999860E+00 -1.999885E+00 -3.053960E-01 -3.053960E-01
   154     5809.8193    7.68377874  1.048568E+09  1.844071E+09  8.926380E+29
        6.663251E+00  2.250037E+01  6.060287E+00  0.0000000000  0.000000E+00
        3.319590E+24 -9.999860E+00 -1.999885E+00 -3.053960E-01 -3.053960E-01
   155     5750.5777    7.68453609  1.047654E+09  1.925958E+09  8.552901E+29
        6.648312E+00  2.250055E+01  6.060414E+00  0.0000000000  0.000000E+00
        2.620779E+24 -9.999860E+00 -1.999885E+00 -3.053960E-01 -3.053960E-01
   156     5692.6913    7.68526504  1.046775E+09  2.011966E+09  8.199910E+29
        6.632769E+00  2.250071E+01  6.060529E+00  0.0000000000  0.000000E+00
        2.056331E+24 -9.999860E+00 -1.999885E+00 -3.053960E-01 -3.053960E-01
   157     5637.0915    7.68597585  1.045919E+09  2.101796E+09  7.871329E+29
        6.616651E+00  2.250087E+01  6.060640E+00  0.0000000000  0.000000E+00
        1.604467E+24 -9.999860E+00 -1.999885E+00 -3.053960E-01 -3.053960E-01
   158     5584.7876    7.68667088  1.045082E+09  2.194390E+09  7.571106E+29
        6.600111E+00  2.250103E+01  6.060754E+00  0.0000000000  0.000000E+00
        1.247664E+24 -9.999860E+00 -1.999885E+00 -3.053960E-01 -3.053960E-01
   159     5535.2788    7.68734572  1.044270E+09  2.288647E+09  7.294842E+29
        6.583305E+00  2.250121E+01  6.060878E+00  0.0000000000  0.000000E+00
        9.691541E+23 -9.999860E+00 -1.999885E+00 -3.053960E-01 -3.053960E-01
   160     5486.7100    7.68799083  1.043495E+09  2.383783E+09  7.031708E+29
        6.566345E+00  2.250140E+01  6.061013E+00  0.0000000000  0.000000E+00
        7.531951E+23 -9.999860E+00 -1.999885E+00 -3.053960E-01 -3.053960E-01
   161     5437.0885    7.68859439  1.042770E+09  2.479308E+09  6.771343E+29
        6.549310E+00  2.250159E+01  6.061148E+00  0.0000000000  0.000000E+00
        5.862968E+23 -9.999860E+00 -1.999885E+00 -3.053960E-01 -3.053960E-01
   162     5385.8562    7.68915617  1.042096E+09  2.575353E+09  6.511281E+29
        6.532186E+00  2.250177E+01  6.061279E+00  0.0000000000  0.000000E+00
        4.568760E+23 -9.999860E+00 -1.999885E+00 -3.053960E-01 -3.053960E-01
   163     5333.3415    7.68967648  1.041472E+09  2.671812E+09  6.253522E+29
        6.515002E+00  2.250195E+01  6.061401E+00  0.0000000000  0.000000E+00
        3.564382E+23 -9.999860E+00 -1.999885E+00 -3.053960E-01 -3.053960E-01
   164     5280.2506    7.69015979  1.040893E+09  2.768686E+09  6.001529E+29
        6.497770E+00  2.250210E+01  6.061513E+00  0.0000000000  0.000000E+00
        2.783437E+23 -9.999860E+00 -1.999885E+00 -3.053960E-01 -3.053960E-01
   165     5226.9461    7.69060885  1.040355E+09  2.865640E+09  5.756875E+29
        6.480565E+00  2.250225E+01  6.061619E+00  0.0000000000  0.000000E+00
        2.177299E+23 -9.999860E+00 -1.999885E+00 -3.053960E-01 -3.053960E-01
   166     5172.9175    7.69102438  1.039857E+09  2.962592E+09  5.517234E+29
        6.463417E+00  2.250239E+01  6.061721E+00  0.0000000000  0.000000E+00
        1.706466E+23 -9.999860E+00 -1.999885E+00 -3.053960E-01 -3.053960E-01
   167     5117.0257    7.69140572  1.039401E+09  3.059690E+09  5.277987E+29
        6.446323E+00  2.250252E+01  6.061819E+00  0.0000000000  0.000000E+00
        1.339873E+23 -9.999860E+00 -1.999885E+00 -3.053960E-01 -3.053960E-01
   168     5057.4016    7.69175263  1.038986E+09  3.157411E+09  5.032233E+29
        6.429235E+00  2.250265E+01  6.061914E+00  0.0000000000  0.000000E+00
        1.053301E+23 -9.999860E+00 -1.999885E+00 -3.053960E-01 -3.053960E-01
   169     4954.1812    7.69224763  1.038394E+09  3.337411E+09  4.628535E+29
        6.412757E+00  2.250289E+01  6.062130E+00  0.0166302629 -7.283161E-03
        7.251814E+22 -9.999860E+00 -1.999885E+00 -3.053960E-01 -3.053960E-01
   170     4862.3104    7.69262937  1.037937E+09  3.517411E+09  4.290866E+29
        6.389470E+00  2.250307E+01  6.062258E+00  0.0915403414 -4.169435E-02
        5.119561E+22 -9.999860E+00 -1.999885E+00 -3.053960E-01 -3.053960E-01
   171     4784.9598    7.69294633  1.037559E+09  3.697411E+09  4.021337E+29
        6.367533E+00  2.250328E+01  6.062395E+00  0.1666508729 -7.917302E-02
        3.793227E+22 -9.999860E+00 -1.999885E+00 -3.053960E-01 -3.053960E-01
   172     4714.1837    7.69322220  1.037229E+09  3.877411E+09  3.786234E+29
        6.347132E+00  2.250344E+01  6.062507E+00  0.2466869158 -1.230245E-01
        2.814059E+22 -9.999860E+00 -1.999885E+00 -3.053960E-01 -3.053960E-01
   173     4647.5302    7.69347189  1.036931E+09  4.057411E+09  3.574544E+29
        6.327944E+00  2.250359E+01  6.062610E+00  0.3203870859 -1.677384E-01
        2.115932E+22 -9.999860E+00 -1.999885E+00 -3.053960E-01 -3.053960E-01
   174     4580.0325    7.69371790  1.036637E+09  4.237411E+09  3.369457E+29
        6.308154E+00  2.250374E+01  6.062713E+00  0.3949177663 -2.181856E-01
        1.564260E+22 -9.999860E+00 -1.999885E+00 -3.053960E-01 -3.053960E-01
   175     4513.0779    7.69395230  1.036358E+09  4.417411E+09  3.174992E+29
        6.288598E+00  2.250388E+01  6.062808E+00  0.4674002039 -2.735990E-01
        1.160288E+22 -9.999860E+00 -1.999885E+00 -3.053960E-01 -3.053960E-01
   176     4446.4525    7.69417893  1.036087E+09  4.597411E+09  2.990056E+29
        6.268950E+00  2.250401E+01  6.062899E+00  0.5357563877 -3.332541E-01
        8.556113E+21 -9.999860E+00 -1.999885E+00 -3.053960E-01 -3.053960E-01
   177     4381.1978    7.69439440  1.035830E+09  4.777411E+09  2.816960E+29
        6.249640E+00  2.250413E+01  6.062984E+00  0.5933838672 -3.908154E-01
        6.367355E+21 -9.999860E+00 -1.999885E+00 -3.053960E-01 -3.053960E-01
   178     4318.3131    7.69460240  1.035582E+09  4.950243E+09  2.657405E+29
        6.231010E+00  2.250426E+01  6.063075E+00  0.6448897608 -4.496368E-01
        4.784528E+21 -9.999860E+00 -1.999885E+00 -3.053960E-01 -3.053960E-01
   179     4254.1198    7.69481310  1.035331E+09  5.121436E+09  2.501666E+29
        6.212087E+00  2.250441E+01  6.063174E+00  0.6949351432 -5.156078E-01
        3.567934E+21 -9.999860E+00 -1.999885E+00 -3.053960E-01 -3.053960E-01
   180     4189.8330    7.69500591  1.035101E+09  5.287656E+09  2.352797E+29
        6.193279E+00  2.250453E+01  6.063256E+00  0.7382314927 -5.820826E-01
        2.604917E+21 -9.999860E+00 -1.999885E+00 -3.053960E-01 -3.053960E-01
   181     4125.0602    7.69517567  1.034899E+09  5.449673E+09  2.209780E+29
        6.174500E+00  2.250461E+01  6.063314E+00  0.7794216937 -6.564372E-01
        1.885582E+21 -9.999860E+00 -1.999885E+00 -3.053960E-01 -3.053960E-01
   182     4062.7759    7.69531767  1.034730E+09  5.607114E+09  2.078631E+29
        6.156239E+00  2.250465E+01  6.063338E+00  0.8097224944 -7.206126E-01
        1.372455E+21 -9.999860E+00 -1.999885E+00 -3.053960E-01 -3.053960E-01
   183     3997.4554    7.69545577  1.034565E+09  5.766046E+09  1.947522E+29
        6.137388E+00  2.250467E+01  6.063347E+00  0.8422040399 -8.019041E-01
        9.826936E+20 -9.999860E+00 -1.999885E+00 -3.053960E-01 -3.053960E-01
   184     3935.3129    7.69558059  1.034417E+09  5.919380E+09  1.828690E+29
        6.119164E+00  2.250468E+01  6.063356E+00  0.8648852910 -8.692974E-01
        7.121666E+20 -9.999860E+00 -1.999885E+00 -3.053960E-01 -3.053960E-01
   185     3872.0102    7.69571203  1.034260E+09  6.075181E+09  1.713316E+29
        6.100604E+00  2.250473E+01  6.063387E+00  0.8893358052 -9.559929E-01
        5.131999E+20 -9.999860E+00 -1.999885E+00 -3.053960E-01 -3.053960E-01
   186     3807.9180    7.69584194  1.034105E+09  6.231883E+09  1.602183E+29
        6.081933E+00  2.250480E+01  6.063438E+00  0.9084215640 -1.038207E+00
        3.688676E+20 -9.999860E+00 -1.999885E+00 -3.053960E-01 -3.053960E-01
   187     3739.9050    7.69597099  1.033952E+09  6.390882E+09  1.490304E+29
        6.062750E+00  2.250488E+01  6.063498E+00  0.9256427239 -1.128677E+00
        2.625892E+20 -9.999860E+00 -1.999885E+00 -3.053960E-01 -3.053960E-01
   188     3673.3886    7.69608872  1.033812E+09  6.548066E+09  1.386700E+29
        6.043745E+00  2.250495E+01  6.063556E+00  0.9384758708 -1.210955E+00
        1.885161E+20 -9.999860E+00 -1.999885E+00 -3.053960E-01 -3.053960E-01
   189     3604.4789    7.69620194  1.033677E+09  6.710098E+09  1.285203E+29
        6.024163E+00  2.250502E+01  6.063605E+00  0.9519420959 -1.318235E+00
        1.337523E+20 -9.999860E+00 -1.999885E+00 -3.053960E-01 -3.053960E-01
   190     3534.5165    7.69631199  1.033546E+09  6.874975E+09  1.187987E+29
        6.004327E+00  2.250508E+01  6.063652E+00  0.9614646828 -1.414141E+00
        9.508094E+19 -9.999860E+00 -1.999885E+00 -3.053960E-01 -3.053960E-01
   191     3461.1853    7.69642955  1.033406E+09  7.043801E+09  1.092128E+29
        5.984008E+00  2.250517E+01  6.063717E+00  0.9707435740 -1.533779E+00
        6.723017E+19 -9.999860E+00 -1.999885E+00 -3.053960E-01 -3.053960E-01
   192     3391.1208    7.69653821  1.033277E+09  7.212898E+09  1.006094E+29
        5.963870E+00  2.250526E+01  6.063781E+00  0.9767688454 -1.633929E+00
        4.785703E+19 -9.999860E+00 -1.999885E+00 -3.053960E-01 -3.053960E-01
   193     3317.2857    7.69663891  1.033157E+09  7.390966E+09  9.210775E+28
        5.942890E+00  2.250532E+01  6.063828E+00  0.9823846913 -1.754110E+00
        3.376626E+19 -9.999860E+00 -1.999885E+00 -3.053960E-01 -3.053960E-01
   194     3242.7454    7.69672077  1.033060E+09  7.572352E+09  8.408804E+28
        5.921749E+00  2.250535E+01  6.063843E+00  0.9866429742 -1.874290E+00
        2.378822E+19 -9.999860E+00 -1.999885E+00 -3.053960E-01 -3.053960E-01
   195     3166.7857    7.69678768  1.032980E+09  7.758086E+09  7.646992E+28
        5.900340E+00  2.250534E+01  6.063841E+00  0.9872450227 -1.894320E+00
        1.679904E+19 -9.999860E+00 -1.999885E+00 -3.053960E-01 -3.053960E-01
   196     3093.2882    7.69684896  1.032907E+09  7.947551E+09  6.960432E+28
        5.878880E+00  2.250534E+01  6.063839E+00  0.9878199348 -1.914350E+00
        1.187380E+19 -9.999860E+00 -1.999885E+00 -3.053960E-01 -3.053960E-01
   197     3019.0811    7.69691643  1.032827E+09  8.146393E+09  6.315188E+28
        5.856825E+00  2.250537E+01  6.063855E+00  0.9878199348 -1.914350E+00
        8.352855E+18 -9.999860E+00 -1.999885E+00 -3.053960E-01 -3.053960E-01
   198     2946.0214    7.69698704  1.032743E+09  8.352353E+09  5.724798E+28
        5.834524E+00  2.250540E+01  6.063879E+00  0.9883689334 -1.934380E+00
        5.860508E+18 -9.999860E+00 -1.999885E+00 -3.053960E-01 -3.053960E-01
   199     2873.9865    7.69705472  1.032663E+09  8.566689E+09  5.184272E+28
        5.811953E+00  2.250544E+01  6.063902E+00  0.9883689334 -1.934380E+00
        4.098037E+18 -9.999860E+00 -1.999885E+00 -3.053960E-01 -3.053960E-01
   200     2800.5498    7.69711883  1.032586E+09  8.790035E+09  4.673669E+28
        5.788984E+00  2.250548E+01  6.063922E+00  0.9883689334 -1.934380E+00
        2.854990E+18 -9.999860E+00 -1.999885E+00 -3.053960E-01 -3.053960E-01
   201     2729.3544    7.69717344  1.032521E+09  9.017330E+09  4.215702E+28
        5.766157E+00  2.250550E+01  6.063937E+00  0.9883689334 -1.934380E+00
        1.990931E+18 -9.999860E+00 -1.999885E+00 -3.053960E-01 -3.053960E-01
   202     2659.0200    7.69722391  1.032461E+09  9.251876E+09  3.797223E+28
        5.743166E+00  2.250551E+01  6.063944E+00  0.9888931867 -1.954411E+00
        1.385975E+18 -9.999860E+00 -1.999885E+00 -3.053960E-01 -3.053960E-01
   203     2589.8468    7.69727302  1.032403E+09  9.492801E+09  3.416858E+28
        5.720105E+00  2.250552E+01  6.063949E+00  0.9888931867 -1.954411E+00
        9.653524E+17 -9.999860E+00 -1.999885E+00 -3.053960E-01 -3.053960E-01
   204     2522.9239    7.69732290  1.032344E+09  9.739718E+09  3.076786E+28
        5.697086E+00  2.250553E+01  6.063959E+00  0.9888931867 -1.954411E+00
        6.723045E+17 -9.999860E+00 -1.999885E+00 -3.053960E-01 -3.053960E-01
   205     2455.1811    7.69737266  1.032285E+09  9.994724E+09  2.759085E+28
        5.673771E+00  2.250555E+01  6.063969E+00  0.9888931867 -1.954411E+00
        4.663632E+17 -9.999860E+00 -1.999885E+00 -3.053960E-01 -3.053960E-01
   206     2390.2851    7.69741881  1.032230E+09  1.025145E+10  2.478470E+28
        5.650768E+00  2.250556E+01  6.063977E+00  0.9888931867 -1.954411E+00
        3.252720E+17 -9.999860E+00 -1.999885E+00 -3.053960E-01 -3.053960E-01
   207     2326.6791    7.69746284  1.032178E+09  1.051417E+10  2.224778E+28
        5.627682E+00  2.250557E+01  6.063984E+00  0.9888931867 -1.954411E+00
        2.263211E+17 -9.999860E+00 -1.999885E+00 -3.053960E-01 -3.053960E-01
   208     2264.5949    7.69750681  1.032125E+09  1.078146E+10  1.996452E+28
        5.604616E+00  2.250558E+01  6.063992E+00  0.9893938100 -1.974441E+00
        1.573850E+17 -9.999860E+00 -1.999885E+00 -3.053960E-01 -3.053960E-01
   209     2204.0740    7.69754781  1.032077E+09  1.105282E+10  1.791268E+28
        5.581607E+00  2.250559E+01  6.063996E+00  0.9893938100 -1.974441E+00
        1.093697E+17 -9.999860E+00 -1.999885E+00 -3.053960E-01 -3.053960E-01
   210     2145.0898    7.69758551  1.032032E+09  1.132796E+10  1.606941E+28
        5.558651E+00  2.250560E+01  6.063998E+00  0.9893938100 -1.974441E+00
        7.600310E+16 -9.999860E+00 -1.999885E+00 -3.053960E-01 -3.053960E-01
   211     2087.6465    7.69762019  1.031991E+09  1.160645E+10  1.441489E+28
        5.535739E+00  2.250560E+01  6.064003E+00  0.9893938100 -1.974441E+00
        5.277988E+16 -9.999860E+00 -1.999885E+00 -3.053960E-01 -3.053960E-01
   212     2032.8802    7.69765100  1.031954E+09  1.188755E+10  1.295984E+28
        5.513091E+00  2.250561E+01  6.064005E+00  0.9893938100 -1.974441E+00
        3.676919E+16 -9.999860E+00 -1.999885E+00 -3.053960E-01 -3.053960E-01
   213     1977.2357    7.69768057  1.031919E+09  1.217522E+10  1.159730E+28
        5.490057E+00  2.250560E+01  6.064004E+00  0.9893938100 -1.974441E+00
        2.540491E+16 -9.999860E+00 -1.999885E+00 -3.053960E-01 -3.053960E-01
   214     1924.6452    7.69770944  1.031884E+09  1.245945E+10  1.041111E+28
        5.467496E+00  2.250561E+01  6.064005E+00  0.9893938100 -1.974441E+00
        1.767122E+16 -9.999860E+00 -1.999885E+00 -3.053960E-01 -3.053960E-01
   215     1873.3813    7.69773957  1.031849E+09  1.274653E+10  9.344774E+27
        5.444884E+00  2.250561E+01  6.064009E+00  0.9893938100 -1.974441E+00
        1.226224E+16 -9.999860E+00 -1.999885E+00 -3.053960E-01 -3.053960E-01
   216     1823.6531    7.69776925  1.031813E+09  1.303481E+10  8.390798E+27
        5.422343E+00  2.250562E+01  6.064012E+00  0.9898718684 -1.994471E+00
        8.508276E+15 -9.999860E+00 -1.999885E+00 -3.053960E-01 -3.053960E-01
   217     1775.4036    7.69779747  1.031780E+09  1.332387E+10  7.536930E+27
        5.399868E+00  2.250562E+01  6.064014E+00  0.9898718684 -1.994471E+00
        5.902097E+15 -9.999860E+00 -1.999885E+00 -3.053960E-01 -3.053960E-01
   218     1728.5407    7.69782419  1.031748E+09  1.361335E+10  6.771703E+27
        5.377420E+00  2.250562E+01  6.064016E+00  0.9898718684 -1.994471E+00
        4.089271E+15 -9.999860E+00 -1.999885E+00 -3.053960E-01 -3.053960E-01
   219     1683.1040    7.69784644  1.031722E+09  1.390245E+10  6.086968E+27
        5.355030E+00  2.250562E+01  6.064017E+00  0.9898718684 -1.994471E+00
        2.832350E+15 -9.999860E+00 -1.999885E+00 -3.053960E-01 -3.053960E-01
   220     1640.4707    7.69786518  1.031699E+09  1.419068E+10  5.493035E+27
        5.333086E+00  2.250562E+01  6.064016E+00  0.9898718684 -1.994471E+00
        1.974748E+15 -9.999860E+00 -1.999885E+00 -3.053960E-01 -3.053960E-01
   221     1596.3692    7.69788523  1.031676E+09  1.448507E+10  4.925516E+27
        5.310316E+00  2.250562E+01  6.064015E+00  0.9898718684 -1.994471E+00
        1.354057E+15 -9.999860E+00 -1.999885E+00 -3.053960E-01 -3.053960E-01
   222     1555.2597    7.69790597  1.031651E+09  1.476898E+10  4.437203E+27
        5.288194E+00  2.250562E+01  6.064017E+00  0.9898718684 -1.994471E+00
        9.377813E+14 -9.999860E+00 -1.999885E+00 -3.053960E-01 -3.053960E-01
   223     1515.4078    7.69792573  1.031628E+09  1.505123E+10  3.999410E+27
        5.266081E+00  2.250563E+01  6.064017E+00  0.9903283790 -2.014501E+00
        6.485058E+14 -9.999860E+00 -1.999885E+00 -3.053960E-01 -3.053960E-01
   224     1476.8475    7.69794446  1.031605E+09  1.533057E+10  3.607462E+27
        5.244061E+00  2.250563E+01  6.064017E+00  0.9903283790 -2.014501E+00
        4.484898E+14 -9.999860E+00 -1.999885E+00 -3.053960E-01 -3.053960E-01
