============================================================================
  #Mod      Teff         Log(g)           R            Age            L
           Log(Tc)       Log(Pc)      Log(rhoc)       Mx/M         Log(qx)
             Lnu        Log(H/*)      Log(He/*)     Log(C/*)      Log(O/*)
============================================================================
     1   130409.8039    7.69738991  1.413486E+09  0.000000E+00  4.117712E+35
        8.065297E+00  2.355979E+01  6.750603E+00  0.0000000000  0.000000E+00
        1.051187E+36 -3.999873E+00 -1.999887E+00 -3.054398E-01 -3.054398E-01
     2   120567.7842    7.79133925  1.268577E+09  6.000000E+04  2.423208E+35
        8.024970E+00  2.360647E+01  6.782762E+00  0.0000000000  0.000000E+00
        6.615482E+35 -3.999873E+00 -1.999887E+00 -3.054398E-01 -3.054398E-01
     3   112193.5029    7.85405817  1.180205E+09  1.200000E+05  1.572597E+35
        7.994640E+00  2.363618E+01  6.803282E+00  0.0000000000  0.000000E+00
        4.421661E+35 -3.999873E+00 -1.999887E+00 -3.054398E-01 -3.054398E-01
     4   104983.6227    7.89929287  1.120315E+09  1.800000E+05  1.086421E+35
        7.971012E+00  2.365659E+01  6.817396E+00  0.0000000000  0.000000E+00
        3.124420E+35 -3.999873E+00 -1.999887E+00 -3.054398E-01 -3.054398E-01
     5    98782.1912    7.93347031  1.077088E+09  2.400000E+05  7.871349E+34
        7.951978E+00  2.367138E+01  6.827642E+00  0.0000000000  0.000000E+00
        2.311226E+35 -3.999873E+00 -1.999887E+00 -3.054398E-01 -3.054398E-01
     6    93438.1471    7.96013543  1.044525E+09  3.000000E+05  5.926064E+34
        7.936185E+00  2.368248E+01  6.835333E+00  0.0000000000  0.000000E+00
        1.772880E+35 -3.999873E+00 -1.999887E+00 -3.054398E-01 -3.054398E-01
     7    88826.6999    7.98156751  1.019067E+09  3.600000E+05  4.606928E+34
        7.922825E+00  2.369117E+01  6.841366E+00  0.0000000000  0.000000E+00
        1.401678E+35 -3.999873E+00 -1.999887E+00 -3.054398E-01 -3.054398E-01
     8    84817.2813    7.99914372  9.986529E+08  4.200000E+05  3.677888E+34
        7.911311E+00  2.369815E+01  6.846215E+00  0.0000000000  0.000000E+00
        1.135668E+35 -3.999873E+00 -1.999887E+00 -3.054398E-01 -3.054398E-01
     9    81308.8532    8.01378091  9.819650E+08  4.800000E+05  3.003138E+34
        7.901230E+00  2.370384E+01  6.850175E+00  0.0000000000  0.000000E+00
        9.387618E+34 -3.999873E+00 -1.999887E+00 -3.054398E-01 -3.054398E-01
    10    78254.9157    8.02612816  9.681048E+08  5.400000E+05  2.504513E+34
        7.892297E+00  2.370858E+01  6.853475E+00  0.0000000000  0.000000E+00
        7.893129E+34 -3.999873E+00 -1.999887E+00 -3.054398E-01 -3.054398E-01
    11    75541.1408    8.03675705  9.563303E+08  6.000000E+05  2.122179E+34
        7.884306E+00  2.371261E+01  6.856281E+00  0.0000000000  0.000000E+00
        6.734181E+34 -3.999873E+00 -1.999887E+00 -3.054398E-01 -3.054398E-01
    12    73097.5040    8.04603400  9.461706E+08  6.600000E+05  1.821298E+34
        7.877091E+00  2.371607E+01  6.858695E+00  0.0000000000  0.000000E+00
        5.817483E+34 -3.999873E+00 -1.999887E+00 -3.054398E-01 -3.054398E-01
    13    70881.4788    8.05421081  9.373052E+08  7.200000E+05  1.580248E+34
        7.870525E+00  2.371908E+01  6.860793E+00  0.0000000000  0.000000E+00
        5.079790E+34 -3.999873E+00 -1.999887E+00 -3.054398E-01 -3.054398E-01
    14    68862.1697    8.06147623  9.294977E+08  7.800000E+05  1.384368E+34
        7.864509E+00  2.372172E+01  6.862632E+00  0.0000000000  0.000000E+00
        4.477165E+34 -3.999873E+00 -1.999887E+00 -3.054398E-01 -3.054398E-01
    15    67015.4879    8.06798503  9.225585E+08  8.400000E+05  1.223265E+34
        7.858967E+00  2.372405E+01  6.864263E+00  0.0000000000  0.000000E+00
        3.978605E+34 -3.999873E+00 -1.999887E+00 -3.054398E-01 -3.054398E-01
    16    65320.2311    8.07385378  9.163461E+08  9.000000E+05  1.089286E+34
        7.853835E+00  2.372614E+01  6.865719E+00  0.0000000000  0.000000E+00
        3.561311E+34 -3.999873E+00 -1.999887E+00 -3.054398E-01 -3.054398E-01
    17    63717.0057    8.07933533  9.105814E+08  9.622160E+05  9.738476E+33
        7.848899E+00  2.372808E+01  6.867072E+00  0.0000000000  0.000000E+00
        3.196799E+34 -3.999873E+00 -1.999887E+00 -3.054398E-01 -3.054398E-01
    18    62132.6969    8.08465061  9.050262E+08  1.028709E+06  8.698314E+33
        7.844005E+00  2.372993E+01  6.868366E+00  0.0000000000  0.000000E+00
        2.868355E+34 -3.999873E+00 -1.999887E+00 -3.054398E-01 -3.054398E-01
    19    60605.1241    8.08971820  8.997614E+08  1.099130E+06  7.782588E+33
        7.839195E+00  2.373169E+01  6.869594E+00  0.0000000000  0.000000E+00
        2.574977E+34 -3.999873E+00 -1.999887E+00 -3.054398E-01 -3.054398E-01
    20    59099.6519    8.09463239  8.946852E+08  1.174469E+06  6.958445E+33
        7.834422E+00  2.373337E+01  6.870770E+00  0.0000000000  0.000000E+00
        2.310378E+34 -3.999873E+00 -1.999887E+00 -3.054398E-01 -3.054398E-01
    21    57648.2802    8.09932709  8.898625E+08  1.254442E+06  6.231939E+33
        7.829720E+00  2.373497E+01  6.871890E+00  0.0000000000  0.000000E+00
        2.073602E+34 -3.999873E+00 -1.999887E+00 -3.054398E-01 -3.054398E-01
    22    56222.4129    8.10387876  8.852115E+08  1.340144E+06  5.579099E+33
        7.825047E+00  2.373651E+01  6.872965E+00  0.0000000000  0.000000E+00
        1.859820E+34 -3.999873E+00 -1.999887E+00 -3.054398E-01 -3.054398E-01
    23    54844.3583    8.10823807  8.807799E+08  1.431418E+06  5.001435E+33
        7.820429E+00  2.373798E+01  6.873991E+00  0.0000000000  0.000000E+00
        1.668034E+34 -3.999873E+00 -1.999887E+00 -3.054398E-01 -3.054398E-01
    24    53505.7194    8.11243910  8.765302E+08  1.529280E+06  4.487109E+33
        7.815837E+00  2.373938E+01  6.874977E+00  0.0000000000  0.000000E+00
        1.494950E+34 -3.999873E+00 -1.999887E+00 -3.054398E-01 -3.054398E-01
    25    52200.6517    8.11650123  8.724405E+08  1.634325E+06  4.027238E+33
        7.811265E+00  2.374074E+01  6.875925E+00  0.0000000000  0.000000E+00
        1.338750E+34 -3.999873E+00 -1.999887E+00 -3.054398E-01 -3.054398E-01
    26    50943.6101    8.12040290  8.685303E+08  1.746890E+06  3.620436E+33
        7.806722E+00  2.374204E+01  6.876836E+00  0.0000000000  0.000000E+00
        1.198171E+34 -3.999873E+00 -1.999887E+00 -3.054398E-01 -3.054398E-01
    27    49716.3488    8.12419437  8.647474E+08  1.868347E+06  3.255423E+33
        7.802177E+00  2.374330E+01  6.877719E+00  0.0000000000  0.000000E+00
        1.070991E+34 -3.999873E+00 -1.999887E+00 -3.054398E-01 -3.054398E-01
    28    48523.7132    8.12786176  8.611039E+08  1.998818E+06  2.929269E+33
        7.797651E+00  2.374451E+01  6.878572E+00  0.0000000000  0.000000E+00
        9.565887E+33 -3.999873E+00 -1.999887E+00 -3.054398E-01 -3.054398E-01
    29    47360.5287    8.13141123  8.575922E+08  2.138982E+06  2.636694E+33
        7.793140E+00  2.374568E+01  6.879395E+00  0.0000000000  0.000000E+00
        8.537748E+33 -3.999873E+00 -1.999887E+00 -3.054398E-01 -3.054398E-01
    30    46231.4580    8.13482530  8.542280E+08  2.289291E+06  2.375363E+33
        7.788650E+00  2.374681E+01  6.880190E+00  0.0000000000  0.000000E+00
        7.616005E+33 -3.999873E+00 -1.999887E+00 -3.054398E-01 -3.054398E-01
    31    45137.6663    8.13810619  8.510074E+08  2.450955E+06  2.142176E+33
        7.784162E+00  2.374790E+01  6.880959E+00  0.0000000000  0.000000E+00
        6.787889E+33 -3.999873E+00 -1.999887E+00 -3.054398E-01 -3.054398E-01
    32    44078.0806    8.14126523  8.479180E+08  2.625475E+06  1.933884E+33
        7.779657E+00  2.374896E+01  6.881706E+00  0.0000000000  0.000000E+00
        6.042244E+33 -3.999873E+00 -1.999887E+00 -3.054398E-01 -3.054398E-01
    33    43050.4599    8.14430921  8.449516E+08  2.814347E+06  1.747458E+33
        7.775118E+00  2.374999E+01  6.882433E+00  0.0000000000  0.000000E+00
        5.370463E+33 -3.999873E+00 -1.999887E+00 -3.054398E-01 -3.054398E-01
    34    42053.2903    8.14723990  8.421055E+08  3.019077E+06  1.580392E+33
        7.770532E+00  2.375100E+01  6.883140E+00  0.0000000000  0.000000E+00
        4.765517E+33 -3.999873E+00 -1.999887E+00 -3.054398E-01 -3.054398E-01
    35    41090.7292    8.15005938  8.393764E+08  3.241353E+06  1.431268E+33
        7.765887E+00  2.375197E+01  6.883828E+00  0.0000000000  0.000000E+00
        4.221132E+33 -3.999873E+00 -1.999887E+00 -3.054398E-01 -3.054398E-01
    36    40157.4644    8.15277864  8.367527E+08  3.483672E+06  1.297452E+33
        7.761155E+00  2.375292E+01  6.884500E+00  0.0000000000  0.000000E+00
        3.730551E+33 -3.999873E+00 -1.999887E+00 -3.054398E-01 -3.054398E-01
    37    39251.8018    8.15539630  8.342348E+08  3.748053E+06  1.177191E+33
        7.756323E+00  2.375384E+01  6.885157E+00  0.0000000000  0.000000E+00
        3.289409E+33 -3.999873E+00 -1.999887E+00 -3.054398E-01 -3.054398E-01
    38    38381.4468    8.15790838  8.318256E+08  4.036831E+06  1.069995E+33
        7.751376E+00  2.375475E+01  6.885796E+00  0.0000000000  0.000000E+00
        2.893548E+33 -3.999873E+00 -1.999887E+00 -3.054398E-01 -3.054398E-01
    39    37534.3070    8.16033213  8.295076E+08  4.354213E+06  9.731647E+32
        7.746272E+00  2.375563E+01  6.886423E+00  0.0000000000  0.000000E+00
        2.537573E+33 -3.999873E+00 -1.999887E+00 -3.054398E-01 -3.054398E-01
    40    36723.8578    8.16265303  8.272941E+08  4.702365E+06  8.870437E+32
        7.741007E+00  2.375649E+01  6.887034E+00  0.0000000000  0.000000E+00
        2.219339E+33 -3.999873E+00 -1.999887E+00 -3.054398E-01 -3.054398E-01
    41    35934.8386    8.16489529  8.251612E+08  5.087525E+06  8.090444E+32
        7.735523E+00  2.375733E+01  6.887635E+00  0.0000000000  0.000000E+00
        1.933787E+33 -3.999873E+00 -1.999887E+00 -3.054398E-01 -3.054398E-01
    42    35183.4640    8.16704015  8.231261E+08  5.512372E+06  7.398081E+32
        7.729821E+00  2.375815E+01  6.888224E+00  0.0000000000  0.000000E+00
        1.679487E+33 -3.999873E+00 -1.999887E+00 -3.054398E-01 -3.054398E-01
    43    34451.8376    8.16911709  8.211602E+08  5.985840E+06  6.769200E+32
        7.723827E+00  2.375896E+01  6.888807E+00  0.0000000000  0.000000E+00
        1.451967E+33 -3.999873E+00 -1.999887E+00 -3.054398E-01 -3.054398E-01
    44    33758.2617    8.17110214  8.192857E+08  6.511221E+06  6.211880E+32
        7.717548E+00  2.375976E+01  6.889379E+00  0.0000000000  0.000000E+00
        1.250370E+33 -3.999873E+00 -1.999887E+00 -3.054398E-01 -3.054398E-01
    45    33082.7946    8.17302551  8.174735E+08  7.100987E+06  5.704113E+32
        7.710895E+00  2.376055E+01  6.889944E+00  0.0000000000  0.000000E+00
        1.070849E+33 -3.999873E+00 -1.999887E+00 -3.054398E-01 -3.054398E-01
    46    32438.8890    8.17486152  8.157474E+08  7.758957E+06  5.250580E+32
        7.703887E+00  2.376131E+01  6.890494E+00  0.0000000000  0.000000E+00
        9.129530E+32 -3.999873E+00 -1.999887E+00 -3.054398E-01 -3.054398E-01
    47    31827.8983    8.17661912  8.140984E+08  8.498744E+06  4.846381E+32
        7.696459E+00  2.376205E+01  6.891034E+00  0.0000000000  0.000000E+00
        7.739638E+32 -3.999873E+00 -1.999887E+00 -3.054398E-01 -3.054398E-01
    48    31233.4371    8.17832204  8.125038E+08  9.335573E+06  4.476741E+32
        7.688553E+00  2.376279E+01  6.891568E+00  0.0000000000  0.000000E+00
        6.518693E+32 -3.999873E+00 -1.999887E+00 -3.054398E-01 -3.054398E-01
    49    30668.9619    8.17994858  8.109838E+08  1.027484E+07  4.146222E+32
        7.680220E+00  2.376351E+01  6.892092E+00  0.0000000000  0.000000E+00
        5.461732E+32 -3.999873E+00 -1.999887E+00 -3.054398E-01 -3.054398E-01
    50    30128.7299    8.18151625  8.095214E+08  1.133708E+07  3.847795E+32
        7.671395E+00  2.376422E+01  6.892611E+00  0.0000000000  0.000000E+00
        4.546344E+32 -3.999873E+00 -1.999887E+00 -3.054398E-01 -3.054398E-01
    51    29611.1810    8.18303008  8.081117E+08  1.253794E+07  3.577649E+32
        7.662077E+00  2.376493E+01  6.893128E+00  0.0000000000  0.000000E+00
        3.759630E+32 -3.999873E+00 -1.999887E+00 -3.054398E-01 -3.054398E-01
    52    29114.4475    8.18449562  8.067494E+08  1.389385E+07  3.332295E+32
        7.652279E+00  2.376564E+01  6.893644E+00  0.0000000000  0.000000E+00
        3.088831E+32 -3.999873E+00 -1.999887E+00 -3.054398E-01 -3.054398E-01
    53    28633.0130    8.18592360  8.054241E+08  1.542150E+07  3.107059E+32
        7.642024E+00  2.376635E+01  6.894162E+00  0.0000000000  0.000000E+00
        2.521595E+32 -3.999873E+00 -1.999887E+00 -3.054398E-01 -3.054398E-01
    54    28174.3351    8.18730575  8.041435E+08  1.713235E+07  2.903447E+32
        7.631374E+00  2.376706E+01  6.894684E+00  0.0000000000  0.000000E+00
        2.046983E+32 -3.999873E+00 -1.999887E+00 -3.054398E-01 -3.054398E-01
    55    27725.5419    8.18866418  8.028869E+08  1.905363E+07  2.714319E+32
        7.620299E+00  2.376778E+01  6.895211E+00  0.0000000000  0.000000E+00
        1.650589E+32 -3.999873E+00 -1.999887E+00 -3.054398E-01 -3.054398E-01
    56    27291.5910    8.18998489  8.016670E+08  2.118629E+07  2.540595E+32
        7.608917E+00  2.376848E+01  6.895732E+00  0.0000000000  0.000000E+00
        1.324296E+32 -3.999873E+00 -1.999887E+00 -3.054398E-01 -3.054398E-01
    57    26867.4863    8.19127647  8.004758E+08  2.354752E+07  2.379231E+32
        7.597249E+00  2.376918E+01  6.896242E+00  0.0000000000  0.000000E+00
        1.056929E+32 -3.999873E+00 -1.999887E+00 -3.054398E-01 -3.054398E-01
    58    26454.5389    8.19253538  7.993165E+08  2.614130E+07  2.229822E+32
        7.585369E+00  2.376986E+01  6.896740E+00  0.0000000000  0.000000E+00
        8.397941E+31 -3.999873E+00 -1.999887E+00 -3.054398E-01 -3.054398E-01
    59    26049.5278    8.19376761  7.981833E+08  2.897764E+07  2.090435E+32
        7.573305E+00  2.377052E+01  6.897226E+00  0.0000000000  0.000000E+00
        6.643357E+31 -3.999873E+00 -1.999887E+00 -3.054398E-01 -3.054398E-01
    60    25652.3914    8.19497306  7.970763E+08  3.205623E+07  1.960393E+32
        7.561114E+00  2.377116E+01  6.897698E+00  0.0000000000  0.000000E+00
        5.235983E+31 -3.999873E+00 -1.999887E+00 -3.054398E-01 -3.054398E-01
    61    25262.4881    8.19615409  7.959933E+08  3.537900E+07  1.838888E+32
        7.548829E+00  2.377179E+01  6.898160E+00  0.0000000000  0.000000E+00
        4.112907E+31 -3.999873E+00 -1.999887E+00 -3.054398E-01 -3.054398E-01
    62    24878.5249    8.19731380  7.949312E+08  3.894627E+07  1.725002E+32
        7.536476E+00  2.377240E+01  6.898612E+00  0.0000000000  0.000000E+00
        3.221012E+31 -3.999873E+00 -1.999887E+00 -3.054398E-01 -3.054398E-01
    63    24499.7837    8.19845283  7.938894E+08  4.275421E+07  1.618084E+32
        7.524088E+00  2.377299E+01  6.899051E+00  0.0000000000  0.000000E+00
        2.516286E+31 -3.999873E+00 -1.999887E+00 -3.054398E-01 -3.054398E-01
    64    24126.1447    8.19957107  7.928680E+08  4.679756E+07  1.517699E+32
        7.511694E+00  2.377357E+01  6.899477E+00  0.0000000000  0.000000E+00
        1.961935E+31 -3.999873E+00 -1.999887E+00 -3.054398E-01 -3.054398E-01
    65    23757.5438    8.20066840  7.918670E+08  5.107281E+07  1.423451E+32
        7.499312E+00  2.377413E+01  6.899890E+00  0.0000000000  0.000000E+00
        1.527289E+31 -3.999873E+00 -1.999887E+00 -3.054398E-01 -3.054398E-01
    66    23393.9474    8.20174502  7.908861E+08  5.557719E+07  1.334977E+32
        7.486953E+00  2.377467E+01  6.900291E+00  0.0000000000  0.000000E+00
        1.187400E+31 -3.999873E+00 -1.999887E+00 -3.054398E-01 -3.054398E-01
    67    23035.3787    8.20280186  7.899244E+08  6.030848E+07  1.251943E+32
        7.474625E+00  2.377520E+01  6.900682E+00  0.0000000000  0.000000E+00
        9.222155E+30 -3.999873E+00 -1.999887E+00 -3.054398E-01 -3.054398E-01
    68    22681.7273    8.20383943  7.889813E+08  6.526547E+07  1.174005E+32
        7.462333E+00  2.377572E+01  6.901064E+00  0.0000000000  0.000000E+00
        7.157092E+30 -3.999873E+00 -1.999887E+00 -3.054398E-01 -3.054398E-01
    69    22333.1796    8.20485825  7.880564E+08  7.044712E+07  1.100902E+32
        7.450084E+00  2.377623E+01  6.901440E+00  0.0000000000  0.000000E+00
        5.551733E+30 -3.999873E+00 -1.999887E+00 -3.054398E-01 -3.054398E-01
    70    21989.5953    8.20585880  7.871492E+08  7.585475E+07  1.032322E+32
        7.437879E+00  2.377673E+01  6.901811E+00  0.0000000000  0.000000E+00
        4.305121E+30 -3.999873E+00 -1.999887E+00 -3.054398E-01 -3.054398E-01
    71    21650.9539    8.20684075  7.862598E+08  8.148942E+07  9.679931E+31
        7.425720E+00  2.377722E+01  6.902174E+00  0.0000000000  0.000000E+00
        3.338065E+30 -3.999873E+00 -1.999887E+00 -3.054398E-01 -3.054398E-01
    72    21317.3814    8.20780365  7.853886E+08  8.735279E+07  9.076881E+31
        7.413609E+00  2.377769E+01  6.902528E+00  0.0000000000  0.000000E+00
        2.588447E+30 -3.999873E+00 -1.999887E+00 -3.054398E-01 -3.054398E-01
    73    20988.6231    8.20874680  7.845363E+08  9.344789E+07  8.511260E+31
        7.401543E+00  2.377815E+01  6.902870E+00  0.0000000000  0.000000E+00
        2.007651E+30 -3.999873E+00 -1.999887E+00 -3.054398E-01 -3.054398E-01
    74    20664.6507    8.20966878  7.837040E+08  9.977644E+07  7.980836E+31
        7.389524E+00  2.377859E+01  6.903196E+00  0.0000000000  0.000000E+00
        1.557938E+30 -3.999873E+00 -1.999887E+00 -3.054398E-01 -3.054398E-01
    75    20345.4476    8.21057137  7.828900E+08  1.063413E+08  7.483461E+31
        7.377557E+00  2.377902E+01  6.903510E+00  0.0000000000  0.000000E+00
        1.209895E+30 -3.999873E+00 -1.999887E+00 -3.054398E-01 -3.054398E-01
    76    20031.1014    8.21145678  7.820924E+08  1.131484E+08  7.017257E+31
        7.365644E+00  2.377944E+01  6.903821E+00  0.0000000000  0.000000E+00
        9.405137E+29 -3.999873E+00 -1.999887E+00 -3.054398E-01 -3.054398E-01
    77    19721.3565    8.21232446  7.813115E+08  1.202065E+08  6.580025E+31
        7.353781E+00  2.377985E+01  6.904126E+00  0.0000000000  0.000000E+00
        7.318631E+29 -3.999873E+00 -1.999887E+00 -3.054398E-01 -3.054398E-01
    78    19416.1602    8.21317330  7.805483E+08  1.275213E+08  6.169997E+31
        7.341967E+00  2.378025E+01  6.904425E+00  0.0000000000  0.000000E+00
        5.701968E+29 -3.999873E+00 -1.999887E+00 -3.054398E-01 -3.054398E-01
    79    19115.5175    8.21400286  7.798032E+08  1.350985E+08  5.785571E+31
        7.330203E+00  2.378064E+01  6.904712E+00  0.0000000000  0.000000E+00
        4.448706E+29 -3.999873E+00 -1.999887E+00 -3.054398E-01 -3.054398E-01
    80    18819.4071    8.21481394  7.790754E+08  1.429450E+08  5.425187E+31
        7.318490E+00  2.378101E+01  6.904986E+00  0.0000000000  0.000000E+00
        3.476439E+29 -3.999873E+00 -1.999887E+00 -3.054398E-01 -3.054398E-01
    81    18527.8839    8.21560722  7.783642E+08  1.510684E+08  5.087459E+31
        7.306827E+00  2.378136E+01  6.905246E+00  0.0000000000  0.000000E+00
        2.721411E+29 -3.999873E+00 -1.999887E+00 -3.054398E-01 -3.054398E-01
    82    18241.1795    8.21638393  7.776684E+08  1.594772E+08  4.771255E+31
        7.295213E+00  2.378169E+01  6.905489E+00  0.0000000000  0.000000E+00
        2.134372E+29 -3.999873E+00 -1.999887E+00 -3.054398E-01 -3.054398E-01
    83    17959.5615    8.21714700  7.769856E+08  1.681830E+08  4.475492E+31
        7.283649E+00  2.378200E+01  6.905722E+00  0.0000000000  0.000000E+00
        1.677216E+29 -3.999873E+00 -1.999887E+00 -3.054398E-01 -3.054398E-01
    84    17682.7123    8.21789909  7.763131E+08  1.772000E+08  4.198569E+31
        7.272131E+00  2.378231E+01  6.905947E+00  0.0000000000  0.000000E+00
        1.320532E+29 -3.999873E+00 -1.999887E+00 -3.054398E-01 -3.054398E-01
    85    17410.5192    8.21864192  7.756494E+08  1.865379E+08  3.939216E+31
        7.260661E+00  2.378260E+01  6.906163E+00  0.0000000000  0.000000E+00
        1.041866E+29 -3.999873E+00 -1.999887E+00 -3.054398E-01 -3.054398E-01
    86    17143.0635    8.21937636  7.749939E+08  1.962061E+08  3.696428E+31
        7.249240E+00  2.378288E+01  6.906374E+00  0.0000000000  0.000000E+00
        8.238216E+28 -3.999873E+00 -1.999887E+00 -3.054398E-01 -3.054398E-01
    87    16880.0565    8.22010297  7.743458E+08  2.062163E+08  3.468946E+31
        7.237868E+00  2.378316E+01  6.906580E+00  0.0000000000  0.000000E+00
        6.529219E+28 -3.999873E+00 -1.999887E+00 -3.054398E-01 -3.054398E-01
    88    16621.2364    8.22082141  7.737056E+08  2.165772E+08  3.255643E+31
        7.226548E+00  2.378343E+01  6.906782E+00  0.0000000000  0.000000E+00
        5.187878E+28 -3.999873E+00 -1.999887E+00 -3.054398E-01 -3.054398E-01
    89    16366.3338    8.22152803  7.730764E+08  2.272959E+08  3.055501E+31
        7.215283E+00  2.378369E+01  6.906974E+00  0.0000000000  0.000000E+00
        4.133506E+28 -3.999873E+00 -1.999887E+00 -3.054398E-01 -3.054398E-01
    90    16115.3559    8.22222046  7.724604E+08  2.383757E+08  2.867768E+31
        7.204082E+00  2.378394E+01  6.907156E+00  0.0000000000  0.000000E+00
        3.303601E+28 -3.999873E+00 -1.999887E+00 -3.054398E-01 -3.054398E-01
    91    15868.3321    8.22289977  7.718565E+08  2.498230E+08  2.691722E+31
        7.192954E+00  2.378417E+01  6.907328E+00  0.0000000000  0.000000E+00
        2.649163E+28 -3.999873E+00 -1.999887E+00 -3.054398E-01 -3.054398E-01
    92    15625.5346    8.22356747  7.712634E+08  2.616476E+08  2.526835E+31
        7.181902E+00  2.378439E+01  6.907494E+00  0.0000000000  0.000000E+00
        2.131769E+28 -3.999873E+00 -1.999887E+00 -3.054398E-01 -3.054398E-01
    93    15386.9984    8.22422521  7.706796E+08  2.738638E+08  2.372440E+31
        7.170925E+00  2.378461E+01  6.907657E+00  0.0000000000  0.000000E+00
        1.721440E+28 -3.999873E+00 -1.999887E+00 -3.054398E-01 -3.054398E-01
    94    15152.7833    8.22487419  7.701039E+08  2.864828E+08  2.227924E+31
        7.160026E+00  2.378482E+01  6.907818E+00  0.0000000000  0.000000E+00
        1.395067E+28 -3.999873E+00 -1.999887E+00 -3.054398E-01 -3.054398E-01
    95    14922.8956    8.22551555  7.695355E+08  2.995151E+08  2.092675E+31
        7.149206E+00  2.378504E+01  6.907979E+00  0.0000000000  0.000000E+00
        1.134691E+28 -3.999873E+00 -1.999887E+00 -3.054398E-01 -3.054398E-01
    96    14697.3501    8.22614881  7.689747E+08  3.129695E+08  1.966130E+31
        7.138467E+00  2.378526E+01  6.908141E+00  0.0000000000  0.000000E+00
        9.263399E+27 -3.999873E+00 -1.999887E+00 -3.054398E-01 -3.054398E-01
    97    14476.1708    8.22677186  7.684233E+08  3.268514E+08  1.847770E+31
        7.127815E+00  2.378547E+01  6.908298E+00  0.0000000000  0.000000E+00
        7.591122E+27 -3.999873E+00 -1.999887E+00 -3.054398E-01 -3.054398E-01
    98    14259.4352    8.22738328  7.678826E+08  3.411630E+08  1.737124E+31
        7.117256E+00  2.378568E+01  6.908449E+00  0.0000000000  0.000000E+00
        6.244941E+27 -3.999873E+00 -1.999887E+00 -3.054398E-01 -3.054398E-01
    99    14047.2226    8.22798200  7.673534E+08  3.559052E+08  1.633747E+31
        7.106795E+00  2.378588E+01  6.908595E+00  0.0000000000  0.000000E+00
        5.157865E+27 -3.999873E+00 -1.999887E+00 -3.054398E-01 -3.054398E-01
   100    13839.6427    8.22856695  7.668368E+08  3.710757E+08  1.537225E+31
        7.096441E+00  2.378608E+01  6.908735E+00  0.0000000000  0.000000E+00
        4.277249E+27 -3.999873E+00 -1.999887E+00 -3.054398E-01 -3.054398E-01
   101    13636.8900    8.22913696  7.663338E+08  3.866613E+08  1.447202E+31
        7.086206E+00  2.378627E+01  6.908869E+00  0.0000000000  0.000000E+00
        3.561862E+27 -3.999873E+00 -1.999887E+00 -3.054398E-01 -3.054398E-01
   102    13439.4271    8.22969043  7.658456E+08  4.026229E+08  1.363444E+31
        7.076114E+00  2.378645E+01  6.908996E+00  0.0000000000  0.000000E+00
        2.979690E+27 -3.999873E+00 -1.999887E+00 -3.054398E-01 -3.054398E-01
   103    13248.3391    8.23022493  7.653745E+08  4.188575E+08  1.285955E+31
        7.066226E+00  2.378661E+01  6.909118E+00  0.0000000000  0.000000E+00
        2.506388E+27 -3.999873E+00 -1.999887E+00 -3.054398E-01 -3.054398E-01
   104    13066.1515    8.23073658  7.649238E+08  4.351105E+08  1.215232E+31
        7.056680E+00  2.378677E+01  6.909236E+00  0.0000000000  0.000000E+00
        2.124612E+27 -3.999873E+00 -1.999887E+00 -3.054398E-01 -3.054398E-01
   105    12898.9479    8.23121252  7.645047E+08  4.507331E+08  1.152947E+31
        7.047811E+00  2.378693E+01  6.909350E+00  0.0000000000  0.000000E+00
        1.824980E+27 -3.999873E+00 -1.999887E+00 -3.054398E-01 -3.054398E-01
   106    12755.7601    8.23162760  7.641395E+08  4.646689E+08  1.101546E+31
        7.040131E+00  2.378706E+01  6.909450E+00  0.0000000000  0.000000E+00
        1.601697E+27 -3.999873E+00 -1.999887E+00 -3.054398E-01 -3.054398E-01
   107    12637.1167    8.23197838  7.638310E+08  4.766209E+08  1.060275E+31
        7.033704E+00  2.378718E+01  6.909535E+00  0.0000000000  0.000000E+00
        1.437171E+27 -3.999873E+00 -1.999887E+00 -3.054398E-01 -3.054398E-01
   108    12535.2403    8.23228410  7.635622E+08  4.871934E+08  1.025773E+31
        7.028140E+00  2.378728E+01  6.909608E+00  0.0000000000  0.000000E+00
        1.309195E+27 -3.999873E+00 -1.999887E+00 -3.054398E-01 -3.054398E-01
   109    12441.8783    8.23256775  7.633128E+08  4.971494E+08  9.949034E+30
        7.023004E+00  2.378737E+01  6.909675E+00  0.0000000000  0.000000E+00
        1.201747E+27 -3.999873E+00 -1.999887E+00 -3.054398E-01 -3.054398E-01
   110    12353.9084    8.23283773  7.630756E+08  5.067747E+08  9.664617E+30
        7.018130E+00  2.378745E+01  6.909739E+00  0.0000000000  0.000000E+00
        1.108415E+27 -3.999873E+00 -1.999887E+00 -3.054398E-01 -3.054398E-01
   111    12269.2705    8.23309998  7.628453E+08  5.162687E+08  9.396797E+30
        7.013409E+00  2.378753E+01  6.909799E+00  0.0000000000  0.000000E+00
        1.025311E+27 -3.999873E+00 -1.999887E+00 -3.054398E-01 -3.054398E-01
   112    12187.0791    8.23335718  7.626194E+08  5.257157E+08  9.142105E+30
        7.008795E+00  2.378761E+01  6.909858E+00  0.0000000000  0.000000E+00
        9.504307E+26 -3.999873E+00 -1.999887E+00 -3.054398E-01 -3.054398E-01
   113    12107.0546    8.23360957  7.623978E+08  5.351358E+08  8.899166E+30
        7.004273E+00  2.378769E+01  6.909914E+00  0.0000000000  0.000000E+00
        8.826469E+26 -3.999873E+00 -1.999887E+00 -3.054398E-01 -3.054398E-01
   114    12028.1029    8.23385968  7.621783E+08  5.446517E+08  8.664305E+30
        6.999783E+00  2.378776E+01  6.909969E+00  0.0000000000  0.000000E+00
        8.203874E+26 -3.999873E+00 -1.999887E+00 -3.054398E-01 -3.054398E-01
   115    11949.0287    8.23411135  7.619575E+08  5.544116E+08  8.433813E+30
        6.995257E+00  2.378783E+01  6.910022E+00  0.0000000000  0.000000E+00
        7.623113E+26 -3.999873E+00 -1.999887E+00 -3.054398E-01 -3.054398E-01
   116    11870.1804    8.23436406  7.617359E+08  5.643795E+08  8.208619E+30
        6.990714E+00  2.378790E+01  6.910074E+00  0.0000000000  0.000000E+00
        7.083736E+26 -3.999873E+00 -1.999887E+00 -3.054398E-01 -3.054398E-01
   117    11792.5951    8.23461446  7.615163E+08  5.744237E+08  7.991494E+30
        6.986215E+00  2.378797E+01  6.910124E+00  0.0000000000  0.000000E+00
        6.589092E+26 -3.999873E+00 -1.999887E+00 -3.054398E-01 -3.054398E-01
   118    11716.2987    8.23486134  7.612999E+08  5.845353E+08  7.782252E+30
        6.981762E+00  2.378803E+01  6.910170E+00  0.0000000000  0.000000E+00
        6.135308E+26 -3.999873E+00 -1.999887E+00 -3.054398E-01 -3.054398E-01
   119    11640.0138    8.23510719  7.610845E+08  5.948843E+08  7.577251E+30
        6.977281E+00  2.378809E+01  6.910214E+00  0.0000000000  0.000000E+00
        5.711856E+26 -3.999873E+00 -1.999887E+00 -3.054398E-01 -3.054398E-01
   120    11562.3286    8.23535601  7.608665E+08  6.056778E+08  7.372760E+30
        6.972689E+00  2.378815E+01  6.910256E+00  0.0000000000  0.000000E+00
        5.309713E+26 -3.999873E+00 -1.999887E+00 -3.054398E-01 -3.054398E-01
   121    11482.7238    8.23560962  7.606443E+08  6.170146E+08  7.167619E+30
        6.967952E+00  2.378820E+01  6.910296E+00  0.0000000000  0.000000E+00
        4.925999E+26 -3.999873E+00 -1.999887E+00 -3.054398E-01 -3.054398E-01
   122    11401.4797    8.23586769  7.604184E+08  6.288841E+08  6.962770E+30
        6.963083E+00  2.378825E+01  6.910335E+00  0.0000000000  0.000000E+00
        4.561953E+26 -3.999873E+00 -1.999887E+00 -3.054398E-01 -3.054398E-01
   123    11319.2694    8.23612872  7.601899E+08  6.412136E+08  6.760047E+30
        6.958122E+00  2.378830E+01  6.910372E+00  0.0000000000  0.000000E+00
        4.219911E+26 -3.999873E+00 -1.999887E+00 -3.054398E-01 -3.054398E-01
   124    11236.7563    8.23639122  7.599602E+08  6.539229E+08  6.561113E+30
        6.953105E+00  2.378835E+01  6.910408E+00  0.0000000000  0.000000E+00
        3.901357E+26 -3.999873E+00 -1.999887E+00 -3.054398E-01 -3.054398E-01
   125    11154.4163    8.23665495  7.597295E+08  6.669525E+08  6.367036E+30
        6.948061E+00  2.378839E+01  6.910443E+00  0.0000000000  0.000000E+00
        3.606417E+26 -3.999873E+00 -1.999887E+00 -3.054398E-01 -3.054398E-01
   126    11073.2096    8.23691568  7.595014E+08  6.801527E+08  6.179926E+30
        6.943049E+00  2.378844E+01  6.910476E+00  0.0000000000  0.000000E+00
        3.336418E+26 -3.999873E+00 -1.999887E+00 -3.054398E-01 -3.054398E-01
   127    10991.9337    8.23717771  7.592724E+08  6.937276E+08  5.996855E+30
        6.937994E+00  2.378848E+01  6.910510E+00  0.0000000000  0.000000E+00
        3.085497E+26 -3.999873E+00 -1.999887E+00 -3.054398E-01 -3.054398E-01
   128    10910.7900    8.23744019  7.590429E+08  7.076561E+08  5.818211E+30
        6.932908E+00  2.378852E+01  6.910543E+00  0.0000000000  0.000000E+00
        2.852924E+26 -3.999873E+00 -1.999887E+00 -3.054398E-01 -3.054398E-01
   129    10829.4042    8.23770422  7.588123E+08  7.220184E+08  5.643115E+30
        6.927767E+00  2.378857E+01  6.910577E+00  0.0000000000  0.000000E+00
        2.636392E+26 -3.999873E+00 -1.999887E+00 -3.054398E-01 -3.054398E-01
   130    10747.4759    8.23797076  7.585794E+08  7.368884E+08  5.470916E+30
        6.922551E+00  2.378861E+01  6.910613E+00  0.0000000000  0.000000E+00
        2.434173E+26 -3.999873E+00 -1.999887E+00 -3.054398E-01 -3.054398E-01
   131    10664.8238    8.23824034  7.583440E+08  7.523256E+08  5.301262E+30
        6.917246E+00  2.378866E+01  6.910651E+00  0.0000000000  0.000000E+00
        2.245056E+26 -3.999873E+00 -1.999887E+00 -3.054398E-01 -3.054398E-01
   132    10581.2114    8.23851383  7.581053E+08  7.684048E+08  5.133725E+30
        6.911835E+00  2.378872E+01  6.910691E+00  0.0000000000  0.000000E+00
        2.067884E+26 -3.999873E+00 -1.999887E+00 -3.054398E-01 -3.054398E-01
   133    10496.4853    8.23879174  7.578628E+08  7.851930E+08  4.968082E+30
        6.906305E+00  2.378878E+01  6.910735E+00  0.0000000000  0.000000E+00
        1.901822E+26 -3.999873E+00 -1.999887E+00 -3.054398E-01 -3.054398E-01
   134    10410.4508    8.23907497  7.576157E+08  8.027700E+08  4.804056E+30
        6.900641E+00  2.378884E+01  6.910784E+00  0.0000000000  0.000000E+00
        1.746052E+26 -3.999873E+00 -1.999887E+00 -3.054398E-01 -3.054398E-01
   135    10323.2323    8.23936307  7.573644E+08  8.211553E+08  4.641994E+30
        6.894847E+00  2.378891E+01  6.910836E+00  0.0000000000  0.000000E+00
        1.600391E+26 -3.999873E+00 -1.999887E+00 -3.054398E-01 -3.054398E-01
   136    10235.0271    8.23965492  7.571100E+08  8.403494E+08  4.482352E+30
        6.888934E+00  2.378899E+01  6.910890E+00  0.0000000000  0.000000E+00
        1.464702E+26 -3.999873E+00 -1.999887E+00 -3.054398E-01 -3.054398E-01
   137    10145.8083    8.23995071  7.568522E+08  8.604047E+08  4.325146E+30
        6.882897E+00  2.378907E+01  6.910948E+00  0.0000000000  0.000000E+00
        1.338436E+26 -3.999873E+00 -1.999887E+00 -3.054398E-01 -3.054398E-01
   138    10055.8743    8.24024945  7.565920E+08  8.812992E+08  4.170948E+30
        6.876753E+00  2.378915E+01  6.911007E+00  0.0000000000  0.000000E+00
        1.221478E+26 -3.999873E+00 -1.999887E+00 -3.054398E-01 -3.054398E-01
   139     9965.4462    8.24055030  7.563299E+08  9.030235E+08  4.020144E+30
        6.870516E+00  2.378923E+01  6.911068E+00  0.0000000000  0.000000E+00
        1.113519E+26 -3.999873E+00 -1.999887E+00 -3.054398E-01 -3.054398E-01
   140     9874.7137    8.24085263  7.560667E+08  9.255709E+08  3.873025E+30
        6.864195E+00  2.378932E+01  6.911129E+00  0.0000000000  0.000000E+00
        1.014155E+26 -3.999873E+00 -1.999887E+00 -3.054398E-01 -3.054398E-01
   141     9783.8869    8.24115548  7.558032E+08  9.489248E+08  3.729882E+30
        6.857805E+00  2.378940E+01  6.911191E+00  0.0000000000  0.000000E+00
        9.229672E+25 -3.999873E+00 -1.999887E+00 -3.054398E-01 -3.054398E-01
   142     9693.1177    8.24145813  7.555399E+08  9.730798E+08  3.590878E+30
        6.851355E+00  2.378948E+01  6.911252E+00  0.0000000000  0.000000E+00
        8.394763E+25 -3.999873E+00 -1.999887E+00 -3.054398E-01 -3.054398E-01
   143     9602.5490    8.24175986  7.552774E+08  9.980279E+08  3.456139E+30
        6.844854E+00  2.378957E+01  6.911311E+00  0.0000000000  0.000000E+00
        7.631748E+25 -3.999873E+00 -1.999887E+00 -3.054398E-01 -3.054398E-01
   144     9512.2967    8.24206004  7.550165E+08  1.023766E+09  3.325725E+30
        6.838308E+00  2.378965E+01  6.911369E+00  0.0000000000  0.000000E+00
        6.935472E+25 -3.999873E+00 -1.999887E+00 -3.054398E-01 -3.054398E-01
   145     9422.4727    8.24235786  7.547576E+08  1.050289E+09  3.199680E+30
        6.831726E+00  2.378972E+01  6.911424E+00  0.0000000000  0.000000E+00
        6.300997E+25 -3.999873E+00 -1.999887E+00 -3.054398E-01 -3.054398E-01
   146     9333.1214    8.24265302  7.545012E+08  1.077607E+09  3.077935E+30
        6.825111E+00  2.378979E+01  6.911476E+00  0.0000000000  0.000000E+00
        5.723195E+25 -3.999873E+00 -1.999887E+00 -3.054398E-01 -3.054398E-01
   147     9244.3546    8.24294600  7.542467E+08  1.105718E+09  2.960501E+30
        6.818469E+00  2.378986E+01  6.911525E+00  0.0000000000  0.000000E+00
        5.197528E+25 -3.999873E+00 -1.999887E+00 -3.054398E-01 -3.054398E-01
   148     9156.2196    8.24323901  7.539923E+08  1.134642E+09  2.847283E+30
        6.811803E+00  2.378993E+01  6.911577E+00  0.0000000000  0.000000E+00
        4.719669E+25 -3.999873E+00 -1.999887E+00 -3.054398E-01 -3.054398E-01
   149     9068.6389    8.24353256  7.537376E+08  1.164435E+09  2.738046E+30
        6.805107E+00  2.379001E+01  6.911633E+00  0.0000000000  0.000000E+00
        4.284813E+25 -3.999873E+00 -1.999887E+00 -3.054398E-01 -3.054398E-01
   150     8981.8225    8.24382532  7.534836E+08  1.195046E+09  2.632919E+30
        6.798396E+00  2.379008E+01  6.911691E+00  0.0000000000  0.000000E+00
        3.889960E+25 -3.999873E+00 -1.999887E+00 -3.054398E-01 -3.054398E-01
   151     8895.6447    8.24411733  7.532303E+08  1.226542E+09  2.531613E+30
        6.791662E+00  2.379017E+01  6.911750E+00  0.0000000000  0.000000E+00
        3.531077E+25 -3.999873E+00 -1.999887E+00 -3.054398E-01 -3.054398E-01
   152     8810.1704    8.24440787  7.529784E+08  1.258918E+09  2.434077E+30
        6.784910E+00  2.379025E+01  6.911810E+00  0.0000000000  0.000000E+00
        3.205090E+25 -3.999873E+00 -1.999887E+00 -3.054398E-01 -3.054398E-01
   153     8725.4106    8.24469628  7.527284E+08  1.292189E+09  2.340195E+30
        6.778141E+00  2.379033E+01  6.911870E+00  0.0000000000  0.000000E+00
        2.909059E+25 -3.999873E+00 -1.999887E+00 -3.054398E-01 -3.054398E-01
   154     8641.2721    8.24498244  7.524805E+08  1.326411E+09  2.249744E+30
        6.771350E+00  2.379041E+01  6.911929E+00  0.0000000000  0.000000E+00
        2.639902E+25 -3.999873E+00 -1.999887E+00 -3.054398E-01 -3.054398E-01
   155     8557.8094    8.24526554  7.522352E+08  1.361578E+09  2.162668E+30
        6.764540E+00  2.379049E+01  6.911985E+00  0.0000000000  0.000000E+00
        2.395524E+25 -3.999873E+00 -1.999887E+00 -3.054398E-01 -3.054398E-01
   156     8475.0230    8.24554508  7.519932E+08  1.397709E+09  2.078851E+30
        6.757715E+00  2.379056E+01  6.912039E+00  0.0000000000  0.000000E+00
        2.173614E+25 -3.999873E+00 -1.999887E+00 -3.054398E-01 -3.054398E-01
   157     8365.4897    8.24591199  7.516756E+08  1.447709E+09  1.971779E+30
        6.748573E+00  2.379065E+01  6.912105E+00  0.0000000000  0.000000E+00
        1.908700E+25 -3.999873E+00 -1.999887E+00 -3.054398E-01 -3.054398E-01
   158     8211.2694    8.24642144  7.512348E+08  1.522709E+09  1.828204E+30
        6.735483E+00  2.379076E+01  6.912183E+00  0.0000000000  0.000000E+00
        1.585316E+25 -3.999873E+00 -1.999887E+00 -3.054398E-01 -3.054398E-01
   159     7999.5311    8.24710610  7.506429E+08  1.635209E+09  1.644209E+30
        6.717085E+00  2.379085E+01  6.912256E+00  0.0000000000  0.000000E+00
        1.222266E+25 -3.999873E+00 -1.999887E+00 -3.054398E-01 -3.054398E-01
   160     7784.6829    8.24779321  7.500493E+08  1.764332E+09  1.472229E+30
        6.699479E+00  2.379093E+01  6.912364E+00  0.0046997204 -2.045874E-03
        9.282546E+24 -3.999873E+00 -1.999887E+00 -3.054398E-01 -3.054398E-01
   161     7601.6378    8.24838791  7.495360E+08  1.906556E+09  1.336736E+30
        6.685028E+00  2.379103E+01  6.912436E+00  0.0337150811 -1.489480E-02
        7.290905E+24 -3.999873E+00 -1.999887E+00 -3.054398E-01 -3.054398E-01
   162     7415.8519    8.24901284  7.489969E+08  2.086995E+09  1.209028E+30
        6.666969E+00  2.379119E+01  6.912545E+00  0.0821591723 -3.723263E-02
        5.603890E+24 -3.999873E+00 -1.999887E+00 -3.054398E-01 -3.054398E-01
   163     7226.6529    8.24967036  7.484301E+08  2.297989E+09  1.088638E+30
        6.647806E+00  2.379138E+01  6.912684E+00  0.1426241314 -6.682874E-02
        4.217554E+24 -3.999873E+00 -1.999887E+00 -3.054398E-01 -3.054398E-01
   164     7045.0954    8.25030317  7.478851E+08  2.525041E+09  9.818592E+29
        6.629240E+00  2.379153E+01  6.912791E+00  0.2047299177 -9.948536E-02
        3.185394E+24 -3.999873E+00 -1.999887E+00 -3.054398E-01 -3.054398E-01
   165     6871.4550    8.25092495  7.473499E+08  2.760014E+09  8.873087E+29
        6.611061E+00  2.379163E+01  6.912866E+00  0.2689322012 -1.360423E-01
        2.412248E+24 -3.999873E+00 -1.999887E+00 -3.054398E-01 -3.054398E-01
   166     6716.0377    8.25152544  7.468334E+08  2.988487E+09  8.085966E+29
        6.594516E+00  2.379172E+01  6.912932E+00  0.3252159034 -1.708352E-01
        1.867878E+24 -3.999873E+00 -1.999887E+00 -3.054398E-01 -3.054398E-01
   167     6577.0501    8.25211860  7.463235E+08  3.205130E+09  7.426956E+29
        6.579394E+00  2.379182E+01  6.913009E+00  0.3746472369 -2.038749E-01
        1.478232E+24 -3.999873E+00 -1.999887E+00 -3.054398E-01 -3.054398E-01
   168     6456.6800    8.25266666  7.458528E+08  3.407084E+09  6.889303E+29
        6.566180E+00  2.379195E+01  6.913095E+00  0.4154152814 -2.331525E-01
        1.205416E+24 -3.999873E+00 -1.999887E+00 -3.054398E-01 -3.054398E-01
   169     6341.8256    8.25322863  7.453704E+08  3.609088E+09  6.403736E+29
        6.553136E+00  2.379207E+01  6.913186E+00  0.4569377127 -2.651504E-01
        9.865398E+23 -3.999873E+00 -1.999887E+00 -3.054398E-01 -3.054398E-01
   170     6232.5266    8.25380718  7.448741E+08  3.806229E+09  5.965602E+29
        6.540558E+00  2.379219E+01  6.913270E+00  0.4936472427 -2.955468E-01
        8.119824E+23 -3.999873E+00 -1.999887E+00 -3.054398E-01 -3.054398E-01
   171     6139.1127    8.25432842  7.444272E+08  3.990561E+09  5.609173E+29
        6.529722E+00  2.379228E+01  6.913337E+00  0.5252291573 -3.235160E-01
        6.866159E+23 -3.999873E+00 -1.999887E+00 -3.054398E-01 -3.054398E-01
   172     6045.3621    8.25487027  7.439630E+08  4.179791E+09  5.267735E+29
        6.518264E+00  2.379237E+01  6.913396E+00  0.5567819450 -3.533826E-01
        5.747178E+23 -3.999873E+00 -1.999887E+00 -3.054398E-01 -3.054398E-01
   173     5958.5718    8.25537808  7.435281E+08  4.367094E+09  4.965872E+29
        6.507394E+00  2.379244E+01  6.913445E+00  0.5829602119 -3.798225E-01
        4.866113E+23 -3.999873E+00 -1.999887E+00 -3.054398E-01 -3.054398E-01
   174     5873.0501    8.25591133  7.430718E+08  4.563557E+09  4.681105E+29
        6.496215E+00  2.379249E+01  6.913487E+00  0.6141230970 -4.135512E-01
        4.077957E+23 -3.999873E+00 -1.999887E+00 -3.054398E-01 -3.054398E-01
   175     5796.0857    8.25646036  7.426023E+08  4.761141E+09  4.434899E+29
        6.484541E+00  2.379255E+01  6.913528E+00  0.6397949973 -4.434503E-01
        3.376590E+23 -3.999873E+00 -1.999887E+00 -3.054398E-01 -3.054398E-01
   176     5723.2124    8.25699832  7.421425E+08  4.962899E+09  4.210814E+29
        6.472749E+00  2.379261E+01  6.913569E+00  0.6651167655 -4.751066E-01
        2.784012E+23 -3.999873E+00 -1.999887E+00 -3.054398E-01 -3.054398E-01
   177     5657.4716    8.25751676  7.416996E+08  5.173387E+09  4.015851E+29
        6.460468E+00  2.379267E+01  6.913611E+00  0.6949351432 -5.156078E-01
        2.269966E+23 -3.999873E+00 -1.999887E+00 -3.054398E-01 -3.054398E-01
   178     5598.0905    8.25802465  7.412661E+08  5.403714E+09  3.845385E+29
        6.447455E+00  2.379274E+01  6.913652E+00  0.7192226965 -5.516380E-01
        1.819823E+23 -3.999873E+00 -1.999887E+00 -3.054398E-01 -3.054398E-01
   179     5540.0686    8.25857164  7.407994E+08  5.661179E+09  3.683781E+29
        6.432336E+00  2.379281E+01  6.913699E+00  0.7475822791 -5.978802E-01
        1.407776E+23 -3.999873E+00 -1.999887E+00 -3.054398E-01 -3.054398E-01
   180     5488.2785    8.25909954  7.403493E+08  5.926809E+09  3.543642E+29
        6.416302E+00  2.379287E+01  6.913745E+00  0.7749626081 -6.477453E-01
        1.072112E+23 -3.999873E+00 -1.999887E+00 -3.054398E-01 -3.054398E-01
   181     5439.1807    8.25961366  7.399112E+08  6.203853E+09  3.414485E+29
        6.398960E+00  2.379292E+01  6.913783E+00  0.8012341207 -7.016582E-01
        7.933522E+22 -3.999873E+00 -1.999887E+00 -3.054398E-01 -3.054398E-01
   182     5391.5956    8.26010225  7.394951E+08  6.485471E+09  3.292849E+29
        6.380696E+00  2.379295E+01  6.913813E+00  0.8303099477 -7.703436E-01
        5.798546E+22 -3.999873E+00 -1.999887E+00 -3.054398E-01 -3.054398E-01
   183     5344.7506    8.26056804  7.390987E+08  6.768623E+09  3.176484E+29
        6.361640E+00  2.379298E+01  6.913840E+00  0.8537345527 -8.348583E-01
        4.170838E+22 -3.999873E+00 -1.999887E+00 -3.054398E-01 -3.054398E-01
   184     5299.1051    8.26101765  7.387162E+08  7.049085E+09  3.066178E+29
        6.342031E+00  2.379302E+01  6.913873E+00  0.8756400593 -9.053195E-01
        2.972042E+22 -3.999873E+00 -1.999887E+00 -3.054398E-01 -3.054398E-01
   185     5255.1396    8.26144819  7.383501E+08  7.324143E+09  2.962741E+29
        6.321994E+00  2.379307E+01  6.913905E+00  0.8926407527 -9.691605E-01
        2.096471E+22 -3.999873E+00 -1.999887E+00 -3.054398E-01 -3.054398E-01
   186     5211.0831    8.26186306  7.379975E+08  7.591467E+09  2.861896E+29
        6.301171E+00  2.379309E+01  6.913921E+00  0.9114247424 -1.052688E+00
        1.461158E+22 -3.999873E+00 -1.999887E+00 -3.054398E-01 -3.054398E-01
   187     5169.3802    8.26223707  7.376798E+08  7.842168E+09  2.768992E+29
        6.280853E+00  2.379311E+01  6.913933E+00  0.9256427239 -1.128677E+00
        1.026928E+22 -3.999873E+00 -1.999887E+00 -3.054398E-01 -3.054398E-01
   188     5127.3481    8.26259508  7.373758E+08  8.085068E+09  2.677818E+29
        6.260239E+00  2.379314E+01  6.913955E+00  0.9384758708 -1.210955E+00
        7.215954E+21 -3.999873E+00 -1.999887E+00 -3.054398E-01 -3.054398E-01
   189     5083.6340    8.26294298  7.370806E+08  8.316701E+09  2.585586E+29
        6.239354E+00  2.379319E+01  6.913988E+00  0.9498492048 -1.299722E+00
        5.022582E+21 -3.999873E+00 -1.999887E+00 -3.054398E-01 -3.054398E-01
   190     5040.9483    8.26325227  7.368181E+08  8.532750E+09  2.498053E+29
        6.219397E+00  2.379323E+01  6.914017E+00  0.9578464211 -1.375166E+00
        3.562104E+21 -3.999873E+00 -1.999887E+00 -3.054398E-01 -3.054398E-01
   191     4993.7517    8.26355529  7.365611E+08  8.744333E+09  2.404127E+29
        6.198714E+00  2.379327E+01  6.914044E+00  0.9664031461 -1.473701E+00
        2.510044E+21 -3.999873E+00 -1.999887E+00 -3.054398E-01 -3.054398E-01
   192     4946.9999    8.26381525  7.363407E+08  8.940524E+09  2.313967E+29
        6.178987E+00  2.379331E+01  6.914067E+00  0.9720622662 -1.553809E+00
        1.796114E+21 -3.999873E+00 -1.999887E+00 -3.054398E-01 -3.054398E-01
   193     4895.7558    8.26406208  7.361315E+08  9.131252E+09  2.218308E+29
        6.158849E+00  2.379335E+01  6.914097E+00  0.9778159568 -1.653959E+00
        1.279470E+21 -3.999873E+00 -1.999887E+00 -3.054398E-01 -3.054398E-01
   194     4845.3780    8.26428107  7.359459E+08  9.309432E+09  2.127328E+29
        6.139524E+00  2.379339E+01  6.914133E+00  0.9815532295 -1.734080E+00
        9.252400E+20 -3.999873E+00 -1.999887E+00 -3.054398E-01 -3.054398E-01
   195     4792.3254    8.26449465  7.357650E+08  9.482916E+09  2.034677E+29
        6.119932E+00  2.379344E+01  6.914169E+00  0.9853522836 -1.834230E+00
        6.652549E+20 -3.999873E+00 -1.999887E+00 -3.054398E-01 -3.054398E-01
   196     4739.9507    8.26469278  7.355972E+08  9.646515E+09  1.946289E+29
        6.100754E+00  2.379348E+01  6.914194E+00  0.9866429742 -1.874290E+00
        4.845813E+20 -3.999873E+00 -1.999887E+00 -3.054398E-01 -3.054398E-01
   197     4687.6669    8.26488651  7.354331E+08  9.802590E+09  1.860995E+29
        6.081712E+00  2.379351E+01  6.914216E+00  0.9872450227 -1.894320E+00
        3.542546E+20 -3.999873E+00 -1.999887E+00 -3.054398E-01 -3.054398E-01
   198     4637.4672    8.26507059  7.352773E+08  9.950299E+09  1.781795E+29
        6.063177E+00  2.379355E+01  6.914241E+00  0.9878199348 -1.914350E+00
        2.621810E+20 -3.999873E+00 -1.999887E+00 -3.054398E-01 -3.054398E-01
   199     4586.5595    8.26524682  7.351281E+08  1.009344E+10  1.704144E+29
        6.044623E+00  2.379358E+01  6.914266E+00  0.9878199348 -1.914350E+00
        1.939249E+20 -3.999873E+00 -1.999887E+00 -3.054398E-01 -3.054398E-01
   200     4536.1711    8.26540432  7.349948E+08  1.022977E+10  1.629890E+29
        6.026458E+00  2.379361E+01  6.914284E+00  0.9883689334 -1.934380E+00
        1.444542E+20 -3.999873E+00 -1.999887E+00 -3.054398E-01 -3.054398E-01
   201     4484.9273    8.26554806  7.348732E+08  1.036154E+10  1.556964E+29
        6.008441E+00  2.379363E+01  6.914298E+00  0.9883689334 -1.934380E+00
        1.078931E+20 -3.999873E+00 -1.999887E+00 -3.054398E-01 -3.054398E-01
   202     4433.4962    8.26568749  7.347553E+08  1.048878E+10  1.486287E+29
        5.990754E+00  2.379367E+01  6.914323E+00  0.9883689334 -1.934380E+00
        8.103343E+19 -3.999873E+00 -1.999887E+00 -3.054398E-01 -3.054398E-01
   203     4378.7707    8.26582554  7.346385E+08  1.061412E+10  1.413801E+29
        5.972834E+00  2.379371E+01  6.914350E+00  0.9883689334 -1.934380E+00
        6.066428E+19 -3.999873E+00 -1.999887E+00 -3.054398E-01 -3.054398E-01
   204     4324.4148    8.26595067  7.345327E+08  1.073421E+10  1.344509E+29
        5.955263E+00  2.379374E+01  6.914373E+00  0.9883689334 -1.934380E+00
        4.570334E+19 -3.999873E+00 -1.999887E+00 -3.054398E-01 -3.054398E-01
   205     4269.3039    8.26606206  7.344385E+08  1.085181E+10  1.276942E+29
        5.937666E+00  2.379376E+01  6.914385E+00  0.9888931867 -1.954411E+00
        3.442026E+19 -3.999873E+00 -1.999887E+00 -3.054398E-01 -3.054398E-01
   206     4214.3801    8.26616072  7.343550E+08  1.096680E+10  1.212213E+29
        5.920077E+00  2.379376E+01  6.914387E+00  0.9888931867 -1.954411E+00
        2.594036E+19 -3.999873E+00 -1.999887E+00 -3.054398E-01 -3.054398E-01
   207     4160.2276    8.26625168  7.342781E+08  1.107884E+10  1.150858E+29
        5.902555E+00  2.379376E+01  6.914386E+00  0.9888931867 -1.954411E+00
        1.957149E+19 -3.999873E+00 -1.999887E+00 -3.054398E-01 -3.054398E-01
   208     4107.0197    8.26633849  7.342048E+08  1.118811E+10  1.092883E+29
        5.885070E+00  2.379375E+01  6.914383E+00  0.9888931867 -1.954411E+00
        1.480368E+19 -3.999873E+00 -1.999887E+00 -3.054398E-01 -3.054398E-01
   209     4056.0761    8.26642280  7.341335E+08  1.129456E+10  1.039457E+29
        5.867805E+00  2.379375E+01  6.914384E+00  0.9888931867 -1.954411E+00
        1.124412E+19 -3.999873E+00 -1.999887E+00 -3.054398E-01 -3.054398E-01
   210     4003.2788    8.26651199  7.340581E+08  1.140013E+10  9.861801E+28
        5.850075E+00  2.379376E+01  6.914388E+00  0.9888931867 -1.954411E+00
        8.474599E+18 -3.999873E+00 -1.999887E+00 -3.054398E-01 -3.054398E-01
   211     3952.5823    8.26659386  7.339889E+08  1.150018E+10  9.369895E+28
        5.832797E+00  2.379376E+01  6.914390E+00  0.9888931867 -1.954411E+00
        6.426775E+18 -3.999873E+00 -1.999887E+00 -3.054398E-01 -3.054398E-01
   212     3901.4470    8.26667144  7.339234E+08  1.159815E+10  8.892754E+28
        5.815432E+00  2.379376E+01  6.914390E+00  0.9888931867 -1.954411E+00
        4.867069E+18 -3.999873E+00 -1.999887E+00 -3.054398E-01 -3.054398E-01
   213     3849.3987    8.26674465  7.338615E+08  1.169392E+10  8.426201E+28
        5.798017E+00  2.379376E+01  6.914391E+00  0.9888931867 -1.954411E+00
        3.681609E+18 -3.999873E+00 -1.999887E+00 -3.054398E-01 -3.054398E-01
   214     3795.9280    8.26681452  7.338025E+08  1.178788E+10  7.966402E+28
        5.780488E+00  2.379377E+01  6.914393E+00  0.9893938100 -1.974441E+00
        2.776570E+18 -3.999873E+00 -1.999887E+00 -3.054398E-01 -3.054398E-01
   215     3740.6782    8.26687953  7.337476E+08  1.188034E+10  7.511501E+28
        5.762807E+00  2.379377E+01  6.914395E+00  0.9893938100 -1.974441E+00
        2.088970E+18 -3.999873E+00 -1.999887E+00 -3.054398E-01 -3.054398E-01
   216     3683.8271    8.26693935  7.336970E+08  1.197149E+10  7.064192E+28
        5.744973E+00  2.379377E+01  6.914395E+00  0.9893938100 -1.974441E+00
        1.566565E+18 -3.999873E+00 -1.999887E+00 -3.054398E-01 -3.054398E-01
   217     3625.4650    8.26699541  7.336497E+08  1.206161E+10  6.626196E+28
        5.726956E+00  2.379377E+01  6.914394E+00  0.9893938100 -1.974441E+00
        1.170189E+18 -3.999873E+00 -1.999887E+00 -3.054398E-01 -3.054398E-01
   218     3565.8540    8.26704889  7.336045E+08  1.215072E+10  6.200264E+28
        5.708755E+00  2.379377E+01  6.914395E+00  0.9893938100 -1.974441E+00
        8.713090E+17 -3.999873E+00 -1.999887E+00 -3.054398E-01 -3.054398E-01
   219     3507.5112    8.26709848  7.335626E+08  1.223884E+10  5.803670E+28
        5.690718E+00  2.379377E+01  6.914396E+00  0.9893938100 -1.974441E+00
        6.504125E+17 -3.999873E+00 -1.999887E+00 -3.054398E-01 -3.054398E-01
   220     3443.5486    8.26714799  7.335208E+08  1.232861E+10  5.391154E+28
        5.671643E+00  2.379377E+01  6.914397E+00  0.9893938100 -1.974441E+00
        4.764530E+17 -3.999873E+00 -1.999887E+00 -3.054398E-01 -3.054398E-01
   221     3381.8289    8.26719210  7.334836E+08  1.241411E+10  5.014404E+28
        5.653065E+00  2.379377E+01  6.914397E+00  0.9893938100 -1.974441E+00
        3.516170E+17 -3.999873E+00 -1.999887E+00 -3.054398E-01 -3.054398E-01
   222     3319.0202    8.26723462  7.334477E+08  1.249932E+10  4.651680E+28
        5.634179E+00  2.379377E+01  6.914397E+00  0.9893938100 -1.974441E+00
        2.580596E+17 -3.999873E+00 -1.999887E+00 -3.054398E-01 -3.054398E-01
   223     3255.3004    8.26727657  7.334123E+08  1.258401E+10  4.304201E+28
        5.615019E+00  2.379378E+01  6.914398E+00  0.9898718684 -1.994471E+00
        1.884061E+17 -3.999873E+00 -1.999887E+00 -3.054398E-01 -3.054398E-01
   224     3190.8239    8.26731588  7.333791E+08  1.266809E+10  3.972833E+28
        5.595630E+00  2.379378E+01  6.914399E+00  0.9898718684 -1.994471E+00
        1.368646E+17 -3.999873E+00 -1.999887E+00 -3.054398E-01 -3.054398E-01
   225     3125.8435    8.26735264  7.333480E+08  1.275160E+10  3.658653E+28
        5.576030E+00  2.379378E+01  6.914398E+00  0.9898718684 -1.994471E+00
        9.899900E+16 -3.999873E+00 -1.999887E+00 -3.054398E-01 -3.054398E-01
   226     3060.4442    8.26738720  7.333188E+08  1.283463E+10  3.361674E+28
        5.556205E+00  2.379378E+01  6.914398E+00  0.9898718684 -1.994471E+00
        7.127579E+16 -3.999873E+00 -1.999887E+00 -3.054398E-01 -3.054398E-01
   227     2998.1906    8.26741828  7.332926E+08  1.291705E+10  3.096161E+28
        5.536851E+00  2.379378E+01  6.914399E+00  0.9898718684 -1.994471E+00
        5.169659E+16 -3.999873E+00 -1.999887E+00 -3.054398E-01 -3.054398E-01
   228     2928.8010    8.26745014  7.332657E+08  1.300251E+10  2.819124E+28
        5.515768E+00  2.379378E+01  6.914399E+00  0.9898718684 -1.994471E+00
        3.633711E+16 -3.999873E+00 -1.999887E+00 -3.054398E-01 -3.054398E-01
   229     2863.8578    8.26747884  7.332415E+08  1.308274E+10  2.577103E+28
        5.495580E+00  2.379378E+01  6.914399E+00  0.9898718684 -1.994471E+00
        2.591259E+16 -3.999873E+00 -1.999887E+00 -3.054398E-01 -3.054398E-01
   230     2799.2918    8.26750848  7.332165E+08  1.316251E+10  2.352280E+28
        5.475186E+00  2.379378E+01  6.914399E+00  0.9903283790 -2.014501E+00
        1.838937E+16 -3.999873E+00 -1.999887E+00 -3.054398E-01 -3.054398E-01
   231     2735.2114    8.26753794  7.331916E+08  1.324140E+10  2.144028E+28
        5.454659E+00  2.379378E+01  6.914399E+00  0.9903283790 -2.014501E+00
        1.300771E+16 -3.999873E+00 -1.999887E+00 -3.054398E-01 -3.054398E-01
   232     2671.9276    8.26756521  7.331686E+08  1.331921E+10  1.952263E+28
        5.434089E+00  2.379378E+01  6.914399E+00  0.9903283790 -2.014501E+00
        9.182168E+15 -3.999873E+00 -1.999887E+00 -3.054398E-01 -3.054398E-01
   233     2614.1379    8.26758837  7.331490E+08  1.339597E+10  1.788671E+28
        5.414658E+00  2.379378E+01  6.914399E+00  0.9903283790 -2.014501E+00
        6.604390E+15 -3.999873E+00 -1.999887E+00 -3.054398E-01 -3.054398E-01
   234     2548.1139    8.26761411  7.331273E+08  1.347699E+10  1.614604E+28
        5.392734E+00  2.379378E+01  6.914400E+00  0.9903283790 -2.014501E+00
        4.538951E+15 -3.999873E+00 -1.999887E+00 -3.054398E-01 -3.054398E-01
   235     2488.1051    8.26763734  7.331077E+08  1.355143E+10  1.467717E+28
        5.372152E+00  2.379378E+01  6.914400E+00  0.9907643130 -2.034531E+00
        3.189507E+15 -3.999873E+00 -1.999887E+00 -3.054398E-01 -3.054398E-01
   236     2429.3956    8.26765783  7.330904E+08  1.362488E+10  1.333951E+28
        5.351558E+00  2.379378E+01  6.914400E+00  0.9907643130 -2.034531E+00
        2.237846E+15 -3.999873E+00 -1.999887E+00 -3.054398E-01 -3.054398E-01
   237     2377.0458    8.26767498  7.330759E+08  1.369727E+10  1.222588E+28
        5.332614E+00  2.379378E+01  6.914400E+00  0.9907643130 -2.034531E+00
        1.614879E+15 -3.999873E+00 -1.999887E+00 -3.054398E-01 -3.054398E-01
   238     2325.3256    8.26769254  7.330611E+08  1.376965E+10  1.119560E+28
        5.313680E+00  2.379378E+01  6.914400E+00  0.9907643130 -2.034531E+00
        1.162904E+15 -3.999873E+00 -1.999887E+00 -3.054398E-01 -3.054398E-01
   239     2264.7000    8.26771351  7.330434E+08  1.384700E+10  1.007243E+28
        5.291317E+00  2.379378E+01  6.914400E+00  0.9911805978 -2.054561E+00
        7.871182E+14 -3.999873E+00 -1.999887E+00 -3.054398E-01 -3.054398E-01
   240     2216.5792    8.26772816  7.330310E+08  1.391630E+10  9.242932E+27
        5.272791E+00  2.379378E+01  6.914400E+00  0.9911805978 -2.054561E+00
        5.699238E+14 -3.999873E+00 -1.999887E+00 -3.054398E-01 -3.054398E-01
   241     2158.4461    8.26774594  7.330160E+08  1.399215E+10  8.310436E+27
        5.250329E+00  2.379378E+01  6.914400E+00  0.9915781192 -2.074591E+00
        3.839240E+14 -3.999873E+00 -1.999887E+00 -3.054398E-01 -3.054398E-01
   242     2108.0151    8.26776185  7.330026E+08  1.405940E+10  7.560281E+27
        5.230159E+00  2.379378E+01  6.914400E+00  0.9915781192 -2.074591E+00
        2.693930E+14 -3.999873E+00 -1.999887E+00 -3.054398E-01 -3.054398E-01
   243     2057.7732    8.26777825  7.329888E+08  1.412666E+10  6.864622E+27
        5.209623E+00  2.379378E+01  6.914400E+00  0.9919577228 -2.094621E+00
        1.878513E+14 -3.999873E+00 -1.999887E+00 -3.054398E-01 -3.054398E-01
   244     2015.8479    8.26779007  7.329788E+08  1.419176E+10  6.321874E+27
        5.191947E+00  2.379378E+01  6.914400E+00  0.9919577228 -2.094621E+00
        1.379480E+14 -3.999873E+00 -1.999887E+00 -3.054398E-01 -3.054398E-01
   245     1968.4983    8.26780495  7.329662E+08  1.426505E+10  5.748309E+27
        5.171691E+00  2.379378E+01  6.914400E+00  0.9926663710 -2.134681E+00
        9.681583E+13 -3.999873E+00 -1.999887E+00 -3.054398E-01 -3.054398E-01
   246     1923.3079    8.26782307  7.329509E+08  1.433625E+10  5.238139E+27
        5.151852E+00  2.379378E+01  6.914400E+00  0.9929969232 -2.154711E+00
        6.854111E+13 -3.999873E+00 -1.999887E+00 -3.054398E-01 -3.054398E-01
   247     1884.6634    8.26784262  7.329344E+08  1.440657E+10  4.829447E+27
        5.134410E+00  2.379378E+01  6.914400E+00  0.9936140015 -2.194771E+00
        5.070928E+13 -3.999873E+00 -1.999887E+00 -3.054398E-01 -3.054398E-01
   248     1844.3724    8.26786215  7.329180E+08  1.448557E+10  4.429322E+27
        5.115844E+00  2.379378E+01  6.914400E+00  0.9941767057 -2.234831E+00
        3.558178E+13 -3.999873E+00 -1.999887E+00 -3.054398E-01 -3.054398E-01
   249     1803.8700    8.26788054  7.329025E+08  1.456848E+10  4.052708E+27
        5.096814E+00  2.379378E+01  6.914400E+00  0.9951577339 -2.314951E+00
        2.531331E+13 -3.999873E+00 -1.999887E+00 -3.054398E-01 -3.054398E-01
   250     1765.2420    8.26789701  7.328886E+08  1.465138E+10  3.716421E+27
        5.078196E+00  2.379378E+01  6.914400E+00  0.9959734913 -2.395071E+00
        1.807497E+13 -3.999873E+00 -1.999887E+00 -3.054398E-01 -3.054398E-01
   251     1722.7374    8.26791617  7.328724E+08  1.473429E+10  3.371049E+27
        5.057235E+00  2.379378E+01  6.914401E+00  0.9968027341 -2.495221E+00
        1.247934E+13 -3.999873E+00 -1.999887E+00 -3.054398E-01 -3.054398E-01
   252     1681.1606    8.26793207  7.328590E+08  1.480998E+10  3.057100E+27
        5.036190E+00  2.379378E+01  6.914401E+00  0.9974611967 -2.595371E+00
        8.613546E+12 -3.999873E+00 -1.999887E+00 -3.054398E-01 -3.054398E-01
   253     1641.4239    8.26794370  7.328492E+08  1.487854E+10  2.778077E+27
        5.015521E+00  2.379378E+01  6.914401E+00  0.9978888969 -2.675491E+00
        6.040119E+12 -3.999873E+00 -1.999887E+00 -3.054398E-01 -3.054398E-01
   254     1603.0229    8.26795488  7.328397E+08  1.494145E+10  2.527021E+27
        4.994983E+00  2.379378E+01  6.914401E+00  0.9983236675 -2.775640E+00
        4.258740E+12 -3.999873E+00 -1.999887E+00 -3.054398E-01 -3.054398E-01
   255     1565.8877    8.26796643  7.328300E+08  1.499927E+10  2.300811E+27
        4.974551E+00  2.379378E+01  6.914401E+00  0.9986688983 -2.875789E+00
        3.016135E+12 -3.999873E+00 -1.999887E+00 -3.054398E-01 -3.054398E-01
   256     1530.0748    8.26797640  7.328216E+08  1.505248E+10  2.097390E+27
        4.954325E+00  2.379378E+01  6.914401E+00  0.9989430298 -2.975937E+00
        2.159680E+12 -3.999873E+00 -1.999887E+00 -3.054398E-01 -3.054398E-01
   257     1494.0852    8.26798649  7.328131E+08  1.510169E+10  1.906865E+27
        4.933568E+00  2.379378E+01  6.914401E+00  0.9991607047 -3.076085E+00
        1.541037E+12 -3.999873E+00 -1.999887E+00 -3.054398E-01 -3.054398E-01
