============================================================================
  #Mod      Teff         Log(g)           R            Age            L
           Log(Tc)       Log(Pc)      Log(rhoc)       Mx/M         Log(qx)
             Lnu        Log(H/*)      Log(He/*)     Log(C/*)      Log(O/*)
============================================================================
     1   119613.7200    7.57975503  1.563606E+09  0.000000E+00  3.566240E+35
        8.053288E+00  2.335754E+01  6.614140E+00  0.0000000000  0.000000E+00
        7.082765E+35 -3.999873E+00 -1.999887E+00 -3.054398E-01 -3.054398E-01
     2   112510.2691    7.66438906  1.418438E+09  6.000000E+04  2.297319E+35
        8.022150E+00  2.340144E+01  6.644090E+00  0.0000000000  0.000000E+00
        5.151641E+35 -3.999873E+00 -1.999887E+00 -3.054398E-01 -3.054398E-01
     3   106378.4194    7.72432458  1.323861E+09  1.200000E+05  1.599305E+35
        7.996451E+00  2.343238E+01  6.665232E+00  0.0000000000  0.000000E+00
        3.810576E+35 -3.999873E+00 -1.999887E+00 -3.054398E-01 -3.054398E-01
     4   100927.2221    7.76967894  1.256508E+09  1.800000E+05  1.167336E+35
        7.975116E+00  2.345519E+01  6.680844E+00  0.0000000000  0.000000E+00
        2.891855E+35 -3.999873E+00 -1.999887E+00 -3.054398E-01 -3.054398E-01
     5    96052.9414    7.80529807  1.206024E+09  2.400000E+05  8.822390E+34
        7.957148E+00  2.347257E+01  6.692749E+00  0.0000000000  0.000000E+00
        2.251030E+35 -3.999873E+00 -1.999887E+00 -3.054398E-01 -3.054398E-01
     6    91694.9671    7.83394057  1.166902E+09  3.000000E+05  6.859352E+34
        7.941758E+00  2.348607E+01  6.702012E+00  0.0000000000  0.000000E+00
        1.791871E+35 -3.999873E+00 -1.999887E+00 -3.054398E-01 -3.054398E-01
     7    87802.3019    7.85751328  1.135660E+09  3.600000E+05  5.462004E+34
        7.928423E+00  2.349688E+01  6.709431E+00  0.0000000000  0.000000E+00
        1.455730E+35 -3.999873E+00 -1.999887E+00 -3.054398E-01 -3.054398E-01
     8    84325.0021    7.87727013  1.110120E+09  4.200000E+05  4.440143E+34
        7.916748E+00  2.350575E+01  6.715526E+00  0.0000000000  0.000000E+00
        1.204257E+35 -3.999873E+00 -1.999887E+00 -3.054398E-01 -3.054398E-01
     9    81203.9066    7.89403262  1.088901E+09  4.800000E+05  3.673810E+34
        7.906403E+00  2.351311E+01  6.720592E+00  0.0000000000  0.000000E+00
        1.011618E+35 -3.999873E+00 -1.999887E+00 -3.054398E-01 -3.054398E-01
    10    78389.6140    7.90840987  1.071026E+09  5.400000E+05  3.086497E+34
        7.897144E+00  2.351929E+01  6.724845E+00  0.0000000000  0.000000E+00
        8.610853E+34 -3.999873E+00 -1.999887E+00 -3.054398E-01 -3.054398E-01
    11    75854.4719    7.92086695  1.055775E+09  6.000000E+05  2.629659E+34
        7.888793E+00  2.352455E+01  6.728467E+00  0.0000000000  0.000000E+00
        7.415950E+34 -3.999873E+00 -1.999887E+00 -3.054398E-01 -3.054398E-01
    12    73567.8019    7.93178837  1.042583E+09  6.600000E+05  2.268843E+34
        7.881219E+00  2.352910E+01  6.731607E+00  0.0000000000  0.000000E+00
        6.454802E+34 -3.999873E+00 -1.999887E+00 -3.054398E-01 -3.054398E-01
    13    71482.9588    7.94145930  1.031039E+09  7.200000E+05  1.977846E+34
        7.874303E+00  2.353309E+01  6.734355E+00  0.0000000000  0.000000E+00
        5.670761E+34 -3.999873E+00 -1.999887E+00 -3.054398E-01 -3.054398E-01
    14    69581.4355    7.95006807  1.020871E+09  7.800000E+05  1.740793E+34
        7.867952E+00  2.353660E+01  6.736779E+00  0.0000000000  0.000000E+00
        5.023038E+34 -3.999873E+00 -1.999887E+00 -3.054398E-01 -3.054398E-01
    15    67821.9568    7.95781868  1.011802E+09  8.400000E+05  1.543491E+34
        7.862087E+00  2.353972E+01  6.738930E+00  0.0000000000  0.000000E+00
        4.481760E+34 -3.999873E+00 -1.999887E+00 -3.054398E-01 -3.054398E-01
    16    66197.6371    7.96482037  1.003679E+09  9.000000E+05  1.378451E+34
        7.856647E+00  2.354250E+01  6.740851E+00  0.0000000000  0.000000E+00
        4.024825E+34 -3.999873E+00 -1.999887E+00 -3.054398E-01 -3.054398E-01
    17    64550.7834    7.97176157  9.956898E+08  9.656670E+05  1.226553E+34
        7.851140E+00  2.354522E+01  6.742730E+00  0.0000000000  0.000000E+00
        3.603323E+34 -3.999873E+00 -1.999887E+00 -3.054398E-01 -3.054398E-01
    18    62957.2600    7.97837321  9.881394E+08  1.035024E+06  1.093079E+34
        7.845760E+00  2.354779E+01  6.744507E+00  0.0000000000  0.000000E+00
        3.228457E+34 -3.999873E+00 -1.999887E+00 -3.054398E-01 -3.054398E-01
    19    61395.3226    7.98473630  9.809270E+08  1.108832E+06  9.741963E+33
        7.840462E+00  2.355024E+01  6.746197E+00  0.0000000000  0.000000E+00
        2.892447E+34 -3.999873E+00 -1.999887E+00 -3.054398E-01 -3.054398E-01
    20    59870.4175    7.99083718  9.740612E+08  1.187092E+06  8.686676E+33
        7.835262E+00  2.355256E+01  6.747800E+00  0.0000000000  0.000000E+00
        2.592251E+34 -3.999873E+00 -1.999887E+00 -3.054398E-01 -3.054398E-01
    21    58383.8372    7.99668435  9.675260E+08  1.270079E+06  7.750466E+33
        7.830158E+00  2.355476E+01  6.749320E+00  0.0000000000  0.000000E+00
        2.323908E+34 -3.999873E+00 -1.999887E+00 -3.054398E-01 -3.054398E-01
    22    56935.3602    8.00229276  9.612989E+08  1.358164E+06  6.919539E+33
        7.825140E+00  2.355685E+01  6.750763E+00  0.0000000000  0.000000E+00
        2.083745E+34 -3.999873E+00 -1.999887E+00 -3.054398E-01 -3.054398E-01
    23    55524.5764    8.00767884  9.553564E+08  1.451759E+06  6.181642E+33
        7.820202E+00  2.355884E+01  6.752136E+00  0.0000000000  0.000000E+00
        1.868591E+34 -3.999873E+00 -1.999887E+00 -3.054398E-01 -3.054398E-01
    24    54141.5503    8.01287327  9.496601E+08  1.551322E+06  5.521933E+33
        7.815337E+00  2.356073E+01  6.753445E+00  0.0000000000  0.000000E+00
        1.675622E+34 -3.999873E+00 -1.999887E+00 -3.054398E-01 -3.054398E-01
    25    52809.3994    8.01782715  9.442593E+08  1.656857E+06  4.941507E+33
        7.810556E+00  2.356253E+01  6.754688E+00  0.0000000000  0.000000E+00
        1.503089E+34 -3.999873E+00 -1.999887E+00 -3.054398E-01 -3.054398E-01
    26    51511.7817    8.02260230  9.390824E+08  1.769767E+06  4.424515E+33
        7.805815E+00  2.356425E+01  6.755879E+00  0.0000000000  0.000000E+00
        1.347466E+34 -3.999873E+00 -1.999887E+00 -3.054398E-01 -3.054398E-01
    27    50252.5330    8.02719480  9.341302E+08  1.890423E+06  3.965324E+33
        7.801119E+00  2.356590E+01  6.757019E+00  0.0000000000  0.000000E+00
        1.207373E+34 -3.999873E+00 -1.999887E+00 -3.054398E-01 -3.054398E-01
    28    49028.8050    8.03162581  9.293770E+08  2.019584E+06  3.556486E+33
        7.796459E+00  2.356748E+01  6.758115E+00  0.0000000000  0.000000E+00
        1.081166E+34 -3.999873E+00 -1.999887E+00 -3.054398E-01 -3.054398E-01
    29    47843.5481    8.03589820  9.248169E+08  2.157891E+06  3.193280E+33
        7.791831E+00  2.356900E+01  6.759170E+00  0.0000000000  0.000000E+00
        9.675548E+33 -3.999873E+00 -1.999887E+00 -3.054398E-01 -3.054398E-01
    30    46694.1270    8.04002767  9.204305E+08  2.306353E+06  2.869875E+33
        7.787224E+00  2.357046E+01  6.760188E+00  0.0000000000  0.000000E+00
        8.651445E+33 -3.999873E+00 -1.999887E+00 -3.054398E-01 -3.054398E-01
    31    45576.7782    8.04402504  9.162043E+08  2.465805E+06  2.581018E+33
        7.782631E+00  2.357188E+01  6.761171E+00  0.0000000000  0.000000E+00
        7.728834E+33 -3.999873E+00 -1.999887E+00 -3.054398E-01 -3.054398E-01
    32    44485.2112    8.04788946  9.121371E+08  2.636842E+06  2.321747E+33
        7.778054E+00  2.357324E+01  6.762121E+00  0.0000000000  0.000000E+00
        6.899453E+33 -3.999873E+00 -1.999887E+00 -3.054398E-01 -3.054398E-01
    33    43428.8031    8.05159693  9.082520E+08  2.819774E+06  2.091010E+33
        7.773500E+00  2.357455E+01  6.763033E+00  0.0000000000  0.000000E+00
        6.156335E+33 -3.999873E+00 -1.999887E+00 -3.054398E-01 -3.054398E-01
    34    42405.0346    8.05515906  9.045348E+08  3.016348E+06  1.885178E+33
        7.768942E+00  2.357581E+01  6.763915E+00  0.0000000000  0.000000E+00
        5.487916E+33 -3.999873E+00 -1.999887E+00 -3.054398E-01 -3.054398E-01
    35    41414.2100    8.05858522  9.009739E+08  3.228146E+06  1.701586E+33
        7.764362E+00  2.357703E+01  6.764767E+00  0.0000000000  0.000000E+00
        4.885962E+33 -3.999873E+00 -1.999887E+00 -3.054398E-01 -3.054398E-01
    36    40453.1157    8.06188478  8.975578E+08  3.456930E+06  1.537322E+33
        7.759743E+00  2.357821E+01  6.765593E+00  0.0000000000  0.000000E+00
        4.343464E+33 -3.999873E+00 -1.999887E+00 -3.054398E-01 -3.054398E-01
    37    39520.4898    8.06505818  8.942846E+08  3.704267E+06  1.390185E+33
        7.755072E+00  2.357936E+01  6.766394E+00  0.0000000000  0.000000E+00
        3.855058E+33 -3.999873E+00 -1.999887E+00 -3.054398E-01 -3.054398E-01
    38    38621.2641    8.06810647  8.911516E+08  3.971996E+06  1.259045E+33
        7.750337E+00  2.358046E+01  6.767171E+00  0.0000000000  0.000000E+00
        3.415666E+33 -3.999873E+00 -1.999887E+00 -3.054398E-01 -3.054398E-01
    39    37745.7782    8.07104622  8.881406E+08  4.263129E+06  1.140956E+33
        7.745505E+00  2.358154E+01  6.767926E+00  0.0000000000  0.000000E+00
        3.019535E+33 -3.999873E+00 -1.999887E+00 -3.054398E-01 -3.054398E-01
    40    36903.8595    8.07386516  8.852629E+08  4.579168E+06  1.035771E+33
        7.740576E+00  2.358258E+01  6.768658E+00  0.0000000000  0.000000E+00
        2.663941E+33 -3.999873E+00 -1.999887E+00 -3.054398E-01 -3.054398E-01
    41    36086.8668    8.07658252  8.824977E+08  4.924280E+06  9.411435E+32
        7.735509E+00  2.358359E+01  6.769369E+00  0.0000000000  0.000000E+00
        2.343926E+33 -3.999873E+00 -1.999887E+00 -3.054398E-01 -3.054398E-01
    42    35293.3650    8.07919502  8.798473E+08  5.300859E+06  8.558919E+32
        7.730296E+00  2.358457E+01  6.770061E+00  0.0000000000  0.000000E+00
        2.057147E+33 -3.999873E+00 -1.999887E+00 -3.054398E-01 -3.054398E-01
    43    34534.4840    8.08169393  8.773197E+08  5.711951E+06  7.801167E+32
        7.724921E+00  2.358552E+01  6.770732E+00  0.0000000000  0.000000E+00
        1.800901E+33 -3.999873E+00 -1.999887E+00 -3.054398E-01 -3.054398E-01
    44    33793.7107    8.08410998  8.748827E+08  6.164673E+06  7.113367E+32
        7.719326E+00  2.358644E+01  6.771389E+00  0.0000000000  0.000000E+00
        1.570920E+33 -3.999873E+00 -1.999887E+00 -3.054398E-01 -3.054398E-01
    45    33088.8080    8.08641840  8.725607E+08  6.660949E+06  6.503509E+32
        7.713521E+00  2.358735E+01  6.772029E+00  0.0000000000  0.000000E+00
        1.366290E+33 -3.999873E+00 -1.999887E+00 -3.054398E-01 -3.054398E-01
    46    32399.7405    8.08865738  8.703143E+08  7.211074E+06  5.947718E+32
        7.707427E+00  2.358823E+01  6.772659E+00  0.0000000000  0.000000E+00
        1.183115E+33 -3.999873E+00 -1.999887E+00 -3.054398E-01 -3.054398E-01
    47    31741.2176    8.09079910  8.681710E+08  7.816973E+06  5.451762E+32
        7.701068E+00  2.358909E+01  6.773273E+00  0.0000000000  0.000000E+00
        1.020964E+33 -3.999873E+00 -1.999887E+00 -3.054398E-01 -3.054398E-01
    48    31113.5571    8.09285342  8.661201E+08  8.490148E+06  5.009414E+32
        7.694372E+00  2.358993E+01  6.773872E+00  0.0000000000  0.000000E+00
        8.769591E+32 -3.999873E+00 -1.999887E+00 -3.054398E-01 -3.054398E-01
    49    30500.6195    8.09484520  8.641363E+08  9.242517E+06  4.605015E+32
        7.687289E+00  2.359075E+01  6.774460E+00  0.0000000000  0.000000E+00
        7.491944E+32 -3.999873E+00 -1.999887E+00 -3.054398E-01 -3.054398E-01
    50    29916.6920    8.09674655  8.622467E+08  1.007694E+07  4.243746E+32
        7.679859E+00  2.359155E+01  6.775033E+00  0.0000000000  0.000000E+00
        6.373603E+32 -3.999873E+00 -1.999887E+00 -3.054398E-01 -3.054398E-01
    51    29357.2326    8.09857526  8.604333E+08  1.101049E+07  3.918563E+32
        7.672012E+00  2.359233E+01  6.775597E+00  0.0000000000  0.000000E+00
        5.392360E+32 -3.999873E+00 -1.999887E+00 -3.054398E-01 -3.054398E-01
    52    28821.0921    8.10033685  8.586900E+08  1.205679E+07  3.625322E+32
        7.663727E+00  2.359311E+01  6.776154E+00  0.0000000000  0.000000E+00
        4.535815E+32 -3.999873E+00 -1.999887E+00 -3.054398E-01 -3.054398E-01
    53    28307.2459    8.10203630  8.570116E+08  1.323048E+07  3.360437E+32
        7.654993E+00  2.359387E+01  6.776707E+00  0.0000000000  0.000000E+00
        3.792569E+32 -3.999873E+00 -1.999887E+00 -3.054398E-01 -3.054398E-01
    54    27814.1539    8.10367914  8.553922E+08  1.454740E+07  3.120513E+32
        7.645806E+00  2.359463E+01  6.777257E+00  0.0000000000  0.000000E+00
        3.151753E+32 -3.999873E+00 -1.999887E+00 -3.054398E-01 -3.054398E-01
    55    27336.8645    8.10527620  8.538208E+08  1.602390E+07  2.901084E+32
        7.636175E+00  2.359538E+01  6.777807E+00  0.0000000000  0.000000E+00
        2.603204E+32 -3.999873E+00 -1.999887E+00 -3.054398E-01 -3.054398E-01
    56    26880.0788    8.10682123  8.523034E+08  1.767182E+07  2.702356E+32
        7.626142E+00  2.359614E+01  6.778360E+00  0.0000000000  0.000000E+00
        2.138278E+32 -3.999873E+00 -1.999887E+00 -3.054398E-01 -3.054398E-01
    57    26439.4974    8.10832505  8.508290E+08  1.951505E+07  2.520748E+32
        7.615688E+00  2.359691E+01  6.778916E+00  0.0000000000  0.000000E+00
        1.745370E+32 -3.999873E+00 -1.999887E+00 -3.054398E-01 -3.054398E-01
    58    26013.2997    8.10978890  8.493963E+08  2.156882E+07  2.354152E+32
        7.604851E+00  2.359766E+01  6.779467E+00  0.0000000000  0.000000E+00
        1.416100E+32 -3.999873E+00 -1.999887E+00 -3.054398E-01 -3.054398E-01
    59    25598.5500    8.11121631  8.480016E+08  2.384657E+07  2.200325E+32
        7.593677E+00  2.359841E+01  6.780011E+00  0.0000000000  0.000000E+00
        1.142450E+32 -3.999873E+00 -1.999887E+00 -3.054398E-01 -3.054398E-01
    60    25196.2490    8.11260349  8.466484E+08  2.635666E+07  2.058646E+32
        7.582228E+00  2.359914E+01  6.780543E+00  0.0000000000  0.000000E+00
        9.170282E+31 -3.999873E+00 -1.999887E+00 -3.054398E-01 -3.054398E-01
    61    24803.3401    8.11395641  8.453307E+08  2.911289E+07  1.927196E+32
        7.570529E+00  2.359985E+01  6.781063E+00  0.0000000000  0.000000E+00
        7.323536E+31 -3.999873E+00 -1.999887E+00 -3.054398E-01 -3.054398E-01
    62    24419.8402    8.11527491  8.440485E+08  3.211938E+07  1.805253E+32
        7.558634E+00  2.360054E+01  6.781568E+00  0.0000000000  0.000000E+00
        5.822493E+31 -3.999873E+00 -1.999887E+00 -3.054398E-01 -3.054398E-01
    63    24044.0291    8.11656355  8.427971E+08  3.538259E+07  1.691637E+32
        7.546575E+00  2.360122E+01  6.782060E+00  0.0000000000  0.000000E+00
        4.609499E+31 -3.999873E+00 -1.999887E+00 -3.054398E-01 -3.054398E-01
    64    23674.4205    8.11782627  8.415728E+08  3.890329E+07  1.585378E+32
        7.534394E+00  2.360187E+01  6.782540E+00  0.0000000000  0.000000E+00
        3.635740E+31 -3.999873E+00 -1.999887E+00 -3.054398E-01 -3.054398E-01
    65    23310.7971    8.11906343  8.403750E+08  4.267837E+07  1.485959E+32
        7.522137E+00  2.360250E+01  6.783006E+00  0.0000000000  0.000000E+00
        2.858915E+31 -3.999873E+00 -1.999887E+00 -3.054398E-01 -3.054398E-01
    66    22952.8823    8.12027619  8.392024E+08  4.670666E+07  1.392882E+32
        7.509831E+00  2.360312E+01  6.783458E+00  0.0000000000  0.000000E+00
        2.242039E+31 -3.999873E+00 -1.999887E+00 -3.054398E-01 -3.054398E-01
    67    22600.3033    8.12146518  8.380545E+08  5.098662E+07  1.305670E+32
        7.497498E+00  2.360371E+01  6.783898E+00  0.0000000000  0.000000E+00
        1.754101E+31 -3.999873E+00 -1.999887E+00 -3.054398E-01 -3.054398E-01
    68    22252.9235    8.12263052  8.369308E+08  5.551556E+07  1.223938E+32
        7.485155E+00  2.360429E+01  6.784326E+00  0.0000000000  0.000000E+00
        1.369553E+31 -3.999873E+00 -1.999887E+00 -3.054398E-01 -3.054398E-01
    69    21910.6571    8.12377329  8.358304E+08  6.029091E+07  1.147334E+32
        7.472817E+00  2.360486E+01  6.784742E+00  0.0000000000  0.000000E+00
        1.067463E+31 -3.999873E+00 -1.999887E+00 -3.054398E-01 -3.054398E-01
    70    21573.3320    8.12489439  8.347523E+08  6.531068E+07  1.075514E+32
        7.460495E+00  2.360541E+01  6.785149E+00  0.0000000000  0.000000E+00
        8.308164E+30 -3.999873E+00 -1.999887E+00 -3.054398E-01 -3.054398E-01
    71    21241.0790    8.12599379  8.336964E+08  7.057297E+07  1.008217E+32
        7.448198E+00  2.360595E+01  6.785548E+00  0.0000000000  0.000000E+00
        6.458965E+30 -3.999873E+00 -1.999887E+00 -3.054398E-01 -3.054398E-01
    72    20913.6998    8.12707181  8.326623E+08  7.607790E+07  9.451339E+31
        7.435933E+00  2.360648E+01  6.785938E+00  0.0000000000  0.000000E+00
        5.016694E+30 -3.999873E+00 -1.999887E+00 -3.054398E-01 -3.054398E-01
    73    20591.3123    8.12812821  8.316503E+08  8.182505E+07  8.860323E+31
        7.423705E+00  2.360700E+01  6.786319E+00  0.0000000000  0.000000E+00
        3.893790E+30 -3.999873E+00 -1.999887E+00 -3.054398E-01 -3.054398E-01
    74    20273.5445    8.12916364  8.306595E+08  8.781575E+07  8.306092E+31
        7.411515E+00  2.360750E+01  6.786690E+00  0.0000000000  0.000000E+00
        3.020733E+30 -3.999873E+00 -1.999887E+00 -3.054398E-01 -3.054398E-01
    75    19960.7396    8.13017703  8.296909E+08  9.404967E+07  7.787017E+31
        7.399369E+00  2.360799E+01  6.787048E+00  0.0000000000  0.000000E+00
        2.342898E+30 -3.999873E+00 -1.999887E+00 -3.054398E-01 -3.054398E-01
    76    19652.4789    8.13116783  8.287450E+08  1.005303E+08  7.300341E+31
        7.387263E+00  2.360845E+01  6.787392E+00  0.0000000000  0.000000E+00
        1.817035E+30 -3.999873E+00 -1.999887E+00 -3.054398E-01 -3.054398E-01
    77    19348.9713    8.13213754  8.278203E+08  1.072576E+08  6.844404E+31
        7.375207E+00  2.360891E+01  6.787727E+00  0.0000000000  0.000000E+00
        1.409616E+30 -3.999873E+00 -1.999887E+00 -3.054398E-01 -3.054398E-01
    78    19050.0416    8.13308811  8.269148E+08  1.142375E+08  6.417077E+31
        7.363202E+00  2.360936E+01  6.788057E+00  0.0000000000  0.000000E+00
        1.094058E+30 -3.999873E+00 -1.999887E+00 -3.054398E-01 -3.054398E-01
    79    18755.6453    8.13401856  8.260295E+08  1.214759E+08  6.016600E+31
        7.351246E+00  2.360980E+01  6.788381E+00  0.0000000000  0.000000E+00
        8.496523E+29 -3.999873E+00 -1.999887E+00 -3.054398E-01 -3.054398E-01
    80    18465.6941    8.13492831  8.251648E+08  1.289785E+08  5.641257E+31
        7.339340E+00  2.361023E+01  6.788695E+00  0.0000000000  0.000000E+00
        6.603532E+29 -3.999873E+00 -1.999887E+00 -3.054398E-01 -3.054398E-01
    81    18180.1964    8.13581746  8.243205E+08  1.367502E+08  5.289547E+31
        7.327483E+00  2.361064E+01  6.788998E+00  0.0000000000  0.000000E+00
        5.137273E+29 -3.999873E+00 -1.999887E+00 -3.054398E-01 -3.054398E-01
    82    17899.2096    8.13668742  8.234953E+08  1.447968E+08  4.960091E+31
        7.315677E+00  2.361103E+01  6.789287E+00  0.0000000000  0.000000E+00
        4.001224E+29 -3.999873E+00 -1.999887E+00 -3.054398E-01 -3.054398E-01
    83    17623.0155    8.13753916  8.226882E+08  1.531253E+08  4.651825E+31
        7.303920E+00  2.361140E+01  6.789560E+00  0.0000000000  0.000000E+00
        3.120434E+29 -3.999873E+00 -1.999887E+00 -3.054398E-01 -3.054398E-01
    84    17351.7111    8.13837446  8.218974E+08  1.617454E+08  4.363514E+31
        7.292211E+00  2.361175E+01  6.789818E+00  0.0000000000  0.000000E+00
        2.436886E+29 -3.999873E+00 -1.999887E+00 -3.054398E-01 -3.054398E-01
    85    17085.3650    8.13919619  8.211202E+08  1.706667E+08  4.093950E+31
        7.280551E+00  2.361208E+01  6.790064E+00  0.0000000000  0.000000E+00
        1.905890E+29 -3.999873E+00 -1.999887E+00 -3.054398E-01 -3.054398E-01
    86    16823.8619    8.14000665  8.203544E+08  1.799004E+08  3.841827E+31
        7.268939E+00  2.361241E+01  6.790301E+00  0.0000000000  0.000000E+00
        1.492887E+29 -3.999873E+00 -1.999887E+00 -3.054398E-01 -3.054398E-01
    87    16566.6054    8.14080809  8.195978E+08  1.894566E+08  3.605518E+31
        7.257374E+00  2.361272E+01  6.790530E+00  0.0000000000  0.000000E+00
        1.171341E+29 -3.999873E+00 -1.999887E+00 -3.054398E-01 -3.054398E-01
    88    16314.1306    8.14159997  8.188509E+08  1.993393E+08  3.384523E+31
        7.245864E+00  2.361302E+01  6.790753E+00  0.0000000000  0.000000E+00
        9.208157E+28 -3.999873E+00 -1.999887E+00 -3.054398E-01 -3.054398E-01
    89    16065.7170    8.14238287  8.181132E+08  2.095628E+08  3.177307E+31
        7.234405E+00  2.361331E+01  6.790970E+00  0.0000000000  0.000000E+00
        7.253080E+28 -3.999873E+00 -1.999887E+00 -3.054398E-01 -3.054398E-01
    90    15821.1735    8.14315527  8.173860E+08  2.201281E+08  2.982917E+31
        7.223006E+00  2.361360E+01  6.791183E+00  0.0000000000  0.000000E+00
        5.726785E+28 -3.999873E+00 -1.999887E+00 -3.054398E-01 -3.054398E-01
    91    15580.5790    8.14391215  8.166741E+08  2.310372E+08  2.800682E+31
        7.211674E+00  2.361387E+01  6.791383E+00  0.0000000000  0.000000E+00
        4.533896E+28 -3.999873E+00 -1.999887E+00 -3.054398E-01 -3.054398E-01
    92    15343.7939    8.14465281  8.159780E+08  2.422933E+08  2.629783E+31
        7.200418E+00  2.361413E+01  6.791570E+00  0.0000000000  0.000000E+00
        3.600360E+28 -3.999873E+00 -1.999887E+00 -3.054398E-01 -3.054398E-01
    93    15111.1738    8.14537849  8.152965E+08  2.538982E+08  2.469767E+31
        7.189248E+00  2.361437E+01  6.791747E+00  0.0000000000  0.000000E+00
        2.868584E+28 -3.999873E+00 -1.999887E+00 -3.054398E-01 -3.054398E-01
    94    14882.7523    8.14609142  8.146276E+08  2.658646E+08  2.319975E+31
        7.178164E+00  2.361460E+01  6.791917E+00  0.0000000000  0.000000E+00
        2.293306E+28 -3.999873E+00 -1.999887E+00 -3.054398E-01 -3.054398E-01
    95    14658.5563    8.14679296  8.139699E+08  2.782027E+08  2.179784E+31
        7.167166E+00  2.361483E+01  6.792084E+00  0.0000000000  0.000000E+00
        1.839798E+28 -3.999873E+00 -1.999887E+00 -3.054398E-01 -3.054398E-01
    96    14438.5913    8.14748421  8.133224E+08  2.909200E+08  2.048598E+31
        7.156259E+00  2.361505E+01  6.792250E+00  0.0000000000  0.000000E+00
        1.481323E+28 -3.999873E+00 -1.999887E+00 -3.054398E-01 -3.054398E-01
    97    14222.8925    8.14816595  8.126843E+08  3.040216E+08  1.925872E+31
        7.145445E+00  2.361528E+01  6.792418E+00  0.0000000000  0.000000E+00
        1.197205E+28 -3.999873E+00 -1.999887E+00 -3.054398E-01 -3.054398E-01
    98    14011.4802    8.14883710  8.120566E+08  3.175106E+08  1.811092E+31
        7.134731E+00  2.361551E+01  6.792588E+00  0.0000000000  0.000000E+00
        9.713753E+27 -3.999873E+00 -1.999887E+00 -3.054398E-01 -3.054398E-01
    99    13804.4119    8.14949572  8.114410E+08  3.313859E+08  1.703796E+31
        7.124122E+00  2.361574E+01  6.792757E+00  0.0000000000  0.000000E+00
        7.913667E+27 -3.999873E+00 -1.999887E+00 -3.054398E-01 -3.054398E-01
   100    13601.8188    8.15014028  8.108391E+08  3.456401E+08  1.603575E+31
        7.113630E+00  2.361597E+01  6.792922E+00  0.0000000000  0.000000E+00
        6.474888E+27 -3.999873E+00 -1.999887E+00 -3.054398E-01 -3.054398E-01
   101    13403.9801    8.15076903  8.102524E+08  3.602529E+08  1.510107E+31
        7.103273E+00  2.361619E+01  6.793083E+00  0.0000000000  0.000000E+00
        5.322169E+27 -3.999873E+00 -1.999887E+00 -3.054398E-01 -3.054398E-01
   102    13211.5498    8.15137932  8.096833E+08  3.751674E+08  1.423238E+31
        7.093089E+00  2.361640E+01  6.793236E+00  0.0000000000  0.000000E+00
        4.397876E+27 -3.999873E+00 -1.999887E+00 -3.054398E-01 -3.054398E-01
   103    13026.0845    8.15196629  8.091363E+08  3.902395E+08  1.343170E+31
        7.083166E+00  2.361659E+01  6.793381E+00  0.0000000000  0.000000E+00
        3.659050E+27 -3.999873E+00 -1.999887E+00 -3.054398E-01 -3.054398E-01
   104    12851.2372    8.15252003  8.086206E+08  4.051135E+08  1.270871E+31
        7.073708E+00  2.361677E+01  6.793513E+00  0.0000000000  0.000000E+00
        3.076309E+27 -3.999873E+00 -1.999887E+00 -3.054398E-01 -3.054398E-01
   105    12695.7503    8.15301615  8.081589E+08  4.189067E+08  1.209091E+31
        7.065208E+00  2.361693E+01  6.793626E+00  0.0000000000  0.000000E+00
        2.636245E+27 -3.999873E+00 -1.999887E+00 -3.054398E-01 -3.054398E-01
   106    12566.3778    8.15343549  8.077688E+08  4.308046E+08  1.159436E+31
        7.058068E+00  2.361705E+01  6.793719E+00  0.0000000000  0.000000E+00
        2.318213E+27 -3.999873E+00 -1.999887E+00 -3.054398E-01 -3.054398E-01
   107    12458.5548    8.15379088  8.074384E+08  4.410288E+08  1.119235E+31
        7.052070E+00  2.361716E+01  6.793798E+00  0.0000000000  0.000000E+00
        2.082489E+27 -3.999873E+00 -1.999887E+00 -3.054398E-01 -3.054398E-01
   108    12362.5896    8.15411158  8.071403E+08  4.503802E+08  1.084346E+31
        7.046693E+00  2.361725E+01  6.793870E+00  0.0000000000  0.000000E+00
        1.892801E+27 -3.999873E+00 -1.999887E+00 -3.054398E-01 -3.054398E-01
   109    12273.4456    8.15441305  8.068602E+08  4.592903E+08  1.052676E+31
        7.041667E+00  2.361734E+01  6.793937E+00  0.0000000000  0.000000E+00
        1.732010E+27 -3.999873E+00 -1.999887E+00 -3.054398E-01 -3.054398E-01
   110    12188.7447    8.15470235  8.065915E+08  4.679642E+08  1.023235E+31
        7.036863E+00  2.361743E+01  6.794002E+00  0.0000000000  0.000000E+00
        1.591823E+27 -3.999873E+00 -1.999887E+00 -3.054398E-01 -3.054398E-01
   111    12106.7740    8.15498519  8.063289E+08  4.765592E+08  9.953371E+30
        7.032185E+00  2.361751E+01  6.794065E+00  0.0000000000  0.000000E+00
        1.466889E+27 -3.999873E+00 -1.999887E+00 -3.054398E-01 -3.054398E-01
   112    12027.0401    8.15526312  8.060710E+08  4.851158E+08  9.687541E+30
        7.027610E+00  2.361760E+01  6.794126E+00  0.0000000000  0.000000E+00
        1.354703E+27 -3.999873E+00 -1.999887E+00 -3.054398E-01 -3.054398E-01
   113    11949.1611    8.15553649  8.058173E+08  4.936656E+08  9.433108E+30
        7.023115E+00  2.361768E+01  6.794187E+00  0.0000000000  0.000000E+00
        1.253349E+27 -3.999873E+00 -1.999887E+00 -3.054398E-01 -3.054398E-01
   114    11871.8419    8.15580907  8.055645E+08  5.023484E+08  9.185546E+30
        7.018628E+00  2.361776E+01  6.794246E+00  0.0000000000  0.000000E+00
        1.160164E+27 -3.999873E+00 -1.999887E+00 -3.054398E-01 -3.054398E-01
   115    11794.2471    8.15608431  8.053092E+08  5.112645E+08  8.942073E+30
        7.014099E+00  2.361783E+01  6.794306E+00  0.0000000000  0.000000E+00
        1.073546E+27 -3.999873E+00 -1.999887E+00 -3.054398E-01 -3.054398E-01
   116    11717.0850    8.15636062  8.050531E+08  5.203383E+08  8.704811E+30
        7.009569E+00  2.361791E+01  6.794365E+00  0.0000000000  0.000000E+00
        9.937496E+26 -3.999873E+00 -1.999887E+00 -3.054398E-01 -3.054398E-01
   117    11641.2718    8.15663456  8.047992E+08  5.294603E+08  8.476349E+30
        7.005092E+00  2.361799E+01  6.794422E+00  0.0000000000  0.000000E+00
        9.210556E+26 -3.999873E+00 -1.999887E+00 -3.054398E-01 -3.054398E-01
   118    11566.4382    8.15690617  8.045476E+08  5.386713E+08  8.255323E+30
        7.000648E+00  2.361806E+01  6.794478E+00  0.0000000000  0.000000E+00
        8.544519E+26 -3.999873E+00 -1.999887E+00 -3.054398E-01 -3.054398E-01
   119    11491.1342    8.15717946  8.042945E+08  5.481549E+08  8.037367E+30
        6.996151E+00  2.361814E+01  6.794533E+00  0.0000000000  0.000000E+00
        7.922315E+26 -3.999873E+00 -1.999887E+00 -3.054398E-01 -3.054398E-01
   120    11414.1491    8.15745827  8.040364E+08  5.580806E+08  7.819114E+30
        6.991526E+00  2.361821E+01  6.794589E+00  0.0000000000  0.000000E+00
        7.332417E+26 -3.999873E+00 -1.999887E+00 -3.054398E-01 -3.054398E-01
   121    11335.1876    8.15774367  8.037722E+08  5.685111E+08  7.599987E+30
        6.986754E+00  2.361829E+01  6.794644E+00  0.0000000000  0.000000E+00
        6.772331E+26 -3.999873E+00 -1.999887E+00 -3.054398E-01 -3.054398E-01
   122    11254.6607    8.15803455  8.035031E+08  5.794177E+08  7.381366E+30
        6.981857E+00  2.361836E+01  6.794698E+00  0.0000000000  0.000000E+00
        6.244479E+26 -3.999873E+00 -1.999887E+00 -3.054398E-01 -3.054398E-01
   123    11173.2540    8.15832841  8.032313E+08  5.907277E+08  7.165259E+30
        6.976874E+00  2.361843E+01  6.794750E+00  0.0000000000  0.000000E+00
        5.751948E+26 -3.999873E+00 -1.999887E+00 -3.054398E-01 -3.054398E-01
   124    11091.5927    8.15862406  8.029579E+08  6.023707E+08  6.953336E+30
        6.971841E+00  2.361849E+01  6.794798E+00  0.0000000000  0.000000E+00
        5.296153E+26 -3.999873E+00 -1.999887E+00 -3.054398E-01 -3.054398E-01
   125    11010.7154    8.15891697  8.026872E+08  6.142047E+08  6.748183E+30
        6.966824E+00  2.361855E+01  6.794842E+00  0.0000000000  0.000000E+00
        4.879608E+26 -3.999873E+00 -1.999887E+00 -3.054398E-01 -3.054398E-01
   126    10929.8860    8.15921004  8.024164E+08  6.263452E+08  6.547781E+30
        6.961775E+00  2.361861E+01  6.794883E+00  0.0000000000  0.000000E+00
        4.495332E+26 -3.999873E+00 -1.999887E+00 -3.054398E-01 -3.054398E-01
   127    10849.1911    8.15950285  8.021460E+08  6.387906E+08  6.352260E+30
        6.956700E+00  2.361867E+01  6.794921E+00  0.0000000000  0.000000E+00
        4.141147E+26 -3.999873E+00 -1.999887E+00 -3.054398E-01 -3.054398E-01
   128    10768.3835    8.15979618  8.018751E+08  6.515917E+08  6.160948E+30
        6.951582E+00  2.361872E+01  6.794958E+00  0.0000000000  0.000000E+00
        3.813710E+26 -3.999873E+00 -1.999887E+00 -3.054398E-01 -3.054398E-01
   129    10687.2584    8.16009043  8.016035E+08  6.647966E+08  5.973329E+30
        6.946407E+00  2.361877E+01  6.794994E+00  0.0000000000  0.000000E+00
        3.510336E+26 -3.999873E+00 -1.999887E+00 -3.054398E-01 -3.054398E-01
   130    10605.4539    8.16038680  8.013301E+08  6.784860E+08  5.788578E+30
        6.941151E+00  2.361882E+01  6.795029E+00  0.0000000000  0.000000E+00
        3.228128E+26 -3.999873E+00 -1.999887E+00 -3.054398E-01 -3.054398E-01
   131    10522.8025    8.16068555  8.010545E+08  6.927138E+08  5.606370E+30
        6.935801E+00  2.361887E+01  6.795064E+00  0.0000000000  0.000000E+00
        2.965322E+26 -3.999873E+00 -1.999887E+00 -3.054398E-01 -3.054398E-01
   132    10438.9813    8.16098801  8.007756E+08  7.075665E+08  5.426079E+30
        6.930334E+00  2.361892E+01  6.795100E+00  0.0000000000  0.000000E+00
        2.719934E+26 -3.999873E+00 -1.999887E+00 -3.054398E-01 -3.054398E-01
   133    10354.0592    8.16129373  8.004938E+08  7.230683E+08  5.247960E+30
        6.924751E+00  2.361897E+01  6.795138E+00  0.0000000000  0.000000E+00
        2.491308E+26 -3.999873E+00 -1.999887E+00 -3.054398E-01 -3.054398E-01
   134    10267.7816    8.16160424  8.002077E+08  7.393055E+08  5.071587E+30
        6.919032E+00  2.361903E+01  6.795178E+00  0.0000000000  0.000000E+00
        2.277971E+26 -3.999873E+00 -1.999887E+00 -3.054398E-01 -3.054398E-01
   135    10180.4206    8.16191875  7.999180E+08  7.562698E+08  4.897628E+30
        6.913192E+00  2.361909E+01  6.795221E+00  0.0000000000  0.000000E+00
        2.079825E+26 -3.999873E+00 -1.999887E+00 -3.054398E-01 -3.054398E-01
   136    10091.8799    8.16223832  7.996237E+08  7.740246E+08  4.725977E+30
        6.907222E+00  2.361915E+01  6.795269E+00  0.0000000000  0.000000E+00
        1.895851E+26 -3.999873E+00 -1.999887E+00 -3.054398E-01 -3.054398E-01
   137    10002.4412    8.16256239  7.993254E+08  7.925588E+08  4.557255E+30
        6.901136E+00  2.361923E+01  6.795323E+00  0.0000000000  0.000000E+00
        1.725798E+26 -3.999873E+00 -1.999887E+00 -3.054398E-01 -3.054398E-01
   138     9912.3114    8.16289023  7.990238E+08  8.118719E+08  4.391887E+30
        6.894945E+00  2.361931E+01  6.795381E+00  0.0000000000  0.000000E+00
        1.569148E+26 -3.999873E+00 -1.999887E+00 -3.054398E-01 -3.054398E-01
   139     9821.6916    8.16322109  7.987195E+08  8.319617E+08  4.230247E+30
        6.888662E+00  2.361939E+01  6.795442E+00  0.0000000000  0.000000E+00
        1.425285E+26 -3.999873E+00 -1.999887E+00 -3.054398E-01 -3.054398E-01
   140     9730.8200    8.16355399  7.984134E+08  8.528138E+08  4.072728E+30
        6.882300E+00  2.361948E+01  6.795507E+00  0.0000000000  0.000000E+00
        1.293596E+26 -3.999873E+00 -1.999887E+00 -3.054398E-01 -3.054398E-01
   141     9639.8618    8.16388826  7.981062E+08  8.744242E+08  3.919554E+30
        6.875869E+00  2.361957E+01  6.795573E+00  0.0000000000  0.000000E+00
        1.173334E+26 -3.999873E+00 -1.999887E+00 -3.054398E-01 -3.054398E-01
   142     9548.9978    8.16422313  7.977986E+08  8.967842E+08  3.770941E+30
        6.869380E+00  2.361966E+01  6.795641E+00  0.0000000000  0.000000E+00
        1.063752E+26 -3.999873E+00 -1.999887E+00 -3.054398E-01 -3.054398E-01
   143     9458.3585    8.16455790  7.974912E+08  9.198897E+08  3.626994E+30
        6.862843E+00  2.361975E+01  6.795709E+00  0.0000000000  0.000000E+00
        9.640734E+25 -3.999873E+00 -1.999887E+00 -3.054398E-01 -3.054398E-01
   144     9368.0643    8.16489193  7.971845E+08  9.437399E+08  3.487781E+30
        6.856263E+00  2.361985E+01  6.795778E+00  0.0000000000  0.000000E+00
        8.735106E+25 -3.999873E+00 -1.999887E+00 -3.054398E-01 -3.054398E-01
   145     9278.2213    8.16522452  7.968794E+08  9.683328E+08  3.353328E+30
        6.849649E+00  2.361994E+01  6.795845E+00  0.0000000000  0.000000E+00
        7.913484E+25 -3.999873E+00 -1.999887E+00 -3.054398E-01 -3.054398E-01
   146     9188.8861    8.16555523  7.965760E+08  9.936769E+08  3.223576E+30
        6.843004E+00  2.362002E+01  6.795910E+00  0.0000000000  0.000000E+00
        7.168413E+25 -3.999873E+00 -1.999887E+00 -3.054398E-01 -3.054398E-01
   147     9100.1445    8.16588327  7.962752E+08  1.019772E+09  3.098500E+30
        6.836334E+00  2.362011E+01  6.795972E+00  0.0000000000  0.000000E+00
        6.493306E+25 -3.999873E+00 -1.999887E+00 -3.054398E-01 -3.054398E-01
   148     9011.9190    8.16620895  7.959767E+08  1.046665E+09  2.977843E+30
        6.829632E+00  2.362019E+01  6.796031E+00  0.0000000000  0.000000E+00
        5.880999E+25 -3.999873E+00 -1.999887E+00 -3.054398E-01 -3.054398E-01
   149     8924.4883    8.16653088  7.956817E+08  1.074293E+09  2.861832E+30
        6.822918E+00  2.362026E+01  6.796086E+00  0.0000000000  0.000000E+00
        5.327162E+25 -3.999873E+00 -1.999887E+00 -3.054398E-01 -3.054398E-01
   150     8837.7617    8.16685096  7.953886E+08  1.102714E+09  2.750172E+30
        6.816187E+00  2.362034E+01  6.796139E+00  0.0000000000  0.000000E+00
        4.825748E+25 -3.999873E+00 -1.999887E+00 -3.054398E-01 -3.054398E-01
   151     8751.7667    8.16717078  7.950958E+08  1.131951E+09  2.642736E+30
        6.809438E+00  2.362041E+01  6.796196E+00  0.0000000000  0.000000E+00
        4.371728E+25 -3.999873E+00 -1.999887E+00 -3.054398E-01 -3.054398E-01
   152     8666.5625    8.16748961  7.948040E+08  1.162007E+09  2.539449E+30
        6.802677E+00  2.362049E+01  6.796256E+00  0.0000000000  0.000000E+00
        3.960803E+25 -3.999873E+00 -1.999887E+00 -3.054398E-01 -3.054398E-01
   153     8582.0459    8.16780739  7.945132E+08  1.192941E+09  2.440044E+30
        6.795895E+00  2.362058E+01  6.796318E+00  0.0000000000  0.000000E+00
        3.588285E+25 -3.999873E+00 -1.999887E+00 -3.054398E-01 -3.054398E-01
   154     8498.2297    8.16812362  7.942240E+08  1.224770E+09  2.344401E+30
        6.789094E+00  2.362066E+01  6.796381E+00  0.0000000000  0.000000E+00
        3.250824E+25 -3.999873E+00 -1.999887E+00 -3.054398E-01 -3.054398E-01
   155     8415.1397    8.16843787  7.939367E+08  1.257505E+09  2.252419E+30
        6.782276E+00  2.362074E+01  6.796444E+00  0.0000000000  0.000000E+00
        2.945120E+25 -3.999873E+00 -1.999887E+00 -3.054398E-01 -3.054398E-01
   156     8332.7989    8.16874942  7.936520E+08  1.291155E+09  2.163993E+30
        6.775445E+00  2.362083E+01  6.796507E+00  0.0000000000  0.000000E+00
        2.668174E+25 -3.999873E+00 -1.999887E+00 -3.054398E-01 -3.054398E-01
   157     8251.1260    8.16905826  7.933699E+08  1.325772E+09  2.078913E+30
        6.768594E+00  2.362091E+01  6.796569E+00  0.0000000000  0.000000E+00
        2.417228E+25 -3.999873E+00 -1.999887E+00 -3.054398E-01 -3.054398E-01
   158     8170.2402    8.16936330  7.930913E+08  1.361321E+09  1.997182E+30
        6.761735E+00  2.362099E+01  6.796627E+00  0.0000000000  0.000000E+00
        2.190102E+25 -3.999873E+00 -1.999887E+00 -3.054398E-01 -3.054398E-01
   159     8090.0951    8.16966432  7.928165E+08  1.397840E+09  1.918633E+30
        6.754865E+00  2.362106E+01  6.796683E+00  0.0000000000  0.000000E+00
        1.984336E+25 -3.999873E+00 -1.999887E+00 -3.054398E-01 -3.054398E-01
   160     8010.7255    8.16996072  7.925460E+08  1.435327E+09  1.843182E+30
        6.747988E+00  2.362113E+01  6.796734E+00  0.0000000000  0.000000E+00
        1.798156E+25 -3.999873E+00 -1.999887E+00 -3.054398E-01 -3.054398E-01
   161     7932.1432    8.17025263  7.922797E+08  1.473793E+09  1.770725E+30
        6.741106E+00  2.362119E+01  6.796780E+00  0.0000000000  0.000000E+00
        1.629641E+25 -3.999873E+00 -1.999887E+00 -3.054398E-01 -3.054398E-01
   162     7854.5136    8.17053940  7.920182E+08  1.513169E+09  1.701294E+30
        6.734235E+00  2.362125E+01  6.796820E+00  0.0000000000  0.000000E+00
        1.477354E+25 -3.999873E+00 -1.999887E+00 -3.054398E-01 -3.054398E-01
   163     7777.8161    8.17082114  7.917613E+08  1.553474E+09  1.634749E+30
        6.727375E+00  2.362129E+01  6.796853E+00  0.0000000000  0.000000E+00
        1.339793E+25 -3.999873E+00 -1.999887E+00 -3.054398E-01 -3.054398E-01
   164     7702.1293    8.17109796  7.915090E+08  1.594676E+09  1.571039E+30
        6.720534E+00  2.362133E+01  6.796880E+00  0.0000000000  0.000000E+00
        1.215574E+25 -3.999873E+00 -1.999887E+00 -3.054398E-01 -3.054398E-01
   165     7627.4678    8.17137033  7.912608E+08  1.636774E+09  1.510055E+30
        6.713715E+00  2.362137E+01  6.796903E+00  0.0000000000  0.000000E+00
        1.103345E+25 -3.999873E+00 -1.999887E+00 -3.054398E-01 -3.054398E-01
   166     7553.9048    8.17163867  7.910164E+08  1.679730E+09  1.451741E+30
        6.706926E+00  2.362140E+01  6.796923E+00  0.0000000000  0.000000E+00
        1.002104E+25 -3.999873E+00 -1.999887E+00 -3.054398E-01 -3.054398E-01
   167     7481.5620    8.17190311  7.907756E+08  1.723467E+09  1.396071E+30
        6.700182E+00  2.362143E+01  6.796941E+00  0.0000000000  0.000000E+00
        9.108445E+24 -3.999873E+00 -1.999887E+00 -3.054398E-01 -3.054398E-01
   168     7401.9417    8.17219520  7.905097E+08  1.773467E+09  1.336685E+30
        6.692679E+00  2.362146E+01  6.796961E+00  0.0000000000  0.000000E+00
        8.191508E+24 -3.999873E+00 -1.999887E+00 -3.054398E-01 -3.054398E-01
   169     7288.6784    8.17261463  7.901281E+08  1.848467E+09  1.255516E+30
        6.681857E+00  2.362150E+01  6.796992E+00  0.0000000000  0.000000E+00
        7.031280E+24 -3.999873E+00 -1.999887E+00 -3.054398E-01 -3.054398E-01
   170     7131.0912    8.17321075  7.895860E+08  1.960967E+09  1.148828E+30
        6.666500E+00  2.362159E+01  6.797048E+00  0.0000000000  0.000000E+00
        5.652106E+24 -3.999873E+00 -1.999887E+00 -3.054398E-01 -3.054398E-01
   171     6968.6923    8.17385041  7.890048E+08  2.103714E+09  1.046156E+30
        6.654360E+00  2.362174E+01  6.797217E+00  0.0182386455 -7.994067E-03
        4.482501E+24 -3.999873E+00 -1.999887E+00 -3.054398E-01 -3.054398E-01
   172     6817.5630    8.17447493  7.884377E+08  2.270976E+09  9.569370E+29
        6.638484E+00  2.362189E+01  6.797322E+00  0.0561290405 -2.508738E-02
        3.566681E+24 -3.999873E+00 -1.999887E+00 -3.054398E-01 -3.054398E-01
   173     6675.1604    8.17510007  7.878704E+08  2.458457E+09  8.781898E+29
        6.623067E+00  2.362201E+01  6.797401E+00  0.1016097432 -4.653497E-02
        2.845518E+24 -3.999873E+00 -1.999887E+00 -3.054398E-01 -3.054398E-01
   174     6544.1391    8.17572107  7.873073E+08  2.652964E+09  8.100851E+29
        6.608442E+00  2.362210E+01  6.797459E+00  0.1492530291 -7.019959E-02
        2.286469E+24 -3.999873E+00 -1.999887E+00 -3.054398E-01 -3.054398E-01
   175     6422.2018    8.17633557  7.867505E+08  2.845831E+09  7.503120E+29
        6.594616E+00  2.362219E+01  6.797519E+00  0.1967846780 -9.516802E-02
        1.856685E+24 -3.999873E+00 -1.999887E+00 -3.054398E-01 -3.054398E-01
   176     6311.1472    8.17693789  7.862052E+08  3.034761E+09  6.987744E+29
        6.581820E+00  2.362229E+01  6.797589E+00  0.2423338031 -1.205221E-01
        1.524384E+24 -3.999873E+00 -1.999887E+00 -3.054398E-01 -3.054398E-01
   177     6206.1275    8.17756647  7.856364E+08  3.225319E+09  6.524661E+29
        6.569575E+00  2.362240E+01  6.797673E+00  0.2826415564 -1.442638E-01
        1.263205E+24 -3.999873E+00 -1.999887E+00 -3.054398E-01 -3.054398E-01
   178     6105.8331    8.17822148  7.850442E+08  3.411246E+09  6.103794E+29
        6.557453E+00  2.362253E+01  6.797765E+00  0.3252159034 -1.708352E-01
        1.049197E+24 -3.999873E+00 -1.999887E+00 -3.054398E-01 -3.054398E-01
   179     6014.0508    8.17883757  7.844875E+08  3.587578E+09  5.736836E+29
        6.546351E+00  2.362264E+01  6.797851E+00  0.3646090884 -1.969590E-01
        8.822947E+23 -3.999873E+00 -1.999887E+00 -3.054398E-01 -3.054398E-01
   180     5930.2335    8.17940983  7.839709E+08  3.764491E+09  5.416503E+29
        6.535866E+00  2.362273E+01  6.797923E+00  0.4000223647 -2.218649E-01
        7.511670E+23 -3.999873E+00 -1.999887E+00 -3.054398E-01 -3.054398E-01
   181     5845.7541    8.18002095  7.834195E+08  3.956134E+09  5.107200E+29
        6.524706E+00  2.362281E+01  6.797991E+00  0.4309142837 -2.448223E-01
        6.312996E+23 -3.999873E+00 -1.999887E+00 -3.054398E-01 -3.054398E-01
   182     5769.1867    8.18063066  7.828697E+08  4.151837E+09  4.838039E+29
        6.513718E+00  2.362289E+01  6.798050E+00  0.4674002039 -2.735990E-01
        5.313781E+23 -3.999873E+00 -1.999887E+00 -3.054398E-01 -3.054398E-01
   183     5694.4130    8.18126657  7.822968E+08  4.356473E+09  4.585333E+29
        6.501672E+00  2.362296E+01  6.798104E+00  0.5041697862 -3.046670E-01
        4.413432E+23 -3.999873E+00 -1.999887E+00 -3.054398E-01 -3.054398E-01
   184     5632.0403    8.18182470  7.817943E+08  4.564501E+09  4.382077E+29
        6.490391E+00  2.362302E+01  6.798149E+00  0.5357563877 -3.332541E-01
        3.705685E+23 -3.999873E+00 -1.999887E+00 -3.054398E-01 -3.054398E-01
   185     5566.0991    8.18246104  7.812217E+08  4.807506E+09  4.174307E+29
        6.476607E+00  2.362311E+01  6.798209E+00  0.5725069279 -3.690709E-01
        2.990244E+23 -3.999873E+00 -1.999887E+00 -3.054398E-01 -3.054398E-01
   186     5509.0139    8.18307510  7.806696E+08  5.057781E+09  4.000019E+29
        6.462299E+00  2.362321E+01  6.798272E+00  0.6089532992 -4.077714E-01
        2.393489E+23 -3.999873E+00 -1.999887E+00 -3.054398E-01 -3.054398E-01
   187     5458.0030    8.18367458  7.801310E+08  5.326295E+09  3.848595E+29
        6.447203E+00  2.362331E+01  6.798340E+00  0.6499699192 -4.558946E-01
        1.875182E+23 -3.999873E+00 -1.999887E+00 -3.054398E-01 -3.054398E-01
   188     5408.1845    8.18429059  7.795779E+08  5.618303E+09  3.704734E+29
        6.429990E+00  2.362341E+01  6.798406E+00  0.6850716993 -5.017883E-01
        1.405890E+23 -3.999873E+00 -1.999887E+00 -3.054398E-01 -3.054398E-01
   189     5360.0738    8.18487554  7.790531E+08  5.915927E+09  3.569844E+29
        6.411813E+00  2.362349E+01  6.798463E+00  0.7240117989 -5.591095E-01
        1.033357E+23 -3.999873E+00 -1.999887E+00 -3.054398E-01 -3.054398E-01
   190     5311.1160    8.18544469  7.785428E+08  6.215926E+09  3.436688E+29
        6.392130E+00  2.362354E+01  6.798499E+00  0.7614029480 -6.223349E-01
        7.395463E+22 -3.999873E+00 -1.999887E+00 -3.054398E-01 -3.054398E-01
   191     5267.3972    8.18593639  7.781022E+08  6.503446E+09  3.321158E+29
        6.373401E+00  2.362357E+01  6.798518E+00  0.7926081494 -6.832083E-01
        5.355969E+22 -3.999873E+00 -1.999887E+00 -3.054398E-01 -3.054398E-01
   192     5222.4426    8.18643744  7.776535E+08  6.800735E+09  3.205523E+29
        6.353081E+00  2.362361E+01  6.798543E+00  0.8221865622 -7.500354E-01
        3.767017E+22 -3.999873E+00 -1.999887E+00 -3.054398E-01 -3.054398E-01
   193     5178.0474    8.18692944  7.772131E+08  7.087389E+09  3.094399E+29
        6.332085E+00  2.362367E+01  6.798585E+00  0.8499324458 -8.237132E-01
        2.612095E+22 -3.999873E+00 -1.999887E+00 -3.054398E-01 -3.054398E-01
   194     5134.9318    8.18738581  7.768048E+08  7.356334E+09  2.989472E+29
        6.311096E+00  2.362371E+01  6.798615E+00  0.8756400593 -9.053195E-01
        1.812256E+22 -3.999873E+00 -1.999887E+00 -3.054398E-01 -3.054398E-01
   195     5093.1546    8.18779682  7.764374E+08  7.609770E+09  2.890628E+29
        6.290557E+00  2.362374E+01  6.798633E+00  0.8958969048 -9.825364E-01
        1.269684E+22 -3.999873E+00 -1.999887E+00 -3.054398E-01 -3.054398E-01
   196     5050.3559    8.18818150  7.760936E+08  7.854629E+09  2.792210E+29
        6.269882E+00  2.362377E+01  6.798655E+00  0.9114247424 -1.052688E+00
        8.844672E+21 -3.999873E+00 -1.999887E+00 -3.054398E-01 -3.054398E-01
   197     5005.0614    8.18855332  7.757614E+08  8.088724E+09  2.691076E+29
        6.248886E+00  2.362382E+01  6.798690E+00  0.9283225393 -1.144617E+00
        6.148829E+21 -3.999873E+00 -1.999887E+00 -3.054398E-01 -3.054398E-01
   198     4959.5538    8.18889139  7.754595E+08  8.306643E+09  2.592511E+29
        6.228625E+00  2.362388E+01  6.798729E+00  0.9408697219 -1.228190E+00
        4.334029E+21 -3.999873E+00 -1.999887E+00 -3.054398E-01 -3.054398E-01
   199     4911.4748    8.18920673  7.751780E+08  8.516126E+09  2.491624E+29
        6.208437E+00  2.362394E+01  6.798766E+00  0.9498492048 -1.299722E+00
        3.052795E+21 -3.999873E+00 -1.999887E+00 -3.054398E-01 -3.054398E-01
   200     4860.1789    8.18950079  7.749157E+08  8.716356E+09  2.387536E+29
        6.188167E+00  2.362398E+01  6.798799E+00  0.9596877474 -1.394563E+00
        2.157723E+21 -3.999873E+00 -1.999887E+00 -3.054398E-01 -3.054398E-01
   201     4809.9731    8.18975031  7.746931E+08  8.903874E+09  2.289085E+29
        6.168812E+00  2.362402E+01  6.798824E+00  0.9664031461 -1.473701E+00
        1.554694E+21 -3.999873E+00 -1.999887E+00 -3.054398E-01 -3.054398E-01
   202     4756.1580    8.18999053  7.744789E+08  9.088343E+09  2.187138E+29
        6.148912E+00  2.362405E+01  6.798856E+00  0.9733215202 -1.573839E+00
        1.107024E+21 -3.999873E+00 -1.999887E+00 -3.054398E-01 -3.054398E-01
   203     4705.2021    8.19020287  7.742895E+08  9.260651E+09  2.093881E+29
        6.129908E+00  2.362408E+01  6.798888E+00  0.9778159568 -1.653959E+00
        8.051108E+20 -3.999873E+00 -1.999887E+00 -3.054398E-01 -3.054398E-01
   204     4653.4066    8.19041172  7.741034E+08  9.429431E+09  2.002230E+29
        6.110737E+00  2.362412E+01  6.798917E+00  0.9815532295 -1.734080E+00
        5.830622E+20 -3.999873E+00 -1.999887E+00 -3.054398E-01 -3.054398E-01
   205     4601.8478    8.19061802  7.739196E+08  9.590478E+09  1.914047E+29
        6.091764E+00  2.362415E+01  6.798941E+00  0.9853522836 -1.834230E+00
        4.235709E+20 -3.999873E+00 -1.999887E+00 -3.054398E-01 -3.054398E-01
   206     4551.0411    8.19081905  7.737405E+08  9.743107E+09  1.830061E+29
        6.073182E+00  2.362419E+01  6.798972E+00  0.9872450227 -1.894320E+00
        3.117979E+20 -3.999873E+00 -1.999887E+00 -3.054398E-01 -3.054398E-01
   207     4499.3459    8.19101173  7.735688E+08  9.889239E+09  1.747541E+29
        6.054761E+00  2.362425E+01  6.799006E+00  0.9872450227 -1.894320E+00
        2.300780E+20 -3.999873E+00 -1.999887E+00 -3.054398E-01 -3.054398E-01
   208     4448.3604    8.19118479  7.734147E+08  1.002837E+10  1.669002E+29
        6.036809E+00  2.362429E+01  6.799034E+00  0.9878199348 -1.914350E+00
        1.720383E+20 -3.999873E+00 -1.999887E+00 -3.054398E-01 -3.054398E-01
   209     4395.0474    8.19134015  7.732764E+08  1.016463E+10  1.589849E+29
        6.018760E+00  2.362431E+01  6.799052E+00  0.9878199348 -1.914350E+00
        1.279172E+20 -3.999873E+00 -1.999887E+00 -3.054398E-01 -3.054398E-01
   210     4341.2945    8.19148669  7.731459E+08  1.029598E+10  1.512976E+29
        6.001014E+00  2.362435E+01  6.799075E+00  0.9883689334 -1.934380E+00
        9.600781E+19 -3.999873E+00 -1.999887E+00 -3.054398E-01 -3.054398E-01
   211     4286.5434    8.19163184  7.730168E+08  1.042526E+10  1.437602E+29
        5.983242E+00  2.362440E+01  6.799109E+00  0.9883689334 -1.934380E+00
        7.205826E+19 -3.999873E+00 -1.999887E+00 -3.054398E-01 -3.054398E-01
   212     4232.3021    8.19176816  7.728954E+08  1.055202E+10  1.365778E+29
        5.965630E+00  2.362445E+01  6.799142E+00  0.9883689334 -1.934380E+00
        5.437172E+19 -3.999873E+00 -1.999887E+00 -3.054398E-01 -3.054398E-01
   213     4176.2536    8.19189747  7.727804E+08  1.067817E+10  1.294469E+29
        5.947697E+00  2.362448E+01  6.799166E+00  0.9883689334 -1.934380E+00
        4.072010E+19 -3.999873E+00 -1.999887E+00 -3.054398E-01 -3.054398E-01
   214     4122.3594    8.19200770  7.726823E+08  1.079933E+10  1.228619E+29
        5.930119E+00  2.362449E+01  6.799174E+00  0.9883689334 -1.934380E+00
        3.069085E+19 -3.999873E+00 -1.999887E+00 -3.054398E-01 -3.054398E-01
   215     4069.1924    8.19210803  7.725931E+08  1.091834E+10  1.166182E+29
        5.912515E+00  2.362450E+01  6.799175E+00  0.9883689334 -1.934380E+00
        2.312266E+19 -3.999873E+00 -1.999887E+00 -3.054398E-01 -3.054398E-01
   216     4017.0944    8.19220294  7.725087E+08  1.103476E+10  1.107355E+29
        5.894944E+00  2.362449E+01  6.799172E+00  0.9888931867 -1.954411E+00
        1.741699E+19 -3.999873E+00 -1.999887E+00 -3.054398E-01 -3.054398E-01
   217     3965.7032    8.19229469  7.724271E+08  1.114847E+10  1.051545E+29
        5.877420E+00  2.362449E+01  6.799170E+00  0.9888931867 -1.954411E+00
        1.314853E+19 -3.999873E+00 -1.999887E+00 -3.054398E-01 -3.054398E-01
   218     3914.5037    8.19238715  7.723449E+08  1.125974E+10  9.980707E+28
        5.859893E+00  2.362449E+01  6.799173E+00  0.9888931867 -1.954411E+00
        9.943860E+18 -3.999873E+00 -1.999887E+00 -3.054398E-01 -3.054398E-01
   219     3864.0016    8.19247471  7.722670E+08  1.136878E+10  9.473624E+28
        5.842503E+00  2.362450E+01  6.799177E+00  0.9888931867 -1.954411E+00
        7.542161E+18 -3.999873E+00 -1.999887E+00 -3.054398E-01 -3.054398E-01
   220     3809.6315    8.19256069  7.721906E+08  1.147807E+10  8.949789E+28
        5.824563E+00  2.362450E+01  6.799179E+00  0.9888931867 -1.954411E+00
        5.668290E+18 -3.999873E+00 -1.999887E+00 -3.054398E-01 -3.054398E-01
   221     3755.5730    8.19263806  7.721218E+08  1.158318E+10  8.451006E+28
        5.806928E+00  2.362450E+01  6.799180E+00  0.9888931867 -1.954411E+00
        4.276867E+18 -3.999873E+00 -1.999887E+00 -3.054398E-01 -3.054398E-01
   222     3699.4734    8.19271113  7.720568E+08  1.168786E+10  7.955915E+28
        5.789012E+00  2.362451E+01  6.799181E+00  0.9888931867 -1.954411E+00
        3.212661E+18 -3.999873E+00 -1.999887E+00 -3.054398E-01 -3.054398E-01
   223     3641.6123    8.19278016  7.719955E+08  1.179177E+10  7.468551E+28
        5.770879E+00  2.362451E+01  6.799185E+00  0.9888931867 -1.954411E+00
        2.404113E+18 -3.999873E+00 -1.999887E+00 -3.054398E-01 -3.054398E-01
   224     3582.2915    8.19284394  7.719388E+08  1.189494E+10  6.992644E+28
        5.752553E+00  2.362451E+01  6.799186E+00  0.9893938100 -1.974441E+00
        1.791308E+18 -3.999873E+00 -1.999887E+00 -3.054398E-01 -3.054398E-01
   225     3521.8975    8.19290309  7.718862E+08  1.199739E+10  6.531988E+28
        5.734049E+00  2.362451E+01  6.799185E+00  0.9893938100 -1.974441E+00
        1.330562E+18 -3.999873E+00 -1.999887E+00 -3.054398E-01 -3.054398E-01
   226     3460.5714    8.19295918  7.718364E+08  1.209903E+10  6.087987E+28
        5.715389E+00  2.362451E+01  6.799185E+00  0.9893938100 -1.974441E+00
        9.853036E+17 -3.999873E+00 -1.999887E+00 -3.054398E-01 -3.054398E-01
   227     3398.3517    8.19301352  7.717881E+08  1.220007E+10  5.661108E+28
        5.696521E+00  2.362451E+01  6.799187E+00  0.9893938100 -1.974441E+00
        7.263380E+17 -3.999873E+00 -1.999887E+00 -3.054398E-01 -3.054398E-01
   228     3337.4554    8.19306261  7.717445E+08  1.230045E+10  5.265516E+28
        5.677792E+00  2.362452E+01  6.799188E+00  0.9893938100 -1.974441E+00
        5.368339E+17 -3.999873E+00 -1.999887E+00 -3.054398E-01 -3.054398E-01
   229     3271.1510    8.19311168  7.717009E+08  1.240327E+10  4.858837E+28
        5.658044E+00  2.362452E+01  6.799188E+00  0.9893938100 -1.974441E+00
        3.893942E+17 -3.999873E+00 -1.999887E+00 -3.054398E-01 -3.054398E-01
   230     3206.9072    8.19315639  7.716612E+08  1.250230E+10  4.487773E+28
        5.638693E+00  2.362452E+01  6.799188E+00  0.9893938100 -1.974441E+00
        2.841067E+17 -3.999873E+00 -1.999887E+00 -3.054398E-01 -3.054398E-01
   231     3141.6027    8.19320037  7.716221E+08  1.260174E+10  4.132819E+28
        5.618948E+00  2.362452E+01  6.799190E+00  0.9893938100 -1.974441E+00
        2.058688E+17 -3.999873E+00 -1.999887E+00 -3.054398E-01 -3.054398E-01
   232     3075.7980    8.19324244  7.715847E+08  1.270094E+10  3.796911E+28
        5.598944E+00  2.362452E+01  6.799191E+00  0.9893938100 -1.974441E+00
        1.483935E+17 -3.999873E+00 -1.999887E+00 -3.054398E-01 -3.054398E-01
   233     3009.8510    8.19328209  7.715495E+08  1.279972E+10  3.481285E+28
        5.578747E+00  2.362452E+01  6.799191E+00  0.9898718684 -1.994471E+00
        1.064930E+17 -3.999873E+00 -1.999887E+00 -3.054398E-01 -3.054398E-01
   234     2943.9556    8.19331880  7.715169E+08  1.289793E+10  3.186015E+28
        5.558385E+00  2.362452E+01  6.799190E+00  0.9898718684 -1.994471E+00
        7.614947E+16 -3.999873E+00 -1.999887E+00 -3.054398E-01 -3.054398E-01
   235     2878.1798    8.19335348  7.714861E+08  1.299555E+10  2.910448E+28
        5.537828E+00  2.362452E+01  6.799191E+00  0.9898718684 -1.994471E+00
        5.422260E+16 -3.999873E+00 -1.999887E+00 -3.054398E-01 -3.054398E-01
   236     2812.7968    8.19338552  7.714576E+08  1.309234E+10  2.654664E+28
        5.517137E+00  2.362452E+01  6.799192E+00  0.9898718684 -1.994471E+00
        3.847031E+16 -3.999873E+00 -1.999887E+00 -3.054398E-01 -3.054398E-01
   237     2751.2106    8.19341429  7.714321E+08  1.318818E+10  2.429532E+28
        5.497038E+00  2.362452E+01  6.799191E+00  0.9898718684 -1.994471E+00
        2.755758E+16 -3.999873E+00 -1.999887E+00 -3.054398E-01 -3.054398E-01
   238     2683.7743    8.19344590  7.714040E+08  1.328718E+10  2.199782E+28
        5.475373E+00  2.362452E+01  6.799191E+00  0.9898718684 -1.994471E+00
        1.917829E+16 -3.999873E+00 -1.999887E+00 -3.054398E-01 -3.054398E-01
   239     2620.7792    8.19347596  7.713773E+08  1.338049E+10  2.000264E+28
        5.454540E+00  2.362452E+01  6.799192E+00  0.9898718684 -1.994471E+00
        1.352265E+16 -3.999873E+00 -1.999887E+00 -3.054398E-01 -3.054398E-01
   240     2558.7101    8.19350496  7.713515E+08  1.347288E+10  1.817277E+28
        5.433596E+00  2.362452E+01  6.799192E+00  0.9903283790 -2.014501E+00
        9.506137E+15 -3.999873E+00 -1.999887E+00 -3.054398E-01 -3.054398E-01
   241     2497.8088    8.19353172  7.713278E+08  1.356394E+10  1.650238E+28
        5.412681E+00  2.362452E+01  6.799192E+00  0.9903283790 -2.014501E+00
        6.676857E+15 -3.999873E+00 -1.999887E+00 -3.054398E-01 -3.054398E-01
   242     2438.1129    8.19355746  7.713049E+08  1.365383E+10  1.497957E+28
        5.391754E+00  2.362452E+01  6.799192E+00  0.9903283790 -2.014501E+00
        4.681181E+15 -3.999873E+00 -1.999887E+00 -3.054398E-01 -3.054398E-01
   243     2383.5080    8.19358023  7.712847E+08  1.374248E+10  1.368132E+28
        5.371888E+00  2.362452E+01  6.799193E+00  0.9903283790 -2.014501E+00
        3.341026E+15 -3.999873E+00 -1.999887E+00 -3.054398E-01 -3.054398E-01
   244     2321.9565    8.19360399  7.712636E+08  1.383540E+10  1.232123E+28
        5.349676E+00  2.362452E+01  6.799193E+00  0.9903283790 -2.014501E+00
        2.283429E+15 -3.999873E+00 -1.999887E+00 -3.054398E-01 -3.054398E-01
   245     2266.3642    8.19362497  7.712450E+08  1.392079E+10  1.118241E+28
        5.328914E+00  2.362452E+01  6.799193E+00  0.9907643130 -2.034531E+00
        1.598348E+15 -3.999873E+00 -1.999887E+00 -3.054398E-01 -3.054398E-01
   246     2212.0804    8.19364535  7.712269E+08  1.400514E+10  1.014845E+28
        5.308132E+00  2.362452E+01  6.799193E+00  0.9907643130 -2.034531E+00
        1.117022E+15 -3.999873E+00 -1.999887E+00 -3.054398E-01 -3.054398E-01
   247     2163.5417    8.19366332  7.712109E+08  1.408824E+10  9.286229E+27
        5.288865E+00  2.362452E+01  6.799193E+00  0.9907643130 -2.034531E+00
        8.010567E+14 -3.999873E+00 -1.999887E+00 -3.054398E-01 -3.054398E-01
   248     2106.9242    8.19368306  7.711934E+08  1.417715E+10  8.351303E+27
        5.266456E+00  2.362452E+01  6.799193E+00  0.9911805978 -2.054561E+00
        5.420362E+14 -3.999873E+00 -1.999887E+00 -3.054398E-01 -3.054398E-01
   249     2056.7448    8.19370012  7.711783E+08  1.425723E+10  7.583387E+27
        5.245915E+00  2.362452E+01  6.799193E+00  0.9911805978 -2.054561E+00
        3.786662E+14 -3.999873E+00 -1.999887E+00 -3.054398E-01 -3.054398E-01
   250     2012.9703    8.19371582  7.711643E+08  1.433601E+10  6.957854E+27
        5.227317E+00  2.362452E+01  6.799193E+00  0.9911805978 -2.054561E+00
        2.735869E+14 -3.999873E+00 -1.999887E+00 -3.054398E-01 -3.054398E-01
   251     1960.1097    8.19373485  7.711474E+08  1.442204E+10  6.255014E+27
        5.204789E+00  2.362452E+01  6.799193E+00  0.9915781192 -2.074591E+00
        1.839681E+14 -3.999873E+00 -1.999887E+00 -3.054398E-01 -3.054398E-01
   252     1919.2594    8.19374833  7.711354E+08  1.449815E+10  5.749472E+27
        5.186641E+00  2.362452E+01  6.799193E+00  0.9919577228 -2.094621E+00
        1.338411E+14 -3.999873E+00 -1.999887E+00 -3.054398E-01 -3.054398E-01
   253     1874.0471    8.19376369  7.711218E+08  1.458239E+10  5.226368E+27
        5.166267E+00  2.362452E+01  6.799193E+00  0.9919577228 -2.094621E+00
        9.355819E+13 -3.999873E+00 -1.999887E+00 -3.054398E-01 -3.054398E-01
   254     1830.7185    8.19378325  7.711045E+08  1.466440E+10  4.759318E+27
        5.146221E+00  2.362452E+01  6.799193E+00  0.9923202164 -2.114651E+00
        6.584429E+13 -3.999873E+00 -1.999887E+00 -3.054398E-01 -3.054398E-01
   255     1788.4493    8.19380459  7.710855E+08  1.474523E+10  4.334546E+27
        5.126172E+00  2.362452E+01  6.799193E+00  0.9929969232 -2.154711E+00
        4.639298E+13 -3.999873E+00 -1.999887E+00 -3.054398E-01 -3.054398E-01
   256     1752.2653    8.19382093  7.710710E+08  1.482451E+10  3.994111E+27
        5.108530E+00  2.362452E+01  6.799193E+00  0.9933125762 -2.174741E+00
        3.416839E+13 -3.999873E+00 -1.999887E+00 -3.054398E-01 -3.054398E-01
   257     1710.4379    8.19383945  7.710546E+08  1.491290E+10  3.626031E+27
        5.087784E+00  2.362452E+01  6.799193E+00  0.9941767057 -2.234831E+00
        2.321985E+13 -3.999873E+00 -1.999887E+00 -3.054398E-01 -3.054398E-01
   258     1671.3520    8.19385917  7.710370E+08  1.500128E+10  3.305629E+27
        5.067875E+00  2.362452E+01  6.799193E+00  0.9951577339 -2.314951E+00
        1.615758E+13 -3.999873E+00 -1.999887E+00 -3.054398E-01 -3.054398E-01
   259     1635.6543    8.19387696  7.710213E+08  1.508744E+10  3.032011E+27
        5.049195E+00  2.362452E+01  6.799193E+00  0.9959734913 -2.395071E+00
        1.152010E+13 -3.999873E+00 -1.999887E+00 -3.054398E-01 -3.054398E-01
   260     1598.4055    8.19389194  7.710080E+08  1.517661E+10  2.765016E+27
        5.029243E+00  2.362452E+01  6.799193E+00  0.9966518206 -2.475191E+00
        8.103407E+12 -3.999873E+00 -1.999887E+00 -3.054398E-01 -3.054398E-01
   261     1559.3689    8.19390486  7.709965E+08  1.526248E+10  2.504565E+27
        5.007839E+00  2.362452E+01  6.799193E+00  0.9973413634 -2.575341E+00
        5.550651E+12 -3.999873E+00 -1.999887E+00 -3.054398E-01 -3.054398E-01
   262     1523.0816    8.19391758  7.709852E+08  1.533897E+10  2.279380E+27
        4.987335E+00  2.362452E+01  6.799193E+00  0.9978888969 -2.675491E+00
        3.891559E+12 -3.999873E+00 -1.999887E+00 -3.054398E-01 -3.054398E-01
   263     1487.4628    8.19393004  7.709741E+08  1.540982E+10  2.073462E+27
        4.966669E+00  2.362452E+01  6.799193E+00  0.9983236675 -2.775640E+00
        2.734534E+12 -3.999873E+00 -1.999887E+00 -3.054398E-01 -3.054398E-01
