============================================================================
  #Mod      Teff         Log(g)           R            Age            L
           Log(Tc)       Log(Pc)      Log(rhoc)       Mx/M         Log(qx)
             Lnu        Log(H/*)      Log(He/*)     Log(C/*)      Log(O/*)
============================================================================
     1   141121.9888    8.50556123  6.436877E+08  0.000000E+00  1.171011E+35
        8.021485E+00  2.460011E+01  7.475224E+00  0.0000000000  0.000000E+00
        4.698321E+35 -9.999860E+00 -1.999885E+00 -3.053960E-01 -3.053960E-01
     2   120598.9636    8.53087438  6.251995E+08  6.000000E+04  5.891739E+34
        7.999739E+00  2.460970E+01  7.482156E+00  0.0000000000  0.000000E+00
        2.659115E+35 -9.999860E+00 -1.999885E+00 -3.053960E-01 -3.053960E-01
     3   107699.8130    8.54614329  6.143052E+08  1.200000E+05  3.617930E+34
        7.983345E+00  2.461577E+01  7.486551E+00  0.0000000000  0.000000E+00
        1.715996E+35 -9.999860E+00 -1.999885E+00 -3.053960E-01 -3.053960E-01
     4    98620.0827    8.55656351  6.069795E+08  1.800000E+05  2.483371E+34
        7.970285E+00  2.461998E+01  7.489603E+00  0.0000000000  0.000000E+00
        1.205620E+35 -9.999860E+00 -1.999885E+00 -3.053960E-01 -3.053960E-01
     5    91666.6689    8.56419813  6.016678E+08  2.400000E+05  1.821341E+34
        7.959462E+00  2.462308E+01  7.491850E+00  0.0000000000  0.000000E+00
        8.982944E+34 -9.999860E+00 -1.999885E+00 -3.053960E-01 -3.053960E-01
     6    86146.4912    8.57007097  5.976134E+08  3.000000E+05  1.401597E+34
        7.950239E+00  2.462547E+01  7.493593E+00  0.0000000000  0.000000E+00
        6.986917E+34 -9.999860E+00 -1.999885E+00 -3.053960E-01 -3.053960E-01
     7    81624.6998    8.57475364  5.944003E+08  3.600000E+05  1.117574E+34
        7.942208E+00  2.462740E+01  7.494999E+00  0.0000000000  0.000000E+00
        5.614382E+34 -9.999860E+00 -1.999885E+00 -3.053960E-01 -3.053960E-01
     8    77836.4474    8.57858987  5.917808E+08  4.200000E+05  9.159795E+33
        7.935095E+00  2.462900E+01  7.496165E+00  0.0000000000  0.000000E+00
        4.627636E+34 -9.999860E+00 -1.999885E+00 -3.053960E-01 -3.053960E-01
     9    74634.0075    8.58179753  5.895994E+08  4.800000E+05  7.685872E+33
        7.928709E+00  2.463035E+01  7.497154E+00  0.0000000000  0.000000E+00
        3.892866E+34 -9.999860E+00 -1.999885E+00 -3.053960E-01 -3.053960E-01
    10    71853.2064    8.58453864  5.877417E+08  5.400000E+05  6.561295E+33
        7.922911E+00  2.463151E+01  7.498006E+00  0.0000000000  0.000000E+00
        3.329739E+34 -9.999860E+00 -1.999885E+00 -3.053960E-01 -3.053960E-01
    11    69688.0754    8.58668014  5.862944E+08  5.940000E+05  5.776933E+33
        7.918092E+00  2.463242E+01  7.498681E+00  0.0000000000  0.000000E+00
        2.925684E+34 -9.999860E+00 -1.999885E+00 -3.053960E-01 -3.053960E-01
    12    67946.3029    8.58840474  5.851315E+08  6.428145E+05  5.199986E+33
        7.914014E+00  2.463317E+01  7.499229E+00  0.0000000000  0.000000E+00
        2.623612E+34 -9.999860E+00 -1.999885E+00 -3.053960E-01 -3.053960E-01
    13    66259.4719    8.59007995  5.840040E+08  6.959710E+05  4.684417E+33
        7.909863E+00  2.463390E+01  7.499767E+00  0.0000000000  0.000000E+00
        2.349499E+34 -9.999860E+00 -1.999885E+00 -3.053960E-01 -3.053960E-01
    14    64615.9348    8.59171337  5.829068E+08  7.539883E+05  4.220742E+33
        7.905628E+00  2.463461E+01  7.500293E+00  0.0000000000  0.000000E+00
        2.100853E+34 -9.999860E+00 -1.999885E+00 -3.053960E-01 -3.053960E-01
    15    63033.4012    8.59329449  5.818467E+08  8.171672E+05  3.808308E+33
        7.901320E+00  2.463531E+01  7.500808E+00  0.0000000000  0.000000E+00
        1.876323E+34 -9.999860E+00 -1.999885E+00 -3.053960E-01 -3.053960E-01
    16    61500.7266    8.59482881  5.808198E+08  8.864139E+05  3.439029E+33
        7.896914E+00  2.463599E+01  7.501314E+00  0.0000000000  0.000000E+00
        1.672806E+34 -9.999860E+00 -1.999885E+00 -3.053960E-01 -3.053960E-01
    17    60024.4557    8.59631027  5.798300E+08  9.624490E+05  3.109899E+33
        7.892402E+00  2.463666E+01  7.501810E+00  0.0000000000  0.000000E+00
        1.488556E+34 -9.999860E+00 -1.999885E+00 -3.053960E-01 -3.053960E-01
    18    58600.4746    8.59774285  5.788745E+08  1.046441E+06  2.815823E+33
        7.887759E+00  2.463732E+01  7.502301E+00  0.0000000000  0.000000E+00
        1.321353E+34 -9.999860E+00 -1.999885E+00 -3.053960E-01 -3.053960E-01
    19    57223.4438    8.59913208  5.779493E+08  1.139590E+06  2.552158E+33
        7.882968E+00  2.463797E+01  7.502784E+00  0.0000000000  0.000000E+00
        1.169688E+34 -9.999860E+00 -1.999885E+00 -3.053960E-01 -3.053960E-01
    20    55892.9494    8.60047416  5.770570E+08  1.243039E+06  2.315781E+33
        7.878022E+00  2.463861E+01  7.503261E+00  0.0000000000  0.000000E+00
        1.032548E+34 -9.999860E+00 -1.999885E+00 -3.053960E-01 -3.053960E-01
    21    54613.1695    8.60176908  5.761974E+08  1.358264E+06  2.104573E+33
        7.872908E+00  2.463925E+01  7.503731E+00  0.0000000000  0.000000E+00
        9.087584E+33 -9.999860E+00 -1.999885E+00 -3.053960E-01 -3.053960E-01
    22    53382.5287    8.60301702  5.753701E+08  1.487242E+06  1.915681E+33
        7.867599E+00  2.463987E+01  7.504194E+00  0.0000000000  0.000000E+00
        7.970565E+33 -9.999860E+00 -1.999885E+00 -3.053960E-01 -3.053960E-01
    23    52200.1639    8.60421685  5.745759E+08  1.632288E+06  1.746684E+33
        7.862069E+00  2.464048E+01  7.504652E+00  0.0000000000  0.000000E+00
        6.963887E+33 -9.999860E+00 -1.999885E+00 -3.053960E-01 -3.053960E-01
    24    51070.6864    8.60537187  5.738123E+08  1.796251E+06  1.596094E+33
        7.856287E+00  2.464109E+01  7.505106E+00  0.0000000000  0.000000E+00
        6.057963E+33 -9.999860E+00 -1.999885E+00 -3.053960E-01 -3.053960E-01
    25    49987.7285    8.60648196  5.730794E+08  1.982829E+06  1.461219E+33
        7.850210E+00  2.464170E+01  7.505559E+00  0.0000000000  0.000000E+00
        5.243495E+33 -9.999860E+00 -1.999885E+00 -3.053960E-01 -3.053960E-01
    26    48959.1276    8.60754959  5.723755E+08  2.196096E+06  1.341309E+33
        7.843802E+00  2.464231E+01  7.506012E+00  0.0000000000  0.000000E+00
        4.514064E+33 -9.999860E+00 -1.999885E+00 -3.053960E-01 -3.053960E-01
    27    47979.5083    8.60857870  5.716977E+08  2.441789E+06  1.234207E+33
        7.837004E+00  2.464293E+01  7.506470E+00  0.0000000000  0.000000E+00
        3.861887E+33 -9.999860E+00 -1.999885E+00 -3.053960E-01 -3.053960E-01
    28    47046.8785    8.60956905  5.710463E+08  2.726264E+06  1.138408E+33
        7.829765E+00  2.464355E+01  7.506936E+00  0.0000000000  0.000000E+00
        3.281853E+33 -9.999860E+00 -1.999885E+00 -3.053960E-01 -3.053960E-01
    29    46169.1468    8.61052460  5.704184E+08  3.057373E+06  1.053480E+33
        7.822027E+00  2.464419E+01  7.507411E+00  0.0000000000  0.000000E+00
        2.768883E+33 -9.999860E+00 -1.999885E+00 -3.053960E-01 -3.053960E-01
    30    45338.1584    8.61144881  5.698118E+08  3.445771E+06  9.775755E+32
        7.813706E+00  2.464485E+01  7.507899E+00  0.0000000000  0.000000E+00
        2.317100E+33 -9.999860E+00 -1.999885E+00 -3.053960E-01 -3.053960E-01
    31    44549.8986    8.61234034  5.692272E+08  3.902478E+06  9.094737E+32
        7.804753E+00  2.464552E+01  7.508402E+00  0.0000000000  0.000000E+00
        1.923058E+33 -9.999860E+00 -1.999885E+00 -3.053960E-01 -3.053960E-01
    32    43812.2552    8.61320294  5.686622E+08  4.440373E+06  8.490301E+32
        7.795128E+00  2.464621E+01  7.508919E+00  0.0000000000  0.000000E+00
        1.582808E+33 -9.999860E+00 -1.999885E+00 -3.053960E-01 -3.053960E-01
    33    43112.9528    8.61404090  5.681138E+08  5.076543E+06  7.945730E+32
        7.784767E+00  2.464693E+01  7.509453E+00  0.0000000000  0.000000E+00
        1.291148E+33 -9.999860E+00 -1.999885E+00 -3.053960E-01 -3.053960E-01
    34    42444.3787    8.61485107  5.675842E+08  5.825680E+06  7.450291E+32
        7.773699E+00  2.464765E+01  7.509995E+00  0.0000000000  0.000000E+00
        1.044660E+33 -9.999860E+00 -1.999885E+00 -3.053960E-01 -3.053960E-01
    35    41813.0694    8.61563581  5.670716E+08  6.702195E+06  7.004159E+32
        7.761989E+00  2.464836E+01  7.510536E+00  0.0000000000  0.000000E+00
        8.391394E+32 -9.999860E+00 -1.999885E+00 -3.053960E-01 -3.053960E-01
    36    41203.7301    8.61640143  5.665720E+08  7.724590E+06  6.593079E+32
        7.749681E+00  2.464908E+01  7.511074E+00  0.0000000000  0.000000E+00
        6.691939E+32 -9.999860E+00 -1.999885E+00 -3.053960E-01 -3.053960E-01
    37    40607.5723    8.61714875  5.660847E+08  8.902592E+06  6.209019E+32
        7.736931E+00  2.464979E+01  7.511609E+00  0.0000000000  0.000000E+00
        5.307084E+32 -9.999860E+00 -1.999885E+00 -3.053960E-01 -3.053960E-01
    38    40032.6338    8.61788204  5.656070E+08  1.024318E+07  5.854883E+32
        7.723892E+00  2.465050E+01  7.512140E+00  0.0000000000  0.000000E+00
        4.191057E+32 -9.999860E+00 -1.999885E+00 -3.053960E-01 -3.053960E-01
    39    39459.6615    8.61860579  5.651359E+08  1.175945E+07  5.517613E+32
        7.710630E+00  2.465120E+01  7.512667E+00  0.0000000000  0.000000E+00
        3.295171E+32 -9.999860E+00 -1.999885E+00 -3.053960E-01 -3.053960E-01
    40    38901.0274    8.61931946  5.646718E+08  1.344622E+07  5.203175E+32
        7.697324E+00  2.465189E+01  7.513190E+00  0.0000000000  0.000000E+00
        2.584577E+32 -9.999860E+00 -1.999885E+00 -3.053960E-01 -3.053960E-01
    41    38340.5387    8.62002890  5.642108E+08  1.531342E+07  4.901709E+32
        7.683992E+00  2.465258E+01  7.513712E+00  0.0000000000  0.000000E+00
        2.021268E+32 -9.999860E+00 -1.999885E+00 -3.053960E-01 -3.053960E-01
    42    37786.7666    8.62073125  5.637547E+08  1.735066E+07  4.617121E+32
        7.670760E+00  2.465326E+01  7.514229E+00  0.0000000000  0.000000E+00
        1.578781E+32 -9.999860E+00 -1.999885E+00 -3.053960E-01 -3.053960E-01
    43    37237.3798    8.62142922  5.633019E+08  1.956210E+07  4.347412E+32
        7.657621E+00  2.465393E+01  7.514739E+00  0.0000000000  0.000000E+00
        1.231149E+32 -9.999860E+00 -1.999885E+00 -3.053960E-01 -3.053960E-01
    44    36692.6055    8.62212110  5.628534E+08  2.194454E+07  4.092010E+32
        7.644594E+00  2.465459E+01  7.515239E+00  0.0000000000  0.000000E+00
        9.588362E+31 -9.999860E+00 -1.999885E+00 -3.053960E-01 -3.053960E-01
    45    36149.1682    8.62280291  5.624117E+08  2.449454E+07  3.848876E+32
        7.631685E+00  2.465523E+01  7.515722E+00  0.0000000000  0.000000E+00
        7.460813E+31 -9.999860E+00 -1.999885E+00 -3.053960E-01 -3.053960E-01
    46    35616.0685    8.62346857  5.619809E+08  2.720365E+07  3.621254E+32
        7.618912E+00  2.465584E+01  7.516182E+00  0.0000000000  0.000000E+00
        5.803171E+31 -9.999860E+00 -1.999885E+00 -3.053960E-01 -3.053960E-01
    47    35085.0554    8.62412371  5.615571E+08  3.007869E+07  3.404933E+32
        7.606232E+00  2.465644E+01  7.516627E+00  0.0000000000  0.000000E+00
        4.509716E+31 -9.999860E+00 -1.999885E+00 -3.053960E-01 -3.053960E-01
    48    34560.4186    8.62476602  5.611420E+08  3.310720E+07  3.201058E+32
        7.593681E+00  2.465701E+01  7.517060E+00  0.0000000000  0.000000E+00
        3.505207E+31 -9.999860E+00 -1.999885E+00 -3.053960E-01 -3.053960E-01
    49    34044.2533    8.62539582  5.607353E+08  3.629063E+07  3.009699E+32
        7.581234E+00  2.465757E+01  7.517482E+00  0.0000000000  0.000000E+00
        2.724356E+31 -9.999860E+00 -1.999885E+00 -3.053960E-01 -3.053960E-01
    50    33535.4170    8.62601463  5.603360E+08  3.963191E+07  2.829722E+32
        7.568865E+00  2.465811E+01  7.517892E+00  0.0000000000  0.000000E+00
        2.116940E+31 -9.999860E+00 -1.999885E+00 -3.053960E-01 -3.053960E-01
    51    33032.6715    8.62662263  5.599439E+08  4.312849E+07  2.660087E+32
        7.556572E+00  2.465864E+01  7.518290E+00  0.0000000000  0.000000E+00
        1.645142E+31 -9.999860E+00 -1.999885E+00 -3.053960E-01 -3.053960E-01
    52    32538.2974    8.62721649  5.595612E+08  4.677604E+07  2.500958E+32
        7.544359E+00  2.465915E+01  7.518673E+00  0.0000000000  0.000000E+00
        1.279110E+31 -9.999860E+00 -1.999885E+00 -3.053960E-01 -3.053960E-01
    53    32050.6686    8.62779549  5.591883E+08  5.057771E+07  2.351237E+32
        7.532206E+00  2.465964E+01  7.519037E+00  0.0000000000  0.000000E+00
        9.949634E+30 -9.999860E+00 -1.999885E+00 -3.053960E-01 -3.053960E-01
    54    31570.4000    8.62835965  5.588252E+08  5.453024E+07  2.210570E+32
        7.520124E+00  2.466010E+01  7.519386E+00  0.0000000000  0.000000E+00
        7.746254E+30 -9.999860E+00 -1.999885E+00 -3.053960E-01 -3.053960E-01
    55    31097.3222    8.62891022  5.584711E+08  5.863537E+07  2.078382E+32
        7.508107E+00  2.466055E+01  7.519722E+00  0.0000000000  0.000000E+00
        6.037033E+30 -9.999860E+00 -1.999885E+00 -3.053960E-01 -3.053960E-01
    56    30631.3740    8.62944850  5.581251E+08  6.289463E+07  1.954164E+32
        7.496154E+00  2.466098E+01  7.520047E+00  0.0000000000  0.000000E+00
        4.710707E+30 -9.999860E+00 -1.999885E+00 -3.053960E-01 -3.053960E-01
    57    30172.3913    8.62997590  5.577863E+08  6.731050E+07  1.837412E+32
        7.484260E+00  2.466141E+01  7.520365E+00  0.0000000000  0.000000E+00
        3.680932E+30 -9.999860E+00 -1.999885E+00 -3.053960E-01 -3.053960E-01
    58    29720.5027    8.63049370  5.574539E+08  7.188544E+07  1.727725E+32
        7.472425E+00  2.466183E+01  7.520677E+00  0.0000000000  0.000000E+00
        2.880886E+30 -9.999860E+00 -1.999885E+00 -3.053960E-01 -3.053960E-01
    59    29275.7023    8.63100387  5.571266E+08  7.662335E+07  1.624684E+32
        7.460645E+00  2.466224E+01  7.520989E+00  0.0000000000  0.000000E+00
        2.258703E+30 -9.999860E+00 -1.999885E+00 -3.053960E-01 -3.053960E-01
    60    28837.8221    8.63150258  5.568068E+08  8.152914E+07  1.527886E+32
        7.448911E+00  2.466264E+01  7.521288E+00  0.0000000000  0.000000E+00
        1.774075E+30 -9.999860E+00 -1.999885E+00 -3.053960E-01 -3.053960E-01
    61    28406.8710    8.63198819  5.564956E+08  8.660515E+07  1.436974E+32
        7.437226E+00  2.466302E+01  7.521569E+00  0.0000000000  0.000000E+00
        1.396233E+30 -9.999860E+00 -1.999885E+00 -3.053960E-01 -3.053960E-01
    62    27982.8864    8.63246100  5.561927E+08  9.185506E+07  1.351614E+32
        7.425590E+00  2.466338E+01  7.521836E+00  0.0000000000  0.000000E+00
        1.101275E+30 -9.999860E+00 -1.999885E+00 -3.053960E-01 -3.053960E-01
    63    27565.7603    8.63292109  5.558982E+08  9.728416E+07  1.271459E+32
        7.414002E+00  2.466373E+01  7.522092E+00  0.0000000000  0.000000E+00
        8.706362E+29 -9.999860E+00 -1.999885E+00 -3.053960E-01 -3.053960E-01
    64    27155.5909    8.63336888  5.556117E+08  1.028977E+08  1.196222E+32
        7.402460E+00  2.466407E+01  7.522340E+00  0.0000000000  0.000000E+00
        6.899692E+29 -9.999860E+00 -1.999885E+00 -3.053960E-01 -3.053960E-01
    65    26752.1049    8.63380632  5.553319E+08  1.087021E+08  1.125561E+32
        7.390961E+00  2.466440E+01  7.522584E+00  0.0000000000  0.000000E+00
        5.481843E+29 -9.999860E+00 -1.999885E+00 -3.053960E-01 -3.053960E-01
    66    26355.3769    8.63423932  5.550552E+08  1.147034E+08  1.059208E+32
        7.379508E+00  2.466474E+01  7.522839E+00  0.0000000000  0.000000E+00
        4.367287E+29 -9.999860E+00 -1.999885E+00 -3.053960E-01 -3.053960E-01
    67    25965.2008    8.63467398  5.547775E+08  1.209122E+08  9.968651E+31
        7.368099E+00  2.466511E+01  7.523118E+00  0.0000000000  0.000000E+00
        3.489112E+29 -9.999860E+00 -1.999885E+00 -3.053960E-01 -3.053960E-01
    68    25581.1499    8.63510683  5.545011E+08  1.273399E+08  9.382467E+31
        7.356722E+00  2.466550E+01  7.523413E+00  0.0000000000  0.000000E+00
        2.795065E+29 -9.999860E+00 -1.999885E+00 -3.053960E-01 -3.053960E-01
    69    25203.0515    8.63553314  5.542290E+08  1.339916E+08  8.831266E+31
        7.345376E+00  2.466590E+01  7.523712E+00  0.0000000000  0.000000E+00
        2.245357E+29 -9.999860E+00 -1.999885E+00 -3.053960E-01 -3.053960E-01
    70    24830.7492    8.63594852  5.539640E+08  1.408710E+08  8.312935E+31
        7.334061E+00  2.466628E+01  7.524004E+00  0.0000000000  0.000000E+00
        1.809072E+29 -9.999860E+00 -1.999885E+00 -3.053960E-01 -3.053960E-01
    71    24464.3082    8.63634868  5.537089E+08  1.479811E+08  7.825763E+31
        7.322780E+00  2.466665E+01  7.524279E+00  0.0000000000  0.000000E+00
        1.462012E+29 -9.999860E+00 -1.999885E+00 -3.053960E-01 -3.053960E-01
    72    24103.6983    8.63672995  5.534659E+08  1.553254E+08  7.367979E+31
        7.311533E+00  2.466697E+01  7.524525E+00  0.0000000000  0.000000E+00
        1.185221E+29 -9.999860E+00 -1.999885E+00 -3.053960E-01 -3.053960E-01
    73    23749.1029    8.63709138  5.532356E+08  1.629071E+08  6.938108E+31
        7.300323E+00  2.466725E+01  7.524737E+00  0.0000000000  0.000000E+00
        9.639071E+28 -9.999860E+00 -1.999885E+00 -3.053960E-01 -3.053960E-01
    74    23401.4379    8.63744050  5.530133E+08  1.707318E+08  6.535417E+31
        7.289159E+00  2.466751E+01  7.524930E+00  0.0000000000  0.000000E+00
        7.864682E+28 -9.999860E+00 -1.999885E+00 -3.053960E-01 -3.053960E-01
    75    23060.1966    8.63778222  5.527958E+08  1.788166E+08  6.157628E+31
        7.278030E+00  2.466775E+01  7.525115E+00  0.0000000000  0.000000E+00
        6.436253E+28 -9.999860E+00 -1.999885E+00 -3.053960E-01 -3.053960E-01
    76    22725.7714    8.63811829  5.525819E+08  1.871722E+08  5.803632E+31
        7.266934E+00  2.466799E+01  7.525293E+00  0.0000000000  0.000000E+00
        5.282327E+28 -9.999860E+00 -1.999885E+00 -3.053960E-01 -3.053960E-01
    77    22397.1800    8.63845029  5.523707E+08  1.958109E+08  5.471000E+31
        7.255863E+00  2.466822E+01  7.525467E+00  0.0000000000  0.000000E+00
        4.347298E+28 -9.999860E+00 -1.999885E+00 -3.053960E-01 -3.053960E-01
    78    22074.8846    8.63877922  5.521616E+08  2.047367E+08  5.158912E+31
        7.244825E+00  2.466844E+01  7.525637E+00  0.0000000000  0.000000E+00
        3.587793E+28 -9.999860E+00 -1.999885E+00 -3.053960E-01 -3.053960E-01
    79    21758.3890    8.63910546  5.519543E+08  2.139614E+08  4.865697E+31
        7.233813E+00  2.466867E+01  7.525806E+00  0.0000000000  0.000000E+00
        2.968931E+28 -9.999860E+00 -1.999885E+00 -3.053960E-01 -3.053960E-01
    80    21447.2686    8.63942790  5.517494E+08  2.234912E+08  4.589905E+31
        7.222828E+00  2.466889E+01  7.525971E+00  0.0000000000  0.000000E+00
        2.463429E+28 -9.999860E+00 -1.999885E+00 -3.053960E-01 -3.053960E-01
    81    21141.0867    8.63974274  5.515494E+08  2.333311E+08  4.330221E+31
        7.211873E+00  2.466909E+01  7.526128E+00  0.0000000000  0.000000E+00
        2.049499E+28 -9.999860E+00 -1.999885E+00 -3.053960E-01 -3.053960E-01
    82    20839.7284    8.64004855  5.513553E+08  2.434831E+08  4.085670E+31
        7.200954E+00  2.466929E+01  7.526277E+00  0.0000000000  0.000000E+00
        1.709822E+28 -9.999860E+00 -1.999885E+00 -3.053960E-01 -3.053960E-01
    83    20543.2024    8.64034680  5.511660E+08  2.539534E+08  3.855399E+31
        7.190076E+00  2.466947E+01  7.526418E+00  0.0000000000  0.000000E+00
        1.430356E+28 -9.999860E+00 -1.999885E+00 -3.053960E-01 -3.053960E-01
    84    20251.6138    8.64063924  5.509805E+08  2.647529E+08  3.638672E+31
        7.179239E+00  2.466965E+01  7.526555E+00  0.0000000000  0.000000E+00
        1.199708E+28 -9.999860E+00 -1.999885E+00 -3.053960E-01 -3.053960E-01
    85    19964.9601    8.64092775  5.507975E+08  2.758947E+08  3.434707E+31
        7.168439E+00  2.466983E+01  7.526691E+00  0.0000000000  0.000000E+00
        1.008727E+28 -9.999860E+00 -1.999885E+00 -3.053960E-01 -3.053960E-01
    86    19683.1612    8.64121386  5.506161E+08  2.873918E+08  3.242718E+31
        7.157674E+00  2.467000E+01  7.526826E+00  0.0000000000  0.000000E+00
        8.501061E+27 -9.999860E+00 -1.999885E+00 -3.053960E-01 -3.053960E-01
    87    19406.1139    8.64149823  5.504358E+08  2.992560E+08  3.061961E+31
        7.146943E+00  2.467018E+01  7.526963E+00  0.0000000000  0.000000E+00
        7.179880E+27 -9.999860E+00 -1.999885E+00 -3.053960E-01 -3.053960E-01
    88    19133.6174    8.64177776  5.502587E+08  3.114978E+08  2.891706E+31
        7.136242E+00  2.467036E+01  7.527095E+00  0.0000000000  0.000000E+00
        6.076363E+27 -9.999860E+00 -1.999885E+00 -3.053960E-01 -3.053960E-01
    89    18865.5023    8.64204650  5.500885E+08  3.241223E+08  2.731308E+31
        7.125571E+00  2.467051E+01  7.527207E+00  0.0000000000  0.000000E+00
        5.152385E+27 -9.999860E+00 -1.999885E+00 -3.053960E-01 -3.053960E-01
    90    18601.9121    8.64230520  5.499247E+08  3.371304E+08  2.580291E+31
        7.114939E+00  2.467065E+01  7.527303E+00  0.0000000000  0.000000E+00
        4.377499E+27 -9.999860E+00 -1.999885E+00 -3.053960E-01 -3.053960E-01
    91    18342.7961    8.64255540  5.497663E+08  3.505334E+08  2.438094E+31
        7.104347E+00  2.467077E+01  7.527388E+00  0.0000000000  0.000000E+00
        3.726107E+27 -9.999860E+00 -1.999885E+00 -3.053960E-01 -3.053960E-01
    92    18088.0959    8.64279884  5.496122E+08  3.643441E+08  2.304179E+31
        7.093794E+00  2.467088E+01  7.527468E+00  0.0000000000  0.000000E+00
        3.177242E+27 -9.999860E+00 -1.999885E+00 -3.053960E-01 -3.053960E-01
    93    17837.7507    8.64303743  5.494613E+08  3.785752E+08  2.178043E+31
        7.083280E+00  2.467100E+01  7.527550E+00  0.0000000000  0.000000E+00
        2.713728E+27 -9.999860E+00 -1.999885E+00 -3.053960E-01 -3.053960E-01
    94    17591.7378    8.64327354  5.493119E+08  3.932391E+08  2.059231E+31
        7.072804E+00  2.467113E+01  7.527638E+00  0.0000000000  0.000000E+00
        2.321472E+27 -9.999860E+00 -1.999885E+00 -3.053960E-01 -3.053960E-01
    95    17350.0375    8.64351047  5.491621E+08  4.083490E+08  1.947309E+31
        7.062366E+00  2.467127E+01  7.527740E+00  0.0000000000  0.000000E+00
        1.988863E+27 -9.999860E+00 -1.999885E+00 -3.053960E-01 -3.053960E-01
    96    17112.6090    8.64375124  5.490099E+08  4.239195E+08  1.841863E+31
        7.051966E+00  2.467143E+01  7.527863E+00  0.0000000000  0.000000E+00
        1.706311E+27 -9.999860E+00 -1.999885E+00 -3.053960E-01 -3.053960E-01
    97    16879.2910    8.64399553  5.488555E+08  4.399655E+08  1.742468E+31
        7.041602E+00  2.467162E+01  7.528004E+00  0.0000000000  0.000000E+00
        1.465808E+27 -9.999860E+00 -1.999885E+00 -3.053960E-01 -3.053960E-01
    98    16649.9343    8.64424059  5.487007E+08  4.564965E+08  1.648744E+31
        7.031271E+00  2.467181E+01  7.528155E+00  0.0000000000  0.000000E+00
        1.260740E+27 -9.999860E+00 -1.999885E+00 -3.053960E-01 -3.053960E-01
    99    16424.4830    8.64448357  5.485472E+08  4.735150E+08  1.560367E+31
        7.020977E+00  2.467202E+01  7.528310E+00  0.0000000000  0.000000E+00
        1.085665E+27 -9.999860E+00 -1.999885E+00 -3.053960E-01 -3.053960E-01
   100    16202.8950    8.64472173  5.483968E+08  4.910214E+08  1.477040E+31
        7.010723E+00  2.467221E+01  7.528461E+00  0.0000000000  0.000000E+00
        9.360180E+26 -9.999860E+00 -1.999885E+00 -3.053960E-01 -3.053960E-01
   101    15985.1307    8.64495212  5.482514E+08  5.090142E+08  1.398480E+31
        7.000513E+00  2.467239E+01  7.528600E+00  0.0000000000  0.000000E+00
        8.079612E+26 -9.999860E+00 -1.999885E+00 -3.053960E-01 -3.053960E-01
   102    15771.1573    8.64517144  5.481130E+08  5.274897E+08  1.324422E+31
        6.990350E+00  2.467255E+01  7.528721E+00  0.0000000000  0.000000E+00
        6.982623E+26 -9.999860E+00 -1.999885E+00 -3.053960E-01 -3.053960E-01
   103    15560.9471    8.64537638  5.479837E+08  5.464413E+08  1.254617E+31
        6.980239E+00  2.467268E+01  7.528817E+00  0.0000000000  0.000000E+00
        6.041968E+26 -9.999860E+00 -1.999885E+00 -3.053960E-01 -3.053960E-01
   104    15354.5529    8.64556650  5.478637E+08  5.658605E+08  1.188847E+31
        6.970187E+00  2.467277E+01  7.528885E+00  0.0000000000  0.000000E+00
        5.234815E+26 -9.999860E+00 -1.999885E+00 -3.053960E-01 -3.053960E-01
   105    15152.0255    8.64574425  5.477516E+08  5.857447E+08  1.126892E+31
        6.960203E+00  2.467283E+01  7.528931E+00  0.0000000000  0.000000E+00
        4.541628E+26 -9.999860E+00 -1.999885E+00 -3.053960E-01 -3.053960E-01
   106    14953.3677    8.64591276  5.476454E+08  6.060979E+08  1.068530E+31
        6.950289E+00  2.467288E+01  7.528963E+00  0.0000000000  0.000000E+00
        3.945595E+26 -9.999860E+00 -1.999885E+00 -3.053960E-01 -3.053960E-01
   107    14766.0200    8.64606885  5.475470E+08  6.260979E+08  1.015614E+31
        6.940826E+00  2.467291E+01  7.528986E+00  0.0000000000  0.000000E+00
        3.450930E+26 -9.999860E+00 -1.999885E+00 -3.053960E-01 -3.053960E-01
   108    14500.4326    8.64629044  5.474073E+08  6.560979E+08  9.440109E+30
        6.927220E+00  2.467296E+01  7.529021E+00  0.0000000000  0.000000E+00
        2.847666E+26 -9.999860E+00 -1.999885E+00 -3.053960E-01 -3.053960E-01
   109    14142.2453    8.64660342  5.472101E+08  6.999603E+08  8.535199E+30
        6.908971E+00  2.467307E+01  7.529165E+00  0.0003114273 -1.352722E-04
        2.181836E+26 -9.999860E+00 -1.999885E+00 -3.053960E-01 -3.053960E-01
   110    13834.2343    8.64690662  5.470191E+08  7.453913E+08  7.810116E+30
        6.897715E+00  2.467330E+01  7.529326E+00  0.0174220827 -7.633001E-03
        1.730771E+26 -9.999860E+00 -1.999885E+00 -3.053960E-01 -3.053960E-01
   111    13550.2389    8.64721991  5.468218E+08  7.974707E+08  7.183093E+30
        6.882051E+00  2.467359E+01  7.529535E+00  0.0494010699 -2.200268E-02
        1.384910E+26 -9.999860E+00 -1.999885E+00 -3.053960E-01 -3.053960E-01
   112    13314.7020    8.64749338  5.466497E+08  8.484425E+08  6.692310E+30
        6.868458E+00  2.467383E+01  7.529708E+00  0.0844412751 -3.831379E-02
        1.139063E+26 -9.999860E+00 -1.999885E+00 -3.053960E-01 -3.053960E-01
   113    13118.3089    8.64772109  5.465064E+08  8.940673E+08  6.302806E+30
        6.856393E+00  2.467401E+01  7.529834E+00  0.1180575749 -5.455977E-02
        9.585948E+25 -9.999860E+00 -1.999885E+00 -3.053960E-01 -3.053960E-01
   114    12944.1655    8.64792086  5.463807E+08  9.376842E+08  5.971989E+30
        6.846075E+00  2.467415E+01  7.529934E+00  0.1492530291 -7.019959E-02
        8.232965E+25 -9.999860E+00 -1.999885E+00 -3.053960E-01 -3.053960E-01
   115    12775.5424    8.64811111  5.462611E+08  9.815774E+08  5.664348E+30
        6.835688E+00  2.467427E+01  7.530020E+00  0.1813787475 -8.691698E-02
        7.053391E+25 -9.999860E+00 -1.999885E+00 -3.053960E-01 -3.053960E-01
   116    12608.0534    8.64829712  5.461441E+08  1.026404E+09  5.370796E+30
        6.825410E+00  2.467438E+01  7.530098E+00  0.2128302756 -1.039316E-01
        6.058156E+25 -9.999860E+00 -1.999885E+00 -3.053960E-01 -3.053960E-01
   117    12451.3124    8.64847289  5.460336E+08  1.071440E+09  5.106593E+30
        6.815985E+00  2.467448E+01  7.530170E+00  0.2423338031 -1.205221E-01
        5.249538E+25 -9.999860E+00 -1.999885E+00 -3.053960E-01 -3.053960E-01
   118    12291.6340    8.64865481  5.459192E+08  1.118270E+09  4.847606E+30
        6.805933E+00  2.467458E+01  7.530244E+00  0.2734730039 -1.387482E-01
        4.507641E+25 -9.999860E+00 -1.999885E+00 -3.053960E-01 -3.053960E-01
   119    12130.2560    8.64883795  5.458042E+08  1.167392E+09  4.596058E+30
        6.795873E+00  2.467468E+01  7.530317E+00  0.3013096546 -1.557153E-01
        3.873100E+25 -9.999860E+00 -1.999885E+00 -3.053960E-01 -3.053960E-01
   120    11957.8358    8.64903872  5.456780E+08  1.219540E+09  4.338257E+30
        6.784792E+00  2.467480E+01  7.530401E+00  0.3349406911 -1.771396E-01
        3.270452E+25 -9.999860E+00 -1.999885E+00 -3.053960E-01 -3.053960E-01
   121    11792.5554    8.64923515  5.455546E+08  1.271605E+09  4.101476E+30
        6.774370E+00  2.467492E+01  7.530486E+00  0.3696195698 -2.003973E-01
        2.790458E+25 -9.999860E+00 -1.999885E+00 -3.053960E-01 -3.053960E-01
   122    11634.8566    8.64942179  5.454374E+08  1.324508E+09  3.884776E+30
        6.764266E+00  2.467503E+01  7.530561E+00  0.3949177663 -2.181856E-01
        2.388993E+25 -9.999860E+00 -1.999885E+00 -3.053960E-01 -3.053960E-01
   123    11475.6738    8.64961182  5.453181E+08  1.380189E+09  3.674892E+30
        6.753917E+00  2.467514E+01  7.530642E+00  0.4257371620 -2.408893E-01
        2.037037E+25 -9.999860E+00 -1.999885E+00 -3.053960E-01 -3.053960E-01
   124    11315.3461    8.64979821  5.452011E+08  1.438162E+09  3.472296E+30
        6.743465E+00  2.467525E+01  7.530719E+00  0.4569377127 -2.651504E-01
        1.738520E+25 -9.999860E+00 -1.999885E+00 -3.053960E-01 -3.053960E-01
   125    11157.3443    8.64997398  5.450908E+08  1.498571E+09  3.281051E+30
        6.732876E+00  2.467534E+01  7.530788E+00  0.4831358587 -2.866236E-01
        1.475543E+25 -9.999860E+00 -1.999885E+00 -3.053960E-01 -3.053960E-01
   126    10986.9413    8.65015652  5.449762E+08  1.564588E+09  3.083858E+30
        6.721394E+00  2.467544E+01  7.530866E+00  0.5146986906 -3.139885E-01
        1.239955E+25 -9.999860E+00 -1.999885E+00 -3.053960E-01 -3.053960E-01
   127    10817.0207    8.65032810  5.448686E+08  1.632653E+09  2.896317E+30
        6.709926E+00  2.467552E+01  7.530939E+00  0.5462755831 -3.432078E-01
        1.038895E+25 -9.999860E+00 -1.999885E+00 -3.053960E-01 -3.053960E-01
   128    10648.0044    8.65049535  5.447637E+08  1.704226E+09  2.718449E+30
        6.698158E+00  2.467560E+01  7.531008E+00  0.5725069279 -3.690709E-01
        8.651956E+24 -9.999860E+00 -1.999885E+00 -3.053960E-01 -3.053960E-01
   129    10468.8074    8.65066875  5.446549E+08  1.780989E+09  2.539006E+30
        6.685745E+00  2.467568E+01  7.531081E+00  0.6037730951 -4.020560E-01
        7.097856E+24 -9.999860E+00 -1.999885E+00 -3.053960E-01 -3.053960E-01
   130    10298.3673    8.65083797  5.445488E+08  1.858638E+09  2.376726E+30
        6.673656E+00  2.467577E+01  7.531149E+00  0.6295640543 -4.312869E-01
        5.817520E+24 -9.999860E+00 -1.999885E+00 -3.053960E-01 -3.053960E-01
   131    10125.3431    8.65101566  5.444374E+08  1.941090E+09  2.220071E+30
        6.661067E+00  2.467585E+01  7.531216E+00  0.6550348727 -4.622248E-01
        4.734822E+24 -9.999860E+00 -1.999885E+00 -3.053960E-01 -3.053960E-01
   132     9940.5077    8.65120232  5.443205E+08  2.026653E+09  2.061463E+30
        6.647591E+00  2.467593E+01  7.531275E+00  0.6850716993 -5.017883E-01
        3.787597E+24 -9.999860E+00 -1.999885E+00 -3.053960E-01 -3.053960E-01
   133     9773.0471    8.65136090  5.442211E+08  2.109053E+09  1.925319E+30
        6.635153E+00  2.467598E+01  7.531310E+00  0.7047161735 -5.297603E-01
        3.077645E+24 -9.999860E+00 -1.999885E+00 -3.053960E-01 -3.053960E-01
   134     9603.1311    8.65151631  5.441237E+08  2.195826E+09  1.794233E+30
        6.622352E+00  2.467602E+01  7.531338E+00  0.7287766990 -5.666730E-01
        2.490983E+24 -9.999860E+00 -1.999885E+00 -3.053960E-01 -3.053960E-01
   135     9434.0393    8.65166485  5.440307E+08  2.284948E+09  1.670588E+30
        6.609565E+00  2.467605E+01  7.531358E+00  0.7522171700 -6.059288E-01
        2.008382E+24 -9.999860E+00 -1.999885E+00 -3.053960E-01 -3.053960E-01
   136     9272.4554    8.65181156  5.439388E+08  2.376228E+09  1.558515E+30
        6.596836E+00  2.467608E+01  7.531382E+00  0.7704727221 -6.391657E-01
        1.621706E+24 -9.999860E+00 -1.999885E+00 -3.053960E-01 -3.053960E-01
   137     9096.9076    8.65197525  5.438363E+08  2.472233E+09  1.443256E+30
        6.583046E+00  2.467614E+01  7.531420E+00  0.7926081494 -6.832083E-01
        1.280519E+24 -9.999860E+00 -1.999885E+00 -3.053960E-01 -3.053960E-01
   138     8938.1115    8.65213091  5.437388E+08  2.564535E+09  1.344608E+30
        6.570249E+00  2.467620E+01  7.531467E+00  0.8097224944 -7.206126E-01
        1.030946E+24 -9.999860E+00 -1.999885E+00 -3.053960E-01 -3.053960E-01
   139     8778.7395    8.65229528  5.436360E+08  2.661004E+09  1.250769E+30
        6.557195E+00  2.467628E+01  7.531523E+00  0.8262672542 -7.601183E-01
        8.275237E+23 -9.999860E+00 -1.999885E+00 -3.053960E-01 -3.053960E-01
   140     8624.6890    8.65245573  5.435355E+08  2.758691E+09  1.164828E+30
        6.544334E+00  2.467636E+01  7.531581E+00  0.8422040399 -8.019041E-01
        6.673642E+23 -9.999860E+00 -1.999885E+00 -3.053960E-01 -3.053960E-01
   141     8473.4155    8.65260965  5.434392E+08  2.858734E+09  1.084846E+30
        6.531479E+00  2.467644E+01  7.531636E+00  0.8537345527 -8.348583E-01
        5.354481E+23 -9.999860E+00 -1.999885E+00 -3.053960E-01 -3.053960E-01
   142     8322.9484    8.65275708  5.433470E+08  2.961115E+09  1.009474E+30
        6.518635E+00  2.467651E+01  7.531686E+00  0.8685150102 -8.811238E-01
        4.304991E+23 -9.999860E+00 -1.999885E+00 -3.053960E-01 -3.053960E-01
   143     8180.5542    8.65289269  5.432622E+08  3.064956E+09  9.418502E+29
        6.505922E+00  2.467656E+01  7.531724E+00  0.8791341896 -9.176965E-01
        3.475236E+23 -9.999860E+00 -1.999885E+00 -3.053960E-01 -3.053960E-01
   144     8028.6652    8.65302920  5.431768E+08  3.172550E+09  8.735501E+29
        6.492447E+00  2.467660E+01  7.531754E+00  0.8926407527 -9.691605E-01
        2.757281E+23 -9.999860E+00 -1.999885E+00 -3.053960E-01 -3.053960E-01
   145     7891.3950    8.65314782  5.431026E+08  3.275354E+09  8.151000E+29
        6.479909E+00  2.467663E+01  7.531770E+00  0.9022604239 -1.009930E+00
        2.234710E+23 -9.999860E+00 -1.999885E+00 -3.053960E-01 -3.053960E-01
   146     7756.0986    8.65326228  5.430311E+08  3.380663E+09  7.604219E+29
        6.467352E+00  2.467664E+01  7.531779E+00  0.9114247424 -1.052688E+00
        1.808681E+23 -9.999860E+00 -1.999885E+00 -3.053960E-01 -3.053960E-01
   147     7625.2540    8.65337272  5.429620E+08  3.486701E+09  7.102122E+29
        6.454992E+00  2.467665E+01  7.531784E+00  0.9201175126 -1.097548E+00
        1.466829E+23 -9.999860E+00 -1.999885E+00 -3.053960E-01 -3.053960E-01
   148     7499.1416    8.65348112  5.428943E+08  3.593005E+09  6.642150E+29
        6.442871E+00  2.467666E+01  7.531790E+00  0.9283225393 -1.144617E+00
        1.192742E+23 -9.999860E+00 -1.999885E+00 -3.053960E-01 -3.053960E-01
   149     7378.4823    8.65358806  5.428274E+08  3.698722E+09  6.223343E+29
        6.431067E+00  2.467667E+01  7.531800E+00  0.9335135908 -1.177267E+00
        9.767413E+22 -9.999860E+00 -1.999885E+00 -3.053960E-01 -3.053960E-01
   150     7258.1249    8.65370186  5.427563E+08  3.802972E+09  5.825585E+29
        6.419239E+00  2.467669E+01  7.531816E+00  0.9408697219 -1.228190E+00
        7.991426E+22 -9.999860E+00 -1.999885E+00 -3.053960E-01 -3.053960E-01
   151     7152.0003    8.65380788  5.426901E+08  3.899871E+09  5.490929E+29
        6.408471E+00  2.467672E+01  7.531834E+00  0.9454798474 -1.263443E+00
        6.665199E+22 -9.999860E+00 -1.999885E+00 -3.053960E-01 -3.053960E-01
   152     7054.6042    8.65391122  5.426255E+08  3.993966E+09  5.196644E+29
        6.398214E+00  2.467674E+01  7.531850E+00  0.9498492048 -1.299722E+00
        5.598046E+22 -9.999860E+00 -1.999885E+00 -3.053960E-01 -3.053960E-01
   153     6956.6344    8.65401856  5.425584E+08  4.085578E+09  4.912717E+29
        6.388014E+00  2.467676E+01  7.531865E+00  0.9539729956 -1.336987E+00
        4.720001E+22 -9.999860E+00 -1.999885E+00 -3.053960E-01 -3.053960E-01
   154     6871.4363    8.65411398  5.424988E+08  4.168466E+09  4.675410E+29
        6.378908E+00  2.467678E+01  7.531879E+00  0.9578464211 -1.375166E+00
        4.047843E+22 -9.999860E+00 -1.999885E+00 -3.053960E-01 -3.053960E-01
   155     6797.3873    8.65420021  5.424450E+08  4.250110E+09  4.476220E+29
        6.370401E+00  2.467680E+01  7.531891E+00  0.9614646828 -1.414141E+00
        3.505409E+22 -9.999860E+00 -1.999885E+00 -3.053960E-01 -3.053960E-01
   156     6719.9141    8.65429218  5.423876E+08  4.337632E+09  4.274707E+29
        6.361373E+00  2.467681E+01  7.531903E+00  0.9631766276 -1.433876E+00
        3.008254E+22 -9.999860E+00 -1.999885E+00 -3.053960E-01 -3.053960E-01
   157     6648.4454    8.65438133  5.423319E+08  4.423198E+09  4.094894E+29
        6.352611E+00  2.467683E+01  7.531914E+00  0.9664031461 -1.473701E+00
        2.609782E+22 -9.999860E+00 -1.999885E+00 -3.053960E-01 -3.053960E-01
   158     6578.1105    8.65447307  5.422746E+08  4.508604E+09  3.923514E+29
        6.343621E+00  2.467685E+01  7.531926E+00  0.9693626379 -1.513749E+00
        2.238342E+22 -9.999860E+00 -1.999885E+00 -3.053960E-01 -3.053960E-01
   159     6519.7852    8.65455168  5.422255E+08  4.589887E+09  3.785516E+29
        6.335336E+00  2.467686E+01  7.531935E+00  0.9707435740 -1.533779E+00
        1.952352E+22 -9.999860E+00 -1.999885E+00 -3.053960E-01 -3.053960E-01
   160     6460.4040    8.65463306  5.421747E+08  4.676675E+09  3.648793E+29
        6.326481E+00  2.467687E+01  7.531941E+00  0.9733215202 -1.573839E+00
        1.682265E+22 -9.999860E+00 -1.999885E+00 -3.053960E-01 -3.053960E-01
   161     6405.6296    8.65470916  5.421272E+08  4.762880E+09  3.525995E+29
        6.317649E+00  2.467687E+01  7.531943E+00  0.9756723091 -1.613899E+00
        1.453692E+22 -9.999860E+00 -1.999885E+00 -3.053960E-01 -3.053960E-01
   162     6351.7473    8.65478511  5.420798E+08  4.850553E+09  3.408249E+29
        6.308386E+00  2.467687E+01  7.531944E+00  0.9778159568 -1.653959E+00
        1.241450E+22 -9.999860E+00 -1.999885E+00 -3.053960E-01 -3.053960E-01
   163     6304.7817    8.65485258  5.420377E+08  4.936909E+09  3.308044E+29
        6.299386E+00  2.467687E+01  7.531942E+00  0.9797707155 -1.694019E+00
        1.070567E+22 -9.999860E+00 -1.999885E+00 -3.053960E-01 -3.053960E-01
   164     6256.7963    8.65492326  5.419936E+08  5.029522E+09  3.207956E+29
        6.289628E+00  2.467687E+01  7.531941E+00  0.9815532295 -1.734080E+00
        9.078786E+21 -9.999860E+00 -1.999885E+00 -3.053960E-01 -3.053960E-01
   165     6211.4505    8.65499276  5.419503E+08  5.122712E+09  3.115466E+29
        6.279674E+00  2.467687E+01  7.531941E+00  0.9831786762 -1.774140E+00
        7.710687E+21 -9.999860E+00 -1.999885E+00 -3.053960E-01 -3.053960E-01
   166     6169.3194    8.65506119  5.419076E+08  5.217139E+09  3.031318E+29
        6.269580E+00  2.467687E+01  7.531943E+00  0.9846608956 -1.814200E+00
        6.507357E+21 -9.999860E+00 -1.999885E+00 -3.053960E-01 -3.053960E-01
   167     6126.6938    8.65513533  5.418613E+08  5.314309E+09  2.947902E+29
        6.258831E+00  2.467688E+01  7.531950E+00  0.9860125082 -1.854260E+00
        5.450439E+21 -9.999860E+00 -1.999885E+00 -3.053960E-01 -3.053960E-01
   168     6086.6910    8.65520690  5.418167E+08  5.408249E+09  2.871189E+29
        6.248081E+00  2.467689E+01  7.531957E+00  0.9866429742 -1.874290E+00
        4.555974E+21 -9.999860E+00 -1.999885E+00 -3.053960E-01 -3.053960E-01
   169     6048.7664    8.65527428  5.417746E+08  5.500316E+09  2.799862E+29
        6.237324E+00  2.467690E+01  7.531962E+00  0.9872450227 -1.894320E+00
        3.825283E+21 -9.999860E+00 -1.999885E+00 -3.053960E-01 -3.053960E-01
   170     6010.3834    8.65534083  5.417331E+08  5.592156E+09  2.729050E+29
        6.226235E+00  2.467690E+01  7.531966E+00  0.9878199348 -1.914350E+00
        3.194088E+21 -9.999860E+00 -1.999885E+00 -3.053960E-01 -3.053960E-01
   171     5974.1032    8.65540132  5.416954E+08  5.681312E+09  2.663380E+29
        6.215378E+00  2.467690E+01  7.531968E+00  0.9878199348 -1.914350E+00
        2.669585E+21 -9.999860E+00 -1.999885E+00 -3.053960E-01 -3.053960E-01
   172     5925.3979    8.65547967  5.416465E+08  5.796312E+09  2.577116E+29
        6.200811E+00  2.467691E+01  7.531971E+00  0.9878199348 -1.914350E+00
        2.103920E+21 -9.999860E+00 -1.999885E+00 -3.053960E-01 -3.053960E-01
   173     5851.4081    8.65559532  5.415744E+08  5.968812E+09  2.450134E+29
        6.177899E+00  2.467692E+01  7.531981E+00  0.9883689334 -1.934380E+00
        1.447657E+21 -9.999860E+00 -1.999885E+00 -3.053960E-01 -3.053960E-01
   174     5780.6087    8.65570290  5.415074E+08  6.135782E+09  2.333109E+29
        6.154771E+00  2.467694E+01  7.531996E+00  0.9883689334 -1.934380E+00
        9.956832E+20 -9.999860E+00 -1.999885E+00 -3.053960E-01 -3.053960E-01
   175     5710.9576    8.65580619  5.414430E+08  6.296664E+09  2.222149E+29
        6.131087E+00  2.467697E+01  7.532012E+00  0.9883689334 -1.934380E+00
        6.772153E+20 -9.999860E+00 -1.999885E+00 -3.053960E-01 -3.053960E-01
   176     5642.7861    8.65590221  5.413831E+08  6.446944E+09  2.117463E+29
        6.107701E+00  2.467699E+01  7.532025E+00  0.9888931867 -1.954411E+00
        4.632191E+20 -9.999860E+00 -1.999885E+00 -3.053960E-01 -3.053960E-01
   177     5572.7159    8.65599253  5.413268E+08  6.588292E+09  2.013811E+29
        6.084462E+00  2.467700E+01  7.532035E+00  0.9888931867 -1.954411E+00
        3.181644E+20 -9.999860E+00 -1.999885E+00 -3.053960E-01 -3.053960E-01
   178     5501.9275    8.65607858  5.412732E+08  6.720892E+09  1.913042E+29
        6.061473E+00  2.467701E+01  7.532042E+00  0.9888931867 -1.954411E+00
        2.190945E+20 -9.999860E+00 -1.999885E+00 -3.053960E-01 -3.053960E-01
   179     5433.5655    8.65615632  5.412248E+08  6.845408E+09  1.819395E+29
        6.038976E+00  2.467702E+01  7.532049E+00  0.9888931867 -1.954411E+00
        1.522526E+20 -9.999860E+00 -1.999885E+00 -3.053960E-01 -3.053960E-01
   180     5364.2581    8.65622707  5.411807E+08  6.964275E+09  1.728046E+29
        6.015989E+00  2.467703E+01  7.532055E+00  0.9888931867 -1.954411E+00
        1.051962E+20 -9.999860E+00 -1.999885E+00 -3.053960E-01 -3.053960E-01
   181     5296.2246    8.65629341  5.411393E+08  7.073710E+09  1.641783E+29
        5.993599E+00  2.467704E+01  7.532063E+00  0.9888931867 -1.954411E+00
        7.349889E+19 -9.999860E+00 -1.999885E+00 -3.053960E-01 -3.053960E-01
   182     5225.8530    8.65635610  5.411003E+08  7.176451E+09  1.556024E+29
        5.971447E+00  2.467705E+01  7.532072E+00  0.9888931867 -1.954411E+00
        5.142861E+19 -9.999860E+00 -1.999885E+00 -3.053960E-01 -3.053960E-01
   183     5151.2667    8.65641185  5.410656E+08  7.273120E+09  1.468885E+29
        5.949555E+00  2.467706E+01  7.532080E+00  0.9893938100 -1.974441E+00
        3.614965E+19 -9.999860E+00 -1.999885E+00 -3.053960E-01 -3.053960E-01
   184     5072.1422    8.65645698  5.410374E+08  7.364575E+09  1.380551E+29
        5.927858E+00  2.467707E+01  7.532083E+00  0.9893938100 -1.974441E+00
        2.544536E+19 -9.999860E+00 -1.999885E+00 -3.053960E-01 -3.053960E-01
   185     4989.8032    8.65649398  5.410144E+08  7.451603E+09  1.292955E+29
        5.906337E+00  2.467707E+01  7.532083E+00  0.9893938100 -1.974441E+00
        1.795512E+19 -9.999860E+00 -1.999885E+00 -3.053960E-01 -3.053960E-01
   186     4909.2252    8.65652612  5.409944E+08  7.534872E+09  1.211349E+29
        5.885421E+00  2.467706E+01  7.532082E+00  0.9893938100 -1.974441E+00
        1.278163E+19 -9.999860E+00 -1.999885E+00 -3.053960E-01 -3.053960E-01
   187     4824.3540    8.65656051  5.409730E+08  7.616795E+09  1.129639E+29
        5.863513E+00  2.467706E+01  7.532082E+00  0.9893938100 -1.974441E+00
        8.943094E+18 -9.999860E+00 -1.999885E+00 -3.053960E-01 -3.053960E-01
   188     4744.7770    8.65659338  5.409525E+08  7.692162E+09  1.056850E+29
        5.842456E+00  2.467707E+01  7.532084E+00  0.9893938100 -1.974441E+00
        6.338975E+18 -9.999860E+00 -1.999885E+00 -3.053960E-01 -3.053960E-01
   189     4666.8804    8.65662286  5.409341E+08  7.763827E+09  9.890709E+28
        5.821610E+00  2.467707E+01  7.532084E+00  0.9893938100 -1.974441E+00
        4.502502E+18 -9.999860E+00 -1.999885E+00 -3.053960E-01 -3.053960E-01
   190     4589.5606    8.65665031  5.409170E+08  7.832266E+09  9.250767E+28
        5.800905E+00  2.467707E+01  7.532083E+00  0.9898718684 -1.994471E+00
        3.203319E+18 -9.999860E+00 -1.999885E+00 -3.053960E-01 -3.053960E-01
   191     4512.0392    8.65667638  5.409008E+08  7.898037E+09  8.640894E+28
        5.780189E+00  2.467707E+01  7.532084E+00  0.9898718684 -1.994471E+00
        2.276513E+18 -9.999860E+00 -1.999885E+00 -3.053960E-01 -3.053960E-01
   192     4434.4854    8.65670094  5.408855E+08  7.961384E+09  8.061495E+28
        5.759417E+00  2.467707E+01  7.532085E+00  0.9898718684 -1.994471E+00
        1.614032E+18 -9.999860E+00 -1.999885E+00 -3.053960E-01 -3.053960E-01
   193     4357.4321    8.65672334  5.408716E+08  8.022508E+09  7.515239E+28
        5.738599E+00  2.467707E+01  7.532085E+00  0.9898718684 -1.994471E+00
        1.142463E+18 -9.999860E+00 -1.999885E+00 -3.053960E-01 -3.053960E-01
   194     4285.6916    8.65674334  5.408591E+08  8.081522E+09  7.032082E+28
        5.718693E+00  2.467707E+01  7.532084E+00  0.9898718684 -1.994471E+00
        8.206549E+17 -9.999860E+00 -1.999885E+00 -3.053960E-01 -3.053960E-01
   195     4206.2099    8.65676534  5.408454E+08  8.141661E+09  6.524422E+28
        5.696573E+00  2.467707E+01  7.532085E+00  0.9898718684 -1.994471E+00
        5.666579E+17 -9.999860E+00 -1.999885E+00 -3.053960E-01 -3.053960E-01
   196     4133.4461    8.65678393  5.408338E+08  8.195961E+09  6.084274E+28
        5.675694E+00  2.467707E+01  7.532085E+00  0.9898718684 -1.994471E+00
        3.992501E+17 -9.999860E+00 -1.999885E+00 -3.053960E-01 -3.053960E-01
   197     4061.5164    8.65680108  5.408231E+08  8.248242E+09  5.671467E+28
        5.654798E+00  2.467707E+01  7.532085E+00  0.9903283790 -2.014501E+00
        2.808933E+17 -9.999860E+00 -1.999885E+00 -3.053960E-01 -3.053960E-01
   198     3989.2885    8.65681729  5.408131E+08  8.298756E+09  5.278471E+28
        5.633838E+00  2.467707E+01  7.532085E+00  0.9903283790 -2.014501E+00
        1.971001E+17 -9.999860E+00 -1.999885E+00 -3.053960E-01 -3.053960E-01
   199     3915.5053    8.65683339  5.408030E+08  8.347917E+09  4.898482E+28
        5.612636E+00  2.467707E+01  7.532086E+00  0.9903283790 -2.014501E+00
        1.376066E+17 -9.999860E+00 -1.999885E+00 -3.053960E-01 -3.053960E-01
   200     3846.2528    8.65684576  5.407953E+08  8.395851E+09  4.560885E+28
        5.592815E+00  2.467707E+01  7.532086E+00  0.9903283790 -2.014501E+00
        9.829044E+16 -9.999860E+00 -1.999885E+00 -3.053960E-01 -3.053960E-01
   201     3761.6258    8.65685874  5.407872E+08  8.447100E+09  4.172412E+28
        5.569299E+00  2.467707E+01  7.532085E+00  0.9903283790 -2.014501E+00
        6.572343E+16 -9.999860E+00 -1.999885E+00 -3.053960E-01 -3.053960E-01
   202     3683.0276    8.65687130  5.407794E+08  8.493436E+09  3.834354E+28
        5.547321E+00  2.467707E+01  7.532085E+00  0.9907643130 -2.034531E+00
        4.508673E+16 -9.999860E+00 -1.999885E+00 -3.053960E-01 -3.053960E-01
   203     3603.0959    8.65688300  5.407721E+08  8.539366E+09  3.512076E+28
        5.524871E+00  2.467707E+01  7.532086E+00  0.9907643130 -2.034531E+00
        3.062831E+16 -9.999860E+00 -1.999885E+00 -3.053960E-01 -3.053960E-01
   204     3522.6828    8.65689241  5.407663E+08  8.584712E+09  3.208820E+28
        5.502176E+00  2.467707E+01  7.532086E+00  0.9907643130 -2.034531E+00
        2.068864E+16 -9.999860E+00 -1.999885E+00 -3.053960E-01 -3.053960E-01
   205     3450.0756    8.65690048  5.407613E+08  8.629732E+09  2.952280E+28
        5.481439E+00  2.467707E+01  7.532085E+00  0.9907643130 -2.034531E+00
        1.444258E+16 -9.999860E+00 -1.999885E+00 -3.053960E-01 -3.053960E-01
   206     3358.2698    8.65691257  5.407537E+08  8.679699E+09  2.650290E+28
        5.455359E+00  2.467707E+01  7.532086E+00  0.9911805978 -2.054561E+00
        9.162047E+15 -9.999860E+00 -1.999885E+00 -3.053960E-01 -3.053960E-01
   207     3285.1304    8.65691998  5.407491E+08  8.724194E+09  2.426801E+28
        5.434219E+00  2.467707E+01  7.532086E+00  0.9911805978 -2.054561E+00
        6.338690E+15 -9.999860E+00 -1.999885E+00 -3.053960E-01 -3.053960E-01
   208     3191.4634    8.65692852  5.407438E+08  8.774306E+09  2.161596E+28
        5.407120E+00  2.467707E+01  7.532086E+00  0.9915781192 -2.074591E+00
        3.946450E+15 -9.999860E+00 -1.999885E+00 -3.053960E-01 -3.053960E-01
   209     3118.5034    8.65693549  5.407395E+08  8.818789E+09  1.970575E+28
        5.385613E+00  2.467707E+01  7.532086E+00  0.9915781192 -2.074591E+00
        2.714047E+15 -9.999860E+00 -1.999885E+00 -3.053960E-01 -3.053960E-01
   210     3033.6352    8.65694407  5.407341E+08  8.869534E+09  1.764627E+28
        5.360318E+00  2.467707E+01  7.532086E+00  0.9919577228 -2.094621E+00
        1.747914E+15 -9.999860E+00 -1.999885E+00 -3.053960E-01 -3.053960E-01
   211     2951.4545    8.65695027  5.407303E+08  8.919144E+09  1.581021E+28
        5.335350E+00  2.467707E+01  7.532086E+00  0.9923202164 -2.114651E+00
        1.134452E+15 -9.999860E+00 -1.999885E+00 -3.053960E-01 -3.053960E-01
   212     2870.1069    8.65695735  5.407259E+08  8.968669E+09  1.413769E+28
        5.310131E+00  2.467707E+01  7.532086E+00  0.9929969232 -2.154711E+00
        7.348955E+14 -9.999860E+00 -1.999885E+00 -3.053960E-01 -3.053960E-01
   213     2799.6944    8.65696394  5.407218E+08  9.017961E+09  1.280036E+28
        5.287812E+00  2.467707E+01  7.532086E+00  0.9936140015 -2.194771E+00
        5.020347E+14 -9.999860E+00 -1.999885E+00 -3.053960E-01 -3.053960E-01
   214     2725.4332    8.65696972  5.407182E+08  9.073713E+09  1.149519E+28
        5.263694E+00  2.467707E+01  7.532086E+00  0.9944391816 -2.254861E+00
        3.195636E+14 -9.999860E+00 -1.999885E+00 -3.053960E-01 -3.053960E-01
   215     2660.6866    8.65697673  5.407138E+08  9.129465E+09  1.044099E+28
        5.242170E+00  2.467707E+01  7.532086E+00  0.9955844110 -2.355011E+00
        2.175143E+14 -9.999860E+00 -1.999885E+00 -3.053960E-01 -3.053960E-01
   216     2594.6360    8.65698594  5.407081E+08  9.185216E+09  9.441988E+27
        5.219570E+00  2.467707E+01  7.532087E+00  0.9964937838 -2.455161E+00
        1.464801E+14 -9.999860E+00 -1.999885E+00 -3.053960E-01 -3.053960E-01
   217     2516.8084    8.65699348  5.407034E+08  9.240968E+09  8.358931E+27
        5.192153E+00  2.467707E+01  7.532087E+00  0.9973413634 -2.575341E+00
        9.080669E+13 -9.999860E+00 -1.999885E+00 -3.053960E-01 -3.053960E-01
   218     2440.7007    8.65700050  5.406990E+08  9.292468E+09  7.392668E+27
        5.164430E+00  2.467707E+01  7.532087E+00  0.9979840509 -2.695520E+00
        5.677982E+13 -9.999860E+00 -1.999885E+00 -3.053960E-01 -3.053960E-01
   219     2368.3082    8.65700969  5.406933E+08  9.334793E+09  6.553704E+27
        5.137178E+00  2.467707E+01  7.532087E+00  0.9985402759 -2.835729E+00
        3.602842E+13 -9.999860E+00 -1.999885E+00 -3.053960E-01 -3.053960E-01
   220     2297.8335    8.65701599  5.406893E+08  9.373990E+09  5.807668E+27
        5.109620E+00  2.467707E+01  7.532087E+00  0.9988931407 -2.955908E+00
        2.292635E+13 -9.999860E+00 -1.999885E+00 -3.053960E-01 -3.053960E-01
   221     2226.1461    8.65702169  5.406858E+08  9.409817E+09  5.116071E+27
        5.080580E+00  2.467707E+01  7.532087E+00  0.9991985337 -3.096115E+00
        1.439647E+13 -9.999860E+00 -1.999885E+00 -3.053960E-01 -3.053960E-01
   222     2160.3712    8.65702768  5.406821E+08  9.440750E+09  4.537633E+27
        5.052819E+00  2.467707E+01  7.532087E+00  0.9994196640 -3.236320E+00
        9.307498E+12 -9.999860E+00 -1.999885E+00 -3.053960E-01 -3.053960E-01
   223     2095.7558    8.65703135  5.406798E+08  9.468598E+09  4.018602E+27
        5.024527E+00  2.467707E+01  7.532087E+00  0.9995797810 -3.376524E+00
        6.017915E+12 -9.999860E+00 -1.999885E+00 -3.053960E-01 -3.053960E-01
   224     2034.8976    8.65703463  5.406777E+08  9.493076E+09  3.571735E+27
        4.996844E+00  2.467707E+01  7.532087E+00  0.9996813580 -3.496697E+00
        3.952039E+12 -9.999860E+00 -1.999885E+00 -3.053960E-01 -3.053960E-01
   225     1976.2295    8.65703901  5.406750E+08  9.514977E+09  3.177270E+27
        4.969098E+00  2.467707E+01  7.532087E+00  0.9997692695 -3.636895E+00
        2.612585E+12 -9.999860E+00 -1.999885E+00 -3.053960E-01 -3.053960E-01
   226     1920.6342    8.65704239  5.406729E+08  9.534445E+09  2.834522E+27
        4.941731E+00  2.467707E+01  7.532087E+00  0.9998329249 -3.777088E+00
        1.746680E+12 -9.999860E+00 -1.999885E+00 -3.053960E-01 -3.053960E-01
   227     1866.8167    8.65704568  5.406709E+08  9.551906E+09  2.529907E+27
        4.914238E+00  2.467707E+01  7.532087E+00  0.9998790168 -3.917275E+00
        1.171296E+12 -9.999860E+00 -1.999885E+00 -3.053960E-01 -3.053960E-01
   228     1817.0713    8.65704908  5.406688E+08  9.567405E+09  2.270818E+27
        4.887660E+00  2.467707E+01  7.532087E+00  0.9999123912 -4.057452E+00
        7.990809E+11 -9.999860E+00 -1.999885E+00 -3.053960E-01 -3.053960E-01
   229     1768.2839    8.65705185  5.406670E+08  9.581616E+09  2.036572E+27
        4.860679E+00  2.467707E+01  7.532087E+00  0.9999365571 -4.197617E+00
        5.434559E+11 -9.999860E+00 -1.999885E+00 -3.053960E-01 -3.053960E-01
   230     1722.0568    8.65705484  5.406652E+08  9.594370E+09  1.831803E+27
        4.834008E+00  2.467707E+01  7.532087E+00  0.9999518877 -4.317744E+00
        3.724770E+11 -9.999860E+00 -1.999885E+00 -3.053960E-01 -3.053960E-01
   231     1677.9168    8.65707090  5.406552E+08  9.605894E+09  1.651028E+27
        4.806929E+00  2.467707E+01  7.532087E+00  0.9999651559 -4.457871E+00
        2.544370E+11 -9.999860E+00 -1.999885E+00 -3.053960E-01 -3.053960E-01
   232     1637.5576    8.65709355  5.406411E+08  9.616092E+09  1.497740E+27
        4.780572E+00  2.467707E+01  7.532087E+00  0.9999747632 -4.597966E+00
        1.758484E+11 -9.999860E+00 -1.999885E+00 -3.053960E-01 -3.053960E-01
   233     1598.6213    8.65710624  5.406332E+08  9.625339E+09  1.360253E+27
        4.754013E+00  2.467707E+01  7.532087E+00  0.9999817197 -4.738016E+00
        1.213162E+11 -9.999860E+00 -1.999885E+00 -3.053960E-01 -3.053960E-01
   234     1561.4251    8.65710607  5.406333E+08  9.633591E+09  1.238004E+27
        4.727361E+00  2.467707E+01  7.532087E+00  0.9999867568 -4.878006E+00
        8.363341E+10 -9.999860E+00 -1.999885E+00 -3.053960E-01 -3.053960E-01
   235     1526.3999    8.65710347  5.406349E+08  9.640893E+09  1.130612E+27
        4.701030E+00  2.467707E+01  7.532087E+00  0.9999904040 -5.017911E+00
        5.796392E+10 -9.999860E+00 -1.999885E+00 -3.053960E-01 -3.053960E-01
   236     1493.0215    8.65710074  5.406366E+08  9.647402E+09  1.034921E+27
        4.674973E+00  2.467707E+01  7.532087E+00  0.9999930450 -5.157700E+00
        4.034764E+10 -9.999860E+00 -1.999885E+00 -3.053960E-01 -3.053960E-01
