============================================================================
  #Mod      Teff         Log(g)           R            Age            L
           Log(Tc)       Log(Pc)      Log(rhoc)       Mx/M         Log(qx)
             Lnu        Log(H/*)      Log(He/*)     Log(C/*)      Log(O/*)
============================================================================
     1   131742.1195    7.89081901  1.168399E+09  0.000000E+00  2.930307E+35
        8.027325E+00  2.379724E+01  6.913106E+00  0.0000000000  0.000000E+00
        8.719115E+35 -3.999873E+00 -1.999887E+00 -3.054398E-01 -3.054398E-01
     2   119577.1720    7.96366443  1.074406E+09  6.000000E+04  1.681753E+35
        7.995134E+00  2.382758E+01  6.934227E+00  0.0000000000  0.000000E+00
        5.223242E+35 -3.999873E+00 -1.999887E+00 -3.054398E-01 -3.054398E-01
     3   109907.3582    8.01172238  1.016575E+09  1.200000E+05  1.074529E+35
        7.970853E+00  2.384673E+01  6.947596E+00  0.0000000000  0.000000E+00
        3.426323E+35 -3.999873E+00 -1.999887E+00 -3.054398E-01 -3.054398E-01
     4   102045.4953    8.04608899  9.771389E+08  1.800000E+05  7.377683E+34
        7.951757E+00  2.385994E+01  6.956825E+00  0.0000000000  0.000000E+00
        2.408606E+35 -3.999873E+00 -1.999887E+00 -3.054398E-01 -3.054398E-01
     5    95565.1028    8.07187454  9.485572E+08  2.400000E+05  5.347569E+34
        7.936175E+00  2.386950E+01  6.963514E+00  0.0000000000  0.000000E+00
        1.782208E+35 -3.999873E+00 -1.999887E+00 -3.054398E-01 -3.054398E-01
     6    90166.9621    8.09198616  9.268463E+08  3.000000E+05  4.046105E+34
        7.923141E+00  2.387680E+01  6.968630E+00  0.0000000000  0.000000E+00
        1.372477E+35 -3.999873E+00 -1.999887E+00 -3.054398E-01 -3.054398E-01
     7    85627.3409    8.10804980  9.098628E+08  3.600000E+05  3.171273E+34
        7.911993E+00  2.388254E+01  6.972658E+00  0.0000000000  0.000000E+00
        1.090232E+35 -3.999873E+00 -1.999887E+00 -3.054398E-01 -3.054398E-01
     8    81806.6580    8.12113210  8.962615E+08  4.200000E+05  2.563634E+34
        7.902291E+00  2.388717E+01  6.975910E+00  0.0000000000  0.000000E+00
        8.878486E+34 -3.999873E+00 -1.999887E+00 -3.054398E-01 -3.054398E-01
     9    78462.6394    8.13214834  8.849661E+08  4.800000E+05  2.115129E+34
        7.893732E+00  2.389100E+01  6.978603E+00  0.0000000000  0.000000E+00
        7.380068E+34 -3.999873E+00 -1.999887E+00 -3.054398E-01 -3.054398E-01
    10    75511.1265    8.14155406  8.754347E+08  5.400000E+05  1.775511E+34
        7.886092E+00  2.389423E+01  6.980871E+00  0.0000000000  0.000000E+00
        6.239528E+34 -3.999873E+00 -1.999887E+00 -3.054398E-01 -3.054398E-01
    11    72885.1424    8.14968549  8.672775E+08  6.000000E+05  1.512530E+34
        7.879203E+00  2.389698E+01  6.982808E+00  0.0000000000  0.000000E+00
        5.350923E+34 -3.999873E+00 -1.999887E+00 -3.054398E-01 -3.054398E-01
    12    70522.4527    8.15680928  8.601935E+08  6.600000E+05  1.304169E+34
        7.872941E+00  2.389936E+01  6.984484E+00  0.0000000000  0.000000E+00
        4.644816E+34 -3.999873E+00 -1.999887E+00 -3.054398E-01 -3.054398E-01
    13    68407.2530    8.16308143  8.540044E+08  7.200000E+05  1.138049E+34
        7.867207E+00  2.390144E+01  6.985953E+00  0.0000000000  0.000000E+00
        4.074168E+34 -3.999873E+00 -1.999887E+00 -3.054398E-01 -3.054398E-01
    14    66490.7447    8.16866547  8.485317E+08  7.800000E+05  1.002797E+34
        7.861924E+00  2.390328E+01  6.987249E+00  0.0000000000  0.000000E+00
        3.605998E+34 -3.999873E+00 -1.999887E+00 -3.054398E-01 -3.054398E-01
    15    64744.4646    8.17367290  8.436540E+08  8.400000E+05  8.911920E+33
        7.857030E+00  2.390491E+01  6.988402E+00  0.0000000000  0.000000E+00
        3.216848E+34 -3.999873E+00 -1.999887E+00 -3.054398E-01 -3.054398E-01
    16    63143.0565    8.17820085  8.392674E+08  9.001366E+05  7.978755E+33
        7.852464E+00  2.390638E+01  6.989437E+00  0.0000000000  0.000000E+00
        2.889000E+34 -3.999873E+00 -1.999887E+00 -3.054398E-01 -3.054398E-01
    17    61583.0347    8.18256019  8.350658E+08  9.642920E+05  7.146901E+33
        7.847931E+00  2.390778E+01  6.990427E+00  0.0000000000  0.000000E+00
        2.594202E+34 -3.999873E+00 -1.999887E+00 -3.054398E-01 -3.054398E-01
    18    60063.2463    8.18676269  8.310353E+08  1.032859E+06  6.404808E+33
        7.843424E+00  2.390912E+01  6.991376E+00  0.0000000000  0.000000E+00
        2.328768E+34 -3.999873E+00 -1.999887E+00 -3.054398E-01 -3.054398E-01
    19    58594.3586    8.19079731  8.271841E+08  1.106228E+06  5.747242E+33
        7.838938E+00  2.391041E+01  6.992288E+00  0.0000000000  0.000000E+00
        2.089619E+34 -3.999873E+00 -1.999887E+00 -3.054398E-01 -3.054398E-01
    20    57152.5023    8.19471543  8.234611E+08  1.185210E+06  5.155362E+33
        7.834449E+00  2.391166E+01  6.993166E+00  0.0000000000  0.000000E+00
        1.873115E+34 -3.999873E+00 -1.999887E+00 -3.054398E-01 -3.054398E-01
    21    55760.6520    8.19847429  8.199052E+08  1.269711E+06  4.630956E+33
        7.829984E+00  2.391284E+01  6.994008E+00  0.0000000000  0.000000E+00
        1.678471E+34 -3.999873E+00 -1.999887E+00 -3.054398E-01 -3.054398E-01
    22    54411.9683    8.20210279  8.164873E+08  1.360746E+06  4.163979E+33
        7.825515E+00  2.391399E+01  6.994821E+00  0.0000000000  0.000000E+00
        1.502483E+34 -3.999873E+00 -1.999887E+00 -3.054398E-01 -3.054398E-01
    23    53098.7384    8.20562020  8.131875E+08  1.459023E+06  3.745848E+33
        7.821035E+00  2.391510E+01  6.995607E+00  0.0000000000  0.000000E+00
        1.343333E+34 -3.999873E+00 -1.999887E+00 -3.054398E-01 -3.054398E-01
    24    51821.6251    8.20902522  8.100059E+08  1.564921E+06  3.371728E+33
        7.816553E+00  2.391617E+01  6.996366E+00  0.0000000000  0.000000E+00
        1.199904E+34 -3.999873E+00 -1.999887E+00 -3.054398E-01 -3.054398E-01
    25    50579.3600    8.21232031  8.069389E+08  1.678981E+06  3.036733E+33
        7.812073E+00  2.391720E+01  6.997099E+00  0.0000000000  0.000000E+00
        1.070871E+34 -3.999873E+00 -1.999887E+00 -3.054398E-01 -3.054398E-01
    26    49370.5114    8.21550306  8.039875E+08  1.801794E+06  2.736535E+33
        7.807596E+00  2.391820E+01  6.997808E+00  0.0000000000  0.000000E+00
        9.549574E+33 -3.999873E+00 -1.999887E+00 -3.054398E-01 -3.054398E-01
    27    48195.3084    8.21857096  8.011528E+08  1.934092E+06  2.467639E+33
        7.803117E+00  2.391917E+01  6.998494E+00  0.0000000000  0.000000E+00
        8.508971E+33 -3.999873E+00 -1.999887E+00 -3.054398E-01 -3.054398E-01
    28    47055.0162    8.22152413  7.984335E+08  2.076868E+06  2.227066E+33
        7.798628E+00  2.392010E+01  6.999160E+00  0.0000000000  0.000000E+00
        7.574250E+33 -3.999873E+00 -1.999887E+00 -3.054398E-01 -3.054398E-01
    29    45951.6624    8.22436642  7.958250E+08  2.231411E+06  2.012204E+33
        7.794113E+00  2.392101E+01  6.999808E+00  0.0000000000  0.000000E+00
        6.733563E+33 -3.999873E+00 -1.999887E+00 -3.054398E-01 -3.054398E-01
    30    44882.1096    8.22710706  7.933179E+08  2.399342E+06  1.819783E+33
        7.789551E+00  2.392190E+01  7.000440E+00  0.0000000000  0.000000E+00
        5.976214E+33 -3.999873E+00 -1.999887E+00 -3.054398E-01 -3.054398E-01
    31    43844.9564    8.22974779  7.909097E+08  2.582195E+06  1.647268E+33
        7.784929E+00  2.392277E+01  7.001058E+00  0.0000000000  0.000000E+00
        5.294252E+33 -3.999873E+00 -1.999887E+00 -3.054398E-01 -3.054398E-01
    32    42844.2843    8.23229043  7.885978E+08  2.781742E+06  1.493189E+33
        7.780232E+00  2.392361E+01  7.001664E+00  0.0000000000  0.000000E+00
        4.680476E+33 -3.999873E+00 -1.999887E+00 -3.054398E-01 -3.054398E-01
    33    41875.0461    8.23474329  7.863740E+08  3.000482E+06  1.354913E+33
        7.775432E+00  2.392445E+01  7.002257E+00  0.0000000000  0.000000E+00
        4.127369E+33 -3.999873E+00 -1.999887E+00 -3.054398E-01 -3.054398E-01
    34    40935.8798    8.23710523  7.842386E+08  3.240589E+06  1.230679E+33
        7.770516E+00  2.392526E+01  7.002840E+00  0.0000000000  0.000000E+00
        3.630070E+33 -3.999873E+00 -1.999887E+00 -3.054398E-01 -3.054398E-01
    35    40034.3694    8.23937321  7.821935E+08  3.504664E+06  1.119934E+33
        7.765463E+00  2.392606E+01  7.003412E+00  0.0000000000  0.000000E+00
        3.183845E+33 -3.999873E+00 -1.999887E+00 -3.054398E-01 -3.054398E-01
    36    39159.0158    8.24156122  7.802256E+08  3.796964E+06  1.019998E+33
        7.760231E+00  2.392684E+01  7.003975E+00  0.0000000000  0.000000E+00
        2.782798E+33 -3.999873E+00 -1.999887E+00 -3.054398E-01 -3.054398E-01
    37    38322.7983    8.24365817  7.783442E+08  4.120269E+06  9.311171E+32
        7.754810E+00  2.392762E+01  7.004529E+00  0.0000000000  0.000000E+00
        2.424345E+33 -3.999873E+00 -1.999887E+00 -3.054398E-01 -3.054398E-01
    38    37511.0198    8.24568410  7.765309E+08  4.480954E+06  8.507168E+32
        7.749139E+00  2.392838E+01  7.005078E+00  0.0000000000  0.000000E+00
        2.103025E+33 -3.999873E+00 -1.999887E+00 -3.054398E-01 -3.054398E-01
    39    36739.2708    8.24762384  7.747987E+08  4.882605E+06  7.793488E+32
        7.743211E+00  2.392913E+01  7.005620E+00  0.0000000000  0.000000E+00
        1.817127E+33 -3.999873E+00 -1.999887E+00 -3.054398E-01 -3.054398E-01
    40    35990.3094    8.24950094  7.731261E+08  5.334382E+06  7.146197E+32
        7.736948E+00  2.392988E+01  7.006160E+00  0.0000000000  0.000000E+00
        1.561896E+33 -3.999873E+00 -1.999887E+00 -3.054398E-01 -3.054398E-01
    41    35281.6689    8.25129519  7.715307E+08  5.840858E+06  6.572565E+32
        7.730352E+00  2.393062E+01  7.006694E+00  0.0000000000  0.000000E+00
        1.336261E+33 -3.999873E+00 -1.999887E+00 -3.054398E-01 -3.054398E-01
    42    34594.0436    8.25303113  7.699903E+08  6.414916E+06  6.050730E+32
        7.723330E+00  2.393135E+01  7.007225E+00  0.0000000000  0.000000E+00
        1.136131E+33 -3.999873E+00 -1.999887E+00 -3.054398E-01 -3.054398E-01
    43    33945.9662    8.25468368  7.685267E+08  7.062157E+06  5.588595E+32
        7.715897E+00  2.393207E+01  7.007747E+00  0.0000000000  0.000000E+00
        9.608237E+32 -3.999873E+00 -1.999887E+00 -3.054398E-01 -3.054398E-01
    44    33317.0617    8.25628098  7.671147E+08  7.799913E+06  5.166773E+32
        7.707955E+00  2.393277E+01  7.008263E+00  0.0000000000  0.000000E+00
        8.068912E+32 -3.999873E+00 -1.999887E+00 -3.054398E-01 -3.054398E-01
    45    32720.1533    8.25780540  7.657696E+08  8.634753E+06  4.789493E+32
        7.699547E+00  2.393347E+01  7.008772E+00  0.0000000000  0.000000E+00
        6.737408E+32 -3.999873E+00 -1.999887E+00 -3.054398E-01 -3.054398E-01
    46    32150.0856    8.25927111  7.644785E+08  9.585700E+06  4.449293E+32
        7.690610E+00  2.393415E+01  7.009276E+00  0.0000000000  0.000000E+00
        5.587060E+32 -3.999873E+00 -1.999887E+00 -3.054398E-01 -3.054398E-01
    47    31604.8270    8.26068357  7.632363E+08  1.066862E+07  4.141557E+32
        7.681143E+00  2.393483E+01  7.009774E+00  0.0000000000  0.000000E+00
        4.601218E+32 -3.999873E+00 -1.999887E+00 -3.054398E-01 -3.054398E-01
    48    31082.3121    8.26204847  7.620379E+08  1.189994E+07  3.862232E+32
        7.671161E+00  2.393550E+01  7.010268E+00  0.0000000000  0.000000E+00
        3.763617E+32 -3.999873E+00 -1.999887E+00 -3.054398E-01 -3.054398E-01
    49    30579.9961    8.26337214  7.608775E+08  1.329630E+07  3.607540E+32
        7.660693E+00  2.393617E+01  7.010761E+00  0.0000000000  0.000000E+00
        3.058194E+32 -3.999873E+00 -1.999887E+00 -3.054398E-01 -3.054398E-01
    50    30095.5528    8.26466136  7.597490E+08  1.487362E+07  3.374283E+32
        7.649783E+00  2.393685E+01  7.011256E+00  0.0000000000  0.000000E+00
        2.469414E+32 -3.999873E+00 -1.999887E+00 -3.054398E-01 -3.054398E-01
    51    29626.5005    8.26592270  7.586465E+08  1.664676E+07  3.159602E+32
        7.638484E+00  2.393752E+01  7.011755E+00  0.0000000000  0.000000E+00
        1.982231E+32 -3.999873E+00 -1.999887E+00 -3.054398E-01 -3.054398E-01
    52    29167.6333    8.26716229  7.575646E+08  1.862856E+07  2.959893E+32
        7.626853E+00  2.393821E+01  7.012260E+00  0.0000000000  0.000000E+00
        1.582506E+32 -3.999873E+00 -1.999887E+00 -3.054398E-01 -3.054398E-01
    53    28721.9850    8.26837270  7.565096E+08  2.082388E+07  2.775356E+32
        7.614976E+00  2.393888E+01  7.012761E+00  0.0000000000  0.000000E+00
        1.257739E+32 -3.999873E+00 -1.999887E+00 -3.054398E-01 -3.054398E-01
    54    28285.9257    8.26955808  7.554779E+08  2.324584E+07  2.603497E+32
        7.602881E+00  2.393954E+01  7.013250E+00  0.0000000000  0.000000E+00
        9.950128E+31 -3.999873E+00 -1.999887E+00 -3.054398E-01 -3.054398E-01
    55    27856.9362    8.27072073  7.544673E+08  2.589714E+07  2.442566E+32
        7.590634E+00  2.394019E+01  7.013726E+00  0.0000000000  0.000000E+00
        7.840853E+31 -3.999873E+00 -1.999887E+00 -3.054398E-01 -3.054398E-01
    56    27435.6260    8.27185927  7.534790E+08  2.877596E+07  2.292101E+32
        7.578297E+00  2.394081E+01  7.014188E+00  0.0000000000  0.000000E+00
        6.159330E+31 -3.999873E+00 -1.999887E+00 -3.054398E-01 -3.054398E-01
    57    27021.7647    8.27297526  7.525116E+08  3.188452E+07  2.151360E+32
        7.565897E+00  2.394142E+01  7.014637E+00  0.0000000000  0.000000E+00
        4.824280E+31 -3.999873E+00 -1.999887E+00 -3.054398E-01 -3.054398E-01
    58    26613.5329    8.27407281  7.515613E+08  3.522372E+07  2.019161E+32
        7.553455E+00  2.394201E+01  7.015077E+00  0.0000000000  0.000000E+00
        3.768470E+31 -3.999873E+00 -1.999887E+00 -3.054398E-01 -3.054398E-01
    59    26211.0777    8.27515249  7.506277E+08  3.878844E+07  1.895050E+32
        7.541003E+00  2.394260E+01  7.015509E+00  0.0000000000  0.000000E+00
        2.937574E+31 -3.999873E+00 -1.999887E+00 -3.054398E-01 -3.054398E-01
    60    25814.1710    8.27621299  7.497117E+08  4.257612E+07  1.778498E+32
        7.528555E+00  2.394316E+01  7.015929E+00  0.0000000000  0.000000E+00
        2.285765E+31 -3.999873E+00 -1.999887E+00 -3.054398E-01 -3.054398E-01
    61    25421.9070    8.27725518  7.488127E+08  4.658358E+07  1.668825E+32
        7.516126E+00  2.394371E+01  7.016334E+00  0.0000000000  0.000000E+00
        1.776010E+31 -3.999873E+00 -1.999887E+00 -3.054398E-01 -3.054398E-01
    62    25034.4698    8.27827849  7.479310E+08  5.080466E+07  1.565701E+32
        7.503735E+00  2.394424E+01  7.016725E+00  0.0000000000  0.000000E+00
        1.378653E+31 -3.999873E+00 -1.999887E+00 -3.054398E-01 -3.054398E-01
    63    24651.9636    8.27928309  7.470665E+08  5.523644E+07  1.468779E+32
        7.491391E+00  2.394475E+01  7.017105E+00  0.0000000000  0.000000E+00
        1.069528E+31 -3.999873E+00 -1.999887E+00 -3.054398E-01 -3.054398E-01
    64    24274.4969    8.28026991  7.462182E+08  5.987756E+07  1.377732E+32
        7.479097E+00  2.394525E+01  7.017475E+00  0.0000000000  0.000000E+00
        8.293953E+30 -3.999873E+00 -1.999887E+00 -3.054398E-01 -3.054398E-01
    65    23902.1032    8.28123956  7.453856E+08  6.472780E+07  1.292226E+32
        7.466854E+00  2.394574E+01  7.017837E+00  0.0000000000  0.000000E+00
        6.430634E+30 -3.999873E+00 -1.999887E+00 -3.054398E-01 -3.054398E-01
    66    23534.8633    8.28219309  7.445678E+08  6.978768E+07  1.211957E+32
        7.454664E+00  2.394622E+01  7.018195E+00  0.0000000000  0.000000E+00
        4.986187E+30 -3.999873E+00 -1.999887E+00 -3.054398E-01 -3.054398E-01
    67    23172.7924    8.28313166  7.437637E+08  7.505926E+07  1.136620E+32
        7.442527E+00  2.394670E+01  7.018552E+00  0.0000000000  0.000000E+00
        3.867095E+30 -3.999873E+00 -1.999887E+00 -3.054398E-01 -3.054398E-01
    68    22815.8081    8.28405472  7.429737E+08  8.054572E+07  1.065914E+32
        7.430442E+00  2.394718E+01  7.018906E+00  0.0000000000  0.000000E+00
        3.000260E+30 -3.999873E+00 -1.999887E+00 -3.054398E-01 -3.054398E-01
    69    22463.8998    8.28496137  7.421986E+08  8.624972E+07  9.995691E+31
        7.418407E+00  2.394764E+01  7.019252E+00  0.0000000000  0.000000E+00
        2.328994E+30 -3.999873E+00 -1.999887E+00 -3.054398E-01 -3.054398E-01
    70    22117.0397    8.28585016  7.414395E+08  9.217432E+07  9.373277E+31
        7.406423E+00  2.394809E+01  7.019586E+00  0.0000000000  0.000000E+00
        1.809220E+30 -3.999873E+00 -1.999887E+00 -3.054398E-01 -3.054398E-01
    71    21775.3554    8.28671909  7.406982E+08  9.832274E+07  8.789730E+31
        7.394488E+00  2.394851E+01  7.019905E+00  0.0000000000  0.000000E+00
        1.406719E+30 -3.999873E+00 -1.999887E+00 -3.054398E-01 -3.054398E-01
    72    21438.6343    8.28756885  7.399739E+08  1.046993E+08  8.242391E+31
        7.382603E+00  2.394892E+01  7.020208E+00  0.0000000000  0.000000E+00
        1.094990E+30 -3.999873E+00 -1.999887E+00 -3.054398E-01 -3.054398E-01
    73    21106.9931    8.28840255  7.392640E+08  1.113087E+08  7.729235E+31
        7.370773E+00  2.394932E+01  7.020502E+00  0.0000000000  0.000000E+00
        8.535290E+29 -3.999873E+00 -1.999887E+00 -3.054398E-01 -3.054398E-01
    74    20780.1828    8.28922114  7.385676E+08  1.181604E+08  7.247862E+31
        7.358996E+00  2.394971E+01  7.020795E+00  0.0000000000  0.000000E+00
        6.662942E+29 -3.999873E+00 -1.999887E+00 -3.054398E-01 -3.054398E-01
    75    20458.1554    8.29002312  7.378860E+08  1.252623E+08  6.796360E+31
        7.347269E+00  2.395010E+01  7.021082E+00  0.0000000000  0.000000E+00
        5.209630E+29 -3.999873E+00 -1.999887E+00 -3.054398E-01 -3.054398E-01
    76    20140.7784    8.29080748  7.372199E+08  1.326216E+08  6.372812E+31
        7.335591E+00  2.395047E+01  7.021361E+00  0.0000000000  0.000000E+00
        4.080471E+29 -3.999873E+00 -1.999887E+00 -3.054398E-01 -3.054398E-01
    77    19828.1217    8.29157388  7.365697E+08  1.402452E+08  5.975662E+31
        7.323963E+00  2.395083E+01  7.021629E+00  0.0000000000  0.000000E+00
        3.202263E+29 -3.999873E+00 -1.999887E+00 -3.054398E-01 -3.054398E-01
    78    19520.0607    8.29232263  7.359351E+08  1.481410E+08  5.603193E+31
        7.312384E+00  2.395117E+01  7.021882E+00  0.0000000000  0.000000E+00
        2.518338E+29 -3.999873E+00 -1.999887E+00 -3.054398E-01 -3.054398E-01
    79    19216.6769    8.29305395  7.353157E+08  1.563164E+08  5.254033E+31
        7.300856E+00  2.395149E+01  7.022119E+00  0.0000000000  0.000000E+00
        1.985006E+29 -3.999873E+00 -1.999887E+00 -3.054398E-01 -3.054398E-01
    80    18918.1025    8.29377070  7.347092E+08  1.647809E+08  4.926894E+31
        7.289381E+00  2.395179E+01  7.022343E+00  0.0000000000  0.000000E+00
        1.568454E+29 -3.999873E+00 -1.999887E+00 -3.054398E-01 -3.054398E-01
    81    18624.5620    8.29447527  7.341134E+08  1.735479E+08  4.620645E+31
        7.277957E+00  2.395208E+01  7.022559E+00  0.0000000000  0.000000E+00
        1.242362E+29 -3.999873E+00 -1.999887E+00 -3.054398E-01 -3.054398E-01
    82    18336.0287    8.29516965  7.335268E+08  1.826326E+08  4.333962E+31
        7.266581E+00  2.395236E+01  7.022767E+00  0.0000000000  0.000000E+00
        9.864415E+28 -3.999873E+00 -1.999887E+00 -3.054398E-01 -3.054398E-01
    83    18052.4431    8.29585542  7.329479E+08  1.920483E+08  4.065576E+31
        7.255249E+00  2.395263E+01  7.022969E+00  0.0000000000  0.000000E+00
        7.851475E+28 -3.999873E+00 -1.999887E+00 -3.054398E-01 -3.054398E-01
    84    17773.4270    8.29653390  7.323756E+08  2.018074E+08  3.814033E+31
        7.243963E+00  2.395290E+01  7.023166E+00  0.0000000000  0.000000E+00
        6.265144E+28 -3.999873E+00 -1.999887E+00 -3.054398E-01 -3.054398E-01
    85    17499.0829    8.29720536  7.318096E+08  2.119185E+08  3.578404E+31
        7.232726E+00  2.395316E+01  7.023359E+00  0.0000000000  0.000000E+00
        5.012877E+28 -3.999873E+00 -1.999887E+00 -3.054398E-01 -3.054398E-01
    86    17229.0729    8.29786855  7.312511E+08  2.223939E+08  3.357474E+31
        7.221538E+00  2.395341E+01  7.023547E+00  0.0000000000  0.000000E+00
        4.022192E+28 -3.999873E+00 -1.999887E+00 -3.054398E-01 -3.054398E-01
    87    16963.2306    8.29852072  7.307023E+08  2.332404E+08  3.150265E+31
        7.210403E+00  2.395365E+01  7.023726E+00  0.0000000000  0.000000E+00
        3.237103E+28 -3.999873E+00 -1.999887E+00 -3.054398E-01 -3.054398E-01
    88    16701.5762    8.29916194  7.301630E+08  2.444651E+08  2.955980E+31
        7.199329E+00  2.395388E+01  7.023899E+00  0.0000000000  0.000000E+00
        2.613792E+28 -3.999873E+00 -1.999887E+00 -3.054398E-01 -3.054398E-01
    89    16444.0303    8.29979305  7.296327E+08  2.560804E+08  2.773790E+31
        7.188320E+00  2.395410E+01  7.024067E+00  0.0000000000  0.000000E+00
        2.117647E+28 -3.999873E+00 -1.999887E+00 -3.054398E-01 -3.054398E-01
    90    16190.8241    8.30041494  7.291105E+08  2.680986E+08  2.603122E+31
        7.177377E+00  2.395432E+01  7.024232E+00  0.0000000000  0.000000E+00
        1.721599E+28 -3.999873E+00 -1.999887E+00 -3.054398E-01 -3.054398E-01
    91    15942.0196    8.30102864  7.285955E+08  2.805356E+08  2.443309E+31
        7.166500E+00  2.395453E+01  7.024394E+00  0.0000000000  0.000000E+00
        1.404410E+28 -3.999873E+00 -1.999887E+00 -3.054398E-01 -3.054398E-01
    92    15697.6674    8.30163517  7.280869E+08  2.934056E+08  2.293712E+31
        7.155688E+00  2.395475E+01  7.024553E+00  0.0000000000  0.000000E+00
        1.149580E+28 -3.999873E+00 -1.999887E+00 -3.054398E-01 -3.054398E-01
    93    15457.7898    8.30223476  7.275845E+08  3.067204E+08  2.153716E+31
        7.144943E+00  2.395496E+01  7.024710E+00  0.0000000000  0.000000E+00
        9.442235E+27 -3.999873E+00 -1.999887E+00 -3.054398E-01 -3.054398E-01
    94    15222.4014    8.30282549  7.270898E+08  3.204892E+08  2.022743E+31
        7.134269E+00  2.395516E+01  7.024862E+00  0.0000000000  0.000000E+00
        7.782368E+27 -3.999873E+00 -1.999887E+00 -3.054398E-01 -3.054398E-01
    95    14991.5539    8.30340486  7.266050E+08  3.347179E+08  1.900270E+31
        7.123668E+00  2.395535E+01  7.025001E+00  0.0000000000  0.000000E+00
        6.436757E+27 -3.999873E+00 -1.999887E+00 -3.054398E-01 -3.054398E-01
    96    14765.3364    8.30397237  7.261304E+08  3.494119E+08  1.785807E+31
        7.113148E+00  2.395553E+01  7.025130E+00  0.0000000000  0.000000E+00
        5.342685E+27 -3.999873E+00 -1.999887E+00 -3.054398E-01 -3.054398E-01
    97    14543.7897    8.30452777  7.256662E+08  3.645785E+08  1.678867E+31
        7.102713E+00  2.395571E+01  7.025251E+00  0.0000000000  0.000000E+00
        4.450261E+27 -3.999873E+00 -1.999887E+00 -3.054398E-01 -3.054398E-01
    98    14326.9785    8.30507078  7.252127E+08  3.802223E+08  1.578997E+31
        7.092365E+00  2.395587E+01  7.025366E+00  0.0000000000  0.000000E+00
        3.719991E+27 -3.999873E+00 -1.999887E+00 -3.054398E-01 -3.054398E-01
    99    14114.9694    8.30560120  7.247700E+08  3.963453E+08  1.485772E+31
        7.082111E+00  2.395603E+01  7.025479E+00  0.0000000000  0.000000E+00
        3.120525E+27 -3.999873E+00 -1.999887E+00 -3.054398E-01 -3.054398E-01
   100    13907.8898    8.30611892  7.243381E+08  4.129424E+08  1.398813E+31
        7.071958E+00  2.395619E+01  7.025590E+00  0.0000000000  0.000000E+00
        2.626997E+27 -3.999873E+00 -1.999887E+00 -3.054398E-01 -3.054398E-01
   101    13706.0283    8.30662476  7.239164E+08  4.299932E+08  1.317818E+31
        7.061921E+00  2.395634E+01  7.025704E+00  0.0000000000  0.000000E+00
        2.219773E+27 -3.999873E+00 -1.999887E+00 -3.054398E-01 -3.054398E-01
   102    13510.0189    8.30712027  7.235036E+08  4.474407E+08  1.242617E+31
        7.052036E+00  2.395650E+01  7.025824E+00  0.0000000000  0.000000E+00
        1.883550E+27 -3.999873E+00 -1.999887E+00 -3.054398E-01 -3.054398E-01
   103    13321.1652    8.30760212  7.231023E+08  4.651391E+08  1.173276E+31
        7.042377E+00  2.395667E+01  7.025945E+00  0.0000000000  0.000000E+00
        1.606708E+27 -3.999873E+00 -1.999887E+00 -3.054398E-01 -3.054398E-01
   104    13142.8337    8.30806193  7.227196E+08  4.827000E+08  1.110523E+31
        7.033129E+00  2.395683E+01  7.026063E+00  0.0000000000  0.000000E+00
        1.381760E+27 -3.999873E+00 -1.999887E+00 -3.054398E-01 -3.054398E-01
   105    12982.7235    8.30848027  7.223716E+08  4.992002E+08  1.056371E+31
        7.024717E+00  2.395697E+01  7.026170E+00  0.0000000000  0.000000E+00
        1.205968E+27 -3.999873E+00 -1.999887E+00 -3.054398E-01 -3.054398E-01
   106    12846.4670    8.30884276  7.220702E+08  5.138101E+08  1.011872E+31
        7.017474E+00  2.395709E+01  7.026262E+00  0.0000000000  0.000000E+00
        1.073513E+27 -3.999873E+00 -1.999887E+00 -3.054398E-01 -3.054398E-01
   107    12733.6264    8.30914783  7.218166E+08  5.263196E+08  9.760997E+30
        7.011415E+00  2.395719E+01  7.026337E+00  0.0000000000  0.000000E+00
        9.745065E+26 -3.999873E+00 -1.999887E+00 -3.054398E-01 -3.054398E-01
   108    12634.0345    8.30942035  7.215902E+08  5.376891E+08  9.453257E+30
        7.006020E+00  2.395728E+01  7.026402E+00  0.0000000000  0.000000E+00
        8.944496E+26 -3.999873E+00 -1.999887E+00 -3.054398E-01 -3.054398E-01
   109    12541.5175    8.30967605  7.213778E+08  5.485429E+08  9.173982E+30
        7.000969E+00  2.395736E+01  7.026462E+00  0.0000000000  0.000000E+00
        8.257497E+26 -3.999873E+00 -1.999887E+00 -3.054398E-01 -3.054398E-01
   110    12453.5498    8.30992107  7.211743E+08  5.591347E+08  8.914257E+30
        6.996130E+00  2.395744E+01  7.026518E+00  0.0000000000  0.000000E+00
        7.651250E+26 -3.999873E+00 -1.999887E+00 -3.054398E-01 -3.054398E-01
   111    12368.4416    8.31015990  7.209761E+08  5.696440E+08  8.668294E+30
        6.991414E+00  2.395751E+01  7.026570E+00  0.0000000000  0.000000E+00
        7.105298E+26 -3.999873E+00 -1.999887E+00 -3.054398E-01 -3.054398E-01
   112    12285.8195    8.31039316  7.207825E+08  5.801007E+08  8.434454E+30
        6.986803E+00  2.395757E+01  7.026618E+00  0.0000000000  0.000000E+00
        6.610931E+26 -3.999873E+00 -1.999887E+00 -3.054398E-01 -3.054398E-01
   113    12205.0408    8.31062162  7.205929E+08  5.905735E+08  8.210487E+30
        6.982264E+00  2.395763E+01  7.026664E+00  0.0000000000  0.000000E+00
        6.159383E+26 -3.999873E+00 -1.999887E+00 -3.054398E-01 -3.054398E-01
   114    12124.6884    8.31084862  7.204046E+08  6.012440E+08  7.992218E+30
        6.977717E+00  2.395769E+01  7.026706E+00  0.0000000000  0.000000E+00
        5.739437E+26 -3.999873E+00 -1.999887E+00 -3.054398E-01 -3.054398E-01
   115    12044.2835    8.31107626  7.202158E+08  6.121837E+08  7.778238E+30
        6.973135E+00  2.395775E+01  7.026747E+00  0.0000000000  0.000000E+00
        5.346517E+26 -3.999873E+00 -1.999887E+00 -3.054398E-01 -3.054398E-01
   116    11964.7048    8.31130273  7.200281E+08  6.232776E+08  7.570749E+30
        6.968568E+00  2.395780E+01  7.026787E+00  0.0000000000  0.000000E+00
        4.982824E+26 -3.999873E+00 -1.999887E+00 -3.054398E-01 -3.054398E-01
   117    11886.6679    8.31152574  7.198432E+08  6.344213E+08  7.371373E+30
        6.964059E+00  2.395785E+01  7.026824E+00  0.0000000000  0.000000E+00
        4.649003E+26 -3.999873E+00 -1.999887E+00 -3.054398E-01 -3.054398E-01
   118    11809.4662    8.31174641  7.196604E+08  6.457125E+08  7.178079E+30
        6.959567E+00  2.395789E+01  7.026860E+00  0.0000000000  0.000000E+00
        4.339655E+26 -3.999873E+00 -1.999887E+00 -3.054398E-01 -3.054398E-01
   119    11731.5897    8.31196840  7.194765E+08  6.573811E+08  6.987031E+30
        6.955005E+00  2.395794E+01  7.026896E+00  0.0000000000  0.000000E+00
        4.047383E+26 -3.999873E+00 -1.999887E+00 -3.054398E-01 -3.054398E-01
   120    11652.0110    8.31219461  7.192891E+08  6.696050E+08  6.795830E+30
        6.950310E+00  2.395798E+01  7.026932E+00  0.0000000000  0.000000E+00
        3.767982E+26 -3.999873E+00 -1.999887E+00 -3.054398E-01 -3.054398E-01
   121    11570.6453    8.31242570  7.190978E+08  6.824287E+08  6.604474E+30
        6.945475E+00  2.395803E+01  7.026968E+00  0.0000000000  0.000000E+00
        3.501147E+26 -3.999873E+00 -1.999887E+00 -3.054398E-01 -3.054398E-01
   122    11488.0274    8.31266076  7.189032E+08  6.957977E+08  6.414380E+30
        6.940527E+00  2.395808E+01  7.027004E+00  0.0000000000  0.000000E+00
        3.248446E+26 -3.999873E+00 -1.999887E+00 -3.054398E-01 -3.054398E-01
   123    11404.8672    8.31289834  7.187066E+08  7.096211E+08  6.227248E+30
        6.935509E+00  2.395812E+01  7.027041E+00  0.0000000000  0.000000E+00
        3.011429E+26 -3.999873E+00 -1.999887E+00 -3.054398E-01 -3.054398E-01
   124    11321.7394    8.31313730  7.185089E+08  7.238190E+08  6.044340E+30
        6.930453E+00  2.395817E+01  7.027078E+00  0.0000000000  0.000000E+00
        2.790749E+26 -3.999873E+00 -1.999887E+00 -3.054398E-01 -3.054398E-01
   125    11239.0177    8.31337760  7.183102E+08  7.383392E+08  5.866370E+30
        6.925380E+00  2.395822E+01  7.027116E+00  0.0000000000  0.000000E+00
        2.586198E+26 -3.999873E+00 -1.999887E+00 -3.054398E-01 -3.054398E-01
   126    11157.5394    8.31361575  7.181132E+08  7.530343E+08  5.694971E+30
        6.920344E+00  2.395827E+01  7.027154E+00  0.0000000000  0.000000E+00
        2.398459E+26 -3.999873E+00 -1.999887E+00 -3.054398E-01 -3.054398E-01
   127    11076.0197    8.31385578  7.179148E+08  7.681434E+08  5.527296E+30
        6.915265E+00  2.395832E+01  7.027193E+00  0.0000000000  0.000000E+00
        2.223395E+26 -3.999873E+00 -1.999887E+00 -3.054398E-01 -3.054398E-01
   128    10994.5069    8.31409754  7.177150E+08  7.836729E+08  5.363386E+30
        6.910146E+00  2.395837E+01  7.027233E+00  0.0000000000  0.000000E+00
        2.060275E+26 -3.999873E+00 -1.999887E+00 -3.054398E-01 -3.054398E-01
   129    10912.7271    8.31434166  7.175133E+08  7.996916E+08  5.202656E+30
        6.904967E+00  2.395843E+01  7.027275E+00  0.0000000000  0.000000E+00
        1.907851E+26 -3.999873E+00 -1.999887E+00 -3.054398E-01 -3.054398E-01
   130    10830.3537    8.31458887  7.173092E+08  8.162869E+08  5.044467E+30
        6.899708E+00  2.395849E+01  7.027320E+00  0.0000000000  0.000000E+00
        1.764950E+26 -3.999873E+00 -1.999887E+00 -3.054398E-01 -3.054398E-01
   131    10747.1698    8.31483921  7.171024E+08  8.335299E+08  4.888446E+30
        6.894353E+00  2.395855E+01  7.027365E+00  0.0000000000  0.000000E+00
        1.630764E+26 -3.999873E+00 -1.999887E+00 -3.054398E-01 -3.054398E-01
   132    10662.9826    8.31509290  7.168930E+08  8.514937E+08  4.734297E+30
        6.888888E+00  2.395861E+01  7.027413E+00  0.0000000000  0.000000E+00
        1.504638E+26 -3.999873E+00 -1.999887E+00 -3.054398E-01 -3.054398E-01
   133    10577.6604    8.31534995  7.166809E+08  8.702453E+08  4.581863E+30
        6.883301E+00  2.395868E+01  7.027462E+00  0.0000000000  0.000000E+00
        1.386073E+26 -3.999873E+00 -1.999887E+00 -3.054398E-01 -3.054398E-01
   134    10491.0493    8.31561083  7.164657E+08  8.898626E+08  4.430967E+30
        6.877580E+00  2.395875E+01  7.027513E+00  0.0000000000  0.000000E+00
        1.274605E+26 -3.999873E+00 -1.999887E+00 -3.054398E-01 -3.054398E-01
   135    10403.3339    8.31587500  7.162478E+08  9.103515E+08  4.282021E+30
        6.871734E+00  2.395882E+01  7.027565E+00  0.0000000000  0.000000E+00
        1.170198E+26 -3.999873E+00 -1.999887E+00 -3.054398E-01 -3.054398E-01
   136    10314.7299    8.31614154  7.160281E+08  9.317057E+08  4.135457E+30
        6.865775E+00  2.395890E+01  7.027617E+00  0.0000000000  0.000000E+00
        1.072790E+26 -3.999873E+00 -1.999887E+00 -3.054398E-01 -3.054398E-01
   137    10225.2305    8.31641055  7.158063E+08  9.539736E+08  3.991310E+30
        6.859699E+00  2.395897E+01  7.027671E+00  0.0000000000  0.000000E+00
        9.820273E+25 -3.999873E+00 -1.999887E+00 -3.054398E-01 -3.054398E-01
   138    10135.1423    8.31668093  7.155835E+08  9.771218E+08  3.850101E+30
        6.853526E+00  2.395904E+01  7.027724E+00  0.0000000000  0.000000E+00
        8.978523E+25 -3.999873E+00 -1.999887E+00 -3.054398E-01 -3.054398E-01
   139    10044.6600    8.31695203  7.153602E+08  1.001142E+09  3.712124E+30
        6.847265E+00  2.395912E+01  7.027776E+00  0.0000000000  0.000000E+00
        8.200275E+25 -3.999873E+00 -1.999887E+00 -3.054398E-01 -3.054398E-01
   140     9953.9910    8.31722307  7.151370E+08  1.026018E+09  3.577664E+30
        6.840931E+00  2.395919E+01  7.027828E+00  0.0000000000  0.000000E+00
        7.482965E+25 -3.999873E+00 -1.999887E+00 -3.054398E-01 -3.054398E-01
   141     9863.3047    8.31749328  7.149146E+08  1.051736E+09  3.446911E+30
        6.834533E+00  2.395925E+01  7.027878E+00  0.0000000000  0.000000E+00
        6.823471E+25 -3.999873E+00 -1.999887E+00 -3.054398E-01 -3.054398E-01
   142     9772.7463    8.31776199  7.146935E+08  1.078287E+09  3.320000E+30
        6.828081E+00  2.395932E+01  7.027926E+00  0.0000000000  0.000000E+00
        6.218397E+25 -3.999873E+00 -1.999887E+00 -3.054398E-01 -3.054398E-01
   143     9682.4520    8.31802902  7.144738E+08  1.105665E+09  3.197025E+30
        6.821582E+00  2.395938E+01  7.027972E+00  0.0000000000  0.000000E+00
        5.664201E+25 -3.999873E+00 -1.999887E+00 -3.054398E-01 -3.054398E-01
   144     9592.5522    8.31829621  7.142540E+08  1.133869E+09  3.078039E+30
        6.815045E+00  2.395945E+01  7.028019E+00  0.0000000000  0.000000E+00
        5.157540E+25 -3.999873E+00 -1.999887E+00 -3.054398E-01 -3.054398E-01
   145     9503.1268    8.31856405  7.140338E+08  1.162908E+09  2.963027E+30
        6.808475E+00  2.395952E+01  7.028069E+00  0.0000000000  0.000000E+00
        4.694755E+25 -3.999873E+00 -1.999887E+00 -3.054398E-01 -3.054398E-01
   146     9414.1845    8.31883223  7.138134E+08  1.192805E+09  2.851886E+30
        6.801871E+00  2.395959E+01  7.028121E+00  0.0000000000  0.000000E+00
        4.272174E+25 -3.999873E+00 -1.999887E+00 -3.054398E-01 -3.054398E-01
   147     9300.1989    8.31917769  7.135295E+08  1.232805E+09  2.714094E+30
        6.793306E+00  2.395968E+01  7.028191E+00  0.0000000000  0.000000E+00
        3.781061E+25 -3.999873E+00 -1.999887E+00 -3.054398E-01 -3.054398E-01
   148     9139.2892    8.31966766  7.131272E+08  1.292805E+09  2.528224E+30
        6.781014E+00  2.395982E+01  7.028292E+00  0.0000000000  0.000000E+00
        3.174652E+25 -3.999873E+00 -1.999887E+00 -3.054398E-01 -3.054398E-01
   149     8971.3307    8.32017899  7.127075E+08  1.359738E+09  2.344672E+30
        6.767927E+00  2.395996E+01  7.028396E+00  0.0000000000  0.000000E+00
        2.636853E+25 -3.999873E+00 -1.999887E+00 -3.054398E-01 -3.054398E-01
   150     8805.6816    8.32067946  7.122969E+08  1.430288E+09  2.173732E+30
        6.754759E+00  2.396010E+01  7.028492E+00  0.0000000000  0.000000E+00
        2.188720E+25 -3.999873E+00 -1.999887E+00 -3.054398E-01 -3.054398E-01
   151     8642.9940    8.32116353  7.119001E+08  1.504550E+09  2.015241E+30
        6.742116E+00  2.396021E+01  7.028643E+00  0.0003697158 -1.605952E-04
        1.811925E+25 -3.999873E+00 -1.999887E+00 -3.054398E-01 -3.054398E-01
   152     8496.6268    8.32159535  7.115462E+08  1.583183E+09  1.880288E+30
        6.733558E+00  2.396033E+01  7.028725E+00  0.0130289838 -5.695601E-03
        1.526163E+25 -3.999873E+00 -1.999887E+00 -3.054398E-01 -3.054398E-01
   153     8353.7397    8.32201443  7.112030E+08  1.677331E+09  1.755266E+30
        6.721623E+00  2.396043E+01  7.028800E+00  0.0376017598 -1.664518E-02
        1.282757E+25 -3.999873E+00 -1.999887E+00 -3.054398E-01 -3.054398E-01
   154     8208.7554    8.32243592  7.108580E+08  1.789004E+09  1.634959E+30
        6.708674E+00  2.396052E+01  7.028860E+00  0.0713634241 -3.215421E-02
        1.062603E+25 -3.999873E+00 -1.999887E+00 -3.054398E-01 -3.054398E-01
   155     8059.8516    8.32286470  7.105072E+08  1.916098E+09  1.518019E+30
        6.695029E+00  2.396060E+01  7.028908E+00  0.1123917401 -5.177866E-02
        8.700005E+24 -3.999873E+00 -1.999887E+00 -3.054398E-01 -3.054398E-01
   156     7912.0329    8.32329553  7.101548E+08  2.052881E+09  1.408284E+30
        6.681277E+00  2.396068E+01  7.028962E+00  0.1560730346 -7.369514E-02
        7.082103E+24 -3.999873E+00 -1.999887E+00 -3.054398E-01 -3.054398E-01
   157     7764.6828    8.32373446  7.097960E+08  2.198465E+09  1.304950E+30
        6.667485E+00  2.396078E+01  7.029037E+00  0.2007376082 -9.731062E-02
        5.755517E+24 -3.999873E+00 -1.999887E+00 -3.054398E-01 -3.054398E-01
   158     7623.4689    8.32416361  7.094454E+08  2.349076E+09  1.211380E+30
        6.654175E+00  2.396091E+01  7.029128E+00  0.2466869158 -1.230245E-01
        4.689114E+24 -3.999873E+00 -1.999887E+00 -3.054398E-01 -3.054398E-01
   159     7483.1982    8.32459054  7.090968E+08  2.507173E+09  1.123549E+30
        6.640630E+00  2.396103E+01  7.029217E+00  0.2919220395 -1.499189E-01
        3.814219E+24 -3.999873E+00 -1.999887E+00 -3.054398E-01 -3.054398E-01
   160     7345.8569    8.32500425  7.087592E+08  2.669019E+09  1.042316E+30
        6.627153E+00  2.396113E+01  7.029290E+00  0.3349406911 -1.771396E-01
        3.099551E+24 -3.999873E+00 -1.999887E+00 -3.054398E-01 -3.054398E-01
   161     7212.3280    8.32540255  7.084342E+08  2.831411E+09  9.676826E+29
        6.613961E+00  2.396120E+01  7.029347E+00  0.3796914899 -2.073923E-01
        2.524510E+24 -3.999873E+00 -1.999887E+00 -3.054398E-01 -3.054398E-01
   162     7093.4328    8.32576451  7.081391E+08  2.990294E+09  9.046798E+29
        6.602063E+00  2.396127E+01  7.029395E+00  0.4154152814 -2.331525E-01
        2.101385E+24 -3.999873E+00 -1.999887E+00 -3.054398E-01 -3.054398E-01
   163     6970.6590    8.32615590  7.078200E+08  3.155681E+09  8.428942E+29
        6.589489E+00  2.396134E+01  7.029451E+00  0.4569377127 -2.651504E-01
        1.730892E+24 -3.999873E+00 -1.999887E+00 -3.054398E-01 -3.054398E-01
   164     6859.4369    8.32653159  7.075140E+08  3.310269E+09  7.896886E+29
        6.577955E+00  2.396142E+01  7.029508E+00  0.4883898559 -2.910609E-01
        1.449473E+24 -3.999873E+00 -1.999887E+00 -3.054398E-01 -3.054398E-01
   165     6762.8489    8.32687965  7.072305E+08  3.456229E+09  7.455430E+29
        6.567819E+00  2.396150E+01  7.029564E+00  0.5146986906 -3.139885E-01
        1.237472E+24 -3.999873E+00 -1.999887E+00 -3.054398E-01 -3.054398E-01
   166     6666.1403    8.32724896  7.069299E+08  3.601268E+09  7.032058E+29
        6.557486E+00  2.396159E+01  7.029625E+00  0.5462755831 -3.432078E-01
        1.055486E+24 -3.999873E+00 -1.999887E+00 -3.054398E-01 -3.054398E-01
   167     6584.6351    8.32756827  7.066700E+08  3.733783E+09  6.689477E+29
        6.548685E+00  2.396166E+01  7.029673E+00  0.5672706747 -3.637837E-01
        9.229534E+23 -3.999873E+00 -1.999887E+00 -3.054398E-01 -3.054398E-01
   168     6497.5679    8.32791744  7.063860E+08  3.870000E+09  6.337522E+29
        6.539153E+00  2.396173E+01  7.029724E+00  0.5933838672 -3.908154E-01
        7.949983E+23 -3.999873E+00 -1.999887E+00 -3.054398E-01 -3.054398E-01
   169     6422.2019    8.32822961  7.061322E+08  3.995869E+09  6.044214E+29
        6.530800E+00  2.396179E+01  7.029764E+00  0.6141230970 -4.135512E-01
        6.960725E+23 -3.999873E+00 -1.999887E+00 -3.054398E-01 -3.054398E-01
   170     6348.9258    8.32854723  7.058740E+08  4.123482E+09  5.768825E+29
        6.522565E+00  2.396184E+01  7.029801E+00  0.6346862285 -4.373340E-01
        6.106987E+23 -3.999873E+00 -1.999887E+00 -3.054398E-01 -3.054398E-01
   171     6280.2820    8.32885904  7.056207E+08  4.249045E+09  5.519391E+29
        6.514732E+00  2.396189E+01  7.029832E+00  0.6499699192 -4.558946E-01
        5.365717E+23 -3.999873E+00 -1.999887E+00 -3.054398E-01 -3.054398E-01
   172     6208.9610    8.32919670  7.053464E+08  4.373518E+09  5.268811E+29
        6.506505E+00  2.396193E+01  7.029862E+00  0.6701325051 -4.816605E-01
        4.686147E+23 -3.999873E+00 -1.999887E+00 -3.054398E-01 -3.054398E-01
   173     6148.0641    8.32949076  7.051076E+08  4.486845E+09  5.061700E+29
        6.499321E+00  2.396197E+01  7.029886E+00  0.6850716993 -5.017883E-01
        4.162818E+23 -3.999873E+00 -1.999887E+00 -3.054398E-01 -3.054398E-01
   174     6086.7969    8.32979080  7.048641E+08  4.604767E+09  4.859572E+29
        6.491953E+00  2.396200E+01  7.029909E+00  0.6998362599 -5.226418E-01
        3.680013E+23 -3.999873E+00 -1.999887E+00 -3.054398E-01 -3.054398E-01
   175     6026.8688    8.33009029  7.046211E+08  4.725061E+09  4.667779E+29
        6.484556E+00  2.396203E+01  7.029931E+00  0.7144099916 -5.442570E-01
        3.249800E+23 -3.999873E+00 -1.999887E+00 -3.054398E-01 -3.054398E-01
   176     5968.3521    8.33039491  7.043741E+08  4.848439E+09  4.485971E+29
        6.477069E+00  2.396206E+01  7.029951E+00  0.7287766990 -5.666730E-01
        2.865518E+23 -3.999873E+00 -1.999887E+00 -3.054398E-01 -3.054398E-01
   177     5912.8544    8.33070374  7.041237E+08  4.973439E+09  4.318358E+29
        6.469590E+00  2.396209E+01  7.029970E+00  0.7429201868 -5.899320E-01
        2.523215E+23 -3.999873E+00 -1.999887E+00 -3.054398E-01 -3.054398E-01
   178     5839.0914    8.33114371  7.037671E+08  5.160939E+09  4.102711E+29
        6.458956E+00  2.396212E+01  7.029996E+00  0.7614029480 -6.223349E-01
        2.111700E+23 -3.999873E+00 -1.999887E+00 -3.054398E-01 -3.054398E-01
   179     5745.3319    8.33175549  7.032716E+08  5.432389E+09  3.840065E+29
        6.443064E+00  2.396218E+01  7.030034E+00  0.7882450641 -6.741665E-01
        1.604919E+23 -3.999873E+00 -1.999887E+00 -3.054398E-01 -3.054398E-01
   180     5660.3707    8.33235251  7.027883E+08  5.721822E+09  3.612939E+29
        6.425868E+00  2.396224E+01  7.030074E+00  0.8097224944 -7.206126E-01
        1.198606E+23 -3.999873E+00 -1.999887E+00 -3.054398E-01 -3.054398E-01
   181     5584.3405    8.33295582  7.023004E+08  6.036632E+09  3.417947E+29
        6.406582E+00  2.396231E+01  7.030124E+00  0.8382789404 -7.912334E-01
        8.587472E+22 -3.999873E+00 -1.999887E+00 -3.054398E-01 -3.054398E-01
   182     5518.2671    8.33353413  7.018329E+08  6.373177E+09  3.254695E+29
        6.385716E+00  2.396237E+01  7.030175E+00  0.8612115751 -8.576468E-01
        6.008353E+22 -3.999873E+00 -1.999887E+00 -3.054398E-01 -3.054398E-01
   183     5452.0968    8.33413538  7.013473E+08  6.735238E+09  3.097080E+29
        6.361407E+00  2.396243E+01  7.030231E+00  0.8859826624 -9.430291E-01
        3.933141E+22 -3.999873E+00 -1.999887E+00 -3.054398E-01 -3.054398E-01
   184     5389.8395    8.33468929  7.009002E+08  7.090084E+09  2.954253E+29
        6.336414E+00  2.396249E+01  7.030282E+00  0.9084215640 -1.038207E+00
        2.564191E+22 -3.999873E+00 -1.999887E+00 -3.054398E-01 -3.054398E-01
   185     5330.1405    8.33519679  7.004908E+08  7.442878E+09  2.822224E+29
        6.310691E+00  2.396253E+01  7.030306E+00  0.9256427239 -1.128677E+00
        1.642310E+22 -3.999873E+00 -1.999887E+00 -3.054398E-01 -3.054398E-01
   186     5270.1009    8.33569139  7.000920E+08  7.793028E+09  2.694126E+29
        6.283064E+00  2.396254E+01  7.030315E+00  0.9432045807 -1.245687E+00
        1.020394E+22 -3.999873E+00 -1.999887E+00 -3.054398E-01 -3.054398E-01
   187     5213.3336    8.33614336  6.997278E+08  8.119503E+09  2.577225E+29
        6.255724E+00  2.396258E+01  7.030341E+00  0.9559413039 -1.355968E+00
        6.406922E+21 -3.999873E+00 -1.999887E+00 -3.054398E-01 -3.054398E-01
   188     5156.4943    8.33657287  6.993819E+08  8.429942E+09  2.464217E+29
        6.227998E+00  2.396263E+01  7.030374E+00  0.9664031461 -1.473701E+00
        3.992094E+21 -3.999873E+00 -1.999887E+00 -3.054398E-01 -3.054398E-01
   189     5098.0228    8.33696576  6.990656E+08  8.720488E+09  2.352204E+29
        6.200302E+00  2.396267E+01  7.030402E+00  0.9745240151 -1.593869E+00
        2.498229E+21 -3.999873E+00 -1.999887E+00 -3.054398E-01 -3.054398E-01
   190     5036.7275    8.33731333  6.987859E+08  8.990869E+09  2.239309E+29
        6.172861E+00  2.396271E+01  7.030429E+00  0.9806825217 -1.714050E+00
        1.569473E+21 -3.999873E+00 -1.999887E+00 -3.054398E-01 -3.054398E-01
   191     4971.9680    8.33762316  6.985367E+08  9.242107E+09  2.124828E+29
        6.145876E+00  2.396276E+01  7.030469E+00  0.9853522836 -1.834230E+00
        1.002128E+21 -3.999873E+00 -1.999887E+00 -3.054398E-01 -3.054398E-01
   192     4902.8134    8.33790552  6.983097E+08  9.476606E+09  2.007750E+29
        6.119138E+00  2.396283E+01  7.030511E+00  0.9872450227 -1.894320E+00
        6.435626E+20 -3.999873E+00 -1.999887E+00 -3.054398E-01 -3.054398E-01
   193     4831.6313    8.33816229  6.981033E+08  9.694155E+09  1.892546E+29
        6.092850E+00  2.396287E+01  7.030538E+00  0.9878199348 -1.914350E+00
        4.189697E+20 -3.999873E+00 -1.999887E+00 -3.054398E-01 -3.054398E-01
   194     4761.4062    8.33840317  6.979097E+08  9.896649E+09  1.783903E+29
        6.067201E+00  2.396290E+01  7.030564E+00  0.9878199348 -1.914350E+00
        2.756123E+20 -3.999873E+00 -1.999887E+00 -3.054398E-01 -3.054398E-01
   195     4692.3993    8.33862714  6.977297E+08  1.008785E+10  1.681846E+29
        6.041954E+00  2.396294E+01  7.030588E+00  0.9883689334 -1.934380E+00
        1.832614E+20 -3.999873E+00 -1.999887E+00 -3.054398E-01 -3.054398E-01
   196     4624.7771    8.33882283  6.975726E+08  1.026875E+10  1.586259E+29
        6.017185E+00  2.396296E+01  7.030605E+00  0.9883689334 -1.934380E+00
        1.224675E+20 -3.999873E+00 -1.999887E+00 -3.054398E-01 -3.054398E-01
   197     4555.5428    8.33901162  6.974210E+08  1.044085E+10  1.492734E+29
        5.992507E+00  2.396300E+01  7.030629E+00  0.9883689334 -1.934380E+00
        8.225629E+19 -3.999873E+00 -1.999887E+00 -3.054398E-01 -3.054398E-01
   198     4485.9112    8.33918666  6.972804E+08  1.060169E+10  1.402974E+29
        5.968531E+00  2.396304E+01  7.030658E+00  0.9883689334 -1.934380E+00
        5.587536E+19 -3.999873E+00 -1.999887E+00 -3.054398E-01 -3.054398E-01
   199     4414.2375    8.33934219  6.971556E+08  1.075511E+10  1.314965E+29
        5.944797E+00  2.396307E+01  7.030678E+00  0.9888931867 -1.954411E+00
        3.807666E+19 -3.999873E+00 -1.999887E+00 -3.054398E-01 -3.054398E-01
   200     4340.7998    8.33947261  6.970509E+08  1.090208E+10  1.229249E+29
        5.921230E+00  2.396308E+01  7.030682E+00  0.9888931867 -1.954411E+00
        2.608752E+19 -3.999873E+00 -1.999887E+00 -3.054398E-01 -3.054398E-01
   201     4268.0795    8.33958652  6.969595E+08  1.104354E+10  1.148622E+29
        5.897979E+00  2.396307E+01  7.030680E+00  0.9888931867 -1.954411E+00
        1.799253E+19 -3.999873E+00 -1.999887E+00 -3.054398E-01 -3.054398E-01
   202     4193.5148    8.33969772  6.968703E+08  1.118180E+10  1.070160E+29
        5.874245E+00  2.396307E+01  7.030678E+00  0.9888931867 -1.954411E+00
        1.232067E+19 -3.999873E+00 -1.999887E+00 -3.054398E-01 -3.054398E-01
   203     4122.2395    8.33980662  6.967829E+08  1.131263E+10  9.989870E+28
        5.850895E+00  2.396308E+01  7.030682E+00  0.9888931867 -1.954411E+00
        8.474473E+18 -3.999873E+00 -1.999887E+00 -3.054398E-01 -3.054398E-01
   204     4052.5549    8.33990958  6.967003E+08  1.143825E+10  9.329098E+28
        5.827578E+00  2.396308E+01  7.030684E+00  0.9888931867 -1.954411E+00
        5.828806E+18 -3.999873E+00 -1.999887E+00 -3.054398E-01 -3.054398E-01
   205     3984.0183    8.34000640  6.966227E+08  1.155860E+10  8.711892E+28
        5.804332E+00  2.396308E+01  7.030684E+00  0.9893938100 -1.974441E+00
        4.007331E+18 -3.999873E+00 -1.999887E+00 -3.054398E-01 -3.054398E-01
   206     3915.4009    8.34009770  6.965495E+08  1.167396E+10  8.125327E+28
        5.781114E+00  2.396308E+01  7.030686E+00  0.9893938100 -1.974441E+00
        2.754582E+18 -3.999873E+00 -1.999887E+00 -3.054398E-01 -3.054398E-01
   207     3845.2105    8.34018218  6.964817E+08  1.178487E+10  7.556695E+28
        5.757871E+00  2.396308E+01  7.030688E+00  0.9893938100 -1.974441E+00
        1.890027E+18 -3.999873E+00 -1.999887E+00 -3.054398E-01 -3.054398E-01
   208     3774.4847    8.34025633  6.964223E+08  1.189225E+10  7.014681E+28
        5.734924E+00  2.396308E+01  7.030687E+00  0.9893938100 -1.974441E+00
        1.302904E+18 -3.999873E+00 -1.999887E+00 -3.054398E-01 -3.054398E-01
   209     3698.5923    8.34032695  6.963656E+08  1.199958E+10  6.466250E+28
        5.711222E+00  2.396308E+01  7.030687E+00  0.9893938100 -1.974441E+00
        8.856622E+17 -3.999873E+00 -1.999887E+00 -3.054398E-01 -3.054398E-01
   210     3618.2531    8.34039468  6.963113E+08  1.210435E+10  5.921540E+28
        5.686808E+00  2.396309E+01  7.030689E+00  0.9893938100 -1.974441E+00
        5.938442E+17 -3.999873E+00 -1.999887E+00 -3.054398E-01 -3.054398E-01
   211     3538.6962    8.34045380  6.962639E+08  1.220428E+10  5.416926E+28
        5.662696E+00  2.396309E+01  7.030689E+00  0.9893938100 -1.974441E+00
        3.998800E+17 -3.999873E+00 -1.999887E+00 -3.054398E-01 -3.054398E-01
   212     3457.4864    8.34050910  6.962196E+08  1.230255E+10  4.935901E+28
        5.638229E+00  2.396309E+01  7.030689E+00  0.9898718684 -1.994471E+00
        2.673617E+17 -3.999873E+00 -1.999887E+00 -3.054398E-01 -3.054398E-01
   213     3374.8499    8.34056230  6.961770E+08  1.239912E+10  4.480115E+28
        5.613386E+00  2.396309E+01  7.030690E+00  0.9898718684 -1.994471E+00
        1.773181E+17 -3.999873E+00 -1.999887E+00 -3.054398E-01 -3.054398E-01
   214     3291.0507    8.34061131  6.961377E+08  1.249387E+10  4.050985E+28
        5.588262E+00  2.396309E+01  7.030690E+00  0.9898718684 -1.994471E+00
        1.169079E+17 -3.999873E+00 -1.999887E+00 -3.054398E-01 -3.054398E-01
   215     3209.4447    8.34065456  6.961030E+08  1.258738E+10  3.663520E+28
        5.563574E+00  2.396309E+01  7.030690E+00  0.9898718684 -1.994471E+00
        7.753939E+16 -3.999873E+00 -1.999887E+00 -3.054398E-01 -3.054398E-01
   216     3119.0876    8.34069850  6.960678E+08  1.268349E+10  3.267724E+28
        5.536687E+00  2.396309E+01  7.030690E+00  0.9898718684 -1.994471E+00
        4.943107E+16 -3.999873E+00 -1.999887E+00 -3.054398E-01 -3.054398E-01
   217     3032.2912    8.34073610  6.960377E+08  1.277448E+10  2.918644E+28
        5.510482E+00  2.396309E+01  7.030691E+00  0.9898718684 -1.994471E+00
        3.182403E+16 -3.999873E+00 -1.999887E+00 -3.054398E-01 -3.054398E-01
   218     2945.4918    8.34077450  6.960069E+08  1.286445E+10  2.598307E+28
        5.483977E+00  2.396309E+01  7.030690E+00  0.9903283790 -2.014501E+00
        2.034515E+16 -3.999873E+00 -1.999887E+00 -3.054398E-01 -3.054398E-01
   219     2859.0937    8.34081469  6.959747E+08  1.295323E+10  2.306389E+28
        5.457190E+00  2.396309E+01  7.030691E+00  0.9903283790 -2.014501E+00
        1.291580E+16 -3.999873E+00 -1.999887E+00 -3.054398E-01 -3.054398E-01
   220     2778.4259    8.34084857  6.959476E+08  1.304060E+10  2.056744E+28
        5.431557E+00  2.396309E+01  7.030691E+00  0.9903283790 -2.014501E+00
        8.350026E+15 -3.999873E+00 -1.999887E+00 -3.054398E-01 -3.054398E-01
   221     2689.1258    8.34088110  6.959215E+08  1.313143E+10  1.804667E+28
        5.403099E+00  2.396309E+01  7.030691E+00  0.9907643130 -2.034531E+00
        5.124598E+15 -3.999873E+00 -1.999887E+00 -3.054398E-01 -3.054398E-01
   222     2606.8265    8.34090991  6.958984E+08  1.321586E+10  1.593574E+28
        5.376036E+00  2.396309E+01  7.030691E+00  0.9907643130 -2.034531E+00
        3.214709E+15 -3.999873E+00 -1.999887E+00 -3.054398E-01 -3.054398E-01
   223     2532.1533    8.34093358  6.958795E+08  1.329892E+10  1.418600E+28
        5.350691E+00  2.396309E+01  7.030691E+00  0.9907643130 -2.034531E+00
        2.074444E+15 -3.999873E+00 -1.999887E+00 -3.054398E-01 -3.054398E-01
   224     2447.9096    8.34095918  6.958589E+08  1.338671E+10  1.238956E+28
        5.321724E+00  2.396309E+01  7.030691E+00  0.9911805978 -2.054561E+00
        1.251894E+15 -3.999873E+00 -1.999887E+00 -3.054398E-01 -3.054398E-01
   225     2378.1633    8.34098053  6.958418E+08  1.346708E+10  1.103620E+28
        5.296786E+00  2.396309E+01  7.030691E+00  0.9911805978 -2.054561E+00
        8.098671E+14 -3.999873E+00 -1.999887E+00 -3.054398E-01 -3.054398E-01
   226     2297.7451    8.34100305  6.958238E+08  1.355309E+10  9.616962E+27
        5.267525E+00  2.396309E+01  7.030691E+00  0.9915781192 -2.074591E+00
        4.843774E+14 -3.999873E+00 -1.999887E+00 -3.054398E-01 -3.054398E-01
   227     2233.4033    8.34102061  6.958097E+08  1.363073E+10  8.583839E+27
        5.243220E+00  2.396309E+01  7.030691E+00  0.9919577228 -2.094621E+00
        3.165448E+14 -3.999873E+00 -1.999887E+00 -3.054398E-01 -3.054398E-01
   228     2164.0142    8.34104097  6.957934E+08  1.371523E+10  7.565420E+27
        5.216340E+00  2.396309E+01  7.030691E+00  0.9923202164 -2.114651E+00
        1.978053E+14 -3.999873E+00 -1.999887E+00 -3.054398E-01 -3.054398E-01
   229     2103.9720    8.34105677  6.957808E+08  1.379773E+10  6.759844E+27
        5.192339E+00  2.396309E+01  7.030691E+00  0.9926663710 -2.134681E+00
        1.303162E+14 -3.999873E+00 -1.999887E+00 -3.054398E-01 -3.054398E-01
   230     2037.6482    8.34107645  6.957650E+08  1.388765E+10  5.946672E+27
        5.165092E+00  2.396309E+01  7.030692E+00  0.9936140015 -2.194771E+00
        8.130395E+13 -3.999873E+00 -1.999887E+00 -3.054398E-01 -3.054398E-01
   231     1986.4741    8.34109995  6.957462E+08  1.397326E+10  5.371125E+27
        5.143357E+00  2.396309E+01  7.030692E+00  0.9944391816 -2.254861E+00
        5.404408E+13 -3.999873E+00 -1.999887E+00 -3.054398E-01 -3.054398E-01
   232     1933.0998    8.34112474  6.957263E+08  1.405886E+10  4.816438E+27
        5.119998E+00  2.396309E+01  7.030692E+00  0.9953759913 -2.334981E+00
        3.538985E+13 -3.999873E+00 -1.999887E+00 -3.054398E-01 -3.054398E-01
   233     1878.4467    8.34114891  6.957070E+08  1.414447E+10  4.294179E+27
        5.095442E+00  2.396309E+01  7.030692E+00  0.9964937838 -2.455161E+00
        2.289659E+13 -3.999873E+00 -1.999887E+00 -3.054398E-01 -3.054398E-01
   234     1818.5696    8.34117163  6.956888E+08  1.423371E+10  3.772087E+27
        5.067670E+00  2.396309E+01  7.030692E+00  0.9973413634 -2.575341E+00
        1.406619E+13 -3.999873E+00 -1.999887E+00 -3.054398E-01 -3.054398E-01
   235     1759.1927    8.34119299  6.956717E+08  1.431402E+10  3.302892E+27
        5.039143E+00  2.396309E+01  7.030692E+00  0.9980749159 -2.715550E+00
        8.615812E+12 -3.999873E+00 -1.999887E+00 -3.054398E-01 -3.054398E-01
   236     1706.2219    8.34120658  6.956608E+08  1.438505E+10  2.922598E+27
        5.012700E+00  2.396309E+01  7.030692E+00  0.9985402759 -2.835729E+00
        5.507823E+12 -3.999873E+00 -1.999887E+00 -3.054398E-01 -3.054398E-01
   237     1656.2459    8.34121953  6.956504E+08  1.444579E+10  2.594856E+27
        4.986942E+00  2.396309E+01  7.030692E+00  0.9988931407 -2.955908E+00
        3.597770E+12 -3.999873E+00 -1.999887E+00 -3.054398E-01 -3.054398E-01
   238     1604.3929    8.34123255  6.956400E+08  1.450456E+10  2.284778E+27
        4.959207E+00  2.396309E+01  7.030692E+00  0.9991985337 -3.096115E+00
        2.294479E+12 -3.999873E+00 -1.999887E+00 -3.054398E-01 -3.054398E-01
   239     1556.2170    8.34124383  6.956309E+08  1.455708E+10  2.022416E+27
        4.932488E+00  2.396309E+01  7.030692E+00  0.9993922726 -3.216291E+00
        1.501574E+12 -3.999873E+00 -1.999887E+00 -3.054398E-01 -3.054398E-01
   240     1509.7934    8.34125698  6.956204E+08  1.460554E+10  1.791623E+27
        4.905838E+00  2.396309E+01  7.030692E+00  0.9995391775 -3.336466E+00
        9.894861E+11 -3.999873E+00 -1.999887E+00 -3.054398E-01 -3.054398E-01
   241     1465.2900    8.34126755  6.956119E+08  1.465005E+10  1.589499E+27
        4.879346E+00  2.396309E+01  7.030692E+00  0.9996340775 -3.436611E+00
        6.598164E+11 -3.999873E+00 -1.999887E+00 -3.054398E-01 -3.054398E-01
