============================================================================
  #Mod      Teff         Log(g)           R            Age            L
           Log(Tc)       Log(Pc)      Log(rhoc)       Mx/M         Log(qx)
             Lnu        Log(H/*)      Log(He/*)     Log(C/*)      Log(O/*)
============================================================================
     1   130833.0624    8.05236662  9.999585E+08  0.000000E+00  2.087690E+35
        8.006404E+00  2.401055E+01  7.060518E+00  0.0000000000  0.000000E+00
        6.727636E+35 -3.999873E+00 -1.999887E+00 -3.054398E-01 -3.054398E-01
     2   116979.6433    8.10946582  9.363374E+08  6.000000E+04  1.169871E+35
        7.979971E+00  2.403036E+01  7.074455E+00  0.0000000000  0.000000E+00
        4.004646E+35 -3.999873E+00 -1.999887E+00 -3.054398E-01 -3.054398E-01
     3   106676.3338    8.14664848  8.971004E+08  1.200000E+05  7.426538E+34
        7.959848E+00  2.404310E+01  7.083442E+00  0.0000000000  0.000000E+00
        2.640432E+35 -3.999873E+00 -1.999887E+00 -3.054398E-01 -3.054398E-01
     4    98667.8878    8.17298274  8.703099E+08  1.800000E+05  5.115441E+34
        7.943800E+00  2.405192E+01  7.089668E+00  0.0000000000  0.000000E+00
        1.869591E+35 -3.999873E+00 -1.999887E+00 -3.054398E-01 -3.054398E-01
     5    92289.1580    8.19268251  8.507932E+08  2.400000E+05  3.741819E+34
        7.930580E+00  2.405843E+01  7.094272E+00  0.0000000000  0.000000E+00
        1.395051E+35 -3.999873E+00 -1.999887E+00 -3.054398E-01 -3.054398E-01
     6    87162.9184    8.20789283  8.360242E+08  3.000000E+05  2.874728E+34
        7.919398E+00  2.406344E+01  7.097815E+00  0.0000000000  0.000000E+00
        1.082705E+35 -3.999873E+00 -1.999887E+00 -3.054398E-01 -3.054398E-01
     7    82848.8113    8.22017529  8.242854E+08  3.600000E+05  2.281037E+34
        7.909747E+00  2.406742E+01  7.100636E+00  0.0000000000  0.000000E+00
        8.664325E+34 -3.999873E+00 -1.999887E+00 -3.054398E-01 -3.054398E-01
     8    79135.4408    8.23034471  8.146910E+08  4.200000E+05  1.854821E+34
        7.901282E+00  2.407066E+01  7.102941E+00  0.0000000000  0.000000E+00
        7.104844E+34 -3.999873E+00 -1.999887E+00 -3.054398E-01 -3.054398E-01
     9    75908.7971    8.23890661  8.066998E+08  4.800000E+05  1.539658E+34
        7.893755E+00  2.407337E+01  7.104864E+00  0.0000000000  0.000000E+00
        5.942622E+34 -3.999873E+00 -1.999887E+00 -3.054398E-01 -3.054398E-01
    10    73092.0968    8.24621588  7.999399E+08  5.400000E+05  1.301453E+34
        7.886991E+00  2.407567E+01  7.106497E+00  0.0000000000  0.000000E+00
        5.052650E+34 -3.999873E+00 -1.999887E+00 -3.054398E-01 -3.054398E-01
    11    70584.8765    8.25256821  7.941109E+08  6.000000E+05  1.115427E+34
        7.880854E+00  2.407765E+01  7.107904E+00  0.0000000000  0.000000E+00
        4.355297E+34 -3.999873E+00 -1.999887E+00 -3.054398E-01 -3.054398E-01
    12    68364.3866    8.25811053  7.890600E+08  6.600000E+05  9.691069E+33
        7.875241E+00  2.407937E+01  7.109129E+00  0.0000000000  0.000000E+00
        3.798031E+34 -3.999873E+00 -1.999887E+00 -3.054398E-01 -3.054398E-01
    13    66369.1235    8.26301124  7.846205E+08  7.200000E+05  8.511687E+33
        7.870073E+00  2.408088E+01  7.110205E+00  0.0000000000  0.000000E+00
        3.345201E+34 -3.999873E+00 -1.999887E+00 -3.054398E-01 -3.054398E-01
    14    64546.3752    8.26740505  7.806615E+08  7.800000E+05  7.537805E+33
        7.865286E+00  2.408221E+01  7.111158E+00  0.0000000000  0.000000E+00
        2.971921E+34 -3.999873E+00 -1.999887E+00 -3.054398E-01 -3.054398E-01
    15    62906.7628    8.27132812  7.771435E+08  8.400000E+05  6.739439E+33
        7.860830E+00  2.408341E+01  7.112011E+00  0.0000000000  0.000000E+00
        2.660364E+34 -3.999873E+00 -1.999887E+00 -3.054398E-01 -3.054398E-01
    16    61412.3494    8.27487065  7.739804E+08  9.000000E+05  6.071762E+33
        7.856664E+00  2.408448E+01  7.112779E+00  0.0000000000  0.000000E+00
        2.397417E+34 -3.999873E+00 -1.999887E+00 -3.054398E-01 -3.054398E-01
    17    59905.0113    8.27841956  7.708245E+08  9.669400E+05  5.452499E+33
        7.852332E+00  2.408556E+01  7.113547E+00  0.0000000000  0.000000E+00
        2.150390E+34 -3.999873E+00 -1.999887E+00 -3.054398E-01 -3.054398E-01
    18    58435.1067    8.28185533  7.677814E+08  1.039046E+06  4.897817E+33
        7.847983E+00  2.408660E+01  7.114289E+00  0.0000000000  0.000000E+00
        1.927022E+34 -3.999873E+00 -1.999887E+00 -3.054398E-01 -3.054398E-01
    19    57019.6570    8.28515719  7.648683E+08  1.116627E+06  4.406601E+33
        7.843625E+00  2.408760E+01  7.115003E+00  0.0000000000  0.000000E+00
        1.725546E+34 -3.999873E+00 -1.999887E+00 -3.054398E-01 -3.054398E-01
    20    55649.7291    8.28834949  7.620624E+08  1.200723E+06  3.968855E+33
        7.839229E+00  2.408857E+01  7.115697E+00  0.0000000000  0.000000E+00
        1.542835E+34 -3.999873E+00 -1.999887E+00 -3.054398E-01 -3.054398E-01
    21    54313.0229    8.29145334  7.593441E+08  1.292031E+06  3.575404E+33
        7.834791E+00  2.408951E+01  7.116370E+00  0.0000000000  0.000000E+00
        1.377289E+34 -3.999873E+00 -1.999887E+00 -3.054398E-01 -3.054398E-01
    22    53006.4921    8.29446718  7.567139E+08  1.390760E+06  3.221155E+33
        7.830330E+00  2.409042E+01  7.117022E+00  0.0000000000  0.000000E+00
        1.228204E+34 -3.999873E+00 -1.999887E+00 -3.054398E-01 -3.054398E-01
    23    51738.6484    8.29737188  7.541875E+08  1.497140E+06  2.904364E+33
        7.825863E+00  2.409129E+01  7.117650E+00  0.0000000000  0.000000E+00
        1.094564E+34 -3.999873E+00 -1.999887E+00 -3.054398E-01 -3.054398E-01
    24    50507.1450    8.30017345  7.517589E+08  1.612127E+06  2.620598E+33
        7.821377E+00  2.409214E+01  7.118260E+00  0.0000000000  0.000000E+00
        9.745434E+33 -3.999873E+00 -1.999887E+00 -3.054398E-01 -3.054398E-01
    25    49312.6140    8.30287365  7.494255E+08  1.736698E+06  2.366579E+33
        7.816861E+00  2.409297E+01  7.118853E+00  0.0000000000  0.000000E+00
        8.666895E+33 -3.999873E+00 -1.999887E+00 -3.054398E-01 -3.054398E-01
    26    48154.7016    8.30547508  7.471843E+08  1.872074E+06  2.139155E+33
        7.812301E+00  2.409377E+01  7.119431E+00  0.0000000000  0.000000E+00
        7.696660E+33 -3.999873E+00 -1.999887E+00 -3.054398E-01 -3.054398E-01
    27    47035.2710    8.30798141  7.450314E+08  2.019677E+06  1.935868E+33
        7.807681E+00  2.409456E+01  7.119996E+00  0.0000000000  0.000000E+00
        6.823153E+33 -3.999873E+00 -1.999887E+00 -3.054398E-01 -3.054398E-01
    28    45951.5581    8.31039908  7.429605E+08  2.181257E+06  1.753737E+33
        7.802981E+00  2.409533E+01  7.120550E+00  0.0000000000  0.000000E+00
        6.035935E+33 -3.999873E+00 -1.999887E+00 -3.054398E-01 -3.054398E-01
    29    44902.0864    8.31272867  7.409705E+08  2.358585E+06  1.590376E+33
        7.798186E+00  2.409608E+01  7.121095E+00  0.0000000000  0.000000E+00
        5.327025E+33 -3.999873E+00 -1.999887E+00 -3.054398E-01 -3.054398E-01
    30    43891.7338    8.31497070  7.390604E+08  2.553717E+06  1.444517E+33
        7.793280E+00  2.409683E+01  7.121631E+00  0.0000000000  0.000000E+00
        4.689202E+33 -3.999873E+00 -1.999887E+00 -3.054398E-01 -3.054398E-01
    31    42912.6742    8.31713306  7.372228E+08  2.769554E+06  1.313324E+33
        7.788230E+00  2.409756E+01  7.122161E+00  0.0000000000  0.000000E+00
        4.114817E+33 -3.999873E+00 -1.999887E+00 -3.054398E-01 -3.054398E-01
    32    41974.0298    8.31921027  7.354618E+08  3.008582E+06  1.196396E+33
        7.783023E+00  2.409829E+01  7.122685E+00  0.0000000000  0.000000E+00
        3.599363E+33 -3.999873E+00 -1.999887E+00 -3.054398E-01 -3.054398E-01
    33    41068.7158    8.32121275  7.337682E+08  3.275084E+06  1.091426E+33
        7.777612E+00  2.409900E+01  7.123206E+00  0.0000000000  0.000000E+00
        3.136215E+33 -3.999873E+00 -1.999887E+00 -3.054398E-01 -3.054398E-01
    34    40195.2200    8.32313914  7.321426E+08  3.572812E+06  9.970594E+32
        7.771974E+00  2.409972E+01  7.123723E+00  0.0000000000  0.000000E+00
        2.721683E+33 -3.999873E+00 -1.999887E+00 -3.054398E-01 -3.054398E-01
    35    39363.6808    8.32498618  7.305874E+08  3.906363E+06  9.131858E+32
        7.766076E+00  2.410042E+01  7.124236E+00  0.0000000000  0.000000E+00
        2.351870E+33 -3.999873E+00 -1.999887E+00 -3.054398E-01 -3.054398E-01
    36    38559.4917    8.32677037  7.290882E+08  4.283306E+06  8.373699E+32
        7.759852E+00  2.410113E+01  7.124749E+00  0.0000000000  0.000000E+00
        2.021470E+33 -3.999873E+00 -1.999887E+00 -3.054398E-01 -3.054398E-01
    37    37798.0438    8.32847823  7.276561E+08  4.708772E+06  7.701257E+32
        7.753288E+00  2.410183E+01  7.125260E+00  0.0000000000  0.000000E+00
        1.728747E+33 -3.999873E+00 -1.999887E+00 -3.054398E-01 -3.054398E-01
    38    37062.0965    8.33012889  7.262746E+08  5.193801E+06  7.091753E+32
        7.746297E+00  2.410253E+01  7.125773E+00  0.0000000000  0.000000E+00
        1.468984E+33 -3.999873E+00 -1.999887E+00 -3.054398E-01 -3.054398E-01
    39    36368.4831    8.33170466  7.249582E+08  5.745027E+06  6.551770E+32
        7.738878E+00  2.410323E+01  7.126283E+00  0.0000000000  0.000000E+00
        1.241017E+33 -3.999873E+00 -1.999887E+00 -3.054398E-01 -3.054398E-01
    40    35698.0213    8.33322600  7.236895E+08  6.377790E+06  6.060565E+32
        7.730935E+00  2.410392E+01  7.126793E+00  0.0000000000  0.000000E+00
        1.040772E+33 -3.999873E+00 -1.999887E+00 -3.054398E-01 -3.054398E-01
    41    35067.9381    8.33467384  7.224842E+08  7.100086E+06  5.625092E+32
        7.722492E+00  2.410460E+01  7.127297E+00  0.0000000000  0.000000E+00
        8.673269E+32 -3.999873E+00 -1.999887E+00 -3.054398E-01 -3.054398E-01
    42    34457.9625    8.33607361  7.213208E+08  7.932047E+06  5.226937E+32
        7.713458E+00  2.410528E+01  7.127800E+00  0.0000000000  0.000000E+00
        7.171364E+32 -3.999873E+00 -1.999887E+00 -3.054398E-01 -3.054398E-01
    43    33879.3113    8.33741269  7.202096E+08  8.882433E+06  4.869542E+32
        7.703897E+00  2.410596E+01  7.128299E+00  0.0000000000  0.000000E+00
        5.891744E+32 -3.999873E+00 -1.999887E+00 -3.054398E-01 -3.054398E-01
    44    33325.5014    8.33870411  7.191396E+08  9.972280E+06  4.545328E+32
        7.693770E+00  2.410662E+01  7.128794E+00  0.0000000000  0.000000E+00
        4.805326E+32 -3.999873E+00 -1.999887E+00 -3.054398E-01 -3.054398E-01
    45    32798.8197    8.33994936  7.181094E+08  1.121744E+07  4.252517E+32
        7.683117E+00  2.410728E+01  7.129284E+00  0.0000000000  0.000000E+00
        3.892288E+32 -3.999873E+00 -1.999887E+00 -3.054398E-01 -3.054398E-01
    46    32283.5607    8.34116776  7.171028E+08  1.263796E+07  3.980343E+32
        7.671959E+00  2.410794E+01  7.129772E+00  0.0000000000  0.000000E+00
        3.130545E+32 -3.999873E+00 -1.999887E+00 -3.054398E-01 -3.054398E-01
    47    31787.2975    8.34235124  7.161264E+08  1.423741E+07  3.731004E+32
        7.660441E+00  2.410859E+01  7.130256E+00  0.0000000000  0.000000E+00
        2.505286E+32 -3.999873E+00 -1.999887E+00 -3.054398E-01 -3.054398E-01
    48    31300.9443    8.34351614  7.151666E+08  1.603469E+07  3.498454E+32
        7.648586E+00  2.410924E+01  7.130743E+00  0.0000000000  0.000000E+00
        1.994122E+32 -3.999873E+00 -1.999887E+00 -3.054398E-01 -3.054398E-01
    49    30831.6690    8.34465621  7.142285E+08  1.803401E+07  3.284691E+32
        7.636498E+00  2.410989E+01  7.131232E+00  0.0000000000  0.000000E+00
        1.580515E+32 -3.999873E+00 -1.999887E+00 -3.054398E-01 -3.054398E-01
    50    30366.9883    8.34578641  7.132997E+08  2.025363E+07  3.083067E+32
        7.624178E+00  2.411055E+01  7.131724E+00  0.0000000000  0.000000E+00
        1.246538E+32 -3.999873E+00 -1.999887E+00 -3.054398E-01 -3.054398E-01
    51    29912.1528    8.34689343  7.123912E+08  2.268458E+07  2.895075E+32
        7.611753E+00  2.411120E+01  7.132205E+00  0.0000000000  0.000000E+00
        9.801008E+31 -3.999873E+00 -1.999887E+00 -3.054398E-01 -3.054398E-01
    52    29464.4154    8.34798014  7.115005E+08  2.533415E+07  2.718778E+32
        7.599243E+00  2.411182E+01  7.132671E+00  0.0000000000  0.000000E+00
        7.681339E+31 -3.999873E+00 -1.999887E+00 -3.054398E-01 -3.054398E-01
    53    29021.8962    8.34904847  7.106259E+08  2.820052E+07  2.552802E+32
        7.586696E+00  2.411243E+01  7.133123E+00  0.0000000000  0.000000E+00
        6.004355E+31 -3.999873E+00 -1.999887E+00 -3.054398E-01 -3.054398E-01
    54    28585.6520    8.35009735  7.097683E+08  3.127861E+07  2.396942E+32
        7.574154E+00  2.411302E+01  7.133561E+00  0.0000000000  0.000000E+00
        4.684311E+31 -3.999873E+00 -1.999887E+00 -3.054398E-01 -3.054398E-01
    55    28155.8601    8.35112827  7.089264E+08  3.456813E+07  2.250658E+32
        7.561626E+00  2.411359E+01  7.133988E+00  0.0000000000  0.000000E+00
        3.647832E+31 -3.999873E+00 -1.999887E+00 -3.054398E-01 -3.054398E-01
    56    27731.1412    8.35214469  7.080973E+08  3.806849E+07  2.112948E+32
        7.549118E+00  2.411415E+01  7.134407E+00  0.0000000000  0.000000E+00
        2.836037E+31 -3.999873E+00 -1.999887E+00 -3.054398E-01 -3.054398E-01
    57    27311.4270    8.35314545  7.072819E+08  4.177432E+07  1.983329E+32
        7.536647E+00  2.411470E+01  7.134817E+00  0.0000000000  0.000000E+00
        2.202370E+31 -3.999873E+00 -1.999887E+00 -3.054398E-01 -3.054398E-01
    58    26897.1018    8.35412736  7.064828E+08  4.568163E+07  1.861475E+32
        7.524220E+00  2.411523E+01  7.135212E+00  0.0000000000  0.000000E+00
        1.708877E+31 -3.999873E+00 -1.999887E+00 -3.054398E-01 -3.054398E-01
    59    26487.6900    8.35509145  7.056991E+08  4.978860E+07  1.746817E+32
        7.511843E+00  2.411574E+01  7.135592E+00  0.0000000000  0.000000E+00
        1.325195E+31 -3.999873E+00 -1.999887E+00 -3.054398E-01 -3.054398E-01
    60    26083.0673    8.35603818  7.049303E+08  5.409170E+07  1.638925E+32
        7.499524E+00  2.411623E+01  7.135959E+00  0.0000000000  0.000000E+00
        1.027464E+31 -3.999873E+00 -1.999887E+00 -3.054398E-01 -3.054398E-01
    61    25683.4852    8.35696821  7.041759E+08  5.858873E+07  1.537482E+32
        7.487269E+00  2.411671E+01  7.136316E+00  0.0000000000  0.000000E+00
        7.967289E+30 -3.999873E+00 -1.999887E+00 -3.054398E-01 -3.054398E-01
    62    25289.1489    8.35788256  7.034350E+08  6.328031E+07  1.442171E+32
        7.475075E+00  2.411718E+01  7.136665E+00  0.0000000000  0.000000E+00
        6.180095E+30 -3.999873E+00 -1.999887E+00 -3.054398E-01 -3.054398E-01
    63    24900.0393    8.35878214  7.027069E+08  6.816834E+07  1.352635E+32
        7.462941E+00  2.411764E+01  7.137008E+00  0.0000000000  0.000000E+00
        4.796167E+30 -3.999873E+00 -1.999887E+00 -3.054398E-01 -3.054398E-01
    64    24516.2957    8.35966927  7.019895E+08  7.325513E+07  1.268565E+32
        7.450868E+00  2.411810E+01  7.137350E+00  0.0000000000  0.000000E+00
        3.724804E+30 -3.999873E+00 -1.999887E+00 -3.054398E-01 -3.054398E-01
    65    24137.9077    8.36054405  7.012829E+08  7.854538E+07  1.189644E+32
        7.438851E+00  2.411856E+01  7.137691E+00  0.0000000000  0.000000E+00
        2.895086E+30 -3.999873E+00 -1.999887E+00 -3.054398E-01 -3.054398E-01
    66    23764.7911    8.36140538  7.005878E+08  8.404340E+07  1.115561E+32
        7.426887E+00  2.411902E+01  7.138027E+00  0.0000000000  0.000000E+00
        2.252279E+30 -3.999873E+00 -1.999887E+00 -3.054398E-01 -3.054398E-01
    67    23396.9495    8.36225166  6.999056E+08  8.975288E+07  1.046039E+32
        7.414976E+00  2.411946E+01  7.138353E+00  0.0000000000  0.000000E+00
        1.754126E+30 -3.999873E+00 -1.999887E+00 -3.054398E-01 -3.054398E-01
    68    23034.5139    8.36308060  6.992379E+08  9.567787E+07  9.808399E+31
        7.403115E+00  2.411988E+01  7.138667E+00  0.0000000000  0.000000E+00
        1.367874E+30 -3.999873E+00 -1.999887E+00 -3.054398E-01 -3.054398E-01
    69    22677.1719    8.36389109  6.985858E+08  1.018231E+08  9.196594E+31
        7.391305E+00  2.412028E+01  7.138964E+00  0.0000000000  0.000000E+00
        1.068216E+30 -3.999873E+00 -1.999887E+00 -3.054398E-01 -3.054398E-01
    70    22325.4248    8.36468417  6.979482E+08  1.081921E+08  8.623375E+31
        7.379548E+00  2.412066E+01  7.139248E+00  0.0000000000  0.000000E+00
        8.356283E+29 -3.999873E+00 -1.999887E+00 -3.054398E-01 -3.054398E-01
    71    21979.0339    8.36546464  6.973213E+08  1.147946E+08  8.085973E+31
        7.367847E+00  2.412104E+01  7.139531E+00  0.0000000000  0.000000E+00
        6.548814E+29 -3.999873E+00 -1.999887E+00 -3.054398E-01 -3.054398E-01
    72    21637.6849    8.36623241  6.967052E+08  1.216408E+08  7.581817E+31
        7.356196E+00  2.412142E+01  7.139816E+00  0.0000000000  0.000000E+00
        5.142034E+29 -3.999873E+00 -1.999887E+00 -3.054398E-01 -3.054398E-01
    73    21301.4131    8.36698545  6.961015E+08  1.287384E+08  7.109037E+31
        7.344594E+00  2.412179E+01  7.140097E+00  0.0000000000  0.000000E+00
        4.045674E+29 -3.999873E+00 -1.999887E+00 -3.054398E-01 -3.054398E-01
    74    20970.1104    8.36772230  6.955112E+08  1.360954E+08  6.665659E+31
        7.333040E+00  2.412215E+01  7.140369E+00  0.0000000000  0.000000E+00
        3.189990E+29 -3.999873E+00 -1.999887E+00 -3.054398E-01 -3.054398E-01
    75    20643.7020    8.36844217  6.949350E+08  1.437195E+08  6.249866E+31
        7.321534E+00  2.412249E+01  7.140629E+00  0.0000000000  0.000000E+00
        2.521156E+29 -3.999873E+00 -1.999887E+00 -3.054398E-01 -3.054398E-01
    76    20322.1319    8.36914409  6.943736E+08  1.516185E+08  5.859972E+31
        7.310076E+00  2.412282E+01  7.140872E+00  0.0000000000  0.000000E+00
        1.997512E+29 -3.999873E+00 -1.999887E+00 -3.054398E-01 -3.054398E-01
    77    20005.4020    8.36982863  6.938266E+08  1.598004E+08  5.494435E+31
        7.298668E+00  2.412312E+01  7.141096E+00  0.0000000000  0.000000E+00
        1.586845E+29 -3.999873E+00 -1.999887E+00 -3.054398E-01 -3.054398E-01
    78    19693.6400    8.37049894  6.932914E+08  1.682750E+08  5.151902E+31
        7.287314E+00  2.412340E+01  7.141308E+00  0.0000000000  0.000000E+00
        1.264159E+29 -3.999873E+00 -1.999887E+00 -3.054398E-01 -3.054398E-01
    79    19386.7260    8.37115729  6.927661E+08  1.770565E+08  4.830845E+31
        7.276013E+00  2.412367E+01  7.141510E+00  0.0000000000  0.000000E+00
        1.009949E+29 -3.999873E+00 -1.999887E+00 -3.054398E-01 -3.054398E-01
    80    19084.9078    8.37180507  6.922496E+08  1.861577E+08  4.530204E+31
        7.264762E+00  2.412394E+01  7.141705E+00  0.0000000000  0.000000E+00
        8.091559E+28 -3.999873E+00 -1.999887E+00 -3.054398E-01 -3.054398E-01
    81    18788.4556    8.37244358  6.917410E+08  1.955939E+08  4.248966E+31
        7.253559E+00  2.412419E+01  7.141895E+00  0.0000000000  0.000000E+00
        6.500782E+28 -3.999873E+00 -1.999887E+00 -3.054398E-01 -3.054398E-01
    82    18496.8619    8.37307458  6.912386E+08  2.053819E+08  3.985476E+31
        7.242398E+00  2.412444E+01  7.142080E+00  0.0000000000  0.000000E+00
        5.237033E+28 -3.999873E+00 -1.999887E+00 -3.054398E-01 -3.054398E-01
    83    18210.0211    8.37369894  6.907419E+08  2.155319E+08  3.738569E+31
        7.231284E+00  2.412469E+01  7.142262E+00  0.0000000000  0.000000E+00
        4.231064E+28 -3.999873E+00 -1.999887E+00 -3.054398E-01 -3.054398E-01
    84    17928.0838    8.37431487  6.902523E+08  2.260557E+08  3.507383E+31
        7.220215E+00  2.412493E+01  7.142439E+00  0.0000000000  0.000000E+00
        3.428276E+28 -3.999873E+00 -1.999887E+00 -3.054398E-01 -3.054398E-01
    85    17650.5688    8.37492235  6.897697E+08  2.369663E+08  3.290599E+31
        7.209193E+00  2.412516E+01  7.142610E+00  0.0000000000  0.000000E+00
        2.786140E+28 -3.999873E+00 -1.999887E+00 -3.054398E-01 -3.054398E-01
    86    17377.5260    8.37552150  6.892940E+08  2.482715E+08  3.087399E+31
        7.198225E+00  2.412538E+01  7.142774E+00  0.0000000000  0.000000E+00
        2.271513E+28 -3.999873E+00 -1.999887E+00 -3.054398E-01 -3.054398E-01
    87    17108.8412    8.37611257  6.888251E+08  2.599843E+08  2.896892E+31
        7.187314E+00  2.412560E+01  7.142933E+00  0.0000000000  0.000000E+00
        1.857982E+28 -3.999873E+00 -1.999887E+00 -3.054398E-01 -3.054398E-01
    88    16844.6986    8.37669569  6.883629E+08  2.721172E+08  2.718440E+31
        7.176462E+00  2.412581E+01  7.143088E+00  0.0000000000  0.000000E+00
        1.524741E+28 -3.999873E+00 -1.999887E+00 -3.054398E-01 -3.054398E-01
    89    16585.1829    8.37727149  6.879067E+08  2.846872E+08  2.551362E+31
        7.165667E+00  2.412602E+01  7.143240E+00  0.0000000000  0.000000E+00
        1.255298E+28 -3.999873E+00 -1.999887E+00 -3.054398E-01 -3.054398E-01
    90    16330.3230    8.37784067  6.874561E+08  2.977111E+08  2.394975E+31
        7.154927E+00  2.412622E+01  7.143390E+00  0.0000000000  0.000000E+00
        1.036722E+28 -3.999873E+00 -1.999887E+00 -3.054398E-01 -3.054398E-01
    91    16080.1208    8.37840304  6.870111E+08  3.112039E+08  2.248623E+31
        7.144243E+00  2.412642E+01  7.143538E+00  0.0000000000  0.000000E+00
        8.588572E+27 -3.999873E+00 -1.999887E+00 -3.054398E-01 -3.054398E-01
    92    15834.5524    8.37895581  6.865740E+08  3.251776E+08  2.111689E+31
        7.133615E+00  2.412661E+01  7.143681E+00  0.0000000000  0.000000E+00
        7.136809E+27 -3.999873E+00 -1.999887E+00 -3.054398E-01 -3.054398E-01
    93    15593.6744    8.37949621  6.861470E+08  3.396386E+08  1.983628E+31
        7.123047E+00  2.412679E+01  7.143810E+00  0.0000000000  0.000000E+00
        5.948652E+27 -3.999873E+00 -1.999887E+00 -3.054398E-01 -3.054398E-01
    94    15357.6273    8.38002452  6.857298E+08  3.545924E+08  1.863951E+31
        7.112547E+00  2.412695E+01  7.143928E+00  0.0000000000  0.000000E+00
        4.973752E+27 -3.999873E+00 -1.999887E+00 -3.054398E-01 -3.054398E-01
    95    15126.4379    8.38054128  6.853219E+08  3.700497E+08  1.752136E+31
        7.102118E+00  2.412710E+01  7.144038E+00  0.0000000000  0.000000E+00
        4.171410E+27 -3.999873E+00 -1.999887E+00 -3.054398E-01 -3.054398E-01
    96    14900.1131    8.38104708  6.849230E+08  3.860216E+08  1.647683E+31
        7.091762E+00  2.412724E+01  7.144144E+00  0.0000000000  0.000000E+00
        3.509043E+27 -3.999873E+00 -1.999887E+00 -3.054398E-01 -3.054398E-01
    97    14678.6784    8.38154249  6.845324E+08  4.025168E+08  1.550129E+31
        7.081481E+00  2.412738E+01  7.144249E+00  0.0000000000  0.000000E+00
        2.960596E+27 -3.999873E+00 -1.999887E+00 -3.054398E-01 -3.054398E-01
    98    14462.1647    8.38202829  6.841497E+08  4.195414E+08  1.459041E+31
        7.071278E+00  2.412752E+01  7.144354E+00  0.0000000000  0.000000E+00
        2.505170E+27 -3.999873E+00 -1.999887E+00 -3.054398E-01 -3.054398E-01
    99    14250.6557    8.38250655  6.837731E+08  4.370982E+08  1.374027E+31
        7.061159E+00  2.412767E+01  7.144466E+00  0.0000000000  0.000000E+00
        2.125980E+27 -3.999873E+00 -1.999887E+00 -3.054398E-01 -3.054398E-01
   100    14044.2356    8.38297902  6.834012E+08  4.551862E+08  1.294720E+31
        7.051130E+00  2.412783E+01  7.144585E+00  0.0000000000  0.000000E+00
        1.809465E+27 -3.999873E+00 -1.999887E+00 -3.054398E-01 -3.054398E-01
   101    13843.0381    8.38344385  6.830356E+08  4.737865E+08  1.220800E+31
        7.041203E+00  2.412799E+01  7.144708E+00  0.0000000000  0.000000E+00
        1.544728E+27 -3.999873E+00 -1.999887E+00 -3.054398E-01 -3.054398E-01
   102    13647.6314    8.38389878  6.826780E+08  4.928293E+08  1.152107E+31
        7.031415E+00  2.412816E+01  7.144833E+00  0.0000000000  0.000000E+00
        1.323325E+27 -3.999873E+00 -1.999887E+00 -3.054398E-01 -3.054398E-01
   103    13459.3907    8.38433993  6.823313E+08  5.121419E+08  1.088740E+31
        7.021845E+00  2.412832E+01  7.144954E+00  0.0000000000  0.000000E+00
        1.138891E+27 -3.999873E+00 -1.999887E+00 -3.054398E-01 -3.054398E-01
   104    13281.6984    8.38475935  6.820019E+08  5.312938E+08  1.031377E+31
        7.012679E+00  2.412847E+01  7.145069E+00  0.0000000000  0.000000E+00
        9.874228E+26 -3.999873E+00 -1.999887E+00 -3.054398E-01 -3.054398E-01
   105    13121.6211    8.38514076  6.817025E+08  5.493472E+08  9.816841E+30
        7.004308E+00  2.412861E+01  7.145170E+00  0.0000000000  0.000000E+00
        8.674935E+26 -3.999873E+00 -1.999887E+00 -3.054398E-01 -3.054398E-01
   106    12984.1485    8.38547309  6.814417E+08  5.654799E+08  9.404665E+30
        6.997031E+00  2.412872E+01  7.145253E+00  0.0000000000  0.000000E+00
        7.756072E+26 -3.999873E+00 -1.999887E+00 -3.054398E-01 -3.054398E-01
   107    12870.2054    8.38575174  6.812232E+08  5.793054E+08  9.073037E+30
        6.990934E+00  2.412881E+01  7.145320E+00  0.0000000000  0.000000E+00
        7.064784E+26 -3.999873E+00 -1.999887E+00 -3.054398E-01 -3.054398E-01
   108    12769.4941    8.38599973  6.810287E+08  5.918892E+08  8.787343E+30
        6.985497E+00  2.412888E+01  7.145375E+00  0.0000000000  0.000000E+00
        6.502428E+26 -3.999873E+00 -1.999887E+00 -3.054398E-01 -3.054398E-01
   109    12675.7644    8.38623126  6.808472E+08  6.039230E+08  8.527621E+30
        6.980395E+00  2.412894E+01  7.145423E+00  0.0000000000  0.000000E+00
        6.017101E+26 -3.999873E+00 -1.999887E+00 -3.054398E-01 -3.054398E-01
   110    12586.5166    8.38645248  6.806738E+08  6.156833E+08  8.285758E+30
        6.975498E+00  2.412900E+01  7.145466E+00  0.0000000000  0.000000E+00
        5.586756E+26 -3.999873E+00 -1.999887E+00 -3.054398E-01 -3.054398E-01
   111    12500.1736    8.38666771  6.805052E+08  6.273532E+08  8.056734E+30
        6.970725E+00  2.412906E+01  7.145507E+00  0.0000000000  0.000000E+00
        5.198002E+26 -3.999873E+00 -1.999887E+00 -3.054398E-01 -3.054398E-01
   112    12416.3651    8.38687777  6.803406E+08  6.389653E+08  7.839036E+30
        6.966058E+00  2.412911E+01  7.145544E+00  0.0000000000  0.000000E+00
        4.844987E+26 -3.999873E+00 -1.999887E+00 -3.054398E-01 -3.054398E-01
   113    12334.3612    8.38708385  6.801792E+08  6.506076E+08  7.630365E+30
        6.961458E+00  2.412916E+01  7.145580E+00  0.0000000000  0.000000E+00
        4.521379E+26 -3.999873E+00 -1.999887E+00 -3.054398E-01 -3.054398E-01
   114    12252.7313    8.38728944  6.800182E+08  6.624827E+08  7.426851E+30
        6.956846E+00  2.412921E+01  7.145615E+00  0.0000000000  0.000000E+00
        4.219397E+26 -3.999873E+00 -1.999887E+00 -3.054398E-01 -3.054398E-01
   115    12171.1586    8.38749589  6.798566E+08  6.746447E+08  7.227604E+30
        6.952204E+00  2.412925E+01  7.145649E+00  0.0000000000  0.000000E+00
        3.936491E+26 -3.999873E+00 -1.999887E+00 -3.054398E-01 -3.054398E-01
   116    12090.5692    8.38770140  6.796958E+08  6.869585E+08  7.034741E+30
        6.947584E+00  2.412930E+01  7.145682E+00  0.0000000000  0.000000E+00
        3.674415E+26 -3.999873E+00 -1.999887E+00 -3.054398E-01 -3.054398E-01
   117    12011.5635    8.38790414  6.795372E+08  6.993266E+08  6.849464E+30
        6.943023E+00  2.412934E+01  7.145714E+00  0.0000000000  0.000000E+00
        3.433318E+26 -3.999873E+00 -1.999887E+00 -3.054398E-01 -3.054398E-01
   118    11933.2949    8.38810551  6.793796E+08  7.118779E+08  6.669580E+30
        6.938471E+00  2.412939E+01  7.145746E+00  0.0000000000  0.000000E+00
        3.209033E+26 -3.999873E+00 -1.999887E+00 -3.054398E-01 -3.054398E-01
   119    11854.2832    8.38830879  6.792207E+08  7.248605E+08  6.491648E+30
        6.933844E+00  2.412943E+01  7.145778E+00  0.0000000000  0.000000E+00
        2.996497E+26 -3.999873E+00 -1.999887E+00 -3.054398E-01 -3.054398E-01
   120    11773.5882    8.38851646  6.790583E+08  7.384553E+08  6.313664E+30
        6.929084E+00  2.412948E+01  7.145811E+00  0.0000000000  0.000000E+00
        2.792969E+26 -3.999873E+00 -1.999887E+00 -3.054398E-01 -3.054398E-01
   121    11691.2314    8.38872888  6.788922E+08  7.526918E+08  6.135849E+30
        6.924189E+00  2.412953E+01  7.145846E+00  0.0000000000  0.000000E+00
        2.598515E+26 -3.999873E+00 -1.999887E+00 -3.054398E-01 -3.054398E-01
   122    11607.7537    8.38894526  6.787231E+08  7.675066E+08  5.959502E+30
        6.919189E+00  2.412957E+01  7.145881E+00  0.0000000000  0.000000E+00
        2.414263E+26 -3.999873E+00 -1.999887E+00 -3.054398E-01 -3.054398E-01
   123    11523.8692    8.38916434  6.785520E+08  7.827966E+08  5.786174E+30
        6.914124E+00  2.412963E+01  7.145919E+00  0.0000000000  0.000000E+00
        2.241322E+26 -3.999873E+00 -1.999887E+00 -3.054398E-01 -3.054398E-01
   124    11440.1596    8.38938497  6.783796E+08  7.984708E+08  5.617019E+30
        6.909030E+00  2.412968E+01  7.145957E+00  0.0000000000  0.000000E+00
        2.080190E+26 -3.999873E+00 -1.999887E+00 -3.054398E-01 -3.054398E-01
   125    11356.9335    8.38960700  6.782062E+08  8.144800E+08  5.452553E+30
        6.903924E+00  2.412973E+01  7.145997E+00  0.0000000000  0.000000E+00
        1.930622E+26 -3.999873E+00 -1.999887E+00 -3.054398E-01 -3.054398E-01
   126    11274.8406    8.38982782  6.780338E+08  8.306990E+08  5.293908E+30
        6.898847E+00  2.412979E+01  7.146038E+00  0.0000000000  0.000000E+00
        1.792848E+26 -3.999873E+00 -1.999887E+00 -3.054398E-01 -3.054398E-01
   127    11193.0338    8.39004930  6.778610E+08  8.472980E+08  5.139306E+30
        6.893748E+00  2.412985E+01  7.146081E+00  0.0000000000  0.000000E+00
        1.664604E+26 -3.999873E+00 -1.999887E+00 -3.054398E-01 -3.054398E-01
   128    11111.2188    8.39027197  6.776872E+08  8.643499E+08  4.988125E+30
        6.888607E+00  2.412990E+01  7.146125E+00  0.0000000000  0.000000E+00
        1.544832E+26 -3.999873E+00 -1.999887E+00 -3.054398E-01 -3.054398E-01
   129    11029.1905    8.39049605  6.775124E+08  8.819135E+08  4.839952E+30
        6.883412E+00  2.412996E+01  7.146170E+00  0.0000000000  0.000000E+00
        1.432751E+26 -3.999873E+00 -1.999887E+00 -3.054398E-01 -3.054398E-01
   130    10946.6633    8.39072184  6.773363E+08  9.000723E+08  4.694266E+30
        6.878144E+00  2.413003E+01  7.146217E+00  0.0000000000  0.000000E+00
        1.327573E+26 -3.999873E+00 -1.999887E+00 -3.054398E-01 -3.054398E-01
   131    10863.2907    8.39094998  6.771584E+08  9.189310E+08  4.550490E+30
        6.872778E+00  2.413009E+01  7.146265E+00  0.0000000000  0.000000E+00
        1.228564E+26 -3.999873E+00 -1.999887E+00 -3.054398E-01 -3.054398E-01
   132    10778.9346    8.39118044  6.769788E+08  9.385562E+08  4.408445E+30
        6.867305E+00  2.413015E+01  7.146313E+00  0.0000000000  0.000000E+00
        1.135328E+26 -3.999873E+00 -1.999887E+00 -3.054398E-01 -3.054398E-01
   133    10693.3781    8.39141369  6.767970E+08  9.590397E+08  4.267844E+30
        6.861707E+00  2.413022E+01  7.146363E+00  0.0000000000  0.000000E+00
        1.047433E+26 -3.999873E+00 -1.999887E+00 -3.054398E-01 -3.054398E-01
   134    10606.7339    8.39164915  6.766136E+08  9.803977E+08  4.128954E+30
        6.855990E+00  2.413028E+01  7.146413E+00  0.0000000000  0.000000E+00
        9.648199E+25 -3.999873E+00 -1.999887E+00 -3.054398E-01 -3.054398E-01
   135    10518.9153    8.39188705  6.764283E+08  1.002698E+09  3.991713E+30
        6.850144E+00  2.413035E+01  7.146464E+00  0.0000000000  0.000000E+00
        8.872172E+25 -3.999873E+00 -1.999887E+00 -3.054398E-01 -3.054398E-01
   136    10430.2350    8.39212630  6.762420E+08  1.025908E+09  3.856671E+30
        6.844189E+00  2.413041E+01  7.146513E+00  0.0000000000  0.000000E+00
        8.146900E+25 -3.999873E+00 -1.999887E+00 -3.054398E-01 -3.054398E-01
   137    10319.7557    8.39242293  6.760111E+08  1.055908E+09  3.693323E+30
        6.836695E+00  2.413049E+01  7.146573E+00  0.0000000000  0.000000E+00
        7.319307E+25 -3.999873E+00 -1.999887E+00 -3.054398E-01 -3.054398E-01
   138    10162.4470    8.39284214  6.756849E+08  1.100908E+09  3.469873E+30
        6.825878E+00  2.413059E+01  7.146653E+00  0.0000000000  0.000000E+00
        6.272921E+25 -3.999873E+00 -1.999887E+00 -3.054398E-01 -3.054398E-01
   139     9986.6517    8.39331019  6.753209E+08  1.154370E+09  3.232451E+30
        6.813574E+00  2.413071E+01  7.146737E+00  0.0000000000  0.000000E+00
        5.265953E+25 -3.999873E+00 -1.999887E+00 -3.054398E-01 -3.054398E-01
   140     9811.2549    8.39378243  6.749538E+08  1.211220E+09  3.008003E+30
        6.801060E+00  2.413083E+01  7.146826E+00  0.0000000000  0.000000E+00
        4.409667E+25 -3.999873E+00 -1.999887E+00 -3.054398E-01 -3.054398E-01
   141     9636.8562    8.39425529  6.745865E+08  1.271502E+09  2.796718E+30
        6.788373E+00  2.413096E+01  7.146916E+00  0.0000000000  0.000000E+00
        3.685207E+25 -3.999873E+00 -1.999887E+00 -3.054398E-01 -3.054398E-01
   142     9470.0647    8.39470962  6.742337E+08  1.335228E+09  2.605342E+30
        6.778522E+00  2.413110E+01  7.147068E+00  0.0037627740 -1.637234E-03
        3.084911E+25 -3.999873E+00 -1.999887E+00 -3.054398E-01 -3.054398E-01
   143     9315.5508    8.39513340  6.739048E+08  1.405916E+09  2.437043E+30
        6.768508E+00  2.413125E+01  7.147178E+00  0.0208405975 -9.146601E-03
        2.612791E+25 -3.999873E+00 -1.999887E+00 -3.054398E-01 -3.054398E-01
   144     9160.9403    8.39556077  6.735733E+08  1.490878E+09  2.276994E+30
        6.756444E+00  2.413141E+01  7.147299E+00  0.0478075806 -2.127528E-02
        2.192185E+25 -3.999873E+00 -1.999887E+00 -3.054398E-01 -3.054398E-01
   145     9004.7617    8.39599240  6.732387E+08  1.589762E+09  2.123533E+30
        6.743715E+00  2.413157E+01  7.147421E+00  0.0821591723 -3.723263E-02
        1.821290E+25 -3.999873E+00 -1.999887E+00 -3.054398E-01 -3.054398E-01
   146     8863.8364    8.39637402  6.729430E+08  1.688646E+09  1.991936E+30
        6.732008E+00  2.413170E+01  7.147510E+00  0.1180575749 -5.455977E-02
        1.532466E+25 -3.999873E+00 -1.999887E+00 -3.054398E-01 -3.054398E-01
   147     8700.5855    8.39680606  6.726083E+08  1.810466E+09  1.847355E+30
        6.718146E+00  2.413181E+01  7.147588E+00  0.1595532032 -7.548977E-02
        1.245203E+25 -3.999873E+00 -1.999887E+00 -3.054398E-01 -3.054398E-01
   148     8540.3539    8.39721915  6.722885E+08  1.937974E+09  1.713353E+30
        6.704452E+00  2.413188E+01  7.147637E+00  0.2047299177 -9.948536E-02
        1.012679E+25 -3.999873E+00 -1.999887E+00 -3.054398E-01 -3.054398E-01
   149     8382.9424    8.39761860  6.719794E+08  2.071822E+09  1.589022E+30
        6.690895E+00  2.413194E+01  7.147673E+00  0.2510728096 -1.255604E-01
        8.238370E+24 -3.999873E+00 -1.999887E+00 -3.054398E-01 -3.054398E-01
   150     8226.3373    8.39802383  6.716660E+08  2.212320E+09  1.472193E+30
        6.677113E+00  2.413201E+01  7.147722E+00  0.2966027555 -1.527993E-01
        6.662720E+24 -3.999873E+00 -1.999887E+00 -3.054398E-01 -3.054398E-01
   151     8069.5518    8.39843987  6.713444E+08  2.358690E+09  1.361822E+30
        6.663075E+00  2.413211E+01  7.147793E+00  0.3398354616 -1.803478E-01
        5.370723E+24 -3.999873E+00 -1.999887E+00 -3.054398E-01 -3.054398E-01
   152     7914.4139    8.39885701  6.710220E+08  2.507994E+09  1.258869E+30
        6.649060E+00  2.413223E+01  7.147881E+00  0.3847517291 -2.109496E-01
        4.323013E+24 -3.999873E+00 -1.999887E+00 -3.054398E-01 -3.054398E-01
   153     7772.0513    8.39923619  6.707291E+08  2.657274E+09  1.169685E+30
        6.636030E+00  2.413233E+01  7.147955E+00  0.4257371620 -2.408893E-01
        3.541071E+24 -3.999873E+00 -1.999887E+00 -3.054398E-01 -3.054398E-01
   154     7628.7915    8.39961077  6.704400E+08  2.816432E+09  1.084863E+30
        6.622668E+00  2.413242E+01  7.148016E+00  0.4621657639 -2.693516E-01
        2.876533E+24 -3.999873E+00 -1.999887E+00 -3.054398E-01 -3.054398E-01
   155     7483.8932    8.39998896  6.701481E+08  2.979722E+09  1.003885E+30
        6.608899E+00  2.413249E+01  7.148071E+00  0.5041697862 -3.046670E-01
        2.327428E+24 -3.999873E+00 -1.999887E+00 -3.054398E-01 -3.054398E-01
   156     7353.0450    8.40033378  6.698821E+08  3.139232E+09  9.347547E+29
        6.596296E+00  2.413256E+01  7.148119E+00  0.5357563877 -3.332541E-01
        1.919129E+24 -3.999873E+00 -1.999887E+00 -3.054398E-01 -3.054398E-01
   157     7217.3089    8.40070418  6.695965E+08  3.304714E+09  8.668811E+29
        6.582979E+00  2.413264E+01  7.148177E+00  0.5725069279 -3.690709E-01
        1.560217E+24 -3.999873E+00 -1.999887E+00 -3.054398E-01 -3.054398E-01
   158     7098.6118    8.40104185  6.693363E+08  3.461538E+09  8.106145E+29
        6.571151E+00  2.413272E+01  7.148235E+00  0.6037730951 -4.020560E-01
        1.297995E+24 -3.999873E+00 -1.999887E+00 -3.054398E-01 -3.054398E-01
   159     6983.6365    8.40138048  6.690754E+08  3.620982E+09  7.587672E+29
        6.559598E+00  2.413280E+01  7.148295E+00  0.6295640543 -4.312869E-01
        1.074586E+24 -3.999873E+00 -1.999887E+00 -3.054398E-01 -3.054398E-01
   160     6874.0970    8.40171951  6.688143E+08  3.775628E+09  7.117142E+29
        6.548248E+00  2.413288E+01  7.148353E+00  0.6550348727 -4.622248E-01
        8.939818E+23 -3.999873E+00 -1.999887E+00 -3.054398E-01 -3.054398E-01
   161     6778.0590    8.40202720  6.685774E+08  3.920224E+09  6.722901E+29
        6.538203E+00  2.413294E+01  7.148400E+00  0.6751306406 -4.882912E-01
        7.558000E+23 -3.999873E+00 -1.999887E+00 -3.054398E-01 -3.054398E-01
   162     6682.8004    8.40234152  6.683355E+08  4.061028E+09  6.348264E+29
        6.528138E+00  2.413300E+01  7.148445E+00  0.6949351432 -5.156078E-01
        6.392734E+23 -3.999873E+00 -1.999887E+00 -3.054398E-01 -3.054398E-01
   163     6595.2903    8.40263740  6.681078E+08  4.190192E+09  6.018119E+29
        6.518667E+00  2.413305E+01  7.148482E+00  0.7144099916 -5.442570E-01
        5.442781E+23 -3.999873E+00 -1.999887E+00 -3.054398E-01 -3.054398E-01
   164     6509.2643    8.40293185  6.678814E+08  4.319358E+09  5.706349E+29
        6.509416E+00  2.413310E+01  7.148516E+00  0.7335167969 -5.743302E-01
        4.670202E+23 -3.999873E+00 -1.999887E+00 -3.054398E-01 -3.054398E-01
   165     6435.2486    8.40319696  6.676776E+08  4.438808E+09  5.447872E+29
        6.501229E+00  2.413313E+01  7.148542E+00  0.7475822791 -5.978802E-01
        4.069304E+23 -3.999873E+00 -1.999887E+00 -3.054398E-01 -3.054398E-01
   166     6362.3607    8.40347249  6.674658E+08  4.560506E+09  5.201914E+29
        6.493071E+00  2.413316E+01  7.148565E+00  0.7614029480 -6.223349E-01
        3.548198E+23 -3.999873E+00 -1.999887E+00 -3.054398E-01 -3.054398E-01
   167     6294.7154    8.40374056  6.672599E+08  4.678758E+09  4.981113E+29
        6.485374E+00  2.413319E+01  7.148584E+00  0.7749626081 -6.477453E-01
        3.111037E+23 -3.999873E+00 -1.999887E+00 -3.054398E-01 -3.054398E-01
   168     6229.9630    8.40400483  6.670569E+08  4.796444E+09  4.776388E+29
        6.477886E+00  2.413321E+01  7.148599E+00  0.7838493789 -6.652435E-01
        2.748194E+23 -3.999873E+00 -1.999887E+00 -3.054398E-01 -3.054398E-01
   169     6161.1766    8.40429249  6.668360E+08  4.914692E+09  4.565882E+29
        6.469886E+00  2.413324E+01  7.148615E+00  0.7969380348 -6.923714E-01
        2.390411E+23 -3.999873E+00 -1.999887E+00 -3.054398E-01 -3.054398E-01
   170     6107.2793    8.40452038  6.666611E+08  5.024020E+09  4.405886E+29
        6.463254E+00  2.413325E+01  7.148626E+00  0.8054958072 -7.110710E-01
        2.142915E+23 -3.999873E+00 -1.999887E+00 -3.054398E-01 -3.054398E-01
   171     6038.9367    8.40481778  6.664328E+08  5.151126E+09  4.209075E+29
        6.454886E+00  2.413327E+01  7.148641E+00  0.8180684717 -7.400920E-01
        1.849821E+23 -3.999873E+00 -1.999887E+00 -3.054398E-01 -3.054398E-01
   172     5987.9601    8.40505262  6.662527E+08  5.265468E+09  4.066544E+29
        6.448096E+00  2.413329E+01  7.148652E+00  0.8262672542 -7.601183E-01
        1.652351E+23 -3.999873E+00 -1.999887E+00 -3.054398E-01 -3.054398E-01
   173     5929.4462    8.40534273  6.660302E+08  5.390468E+09  3.907296E+29
        6.440115E+00  2.413331E+01  7.148666E+00  0.8382789404 -7.912334E-01
        1.436070E+23 -3.999873E+00 -1.999887E+00 -3.054398E-01 -3.054398E-01
   174     5855.7150    8.40573392  6.657303E+08  5.577968E+09  3.713200E+29
        6.428804E+00  2.413334E+01  7.148687E+00  0.8499324458 -8.237132E-01
        1.184512E+23 -3.999873E+00 -1.999887E+00 -3.054398E-01 -3.054398E-01
   175     5762.7417    8.40625949  6.653276E+08  5.843956E+09  3.478722E+29
        6.412574E+00  2.413339E+01  7.148724E+00  0.8685150102 -8.811238E-01
        8.954660E+22 -3.999873E+00 -1.999887E+00 -3.054398E-01 -3.054398E-01
   176     5682.4891    8.40676856  6.649378E+08  6.127486E+09  3.285099E+29
        6.394990E+00  2.413345E+01  7.148769E+00  0.8859826624 -9.430291E-01
        6.641540E+22 -3.999873E+00 -1.999887E+00 -3.054398E-01 -3.054398E-01
   177     5608.3076    8.40729885  6.645319E+08  6.441714E+09  3.113085E+29
        6.374768E+00  2.413352E+01  7.148823E+00  0.9022604239 -1.009930E+00
        4.677354E+22 -3.999873E+00 -1.999887E+00 -3.054398E-01 -3.054398E-01
   178     5541.4092    8.40782242  6.641315E+08  6.771440E+09  2.963610E+29
        6.352605E+00  2.413360E+01  7.148877E+00  0.9201175126 -1.097548E+00
        3.201882E+22 -3.999873E+00 -1.999887E+00 -3.054398E-01 -3.054398E-01
   179     5479.7617    8.40831280  6.637566E+08  7.110216E+09  2.830717E+29
        6.329170E+00  2.413365E+01  7.148915E+00  0.9335135908 -1.177267E+00
        2.139173E+22 -3.999873E+00 -1.999887E+00 -3.054398E-01 -3.054398E-01
   180     5415.6719    8.40879345  6.633894E+08  7.459286E+09  2.697606E+29
        6.303115E+00  2.413367E+01  7.148927E+00  0.9476949220 -1.281456E+00
        1.373555E+22 -3.999873E+00 -1.999887E+00 -3.054398E-01 -3.054398E-01
   181     5356.4956    8.40922057  6.630633E+08  7.792082E+09  2.579081E+29
        6.277222E+00  2.413367E+01  7.148932E+00  0.9578464211 -1.375166E+00
        8.804731E+21 -3.999873E+00 -1.999887E+00 -3.054398E-01 -3.054398E-01
   182     5297.7853    8.40964451  6.627397E+08  8.119284E+09  2.465446E+29
        6.249974E+00  2.413371E+01  7.148957E+00  0.9679165201 -1.493719E+00
        5.557375E+21 -3.999873E+00 -1.999887E+00 -3.054398E-01 -3.054398E-01
   183     5240.5550    8.41004244  6.624362E+08  8.427450E+09  2.358464E+29
        6.222453E+00  2.413375E+01  7.148981E+00  0.9756723091 -1.613899E+00
        3.499383E+21 -3.999873E+00 -1.999887E+00 -3.054398E-01 -3.054398E-01
   184     5183.5849    8.41040764  6.621577E+08  8.715908E+09  2.255671E+29
        6.194838E+00  2.413377E+01  7.149001E+00  0.9815532295 -1.734080E+00
        2.200186E+21 -3.999873E+00 -1.999887E+00 -3.054398E-01 -3.054398E-01
   185     5125.0359    8.41073431  6.619087E+08  8.984224E+09  2.153852E+29
        6.167368E+00  2.413381E+01  7.149026E+00  0.9860125082 -1.854260E+00
        1.386865E+21 -3.999873E+00 -1.999887E+00 -3.054398E-01 -3.054398E-01
   186     5062.4929    8.41103289  6.616813E+08  9.233328E+09  2.049214E+29
        6.139899E+00  2.413386E+01  7.149062E+00  0.9872450227 -1.894320E+00
        8.842291E+20 -3.999873E+00 -1.999887E+00 -3.054398E-01 -3.054398E-01
   187     4997.0773    8.41129913  6.614785E+08  9.461174E+09  1.944141E+29
        6.113131E+00  2.413391E+01  7.149095E+00  0.9878199348 -1.914350E+00
        5.688170E+20 -3.999873E+00 -1.999887E+00 -3.054398E-01 -3.054398E-01
   188     4928.5537    8.41154052  6.612947E+08  9.672738E+09  1.838654E+29
        6.086845E+00  2.413394E+01  7.149116E+00  0.9883689334 -1.934380E+00
        3.715745E+20 -3.999873E+00 -1.999887E+00 -3.054398E-01 -3.054398E-01
   189     4858.6172    8.41176584  6.611231E+08  9.870698E+09  1.735591E+29
        6.061053E+00  2.413397E+01  7.149136E+00  0.9883689334 -1.934380E+00
        2.441094E+20 -3.999873E+00 -1.999887E+00 -3.054398E-01 -3.054398E-01
   190     4789.0483    8.41197064  6.609673E+08  1.005756E+10  1.637528E+29
        6.035711E+00  2.413399E+01  7.149153E+00  0.9883689334 -1.934380E+00
        1.620546E+20 -3.999873E+00 -1.999887E+00 -3.054398E-01 -3.054398E-01
   191     4718.6846    8.41215682  6.608256E+08  1.023492E+10  1.542729E+29
        6.010322E+00  2.413401E+01  7.149167E+00  0.9883689334 -1.934380E+00
        1.075739E+20 -3.999873E+00 -1.999887E+00 -3.054398E-01 -3.054398E-01
   192     4650.2121    8.41233413  6.606907E+08  1.039943E+10  1.454519E+29
        5.985634E+00  2.413404E+01  7.149188E+00  0.9888931867 -1.954411E+00
        7.208302E+19 -3.999873E+00 -1.999887E+00 -3.054398E-01 -3.054398E-01
   193     4581.5605    8.41249884  6.605655E+08  1.055405E+10  1.369990E+29
        5.961342E+00  2.413407E+01  7.149209E+00  0.9888931867 -1.954411E+00
        4.871832E+19 -3.999873E+00 -1.999887E+00 -3.054398E-01 -3.054398E-01
   194     4511.4740    8.41264201  6.604566E+08  1.069948E+10  1.287640E+29
        5.937440E+00  2.413409E+01  7.149222E+00  0.9888931867 -1.954411E+00
        3.319264E+19 -3.999873E+00 -1.999887E+00 -3.054398E-01 -3.054398E-01
   195     4440.7700    8.41276154  6.603657E+08  1.083699E+10  1.208465E+29
        5.914103E+00  2.413409E+01  7.149223E+00  0.9888931867 -1.954411E+00
        2.286602E+19 -3.999873E+00 -1.999887E+00 -3.054398E-01 -3.054398E-01
   196     4366.1053    8.41287195  6.602818E+08  1.096998E+10  1.128931E+29
        5.890390E+00  2.413409E+01  7.149221E+00  0.9888931867 -1.954411E+00
        1.563383E+19 -3.999873E+00 -1.999887E+00 -3.054398E-01 -3.054398E-01
   197     4292.4683    8.41297445  6.602038E+08  1.109514E+10  1.054427E+29
        5.867139E+00  2.413409E+01  7.149220E+00  0.9888931867 -1.954411E+00
        1.076594E+19 -3.999873E+00 -1.999887E+00 -3.054398E-01 -3.054398E-01
   198     4219.2282    8.41307564  6.601269E+08  1.121554E+10  9.840541E+28
        5.843813E+00  2.413409E+01  7.149224E+00  0.9893938100 -1.974441E+00
        7.393656E+18 -3.999873E+00 -1.999887E+00 -3.054398E-01 -3.054398E-01
   199     4147.7801    8.41316977  6.600554E+08  1.133071E+10  9.188734E+28
        5.820538E+00  2.413409E+01  7.149224E+00  0.9893938100 -1.974441E+00
        5.079118E+18 -3.999873E+00 -1.999887E+00 -3.054398E-01 -3.054398E-01
   200     4078.1830    8.41325838  6.599881E+08  1.144045E+10  8.585606E+28
        5.797370E+00  2.413409E+01  7.149224E+00  0.9893938100 -1.974441E+00
        3.490375E+18 -3.999873E+00 -1.999887E+00 -3.054398E-01 -3.054398E-01
   201     4009.6437    8.41334359  6.599233E+08  1.154501E+10  8.021250E+28
        5.774244E+00  2.413410E+01  7.149226E+00  0.9893938100 -1.974441E+00
        2.396594E+18 -3.999873E+00 -1.999887E+00 -3.054398E-01 -3.054398E-01
   202     3943.1824    8.41342075  6.598647E+08  1.164457E+10  7.501174E+28
        5.751658E+00  2.413410E+01  7.149227E+00  0.9893938100 -1.974441E+00
        1.659610E+18 -3.999873E+00 -1.999887E+00 -3.054398E-01 -3.054398E-01
   203     3871.0970    8.41349606  6.598075E+08  1.174236E+10  6.966308E+28
        5.728073E+00  2.413410E+01  7.149227E+00  0.9893938100 -1.974441E+00
        1.128396E+18 -3.999873E+00 -1.999887E+00 -3.054398E-01 -3.054398E-01
   204     3799.0835    8.41356326  6.597564E+08  1.183375E+10  6.461221E+28
        5.705039E+00  2.413410E+01  7.149227E+00  0.9893938100 -1.974441E+00
        7.732292E+17 -3.999873E+00 -1.999887E+00 -3.054398E-01 -3.054398E-01
   205     3724.0384    8.41362549  6.597092E+08  1.192276E+10  5.964769E+28
        5.681653E+00  2.413410E+01  7.149228E+00  0.9893938100 -1.974441E+00
        5.263289E+17 -3.999873E+00 -1.999887E+00 -3.054398E-01 -3.054398E-01
   206     3646.7899    8.41368181  6.596664E+08  1.200935E+10  5.484331E+28
        5.658033E+00  2.413410E+01  7.149228E+00  0.9898718684 -1.994471E+00
        3.563258E+17 -3.999873E+00 -1.999887E+00 -3.054398E-01 -3.054398E-01
   207     3567.8309    8.41373418  6.596266E+08  1.209386E+10  5.023951E+28
        5.634142E+00  2.413410E+01  7.149228E+00  0.9898718684 -1.994471E+00
        2.398606E+17 -3.999873E+00 -1.999887E+00 -3.054398E-01 -3.054398E-01
   208     3487.3469    8.41378436  6.595885E+08  1.217636E+10  4.585205E+28
        5.609928E+00  2.413410E+01  7.149229E+00  0.9898718684 -1.994471E+00
        1.603767E+17 -3.999873E+00 -1.999887E+00 -3.054398E-01 -3.054398E-01
   209     3409.5628    8.41382821  6.595552E+08  1.225690E+10  4.189181E+28
        5.586353E+00  2.413410E+01  7.149229E+00  0.9898718684 -1.994471E+00
        1.082444E+17 -3.999873E+00 -1.999887E+00 -3.054398E-01 -3.054398E-01
   210     3322.6669    8.41387283  6.595214E+08  1.233930E+10  3.777782E+28
        5.560614E+00  2.413410E+01  7.149229E+00  0.9898718684 -1.994471E+00
        7.027400E+16 -3.999873E+00 -1.999887E+00 -3.054398E-01 -3.054398E-01
   211     3238.6471    8.41391284  6.594910E+08  1.241668E+10  3.409606E+28
        5.535586E+00  2.413410E+01  7.149229E+00  0.9903283790 -2.014501E+00
        4.610213E+16 -3.999873E+00 -1.999887E+00 -3.054398E-01 -3.054398E-01
   212     3153.2762    8.41394841  6.594640E+08  1.249315E+10  3.063812E+28
        5.510131E+00  2.413410E+01  7.149229E+00  0.9903283790 -2.014501E+00
        2.997909E+16 -3.999873E+00 -1.999887E+00 -3.054398E-01 -3.054398E-01
   213     3067.4058    8.41398575  6.594356E+08  1.256863E+10  2.743227E+28
        5.484407E+00  2.413410E+01  7.149229E+00  0.9903283790 -2.014501E+00
        1.936351E+16 -3.999873E+00 -1.999887E+00 -3.054398E-01 -3.054398E-01
   214     2986.6379    8.41402486  6.594059E+08  1.264328E+10  2.465290E+28
        5.459762E+00  2.413410E+01  7.149229E+00  0.9903283790 -2.014501E+00
        1.272404E+16 -3.999873E+00 -1.999887E+00 -3.054398E-01 -3.054398E-01
   215     2894.8963    8.41406490  6.593755E+08  1.272154E+10  2.175854E+28
        5.431876E+00  2.413410E+01  7.149230E+00  0.9907643130 -2.034531E+00
        7.881008E+15 -3.999873E+00 -1.999887E+00 -3.054398E-01 -3.054398E-01
   216     2810.5987    8.41409300  6.593542E+08  1.279386E+10  1.933147E+28
        5.405646E+00  2.413410E+01  7.149230E+00  0.9907643130 -2.034531E+00
        5.013890E+15 -3.999873E+00 -1.999887E+00 -3.054398E-01 -3.054398E-01
   217     2733.4283    8.41411780  6.593354E+08  1.286563E+10  1.729320E+28
        5.380995E+00  2.413410E+01  7.149230E+00  0.9907643130 -2.034531E+00
        3.273452E+15 -3.999873E+00 -1.999887E+00 -3.054398E-01 -3.054398E-01
   218     2644.3063    8.41414450  6.593151E+08  1.294211E+10  1.514485E+28
        5.352249E+00  2.413410E+01  7.149230E+00  0.9911805978 -2.054561E+00
        1.982698E+15 -3.999873E+00 -1.999887E+00 -3.054398E-01 -3.054398E-01
   219     2571.4804    8.41416419  6.593002E+08  1.301159E+10  1.354351E+28
        5.327954E+00  2.413410E+01  7.149230E+00  0.9911805978 -2.054561E+00
        1.297081E+15 -3.999873E+00 -1.999887E+00 -3.054398E-01 -3.054398E-01
   220     2485.9150    8.41418835  6.592818E+08  1.308689E+10  1.182822E+28
        5.298929E+00  2.413410E+01  7.149230E+00  0.9915781192 -2.074591E+00
        7.794300E+14 -3.999873E+00 -1.999887E+00 -3.054398E-01 -3.054398E-01
   221     2417.5950    8.41420621  6.592683E+08  1.315473E+10  1.058012E+28
        5.274958E+00  2.413410E+01  7.149230E+00  0.9919577228 -2.094621E+00
        5.126867E+14 -3.999873E+00 -1.999887E+00 -3.054398E-01 -3.054398E-01
   222     2343.4643    8.41422449  6.592544E+08  1.322902E+10  9.340527E+27
        5.248377E+00  2.413410E+01  7.149230E+00  0.9923202164 -2.114651E+00
        3.222982E+14 -3.999873E+00 -1.999887E+00 -3.054398E-01 -3.054398E-01
   223     2279.3595    8.41424123  6.592417E+08  1.330189E+10  8.359351E+27
        5.224766E+00  2.413410E+01  7.149230E+00  0.9926663710 -2.134681E+00
        2.139262E+14 -3.999873E+00 -1.999887E+00 -3.054398E-01 -3.054398E-01
   224     2216.6411    8.41425726  6.592295E+08  1.337476E+10  7.476302E+27
        5.200955E+00  2.413410E+01  7.149230E+00  0.9933125762 -2.174741E+00
        1.417556E+14 -3.999873E+00 -1.999887E+00 -3.054398E-01 -3.054398E-01
   225     2159.4885    8.41427093  6.592191E+08  1.345392E+10  6.734342E+27
        5.178676E+00  2.413410E+01  7.149230E+00  0.9941767057 -2.234831E+00
        9.399742E+13 -3.999873E+00 -1.999887E+00 -3.054398E-01 -3.054398E-01
   226     2092.3970    8.41429431  6.592014E+08  1.354565E+10  5.935326E+27
        5.151792E+00  2.413410E+01  7.149230E+00  0.9953759913 -2.334981E+00
        5.756881E+13 -3.999873E+00 -1.999887E+00 -3.054398E-01 -3.054398E-01
   227     2027.6850    8.41432418  6.591787E+08  1.363314E+10  5.234080E+27
        5.124907E+00  2.413410E+01  7.149231E+00  0.9964937838 -2.455161E+00
        3.582573E+13 -3.999873E+00 -1.999887E+00 -3.054398E-01 -3.054398E-01
   228     1962.8696    8.41434966  6.591594E+08  1.371623E+10  4.595986E+27
        5.097104E+00  2.413410E+01  7.149231E+00  0.9973413634 -2.575341E+00
        2.202744E+13 -3.999873E+00 -1.999887E+00 -3.054398E-01 -3.054398E-01
   229     1896.7005    8.41437222  6.591423E+08  1.379209E+10  4.006687E+27
        5.067731E+00  2.413410E+01  7.149231E+00  0.9980749159 -2.715550E+00
        1.332315E+13 -3.999873E+00 -1.999887E+00 -3.054398E-01 -3.054398E-01
   230     1833.0535    8.41439155  6.591276E+08  1.385711E+10  3.495196E+27
        5.038449E+00  2.413410E+01  7.149231E+00  0.9986060699 -2.855759E+00
        8.132044E+12 -3.999873E+00 -1.999887E+00 -3.054398E-01 -3.054398E-01
   231     1778.9379    8.41440335  6.591186E+08  1.391265E+10  3.100290E+27
        5.012512E+00  2.413410E+01  7.149231E+00  0.9989430298 -2.975937E+00
        5.310956E+12 -3.999873E+00 -1.999887E+00 -3.054398E-01 -3.054398E-01
   232     1720.1866    8.41441672  6.591085E+08  1.396603E+10  2.710491E+27
        4.983447E+00  2.413410E+01  7.149231E+00  0.9992346576 -3.116144E+00
        3.324730E+12 -3.999873E+00 -1.999887E+00 -3.054398E-01 -3.054398E-01
   233     1670.1584    8.41442695  6.591007E+08  1.401142E+10  2.408609E+27
        4.957600E+00  2.413410E+01  7.149231E+00  0.9994196640 -3.236320E+00
        2.211299E+12 -3.999873E+00 -1.999887E+00 -3.054398E-01 -3.054398E-01
   234     1618.3292    8.41443740  6.590928E+08  1.405475E+10  2.123209E+27
        4.930034E+00  2.413410E+01  7.149231E+00  0.9995599473 -3.356495E+00
        1.439855E+12 -3.999873E+00 -1.999887E+00 -3.054398E-01 -3.054398E-01
   235     1570.9020    8.41444884  6.590841E+08  1.409313E+10  1.884994E+27
        4.903827E+00  2.413410E+01  7.149231E+00  0.9996505699 -3.456640E+00
        9.662332E+11 -3.999873E+00 -1.999887E+00 -3.054398E-01 -3.054398E-01
   236     1523.0520    8.41445811  6.590771E+08  1.412875E+10  1.665572E+27
        4.876546E+00  2.413410E+01  7.149231E+00  0.9997225290 -3.556782E+00
        6.419308E+11 -3.999873E+00 -1.999887E+00 -3.054398E-01 -3.054398E-01
   237     1480.3677    8.41446533  6.590716E+08  1.416022E+10  1.486537E+27
        4.851176E+00  2.413410E+01  7.149231E+00  0.9997692695 -3.636895E+00
        4.414090E+11 -3.999873E+00 -1.999887E+00 -3.054398E-01 -3.054398E-01
