============================================================================
  #Mod      Teff         Log(g)           R            Age            L
           Log(Tc)       Log(Pc)      Log(rhoc)       Mx/M         Log(qx)
             Lnu        Log(H/*)      Log(He/*)     Log(C/*)      Log(O/*)
============================================================================
     1   142526.4964    8.03729929  9.870773E+08  0.000000E+00  2.864948E+35
        8.026115E+00  2.379872E+01  6.914134E+00  0.0000000000  0.000000E+00
        8.543526E+35 -9.999860E+00 -1.999885E+00 -3.053960E-01 -3.053960E-01
     2   128007.3358    8.09059310  9.283340E+08  6.000000E+04  1.648845E+35
        7.994223E+00  2.382848E+01  6.934858E+00  0.0000000000  0.000000E+00
        5.135695E+35 -9.999860E+00 -1.999885E+00 -3.053960E-01 -3.053960E-01
     3   116850.3697    8.12553480  8.917301E+08  1.200000E+05  1.056378E+35
        7.970141E+00  2.384735E+01  6.948028E+00  0.0000000000  0.000000E+00
        3.378407E+35 -9.999860E+00 -1.999885E+00 -3.053960E-01 -3.053960E-01
     4   107959.0974    8.15041303  8.665513E+08  1.800000E+05  7.268713E+34
        7.951179E+00  2.386038E+01  6.957136E+00  0.0000000000  0.000000E+00
        2.379879E+35 -9.999860E+00 -1.999885E+00 -3.053960E-01 -3.053960E-01
     5   100728.5367    8.16899634  8.482085E+08  2.400000E+05  5.277732E+34
        7.935694E+00  2.386984E+01  6.963751E+00  0.0000000000  0.000000E+00
        1.763821E+35 -9.999860E+00 -1.999885E+00 -3.053960E-01 -3.053960E-01
     6    94764.2343    8.18346788  8.341936E+08  3.000000E+05  3.998928E+34
        7.922732E+00  2.387707E+01  6.968818E+00  0.0000000000  0.000000E+00
        1.360046E+35 -9.999860E+00 -1.999885E+00 -3.053960E-01 -3.053960E-01
     7    89786.9216    8.19501901  8.231733E+08  3.600000E+05  3.138101E+34
        7.911638E+00  2.388276E+01  6.972811E+00  0.0000000000  0.000000E+00
        1.081455E+35 -9.999860E+00 -1.999885E+00 -3.053960E-01 -3.053960E-01
     8    85619.5809    8.20445223  8.142817E+08  4.200000E+05  2.539065E+34
        7.901978E+00  2.388735E+01  6.976037E+00  0.0000000000  0.000000E+00
        8.814393E+34 -9.999860E+00 -1.999885E+00 -3.053960E-01 -3.053960E-01
     9    81987.1103    8.21238401  8.068797E+08  4.800000E+05  2.096196E+34
        7.893454E+00  2.389116E+01  6.978711E+00  0.0000000000  0.000000E+00
        7.331891E+34 -9.999860E+00 -1.999885E+00 -3.053960E-01 -3.053960E-01
    10    78793.8315    8.21914366  8.006247E+08  5.400000E+05  1.760592E+34
        7.885841E+00  2.389436E+01  6.980965E+00  0.0000000000  0.000000E+00
        6.202425E+34 -9.999860E+00 -1.999885E+00 -3.053960E-01 -3.053960E-01
    11    75962.0690    8.22497519  7.952675E+08  6.000000E+05  1.500533E+34
        7.878976E+00  2.389709E+01  6.982890E+00  0.0000000000  0.000000E+00
        5.321752E+34 -9.999860E+00 -1.999885E+00 -3.053960E-01 -3.053960E-01
    12    73421.2751    8.23007110  7.906154E+08  6.600000E+05  1.294345E+34
        7.872733E+00  2.389946E+01  6.984557E+00  0.0000000000  0.000000E+00
        4.621484E+34 -9.999860E+00 -1.999885E+00 -3.053960E-01 -3.053960E-01
    13    71152.4528    8.23455689  7.865428E+08  7.200000E+05  1.129890E+34
        7.867016E+00  2.390153E+01  6.986018E+00  0.0000000000  0.000000E+00
        4.055216E+34 -9.999860E+00 -1.999885E+00 -3.053960E-01 -3.053960E-01
    14    69101.0006    8.23854549  7.829392E+08  7.800000E+05  9.959223E+33
        7.861747E+00  2.390336E+01  6.987308E+00  0.0000000000  0.000000E+00
        3.590399E+34 -9.999860E+00 -1.999885E+00 -3.053960E-01 -3.053960E-01
    15    67235.2753    8.24211735  7.797262E+08  8.400000E+05  8.853296E+33
        7.856865E+00  2.390499E+01  6.988456E+00  0.0000000000  0.000000E+00
        3.203859E+34 -9.999860E+00 -1.999885E+00 -3.053960E-01 -3.053960E-01
    16    65530.7754    8.24533662  7.768416E+08  9.000000E+05  7.930092E+33
        7.852319E+00  2.390645E+01  6.989484E+00  0.0000000000  0.000000E+00
        2.878734E+34 -9.999860E+00 -1.999885E+00 -3.053960E-01 -3.053960E-01
    17    63887.1616    8.24840728  7.741002E+08  9.633950E+05  7.113457E+33
        7.847845E+00  2.390783E+01  6.990460E+00  0.0000000000  0.000000E+00
        2.588663E+34 -9.999860E+00 -1.999885E+00 -3.053960E-01 -3.053960E-01
    18    62285.9554    8.25137051  7.714638E+08  1.031175E+06  6.382982E+33
        7.843375E+00  2.390915E+01  6.991397E+00  0.0000000000  0.000000E+00
        2.326841E+34 -9.999860E+00 -1.999885E+00 -3.053960E-01 -3.053960E-01
    19    60740.0599    8.25422045  7.689367E+08  1.103716E+06  5.734744E+33
        7.838953E+00  2.391043E+01  6.992298E+00  0.0000000000  0.000000E+00
        2.090436E+34 -9.999860E+00 -1.999885E+00 -3.053960E-01 -3.053960E-01
    20    59221.9304    8.25699060  7.664883E+08  1.181862E+06  5.149597E+33
        7.834508E+00  2.391166E+01  6.993168E+00  0.0000000000  0.000000E+00
        1.875888E+34 -9.999860E+00 -1.999885E+00 -3.053960E-01 -3.053960E-01
    21    57757.4429    8.25965190  7.641434E+08  1.265450E+06  4.630347E+33
        7.830084E+00  2.391284E+01  6.994002E+00  0.0000000000  0.000000E+00
        1.682721E+34 -9.999860E+00 -1.999885E+00 -3.053960E-01 -3.053960E-01
    22    56338.7058    8.26222671  7.618815E+08  1.355489E+06  4.167104E+33
        7.825653E+00  2.391397E+01  6.994808E+00  0.0000000000  0.000000E+00
        1.507816E+34 -9.999860E+00 -1.999885E+00 -3.053960E-01 -3.053960E-01
    23    54958.2764    8.26472628  7.596922E+08  1.452647E+06  3.751800E+33
        7.821211E+00  2.391507E+01  6.995588E+00  0.0000000000  0.000000E+00
        1.349464E+34 -9.999860E+00 -1.999885E+00 -3.053960E-01 -3.053960E-01
    24    53620.9600    8.26714583  7.575789E+08  1.557306E+06  3.380852E+33
        7.816766E+00  2.391614E+01  6.996342E+00  0.0000000000  0.000000E+00
        1.206574E+34 -9.999860E+00 -1.999885E+00 -3.053960E-01 -3.053960E-01
    25    52313.6176    8.26950156  7.555271E+08  1.670238E+06  3.046429E+33
        7.812312E+00  2.391717E+01  6.997072E+00  0.0000000000  0.000000E+00
        1.077628E+34 -9.999860E+00 -1.999885E+00 -3.053960E-01 -3.053960E-01
    26    51045.0714    8.27177191  7.535548E+08  1.791491E+06  2.747116E+33
        7.807871E+00  2.391816E+01  6.997776E+00  0.0000000000  0.000000E+00
        9.619538E+33 -9.999860E+00 -1.999885E+00 -3.053960E-01 -3.053960E-01
    27    49813.6607    8.27395910  7.516597E+08  1.922032E+06  2.478953E+33
        7.803429E+00  2.391912E+01  6.998458E+00  0.0000000000  0.000000E+00
        8.580051E+33 -9.999860E+00 -1.999885E+00 -3.053960E-01 -3.053960E-01
    28    48619.5754    8.27606481  7.498396E+08  2.062900E+06  2.238790E+33
        7.798975E+00  2.392005E+01  6.999120E+00  0.0000000000  0.000000E+00
        7.644978E+33 -9.999860E+00 -1.999885E+00 -3.053960E-01 -3.053960E-01
    29    47464.7516    8.27809294  7.480908E+08  2.215340E+06  2.024070E+33
        7.794493E+00  2.392095E+01  6.999765E+00  0.0000000000  0.000000E+00
        6.802927E+33 -9.999860E+00 -1.999885E+00 -3.053960E-01 -3.053960E-01
    30    46345.9835    8.28004889  7.464081E+08  2.380919E+06  1.831610E+33
        7.789965E+00  2.392184E+01  7.000394E+00  0.0000000000  0.000000E+00
        6.043529E+33 -9.999860E+00 -1.999885E+00 -3.053960E-01 -3.053960E-01
    31    45261.5027    8.28193309  7.447907E+08  2.561129E+06  1.658885E+33
        7.785378E+00  2.392270E+01  7.001009E+00  0.0000000000  0.000000E+00
        5.359035E+33 -9.999860E+00 -1.999885E+00 -3.053960E-01 -3.053960E-01
    32    44215.5696    8.28374886  7.432354E+08  2.757643E+06  1.504477E+33
        7.780719E+00  2.392354E+01  7.001612E+00  0.0000000000  0.000000E+00
        4.742515E+33 -9.999860E+00 -1.999885E+00 -3.053960E-01 -3.053960E-01
    33    43200.4661    8.28549846  7.417398E+08  2.972867E+06  1.365491E+33
        7.775961E+00  2.392437E+01  7.002203E+00  0.0000000000  0.000000E+00
        4.186549E+33 -9.999860E+00 -1.999885E+00 -3.053960E-01 -3.053960E-01
    34    42224.6504    8.28718180  7.403037E+08  3.208699E+06  1.241412E+33
        7.771094E+00  2.392518E+01  7.002782E+00  0.0000000000  0.000000E+00
        3.686665E+33 -9.999860E+00 -1.999885E+00 -3.053960E-01 -3.053960E-01
    35    41280.8174    8.28880463  7.389218E+08  3.468625E+06  1.129853E+33
        7.766081E+00  2.392598E+01  7.003353E+00  0.0000000000  0.000000E+00
        3.236470E+33 -9.999860E+00 -1.999885E+00 -3.053960E-01 -3.053960E-01
    36    40367.6063    8.29036328  7.375970E+08  3.755424E+06  1.029443E+33
        7.760904E+00  2.392676E+01  7.003914E+00  0.0000000000  0.000000E+00
        2.832415E+33 -9.999860E+00 -1.999885E+00 -3.053960E-01 -3.053960E-01
    37    39494.8726    8.29186028  7.363269E+08  4.072538E+06  9.400180E+32
        7.755542E+00  2.392753E+01  7.004465E+00  0.0000000000  0.000000E+00
        2.470705E+33 -9.999860E+00 -1.999885E+00 -3.053960E-01 -3.053960E-01
    38    38647.9629    8.29330422  7.351039E+08  4.426001E+06  8.590844E+32
        7.749936E+00  2.392829E+01  7.005012E+00  0.0000000000  0.000000E+00
        2.146123E+33 -9.999860E+00 -1.999885E+00 -3.053960E-01 -3.053960E-01
    39    37842.5963    8.29469083  7.339313E+08  4.819318E+06  7.871663E+32
        7.744079E+00  2.392904E+01  7.005552E+00  0.0000000000  0.000000E+00
        1.856955E+33 -9.999860E+00 -1.999885E+00 -3.053960E-01 -3.053960E-01
    40    37061.2379    8.29603116  7.327996E+08  5.261311E+06  7.219085E+32
        7.737896E+00  2.392978E+01  7.006089E+00  0.0000000000  0.000000E+00
        1.598504E+33 -9.999860E+00 -1.999885E+00 -3.053960E-01 -3.053960E-01
    41    36315.9998    8.29731706  7.317155E+08  5.756428E+06  6.636033E+32
        7.731388E+00  2.393052E+01  7.006621E+00  0.0000000000  0.000000E+00
        1.369714E+33 -9.999860E+00 -1.999885E+00 -3.053960E-01 -3.053960E-01
    42    35608.3052    8.29855549  7.306730E+08  6.315235E+06  6.116223E+32
        7.724485E+00  2.393125E+01  7.007149E+00  0.0000000000  0.000000E+00
        1.167084E+33 -9.999860E+00 -1.999885E+00 -3.053960E-01 -3.053960E-01
    43    34921.9181    8.29975011  7.296688E+08  6.949656E+06  5.642556E+32
        7.717126E+00  2.393196E+01  7.007672E+00  0.0000000000  0.000000E+00
        9.880339E+32 -9.999860E+00 -1.999885E+00 -3.053960E-01 -3.053960E-01
    44    34269.9493    8.30089064  7.287113E+08  7.665700E+06  5.219114E+32
        7.709334E+00  2.393267E+01  7.008185E+00  0.0000000000  0.000000E+00
        8.319102E+32 -9.999860E+00 -1.999885E+00 -3.053960E-01 -3.053960E-01
    45    33653.3299    8.30198700  7.277920E+08  8.479598E+06  4.841264E+32
        7.701043E+00  2.393336E+01  7.008693E+00  0.0000000000  0.000000E+00
        6.958883E+32 -9.999860E+00 -1.999885E+00 -3.053960E-01 -3.053960E-01
    46    33055.2285    8.30304866  7.269030E+08  9.409093E+06  4.495165E+32
        7.692204E+00  2.393405E+01  7.009197E+00  0.0000000000  0.000000E+00
        5.778569E+32 -9.999860E+00 -1.999885E+00 -3.053960E-01 -3.053960E-01
    47    32487.2938    8.30406808  7.260504E+08  1.046148E+07  4.184270E+32
        7.682886E+00  2.393472E+01  7.009693E+00  0.0000000000  0.000000E+00
        4.770373E+32 -9.999860E+00 -1.999885E+00 -3.053960E-01 -3.053960E-01
    48    31943.4032    8.30505630  7.252248E+08  1.165846E+07  3.902133E+32
        7.673049E+00  2.393539E+01  7.010185E+00  0.0000000000  0.000000E+00
        3.911153E+32 -9.999860E+00 -1.999885E+00 -3.053960E-01 -3.053960E-01
    49    31421.1353    8.30601748  7.244227E+08  1.301596E+07  3.645051E+32
        7.662724E+00  2.393606E+01  7.010675E+00  0.0000000000  0.000000E+00
        3.185618E+32 -9.999860E+00 -1.999885E+00 -3.053960E-01 -3.053960E-01
    50    30918.1484    8.30695657  7.236399E+08  1.454962E+07  3.409816E+32
        7.651953E+00  2.393672E+01  7.011166E+00  0.0000000000  0.000000E+00
        2.578485E+32 -9.999860E+00 -1.999885E+00 -3.053960E-01 -3.053960E-01
    51    30428.2265    8.30787958  7.228714E+08  1.627418E+07  3.191983E+32
        7.640789E+00  2.393740E+01  7.011662E+00  0.0000000000  0.000000E+00
        2.074890E+32 -9.999860E+00 -1.999885E+00 -3.053960E-01 -3.053960E-01
    52    29958.0357    8.30878279  7.221201E+08  1.819742E+07  2.992982E+32
        7.629317E+00  2.393808E+01  7.012161E+00  0.0000000000  0.000000E+00
        1.661497E+32 -9.999860E+00 -1.999885E+00 -3.053960E-01 -3.053960E-01
    53    29495.2553    8.30967384  7.213796E+08  2.034120E+07  2.806522E+32
        7.617531E+00  2.393875E+01  7.012662E+00  0.0000000000  0.000000E+00
        1.322942E+32 -9.999860E+00 -1.999885E+00 -3.053960E-01 -3.053960E-01
    54    29044.7414    8.31054359  7.206577E+08  2.270034E+07  2.633662E+32
        7.605558E+00  2.393941E+01  7.013151E+00  0.0000000000  0.000000E+00
        1.049296E+32 -9.999860E+00 -1.999885E+00 -3.053960E-01 -3.053960E-01
    55    28601.9612    8.31139566  7.199511E+08  2.528566E+07  2.471845E+32
        7.593423E+00  2.394005E+01  7.013627E+00  0.0000000000  0.000000E+00
        8.289396E+31 -9.999860E+00 -1.999885E+00 -3.053960E-01 -3.053960E-01
    56    28168.5120    8.31222819  7.192613E+08  2.809528E+07  2.320925E+32
        7.581192E+00  2.394068E+01  7.014089E+00  0.0000000000  0.000000E+00
        6.527811E+31 -9.999860E+00 -1.999885E+00 -3.053960E-01 -3.053960E-01
    57    27741.7705    8.31304439  7.185858E+08  3.113392E+07  2.179345E+32
        7.568885E+00  2.394129E+01  7.014538E+00  0.0000000000  0.000000E+00
        5.124554E+31 -9.999860E+00 -1.999885E+00 -3.053960E-01 -3.053960E-01
    58    27321.9508    8.31384454  7.179241E+08  3.439728E+07  2.046614E+32
        7.556544E+00  2.394188E+01  7.014976E+00  0.0000000000  0.000000E+00
        4.012977E+31 -9.999860E+00 -1.999885E+00 -3.053960E-01 -3.053960E-01
    59    26908.4517    8.31463048  7.172748E+08  3.788402E+07  1.922020E+32
        7.544188E+00  2.394246E+01  7.015407E+00  0.0000000000  0.000000E+00
        3.135669E+31 -9.999860E+00 -1.999885E+00 -3.053960E-01 -3.053960E-01
    60    26501.2184    8.31540109  7.166387E+08  4.159110E+07  1.805078E+32
        7.531834E+00  2.394303E+01  7.015827E+00  0.0000000000  0.000000E+00
        2.445601E+31 -9.999860E+00 -1.999885E+00 -3.053960E-01 -3.053960E-01
    61    26099.2372    8.31615633  7.160159E+08  4.551590E+07  1.695073E+32
        7.519493E+00  2.394357E+01  7.016233E+00  0.0000000000  0.000000E+00
        1.904390E+31 -9.999860E+00 -1.999885E+00 -3.053960E-01 -3.053960E-01
    62    25702.5176    8.31689579  7.154065E+08  4.965180E+07  1.591624E+32
        7.507188E+00  2.394410E+01  7.016625E+00  0.0000000000  0.000000E+00
        1.481395E+31 -9.999860E+00 -1.999885E+00 -3.053960E-01 -3.053960E-01
    63    25311.2529    8.31761938  7.148108E+08  5.399480E+07  1.494407E+32
        7.494928E+00  2.394462E+01  7.017005E+00  0.0000000000  0.000000E+00
        1.151531E+31 -9.999860E+00 -1.999885E+00 -3.053960E-01 -3.053960E-01
    64    24925.5192    8.31832788  7.142280E+08  5.854302E+07  1.403080E+32
        7.482718E+00  2.394512E+01  7.017375E+00  0.0000000000  0.000000E+00
        8.946786E+30 -9.999860E+00 -1.999885E+00 -3.053960E-01 -3.053960E-01
    65    24545.4119    8.31902207  7.136574E+08  6.329562E+07  1.317325E+32
        7.470558E+00  2.394561E+01  7.017737E+00  0.0000000000  0.000000E+00
        6.949141E+30 -9.999860E+00 -1.999885E+00 -3.053960E-01 -3.053960E-01
    66    24170.9572    8.31970248  7.130986E+08  6.825262E+07  1.236820E+32
        7.458448E+00  2.394609E+01  7.018093E+00  0.0000000000  0.000000E+00
        5.396974E+30 -9.999860E+00 -1.999885E+00 -3.053960E-01 -3.053960E-01
    67    23802.2356    8.32037064  7.125502E+08  7.341490E+07  1.161272E+32
        7.446392E+00  2.394656E+01  7.018448E+00  0.0000000000  0.000000E+00
        4.191896E+30 -9.999860E+00 -1.999885E+00 -3.053960E-01 -3.053960E-01
    68    23439.1534    8.32102615  7.120127E+08  7.878526E+07  1.090373E+32
        7.434385E+00  2.394704E+01  7.018800E+00  0.0000000000  0.000000E+00
        3.256521E+30 -9.999860E+00 -1.999885E+00 -3.053960E-01 -3.053960E-01
    69    23081.6822    8.32166810  7.114866E+08  8.436584E+07  1.023848E+32
        7.422426E+00  2.394750E+01  7.019147E+00  0.0000000000  0.000000E+00
        2.530717E+30 -9.999860E+00 -1.999885E+00 -3.053960E-01 -3.053960E-01
    70    22729.9488    8.32229520  7.109732E+08  9.015906E+07  9.614622E+31
        7.410515E+00  2.394795E+01  7.019484E+00  0.0000000000  0.000000E+00
        1.967624E+30 -9.999860E+00 -1.999885E+00 -3.053960E-01 -3.053960E-01
    71    22383.5294    8.32290555  7.104737E+08  9.616826E+07  9.029055E+31
        7.398647E+00  2.394838E+01  7.019806E+00  0.0000000000  0.000000E+00
        1.530776E+30 -9.999860E+00 -1.999885E+00 -3.053960E-01 -3.053960E-01
    72    22042.9616    8.32349819  7.099891E+08  1.023945E+08  8.480377E+31
        7.386827E+00  2.394879E+01  7.020112E+00  0.0000000000  0.000000E+00
        1.191955E+30 -9.999860E+00 -1.999885E+00 -3.053960E-01 -3.053960E-01
    73    21707.5996    8.32407604  7.095170E+08  1.088439E+08  7.965348E+31
        7.375054E+00  2.394919E+01  7.020407E+00  0.0000000000  0.000000E+00
        9.290822E+29 -9.999860E+00 -1.999885E+00 -3.053960E-01 -3.053960E-01
    74    21377.8444    8.32464096  7.090557E+08  1.155206E+08  7.482527E+31
        7.363331E+00  2.394958E+01  7.020699E+00  0.0000000000  0.000000E+00
        7.251003E+29 -9.999860E+00 -1.999885E+00 -3.053960E-01 -3.053960E-01
    75    21053.3854    8.32519218  7.086058E+08  1.224347E+08  7.029577E+31
        7.351652E+00  2.394997E+01  7.020988E+00  0.0000000000  0.000000E+00
        5.666060E+29 -9.999860E+00 -1.999885E+00 -3.053960E-01 -3.053960E-01
    76    20734.1027    8.32572867  7.081683E+08  1.295918E+08  6.604591E+31
        7.340015E+00  2.395035E+01  7.021269E+00  0.0000000000  0.000000E+00
        4.433750E+29 -9.999860E+00 -1.999885E+00 -3.053960E-01 -3.053960E-01
    77    20420.0569    8.32625022  7.077432E+08  1.369975E+08  6.205991E+31
        7.328421E+00  2.395071E+01  7.021540E+00  0.0000000000  0.000000E+00
        3.474883E+29 -9.999860E+00 -1.999885E+00 -3.053960E-01 -3.053960E-01
    78    20111.2646    8.32675759  7.073299E+08  1.446583E+08  5.832215E+31
        7.316867E+00  2.395106E+01  7.021799E+00  0.0000000000  0.000000E+00
        2.728000E+29 -9.999860E+00 -1.999885E+00 -3.053960E-01 -3.053960E-01
    79    19807.8824    8.32725109  7.069281E+08  1.525813E+08  5.481945E+31
        7.305351E+00  2.395138E+01  7.022041E+00  0.0000000000  0.000000E+00
        2.145507E+29 -9.999860E+00 -1.999885E+00 -3.053960E-01 -3.053960E-01
    80    19510.3020    8.32773310  7.065359E+08  1.607744E+08  5.154143E+31
        7.293874E+00  2.395169E+01  7.022270E+00  0.0000000000  0.000000E+00
        1.690580E+29 -9.999860E+00 -1.999885E+00 -3.053960E-01 -3.053960E-01
    81    19218.5918    8.32820691  7.061506E+08  1.692493E+08  4.847446E+31
        7.282433E+00  2.395199E+01  7.022489E+00  0.0000000000  0.000000E+00
        1.334620E+29 -9.999860E+00 -1.999885E+00 -3.053960E-01 -3.053960E-01
    82    18932.6350    8.32867450  7.057706E+08  1.780176E+08  4.560404E+31
        7.271025E+00  2.395227E+01  7.022701E+00  0.0000000000  0.000000E+00
        1.055574E+29 -9.999860E+00 -1.999885E+00 -3.053960E-01 -3.053960E-01
    83    18651.7987    8.32913734  7.053946E+08  1.870892E+08  4.291204E+31
        7.259646E+00  2.395255E+01  7.022906E+00  0.0000000000  0.000000E+00
        8.365219E+28 -9.999860E+00 -1.999885E+00 -3.053960E-01 -3.053960E-01
    84    18376.6529    8.32959555  7.050226E+08  1.964684E+08  4.039278E+31
        7.248303E+00  2.395282E+01  7.023106E+00  0.0000000000  0.000000E+00
        6.643553E+28 -9.999860E+00 -1.999885E+00 -3.053960E-01 -3.053960E-01
    85    18106.2418    8.33004943  7.046543E+08  2.061690E+08  3.802747E+31
        7.236989E+00  2.395308E+01  7.023303E+00  0.0000000000  0.000000E+00
        5.287804E+28 -9.999860E+00 -1.999885E+00 -3.053960E-01 -3.053960E-01
    86    17840.6122    8.33049713  7.042912E+08  2.161922E+08  3.580762E+31
        7.225713E+00  2.395334E+01  7.023494E+00  0.0000000000  0.000000E+00
        4.219366E+28 -9.999860E+00 -1.999885E+00 -3.053960E-01 -3.053960E-01
    87    17579.4443    8.33093477  7.039364E+08  2.265445E+08  3.372247E+31
        7.214474E+00  2.395359E+01  7.023678E+00  0.0000000000  0.000000E+00
        3.375927E+28 -9.999860E+00 -1.999885E+00 -3.053960E-01 -3.053960E-01
    88    17322.6217    8.33136201  7.035902E+08  2.372279E+08  3.176333E+31
        7.203282E+00  2.395382E+01  7.023855E+00  0.0000000000  0.000000E+00
        2.709268E+28 -9.999860E+00 -1.999885E+00 -3.053960E-01 -3.053960E-01
    89    17070.2951    8.33178016  7.032516E+08  2.482480E+08  2.992386E+31
        7.192142E+00  2.395405E+01  7.024027E+00  0.0000000000  0.000000E+00
        2.181268E+28 -9.999860E+00 -1.999885E+00 -3.053960E-01 -3.053960E-01
    90    16822.5656    8.33219075  7.029192E+08  2.596163E+08  2.819758E+31
        7.181053E+00  2.395427E+01  7.024195E+00  0.0000000000  0.000000E+00
        1.761879E+28 -9.999860E+00 -1.999885E+00 -3.053960E-01 -3.053960E-01
    91    16579.3527    8.33259497  7.025922E+08  2.713466E+08  2.657718E+31
        7.170012E+00  2.395449E+01  7.024360E+00  0.0000000000  0.000000E+00
        1.427733E+28 -9.999860E+00 -1.999885E+00 -3.053960E-01 -3.053960E-01
    92    16340.6073    8.33299385  7.022696E+08  2.834493E+08  2.505605E+31
        7.159017E+00  2.395471E+01  7.024524E+00  0.0000000000  0.000000E+00
        1.160746E+28 -9.999860E+00 -1.999885E+00 -3.053960E-01 -3.053960E-01
    93    16106.2619    8.33338791  7.019511E+08  2.959333E+08  2.362788E+31
        7.148070E+00  2.395492E+01  7.024685E+00  0.0000000000  0.000000E+00
        9.468232E+27 -9.999860E+00 -1.999885E+00 -3.053960E-01 -3.053960E-01
    94    15876.2394    8.33377587  7.016376E+08  3.088060E+08  2.228683E+31
        7.137171E+00  2.395514E+01  7.024842E+00  0.0000000000  0.000000E+00
        7.749288E+27 -9.999860E+00 -1.999885E+00 -3.053960E-01 -3.053960E-01
    95    15650.4782    8.33415481  7.013316E+08  3.220719E+08  2.102758E+31
        7.126324E+00  2.395534E+01  7.024988E+00  0.0000000000  0.000000E+00
        6.364122E+27 -9.999860E+00 -1.999885E+00 -3.053960E-01 -3.053960E-01
    96    15429.0219    8.33452392  7.010336E+08  3.357320E+08  1.984556E+31
        7.115535E+00  2.395552E+01  7.025123E+00  0.0000000000  0.000000E+00
        5.244950E+27 -9.999860E+00 -1.999885E+00 -3.053960E-01 -3.053960E-01
    97    15211.8826    8.33488302  7.007439E+08  3.497901E+08  1.873624E+31
        7.104809E+00  2.395570E+01  7.025248E+00  0.0000000000  0.000000E+00
        4.337936E+27 -9.999860E+00 -1.999885E+00 -3.053960E-01 -3.053960E-01
    98    14999.0271    8.33523211  7.004623E+08  3.642513E+08  1.769513E+31
        7.094148E+00  2.395587E+01  7.025368E+00  0.0000000000  0.000000E+00
        3.600429E+27 -9.999860E+00 -1.999885E+00 -3.053960E-01 -3.053960E-01
    99    14790.4255    8.33557139  7.001887E+08  3.791208E+08  1.671802E+31
        7.083554E+00  2.395604E+01  7.025485E+00  0.0000000000  0.000000E+00
        2.998718E+27 -9.999860E+00 -1.999885E+00 -3.053960E-01 -3.053960E-01
   100    14586.0842    8.33590135  6.999228E+08  3.944013E+08  1.580109E+31
        7.073029E+00  2.395620E+01  7.025600E+00  0.0000000000  0.000000E+00
        2.506174E+27 -9.999860E+00 -1.999885E+00 -3.053960E-01 -3.053960E-01
   101    14386.0144    8.33622370  6.996631E+08  4.100943E+08  1.494073E+31
        7.062578E+00  2.395636E+01  7.025718E+00  0.0000000000  0.000000E+00
        2.101687E+27 -9.999860E+00 -1.999885E+00 -3.053960E-01 -3.053960E-01
   102    14190.2499    8.33654161  6.994070E+08  4.262011E+08  1.413358E+31
        7.052207E+00  2.395653E+01  7.025843E+00  0.0000000000  0.000000E+00
        1.768479E+27 -9.999860E+00 -1.999885E+00 -3.053960E-01 -3.053960E-01
   103    13998.7218    8.33685489  6.991548E+08  4.427216E+08  1.337618E+31
        7.041918E+00  2.395671E+01  7.025973E+00  0.0000000000  0.000000E+00
        1.493067E+27 -9.999860E+00 -1.999885E+00 -3.053960E-01 -3.053960E-01
   104    13811.5361    8.33716248  6.989073E+08  4.596380E+08  1.266599E+31
        7.031724E+00  2.395688E+01  7.026103E+00  0.0000000000  0.000000E+00
        1.264858E+27 -9.999860E+00 -1.999885E+00 -3.053960E-01 -3.053960E-01
   105    13629.0323    8.33746312  6.986654E+08  4.769055E+08  1.200136E+31
        7.021652E+00  2.395705E+01  7.026231E+00  0.0000000000  0.000000E+00
        1.075500E+27 -9.999860E+00 -1.999885E+00 -3.053960E-01 -3.053960E-01
   106    13452.0215    8.33775507  6.984306E+08  4.944231E+08  1.138227E+31
        7.011754E+00  2.395722E+01  7.026355E+00  0.0000000000  0.000000E+00
        9.185233E+26 -9.999860E+00 -1.999885E+00 -3.053960E-01 -3.053960E-01
   107    13282.3663    8.33803537  6.982053E+08  5.119608E+08  1.081185E+31
        7.002145E+00  2.395738E+01  7.026470E+00  0.0000000000  0.000000E+00
        7.892153E+26 -9.999860E+00 -1.999885E+00 -3.053960E-01 -3.053960E-01
   108    13124.3778    8.33829698  6.979950E+08  5.289771E+08  1.030034E+31
        6.993087E+00  2.395751E+01  7.026573E+00  0.0000000000  0.000000E+00
        6.848825E+26 -9.999860E+00 -1.999885E+00 -3.053960E-01 -3.053960E-01
   109    12984.1140    8.33852997  6.978078E+08  5.446530E+08  9.861725E+30
        6.984956E+00  2.395763E+01  7.026658E+00  0.0000000000  0.000000E+00
        6.036067E+26 -9.999860E+00 -1.999885E+00 -3.053960E-01 -3.053960E-01
   110    12863.9951    8.33873057  6.976467E+08  5.585134E+08  9.497438E+30
        6.977924E+00  2.395772E+01  7.026725E+00  0.0000000000  0.000000E+00
        5.415225E+26 -9.999860E+00 -1.999885E+00 -3.053960E-01 -3.053960E-01
   111    12761.2579    8.33890284  6.975083E+08  5.706998E+08  9.194004E+30
        6.971859E+00  2.395779E+01  7.026778E+00  0.0000000000  0.000000E+00
        4.933771E+26 -9.999860E+00 -1.999885E+00 -3.053960E-01 -3.053960E-01
   112    12667.6218    8.33906057  6.973817E+08  5.820894E+08  8.923873E+30
        6.966290E+00  2.395785E+01  7.026825E+00  0.0000000000  0.000000E+00
        4.531271E+26 -9.999860E+00 -1.999885E+00 -3.053960E-01 -3.053960E-01
   113    12579.5301    8.33920961  6.972620E+08  5.930616E+08  8.675243E+30
        6.961016E+00  2.395791E+01  7.026867E+00  0.0000000000  0.000000E+00
        4.181732E+26 -9.999860E+00 -1.999885E+00 -3.053960E-01 -3.053960E-01
   114    12495.0709    8.33935320  6.971467E+08  6.038252E+08  8.441805E+30
        6.955925E+00  2.395796E+01  7.026907E+00  0.0000000000  0.000000E+00
        3.871136E+26 -9.999860E+00 -1.999885E+00 -3.053960E-01 -3.053960E-01
   115    12413.0713    8.33949360  6.970341E+08  6.145113E+08  8.219719E+30
        6.950951E+00  2.395800E+01  7.026945E+00  0.0000000000  0.000000E+00
        3.590939E+26 -9.999860E+00 -1.999885E+00 -3.053960E-01 -3.053960E-01
   116    12333.2933    8.33963121  6.969236E+08  6.251383E+08  8.007900E+30
        6.946082E+00  2.395805E+01  7.026981E+00  0.0000000000  0.000000E+00
        3.337126E+26 -9.999860E+00 -1.999885E+00 -3.053960E-01 -3.053960E-01
   117    12255.0965    8.33976665  6.968150E+08  6.357822E+08  7.804299E+30
        6.941280E+00  2.395810E+01  7.027016E+00  0.0000000000  0.000000E+00
        3.105139E+26 -9.999860E+00 -1.999885E+00 -3.053960E-01 -3.053960E-01
   118    12177.2543    8.33990194  6.967065E+08  6.466100E+08  7.605524E+30
        6.936471E+00  2.395814E+01  7.027052E+00  0.0000000000  0.000000E+00
        2.889604E+26 -9.999860E+00 -1.999885E+00 -3.053960E-01 -3.053960E-01
   119    12099.3844    8.34003838  6.965970E+08  6.576816E+08  7.410514E+30
        6.931630E+00  2.395819E+01  7.027087E+00  0.0000000000  0.000000E+00
        2.688349E+26 -9.999860E+00 -1.999885E+00 -3.053960E-01 -3.053960E-01
   120    12022.2746    8.34017523  6.964873E+08  6.688868E+08  7.221126E+30
        6.926807E+00  2.395823E+01  7.027123E+00  0.0000000000  0.000000E+00
        2.502313E+26 -9.999860E+00 -1.999885E+00 -3.053960E-01 -3.053960E-01
   121    11946.5677    8.34031132  6.963782E+08  6.801289E+08  7.038739E+30
        6.922043E+00  2.395828E+01  7.027159E+00  0.0000000000  0.000000E+00
        2.331646E+26 -9.999860E+00 -1.999885E+00 -3.053960E-01 -3.053960E-01
   122    11871.7543    8.34044689  6.962695E+08  6.914800E+08  6.861930E+30
        6.917306E+00  2.395832E+01  7.027195E+00  0.0000000000  0.000000E+00
        2.173922E+26 -9.999860E+00 -1.999885E+00 -3.053960E-01 -3.053960E-01
   123    11796.5086    8.34058380  6.961597E+08  7.031446E+08  6.687499E+30
        6.912514E+00  2.395837E+01  7.027232E+00  0.0000000000  0.000000E+00
        2.025589E+26 -9.999860E+00 -1.999885E+00 -3.053960E-01 -3.053960E-01
   124    11719.8661    8.34072373  6.960476E+08  7.152912E+08  6.513291E+30
        6.907603E+00  2.395843E+01  7.027272E+00  0.0000000000  0.000000E+00
        1.884435E+26 -9.999860E+00 -1.999885E+00 -3.053960E-01 -3.053960E-01
   125    11641.6049    8.34086741  6.959325E+08  7.279798E+08  6.338954E+30
        6.902556E+00  2.395848E+01  7.027314E+00  0.0000000000  0.000000E+00
        1.749977E+26 -9.999860E+00 -1.999885E+00 -3.053960E-01 -3.053960E-01
   126    11562.0887    8.34101433  6.958148E+08  7.411732E+08  6.165445E+30
        6.897397E+00  2.395854E+01  7.027358E+00  0.0000000000  0.000000E+00
        1.622723E+26 -9.999860E+00 -1.999885E+00 -3.053960E-01 -3.053960E-01
   127    11481.9292    8.34116357  6.956952E+08  7.547907E+08  5.994176E+30
        6.892161E+00  2.395860E+01  7.027403E+00  0.0000000000  0.000000E+00
        1.503345E+26 -9.999860E+00 -1.999885E+00 -3.053960E-01 -3.053960E-01
   128    11401.6844    8.34131423  6.955746E+08  7.687491E+08  5.826335E+30
        6.886886E+00  2.395867E+01  7.027450E+00  0.0000000000  0.000000E+00
        1.392205E+26 -9.999860E+00 -1.999885E+00 -3.053960E-01 -3.053960E-01
   129    11321.7278    8.34146605  6.954530E+08  7.829932E+08  5.662633E+30
        6.881595E+00  2.395873E+01  7.027496E+00  0.0000000000  0.000000E+00
        1.289214E+26 -9.999860E+00 -1.999885E+00 -3.053960E-01 -3.053960E-01
   130    11242.6375    8.34161740  6.953318E+08  7.974207E+08  5.504134E+30
        6.876327E+00  2.395879E+01  7.027543E+00  0.0000000000  0.000000E+00
        1.194448E+26 -9.999860E+00 -1.999885E+00 -3.053960E-01 -3.053960E-01
   131    11163.9976    8.34176856  6.952108E+08  8.121095E+08  5.349879E+30
        6.871055E+00  2.395886E+01  7.027590E+00  0.0000000000  0.000000E+00
        1.106763E+26 -9.999860E+00 -1.999885E+00 -3.053960E-01 -3.053960E-01
   132    11085.4306    8.34191996  6.950897E+08  8.271377E+08  5.199049E+30
        6.865753E+00  2.395892E+01  7.027636E+00  0.0000000000  0.000000E+00
        1.025239E+26 -9.999860E+00 -1.999885E+00 -3.053960E-01 -3.053960E-01
   133    11006.7858    8.34207147  6.949684E+08  8.425445E+08  5.051312E+30
        6.860411E+00  2.395899E+01  7.027683E+00  0.0000000000  0.000000E+00
        9.493173E+25 -9.999860E+00 -1.999885E+00 -3.053960E-01 -3.053960E-01
   134    10927.8107    8.34222316  6.948471E+08  8.583946E+08  4.906176E+30
        6.855010E+00  2.395905E+01  7.027729E+00  0.0000000000  0.000000E+00
        8.784129E+25 -9.999860E+00 -1.999885E+00 -3.053960E-01 -3.053960E-01
   135    10848.2128    8.34237516  6.947255E+08  8.747649E+08  4.763117E+30
        6.849530E+00  2.395912E+01  7.027776E+00  0.0000000000  0.000000E+00
        8.120070E+25 -9.999860E+00 -1.999885E+00 -3.053960E-01 -3.053960E-01
   136    10767.8365    8.34252720  6.946039E+08  8.917110E+08  4.621896E+30
        6.843959E+00  2.395918E+01  7.027821E+00  0.0000000000  0.000000E+00
        7.497395E+25 -9.999860E+00 -1.999885E+00 -3.053960E-01 -3.053960E-01
   137    10686.4332    8.34267949  6.944821E+08  9.093130E+08  4.482138E+30
        6.838277E+00  2.395924E+01  7.027866E+00  0.0000000000  0.000000E+00
        6.912440E+25 -9.999860E+00 -1.999885E+00 -3.053960E-01 -3.053960E-01
   138    10604.0874    8.34283136  6.943607E+08  9.275829E+08  4.344056E+30
        6.832488E+00  2.395930E+01  7.027910E+00  0.0000000000  0.000000E+00
        6.364369E+25 -9.999860E+00 -1.999885E+00 -3.053960E-01 -3.053960E-01
   139    10520.6170    8.34298321  6.942393E+08  9.465959E+08  4.207414E+30
        6.826577E+00  2.395936E+01  7.027953E+00  0.0000000000  0.000000E+00
        5.850368E+25 -9.999860E+00 -1.999885E+00 -3.053960E-01 -3.053960E-01
   140    10436.2823    8.34313498  6.941180E+08  9.663301E+08  4.072695E+30
        6.820558E+00  2.395942E+01  7.027995E+00  0.0000000000  0.000000E+00
        5.370473E+25 -9.999860E+00 -1.999885E+00 -3.053960E-01 -3.053960E-01
   141    10351.0451    8.34328870  6.939952E+08  9.868381E+08  3.939868E+30
        6.814428E+00  2.395948E+01  7.028040E+00  0.0000000000  0.000000E+00
        4.922763E+25 -9.999860E+00 -1.999885E+00 -3.053960E-01 -3.053960E-01
   142    10265.1424    8.34344429  6.938709E+08  1.008102E+09  3.809336E+30
        6.808200E+00  2.395954E+01  7.028088E+00  0.0000000000  0.000000E+00
        4.506721E+25 -9.999860E+00 -1.999885E+00 -3.053960E-01 -3.053960E-01
   143    10178.7616    8.34360116  6.937456E+08  1.030106E+09  3.681393E+30
        6.801885E+00  2.395961E+01  7.028138E+00  0.0000000000  0.000000E+00
        4.121365E+25 -9.999860E+00 -1.999885E+00 -3.053960E-01 -3.053960E-01
   144    10092.0664    8.34375874  6.936197E+08  1.052841E+09  3.556274E+30
        6.795495E+00  2.395968E+01  7.028190E+00  0.0000000000  0.000000E+00
        3.765437E+25 -9.999860E+00 -1.999885E+00 -3.053960E-01 -3.053960E-01
   145    10005.2092    8.34391666  6.934936E+08  1.076292E+09  3.434169E+30
        6.789041E+00  2.395976E+01  7.028243E+00  0.0000000000  0.000000E+00
        3.437465E+25 -9.999860E+00 -1.999885E+00 -3.053960E-01 -3.053960E-01
   146     9918.4173    8.34407430  6.933678E+08  1.100421E+09  3.315346E+30
        6.782538E+00  2.395983E+01  7.028296E+00  0.0000000000  0.000000E+00
        3.136342E+25 -9.999860E+00 -1.999885E+00 -3.053960E-01 -3.053960E-01
   147     9780.7885    8.34432724  6.931659E+08  1.140421E+09  3.133299E+30
        6.772112E+00  2.395994E+01  7.028379E+00  0.0000000000  0.000000E+00
        2.708311E+25 -9.999860E+00 -1.999885E+00 -3.053960E-01 -3.053960E-01
   148     9615.5630    8.34463051  6.929239E+08  1.191172E+09  2.924839E+30
        6.759412E+00  2.396007E+01  7.028474E+00  0.0000000000  0.000000E+00
        2.265845E+25 -9.999860E+00 -1.999885E+00 -3.053960E-01 -3.053960E-01
   149     9454.2054    8.34491749  6.926950E+08  1.243574E+09  2.731595E+30
        6.746812E+00  2.396019E+01  7.028557E+00  0.0000000000  0.000000E+00
        1.897997E+25 -9.999860E+00 -1.999885E+00 -3.053960E-01 -3.053960E-01
   150     9300.1892    8.34518342  6.924830E+08  1.298440E+09  2.556332E+30
        6.737961E+00  2.396029E+01  7.028701E+00  0.0061745865 -2.689902E-03
        1.593735E+25 -9.999860E+00 -1.999885E+00 -3.053960E-01 -3.053960E-01
   151     9154.3071    8.34543198  6.922848E+08  1.359255E+09  2.398300E+30
        6.727467E+00  2.396040E+01  7.028776E+00  0.0246793607 -1.085259E-02
        1.350288E+25 -9.999860E+00 -1.999885E+00 -3.053960E-01 -3.053960E-01
   152     9010.8970    8.34567201  6.920935E+08  1.430086E+09  2.250265E+30
        6.715916E+00  2.396050E+01  7.028842E+00  0.0526934911 -2.350948E-02
        1.139238E+25 -9.999860E+00 -1.999885E+00 -3.053960E-01 -3.053960E-01
   153     8866.9148    8.34590918  6.919046E+08  1.511690E+09  2.108699E+30
        6.703408E+00  2.396057E+01  7.028893E+00  0.0867652504 -3.941757E-02
        9.510599E+24 -9.999860E+00 -1.999885E+00 -3.053960E-01 -3.053960E-01
   154     8718.7322    8.34615059  6.917123E+08  1.602828E+09  1.970137E+30
        6.690137E+00  2.396064E+01  7.028939E+00  0.1269084374 -5.894021E-02
        7.835723E+24 -9.999860E+00 -1.999885E+00 -3.053960E-01 -3.053960E-01
   155     8576.2483    8.34638400  6.915265E+08  1.699538E+09  1.843482E+30
        6.677696E+00  2.396072E+01  7.028992E+00  0.1666508729 -7.917302E-02
        6.509889E+24 -9.999860E+00 -1.999885E+00 -3.053960E-01 -3.053960E-01
   156     8429.1963    8.34663779  6.913244E+08  1.805087E+09  1.719256E+30
        6.664070E+00  2.396083E+01  7.029071E+00  0.2128302756 -1.039316E-01
        5.309398E+24 -9.999860E+00 -1.999885E+00 -3.053960E-01 -3.053960E-01
   157     8282.7332    8.34688929  6.911243E+08  1.914157E+09  1.601913E+30
        6.650760E+00  2.396096E+01  7.029164E+00  0.2599405418 -1.307334E-01
        4.340712E+24 -9.999860E+00 -1.999885E+00 -3.053960E-01 -3.053960E-01
   158     8144.5892    8.34711802  6.909423E+08  2.026270E+09  1.496898E+30
        6.638218E+00  2.396107E+01  7.029241E+00  0.3013096546 -1.557153E-01
        3.582933E+24 -9.999860E+00 -1.999885E+00 -3.053960E-01 -3.053960E-01
   159     8002.4552    8.34735156  6.907566E+08  2.146815E+09  1.394360E+30
        6.624613E+00  2.396116E+01  7.029311E+00  0.3447510169 -1.835936E-01
        2.908942E+24 -9.999860E+00 -1.999885E+00 -3.053960E-01 -3.053960E-01
   160     7857.8797    8.34757560  6.905784E+08  2.269271E+09  1.295626E+30
        6.610992E+00  2.396123E+01  7.029368E+00  0.3898273545 -2.145473E-01
        2.357419E+24 -9.999860E+00 -1.999885E+00 -3.053960E-01 -3.053960E-01
   161     7727.8567    8.34777903  6.904167E+08  2.389753E+09  1.211409E+30
        6.598564E+00  2.396130E+01  7.029418E+00  0.4257371620 -2.408893E-01
        1.949500E+24 -9.999860E+00 -1.999885E+00 -3.053960E-01 -3.053960E-01
   162     7594.4524    8.34799372  6.902461E+08  2.518478E+09  1.129343E+30
        6.585723E+00  2.396138E+01  7.029478E+00  0.4674002039 -2.735990E-01
        1.601426E+24 -9.999860E+00 -1.999885E+00 -3.053960E-01 -3.053960E-01
   163     7469.2683    8.34820676  6.900768E+08  2.649040E+09  1.056183E+30
        6.573358E+00  2.396147E+01  7.029544E+00  0.5041697862 -3.046670E-01
        1.323060E+24 -9.999860E+00 -1.999885E+00 -3.053960E-01 -3.053960E-01
   164     7340.0641    8.34843710  6.898938E+08  2.785068E+09  9.844551E+29
        6.560174E+00  2.396158E+01  7.029619E+00  0.5410172897 -3.382037E-01
        1.079028E+24 -9.999860E+00 -1.999885E+00 -3.053960E-01 -3.053960E-01
   165     7221.4659    8.34864669  6.897274E+08  2.916034E+09  9.219096E+29
        6.548231E+00  2.396168E+01  7.029687E+00  0.5725069279 -3.690709E-01
        8.984949E+23 -9.999860E+00 -1.999885E+00 -3.053960E-01 -3.053960E-01
   166     7104.7814    8.34885953  6.895584E+08  3.048538E+09  8.633302E+29
        6.535908E+00  2.396177E+01  7.029749E+00  0.6037730951 -4.020560E-01
        7.415144E+23 -9.999860E+00 -1.999885E+00 -3.053960E-01 -3.053960E-01
   167     6993.8547    8.34906469  6.893955E+08  3.175462E+09  8.102804E+29
        6.523967E+00  2.396185E+01  7.029802E+00  0.6295640543 -4.312869E-01
        6.125394E+23 -9.999860E+00 -1.999885E+00 -3.053960E-01 -3.053960E-01
   168     6893.6732    8.34924994  6.892485E+08  3.294370E+09  7.645157E+29
        6.513335E+00  2.396191E+01  7.029845E+00  0.6550348727 -4.622248E-01
        5.147989E+23 -9.999860E+00 -1.999885E+00 -3.053960E-01 -3.053960E-01
   169     6798.5472    8.34943699  6.891001E+08  3.409163E+09  7.228715E+29
        6.502840E+00  2.396196E+01  7.029883E+00  0.6801105719 -4.950001E-01
        4.332165E+23 -9.999860E+00 -1.999885E+00 -3.053960E-01 -3.053960E-01
   170     6717.4938    8.34960532  6.889666E+08  3.514904E+09  6.887433E+29
        6.493588E+00  2.396200E+01  7.029912E+00  0.6998362599 -5.226418E-01
        3.715213E+23 -9.999860E+00 -1.999885E+00 -3.053960E-01 -3.053960E-01
   171     6642.2491    8.34976797  6.888376E+08  3.619494E+09  6.581521E+29
        6.484696E+00  2.396204E+01  7.029938E+00  0.7144099916 -5.442570E-01
        3.196000E+23 -9.999860E+00 -1.999885E+00 -3.053960E-01 -3.053960E-01
   172     6565.2592    8.34993944  6.887016E+08  3.724300E+09  6.279162E+29
        6.475324E+00  2.396208E+01  7.029963E+00  0.7335167969 -5.743302E-01
        2.731358E+23 -9.999860E+00 -1.999885E+00 -3.053960E-01 -3.053960E-01
   173     6500.2034    8.35008972  6.885824E+08  3.822380E+09  6.031866E+29
        6.466750E+00  2.396211E+01  7.029985E+00  0.7475822791 -5.978802E-01
        2.360226E+23 -9.999860E+00 -1.999885E+00 -3.053960E-01 -3.053960E-01
   174     6432.4753    8.35024734  6.884575E+08  3.925523E+09  5.782275E+29
        6.457779E+00  2.396214E+01  7.030007E+00  0.7659526354 -6.306962E-01
        2.030794E+23 -9.999860E+00 -1.999885E+00 -3.053960E-01 -3.053960E-01
   175     6373.5892    8.35039342  6.883417E+08  4.025700E+09  5.571555E+29
        6.449217E+00  2.396217E+01  7.030027E+00  0.7794216937 -6.564372E-01
        1.755172E+23 -9.999860E+00 -1.999885E+00 -3.053960E-01 -3.053960E-01
   176     6317.1330    8.35054226  6.882238E+08  4.129623E+09  5.374913E+29
        6.440354E+00  2.396220E+01  7.030047E+00  0.7926081494 -6.832083E-01
        1.507574E+23 -9.999860E+00 -1.999885E+00 -3.053960E-01 -3.053960E-01
   177     6265.2257    8.35068795  6.881084E+08  4.234383E+09  5.198673E+29
        6.431443E+00  2.396223E+01  7.030068E+00  0.8054958072 -7.110710E-01
        1.295426E+23 -9.999860E+00 -1.999885E+00 -3.053960E-01 -3.053960E-01
   178     6217.3981    8.35083137  6.879947E+08  4.341475E+09  5.040074E+29
        6.422299E+00  2.396226E+01  7.030091E+00  0.8180684717 -7.400920E-01
        1.107936E+23 -9.999860E+00 -1.999885E+00 -3.053960E-01 -3.053960E-01
   179     6169.9414    8.35097595  6.878802E+08  4.452436E+09  4.886319E+29
        6.412716E+00  2.396230E+01  7.030115E+00  0.8303099477 -7.703436E-01
        9.404009E+22 -9.999860E+00 -1.999885E+00 -3.053960E-01 -3.053960E-01
   180     6126.3006    8.35111214  6.877724E+08  4.563326E+09  4.748043E+29
        6.403080E+00  2.396233E+01  7.030139E+00  0.8422040399 -8.019041E-01
        7.967314E+22 -9.999860E+00 -1.999885E+00 -3.053960E-01 -3.053960E-01
   181     6082.8671    8.35124746  6.876652E+08  4.678502E+09  4.613382E+29
        6.392933E+00  2.396235E+01  7.030164E+00  0.8537345527 -8.348583E-01
        6.691104E+22 -9.999860E+00 -1.999885E+00 -3.053960E-01 -3.053960E-01
   182     6040.5278    8.35137881  6.875613E+08  4.795249E+09  4.484916E+29
        6.382517E+00  2.396238E+01  7.030189E+00  0.8648852910 -8.692974E-01
        5.591409E+22 -9.999860E+00 -1.999885E+00 -3.053960E-01 -3.053960E-01
   183     5999.2577    8.35150832  6.874588E+08  4.913357E+09  4.362298E+29
        6.371836E+00  2.396241E+01  7.030214E+00  0.8791341896 -9.176965E-01
        4.649065E+22 -9.999860E+00 -1.999885E+00 -3.053960E-01 -3.053960E-01
   184     5956.8503    8.35164195  6.873530E+08  5.038357E+09  4.238951E+29
        6.360281E+00  2.396244E+01  7.030240E+00  0.8893358052 -9.559929E-01
        3.799487E+22 -9.999860E+00 -1.999885E+00 -3.053960E-01 -3.053960E-01
   185     5896.8682    8.35183621  6.871993E+08  5.225857E+09  4.068957E+29
        6.342770E+00  2.396249E+01  7.030277E+00  0.9053665913 -1.023956E+00
        2.814013E+22 -9.999860E+00 -1.999885E+00 -3.053960E-01 -3.053960E-01
   186     5822.7133    8.35207116  6.870134E+08  5.461629E+09  3.866020E+29
        6.319803E+00  2.396253E+01  7.030307E+00  0.9201175126 -1.097548E+00
        1.890775E+22 -9.999860E+00 -1.999885E+00 -3.053960E-01 -3.053960E-01
   187     5750.4846    8.35228099  6.868475E+08  5.690272E+09  3.675957E+29
        6.296647E+00  2.396254E+01  7.030317E+00  0.9360236271 -1.193980E+00
        1.272087E+22 -9.999860E+00 -1.999885E+00 -3.053960E-01 -3.053960E-01
   188     5676.6364    8.35248244  6.866882E+08  5.914064E+09  3.489117E+29
        6.272629E+00  2.396256E+01  7.030327E+00  0.9498492048 -1.299722E+00
        8.398153E+21 -9.999860E+00 -1.999885E+00 -3.053960E-01 -3.053960E-01
   189     5605.8751    8.35267405  6.865367E+08  6.125648E+09  3.316907E+29
        6.248994E+00  2.396260E+01  7.030355E+00  0.9596877474 -1.394563E+00
        5.609983E+21 -9.999860E+00 -1.999885E+00 -3.053960E-01 -3.053960E-01
   190     5535.7840    8.35285810  6.863913E+08  6.329054E+09  3.152768E+29
        6.225297E+00  2.396264E+01  7.030383E+00  0.9679165201 -1.493719E+00
        3.756639E+21 -9.999860E+00 -1.999885E+00 -3.053960E-01 -3.053960E-01
   191     5465.2633    8.35302625  6.862584E+08  6.522166E+09  2.993999E+29
        6.201828E+00  2.396267E+01  7.030406E+00  0.9745240151 -1.593869E+00
        2.523202E+21 -9.999860E+00 -1.999885E+00 -3.053960E-01 -3.053960E-01
   192     5394.2541    8.35317149  6.861437E+08  6.705401E+09  2.840454E+29
        6.178805E+00  2.396271E+01  7.030428E+00  0.9797707155 -1.694019E+00
        1.714752E+21 -9.999860E+00 -1.999885E+00 -3.053960E-01 -3.053960E-01
   193     5321.3882    8.35330590  6.860375E+08  6.881884E+09  2.689227E+29
        6.155556E+00  2.396275E+01  7.030458E+00  0.9839368732 -1.794170E+00
        1.159338E+21 -9.999860E+00 -1.999885E+00 -3.053960E-01 -3.053960E-01
   194     5250.5707    8.35343029  6.859393E+08  7.047683E+09  2.548176E+29
        6.132757E+00  2.396280E+01  7.030495E+00  0.9866429742 -1.874290E+00
        7.947504E+20 -9.999860E+00 -1.999885E+00 -3.053960E-01 -3.053960E-01
   195     5178.3489    8.35354698  6.858471E+08  7.205354E+09  2.410193E+29
        6.109988E+00  2.396285E+01  7.030527E+00  0.9878199348 -1.914350E+00
        5.459231E+20 -9.999860E+00 -1.999885E+00 -3.053960E-01 -3.053960E-01
   196     5106.5375    8.35365159  6.857645E+08  7.353456E+09  2.278705E+29
        6.087906E+00  2.396288E+01  7.030548E+00  0.9878199348 -1.914350E+00
        3.814382E+20 -9.999860E+00 -1.999885E+00 -3.053960E-01 -3.053960E-01
   197     5031.0100    8.35375721  6.856811E+08  7.497499E+09  2.146333E+29
        6.065717E+00  2.396291E+01  7.030571E+00  0.9883689334 -1.934380E+00
        2.658884E+20 -9.999860E+00 -1.999885E+00 -3.053960E-01 -3.053960E-01
   198     4955.2190    8.35385301  6.856055E+08  7.635961E+09  2.019445E+29
        6.043949E+00  2.396294E+01  7.030592E+00  0.9883689334 -1.934380E+00
        1.874339E+20 -9.999860E+00 -1.999885E+00 -3.053960E-01 -3.053960E-01
   199     4876.3684    8.35393708  6.855392E+08  7.772442E+09  1.893575E+29
        6.021822E+00  2.396297E+01  7.030607E+00  0.9883689334 -1.934380E+00
        1.309137E+20 -9.999860E+00 -1.999885E+00 -3.053960E-01 -3.053960E-01
   200     4799.9360    8.35401588  6.854770E+08  7.903301E+09  1.777295E+29
        6.000025E+00  2.396299E+01  7.030626E+00  0.9883689334 -1.934380E+00
        9.207088E+19 -9.999860E+00 -1.999885E+00 -3.053960E-01 -3.053960E-01
   201     4725.7326    8.35409786  6.854123E+08  8.030140E+09  1.669600E+29
        5.978317E+00  2.396303E+01  7.030651E+00  0.9888931867 -1.954411E+00
        6.486126E+19 -9.999860E+00 -1.999885E+00 -3.053960E-01 -3.053960E-01
   202     4653.5348    8.35417362  6.853525E+08  8.152130E+09  1.569610E+29
        5.956831E+00  2.396306E+01  7.030674E+00  0.9888931867 -1.954411E+00
        4.595417E+19 -9.999860E+00 -1.999885E+00 -3.053960E-01 -3.053960E-01
   203     4582.3904    8.35423384  6.853050E+08  8.269106E+09  1.475598E+29
        5.935797E+00  2.396308E+01  7.030685E+00  0.9888931867 -1.954411E+00
        3.276053E+19 -9.999860E+00 -1.999885E+00 -3.053960E-01 -3.053960E-01
   204     4506.6228    8.35428273  6.852664E+08  8.383708E+09  1.380243E+29
        5.914470E+00  2.396308E+01  7.030687E+00  0.9888931867 -1.954411E+00
        2.327394E+19 -9.999860E+00 -1.999885E+00 -3.053960E-01 -3.053960E-01
   205     4430.5907    8.35432356  6.852342E+08  8.493231E+09  1.289308E+29
        5.893558E+00  2.396308E+01  7.030684E+00  0.9888931867 -1.954411E+00
        1.667815E+19 -9.999860E+00 -1.999885E+00 -3.053960E-01 -3.053960E-01
   206     4352.5236    8.35436326  6.852029E+08  8.601280E+09  1.200701E+29
        5.872432E+00  2.396308E+01  7.030683E+00  0.9888931867 -1.954411E+00
        1.190306E+19 -9.999860E+00 -1.999885E+00 -3.053960E-01 -3.053960E-01
   207     4273.4374    8.35440610  6.851691E+08  8.707821E+09  1.115673E+29
        5.851082E+00  2.396308E+01  7.030687E+00  0.9893938100 -1.974441E+00
        8.462371E+18 -9.999860E+00 -1.999885E+00 -3.053960E-01 -3.053960E-01
   208     4194.4390    8.35444560  6.851379E+08  8.812620E+09  1.035341E+29
        5.829560E+00  2.396308E+01  7.030689E+00  0.9893938100 -1.974441E+00
        5.991361E+18 -9.999860E+00 -1.999885E+00 -3.053960E-01 -3.053960E-01
   209     4116.3593    8.35448194  6.851093E+08  8.915211E+09  9.602952E+28
        5.807954E+00  2.396308E+01  7.030689E+00  0.9893938100 -1.974441E+00
        4.234683E+18 -9.999860E+00 -1.999885E+00 -3.053960E-01 -3.053960E-01
   210     4039.3472    8.35451659  6.850819E+08  9.015352E+09  8.903520E+28
        5.786287E+00  2.396309E+01  7.030690E+00  0.9893938100 -1.974441E+00
        2.986573E+18 -9.999860E+00 -1.999885E+00 -3.053960E-01 -3.053960E-01
   211     3964.7179    8.35454890  6.850564E+08  9.112920E+09  8.262926E+28
        5.764909E+00  2.396309E+01  7.030692E+00  0.9893938100 -1.974441E+00
        2.114535E+18 -9.999860E+00 -1.999885E+00 -3.053960E-01 -3.053960E-01
   212     3884.4497    8.35457930  6.850325E+08  9.210704E+09  7.613289E+28
        5.742605E+00  2.396309E+01  7.030692E+00  0.9893938100 -1.974441E+00
        1.472350E+18 -9.999860E+00 -1.999885E+00 -3.053960E-01 -3.053960E-01
   213     3804.7251    8.35460632  6.850112E+08  9.304520E+09  7.006811E+28
        5.720625E+00  2.396309E+01  7.030692E+00  0.9893938100 -1.974441E+00
        1.030096E+18 -9.999860E+00 -1.999885E+00 -3.053960E-01 -3.053960E-01
   214     3721.4993    8.35463272  6.849903E+08  9.398473E+09  6.413168E+28
        5.698053E+00  2.396309E+01  7.030693E+00  0.9893938100 -1.974441E+00
        7.127516E+17 -9.999860E+00 -1.999885E+00 -3.053960E-01 -3.053960E-01
   215     3635.7912    8.35465735  6.849709E+08  9.492603E+09  5.842140E+28
        5.674891E+00  2.396309E+01  7.030694E+00  0.9898718684 -1.994471E+00
        4.879861E+17 -9.999860E+00 -1.999885E+00 -3.053960E-01 -3.053960E-01
   216     3548.7612    8.35467964  6.849533E+08  9.586452E+09  5.302261E+28
        5.651284E+00  2.396309E+01  7.030694E+00  0.9898718684 -1.994471E+00
        3.312535E+17 -9.999860E+00 -1.999885E+00 -3.053960E-01 -3.053960E-01
   217     3460.8277    8.35470187  6.849358E+08  9.680018E+09  4.795696E+28
        5.627202E+00  2.396309E+01  7.030694E+00  0.9898718684 -1.994471E+00
        2.226987E+17 -9.999860E+00 -1.999885E+00 -3.053960E-01 -3.053960E-01
   218     3375.6770    8.35472307  6.849191E+08  9.773064E+09  4.340643E+28
        5.603312E+00  2.396309E+01  7.030695E+00  0.9898718684 -1.994471E+00
        1.501273E+17 -9.999860E+00 -1.999885E+00 -3.053960E-01 -3.053960E-01
   219     3282.8500    8.35474357  6.849029E+08  9.868691E+09  3.882346E+28
        5.577573E+00  2.396309E+01  7.030695E+00  0.9898718684 -1.994471E+00
        9.783618E+16 -9.999860E+00 -1.999885E+00 -3.053960E-01 -3.053960E-01
   220     3193.3185    8.35476174  6.848886E+08  9.960460E+09  3.475688E+28
        5.552263E+00  2.396309E+01  7.030695E+00  0.9898718684 -1.994471E+00
        6.414482E+16 -9.999860E+00 -1.999885E+00 -3.053960E-01 -3.053960E-01
   221     3102.5492    8.35477910  6.848749E+08  1.005247E+10  3.096914E+28
        5.526259E+00  2.396309E+01  7.030695E+00  0.9903283790 -2.014501E+00
        4.149136E+16 -9.999860E+00 -1.999885E+00 -3.053960E-01 -3.053960E-01
   222     3011.9500    8.35479370  6.848634E+08  1.014399E+10  2.750622E+28
        5.499861E+00  2.396309E+01  7.030695E+00  0.9903283790 -2.014501E+00
        2.660920E+16 -9.999860E+00 -1.999885E+00 -3.053960E-01 -3.053960E-01
   223     2921.9768    8.35480808  6.848521E+08  1.023478E+10  2.436310E+28
        5.473174E+00  2.396309E+01  7.030695E+00  0.9903283790 -2.014501E+00
        1.694601E+16 -9.999860E+00 -1.999885E+00 -3.053960E-01 -3.053960E-01
   224     2837.5834    8.35482246  6.848407E+08  1.032483E+10  2.166734E+28
        5.447335E+00  2.396309E+01  7.030695E+00  0.9903283790 -2.014501E+00
        1.092967E+16 -9.999860E+00 -1.999885E+00 -3.053960E-01 -3.053960E-01
   225     2745.0015    8.35483734  6.848290E+08  1.041832E+10  1.897434E+28
        5.418775E+00  2.396309E+01  7.030696E+00  0.9907643130 -2.034531E+00
        6.706102E+15 -9.999860E+00 -1.999885E+00 -3.053960E-01 -3.053960E-01
   226     2659.8616    8.35485063  6.848185E+08  1.050564E+10  1.672704E+28
        5.391569E+00  2.396310E+01  7.030696E+00  0.9907643130 -2.034531E+00
        4.202072E+15 -9.999860E+00 -1.999885E+00 -3.053960E-01 -3.053960E-01
   227     2582.1541    8.35486228  6.848093E+08  1.059203E+10  1.485593E+28
        5.365760E+00  2.396310E+01  7.030696E+00  0.9907643130 -2.034531E+00
        2.693314E+15 -9.999860E+00 -1.999885E+00 -3.053960E-01 -3.053960E-01
   228     2495.3317    8.35487326  6.848007E+08  1.068282E+10  1.295608E+28
        5.336476E+00  2.396310E+01  7.030696E+00  0.9911805978 -2.054561E+00
        1.618774E+15 -9.999860E+00 -1.999885E+00 -3.053960E-01 -3.053960E-01
   229     2423.5001    8.35488206  6.847937E+08  1.076610E+10  1.152720E+28
        5.311123E+00  2.396310E+01  7.030696E+00  0.9911805978 -2.054561E+00
        1.040730E+15 -9.999860E+00 -1.999885E+00 -3.053960E-01 -3.053960E-01
   230     2341.2045    8.35489255  6.847855E+08  1.085508E+10  1.003919E+28
        5.281440E+00  2.396310E+01  7.030696E+00  0.9915781192 -2.074591E+00
        6.180990E+14 -9.999860E+00 -1.999885E+00 -3.053960E-01 -3.053960E-01
   231     2275.0052    8.35489873  6.847806E+08  1.093552E+10  8.950853E+27
        5.256475E+00  2.396310E+01  7.030696E+00  0.9915781192 -2.074591E+00
        3.991405E+14 -9.999860E+00 -1.999885E+00 -3.053960E-01 -3.053960E-01
   232     2204.4569    8.35490681  6.847742E+08  1.102235E+10  7.891022E+27
        5.229089E+00  2.396310E+01  7.030696E+00  0.9919577228 -2.094621E+00
        2.470010E+14 -9.999860E+00 -1.999885E+00 -3.053960E-01 -3.053960E-01
   233     2136.9534    8.35491552  6.847674E+08  1.110712E+10  6.967841E+27
        5.201909E+00  2.396310E+01  7.030696E+00  0.9926663710 -2.134681E+00
        1.537043E+14 -9.999860E+00 -1.999885E+00 -3.053960E-01 -3.053960E-01
   234     2078.4748    8.35492183  6.847624E+08  1.119018E+10  6.235780E+27
        5.177471E+00  2.396310E+01  7.030696E+00  0.9933125762 -2.174741E+00
        1.006097E+14 -9.999860E+00 -1.999885E+00 -3.053960E-01 -3.053960E-01
   235     2019.4872    8.35492942  6.847564E+08  1.128051E+10  5.557360E+27
        5.152000E+00  2.396310E+01  7.030696E+00  0.9939018406 -2.214801E+00
        6.328850E+13 -9.999860E+00 -1.999885E+00 -3.053960E-01 -3.053960E-01
   236     1965.7228    8.35493958  6.847484E+08  1.137421E+10  4.988651E+27
        5.127896E+00  2.396310E+01  7.030696E+00  0.9951577339 -2.314951E+00
        4.087849E+13 -9.999860E+00 -1.999885E+00 -3.053960E-01 -3.053960E-01
   237     1911.6297    8.35494754  6.847421E+08  1.146791E+10  4.461708E+27
        5.102772E+00  2.396310E+01  7.030696E+00  0.9961549795 -2.415101E+00
        2.605819E+13 -9.999860E+00 -1.999885E+00 -3.053960E-01 -3.053960E-01
   238     1848.8844    8.35495702  6.847346E+08  1.156554E+10  3.904052E+27
        5.072518E+00  2.396310E+01  7.030697E+00  0.9972158739 -2.555311E+00
        1.528896E+13 -9.999860E+00 -1.999885E+00 -3.053960E-01 -3.053960E-01
   239     1789.8612    8.35496564  6.847278E+08  1.164951E+10  3.428825E+27
        5.042765E+00  2.396310E+01  7.030697E+00  0.9979840509 -2.695520E+00
        9.160082E+12 -9.999860E+00 -1.999885E+00 -3.053960E-01 -3.053960E-01
   240     1734.1304    8.35497071  6.847238E+08  1.172255E+10  3.021272E+27
        5.013496E+00  2.396310E+01  7.030697E+00  0.9985402759 -2.835729E+00
        5.589418E+12 -9.999860E+00 -1.999885E+00 -3.053960E-01 -3.053960E-01
   241     1681.2085    8.35497699  6.847189E+08  1.178675E+10  2.668965E+27
        4.984528E+00  2.396310E+01  7.030697E+00  0.9989430298 -2.975937E+00
        3.455304E+12 -9.999860E+00 -1.999885E+00 -3.053960E-01 -3.053960E-01
   242     1630.8273    8.35498311  6.847141E+08  1.184344E+10  2.363102E+27
        4.955773E+00  2.396310E+01  7.030697E+00  0.9992346576 -3.116144E+00
        2.170277E+12 -9.999860E+00 -1.999885E+00 -3.053960E-01 -3.053960E-01
   243     1583.3108    8.35498784  6.847103E+08  1.189361E+10  2.099474E+27
        4.927533E+00  2.396310E+01  7.030697E+00  0.9994458207 -3.256350E+00
        1.387713E+12 -9.999860E+00 -1.999885E+00 -3.053960E-01 -3.053960E-01
   244     1538.3086    8.35499318  6.847061E+08  1.193857E+10  1.870744E+27
        4.899668E+00  2.396310E+01  7.030697E+00  0.9995987207 -3.396553E+00
        9.005030E+11 -9.999860E+00 -1.999885E+00 -3.053960E-01 -3.053960E-01
   245     1495.5944    8.35499765  6.847026E+08  1.197921E+10  1.671442E+27
        4.872094E+00  2.396310E+01  7.030697E+00  0.9997094332 -3.536754E+00
        5.907800E+11 -9.999860E+00 -1.999885E+00 -3.053960E-01 -3.053960E-01
