============================================================================
  #Mod      Teff         Log(g)           R            Age            L
           Log(Tc)       Log(Pc)      Log(rhoc)       Mx/M         Log(qx)
             Lnu        Log(H/*)      Log(He/*)     Log(C/*)      Log(O/*)
============================================================================
     1    34337.6284    7.03174211  1.923736E+09  0.000000E+00  3.666097E+33
        7.686741E+00  2.188515E+01  5.664984E+00  0.0000000000  0.000000E+00
        1.194527E+32 -3.999873E+00 -1.999887E+00 -3.054398E-01 -3.054398E-01
     2    27643.6801    7.08902142  1.800967E+09  2.500000E+05  1.349668E+33
        7.686001E+00  2.188686E+01  5.666079E+00  0.0000000000  0.000000E+00
        1.198317E+32 -3.999873E+00 -1.999887E+00 -3.054398E-01 -3.054398E-01
     3    25396.3512    7.10997430  1.758042E+09  5.000000E+05  9.161696E+32
        7.685276E+00  2.188810E+01  5.666877E+00  0.0000000000  0.000000E+00
        1.197599E+32 -3.999873E+00 -1.999887E+00 -3.054398E-01 -3.054398E-01
     4    24200.7991    7.12192944  1.734010E+09  7.500000E+05  7.349440E+32
        7.684578E+00  2.188914E+01  5.667547E+00  0.0000000000  0.000000E+00
        1.195095E+32 -3.999873E+00 -1.999887E+00 -3.054398E-01 -3.054398E-01
     5    23414.4853    7.13018949  1.717599E+09  1.000000E+06  6.318498E+32
        7.683900E+00  2.189006E+01  5.668145E+00  0.0000000000  0.000000E+00
        1.191552E+32 -3.999873E+00 -1.999887E+00 -3.054398E-01 -3.054398E-01
     6    22840.5976    7.13646321  1.705237E+09  1.250000E+06  5.639382E+32
        7.683236E+00  2.189091E+01  5.668696E+00  0.0000000000  0.000000E+00
        1.187303E+32 -3.999873E+00 -1.999887E+00 -3.054398E-01 -3.054398E-01
     7    22222.8586    7.14352963  1.691421E+09  1.625000E+06  4.972044E+32
        7.682270E+00  2.189207E+01  5.669452E+00  0.0000000000  0.000000E+00
        1.179857E+32 -3.999873E+00 -1.999887E+00 -3.054398E-01 -3.054398E-01
     8    21567.0163    7.15140488  1.676154E+09  2.187500E+06  4.331320E+32
        7.680879E+00  2.189366E+01  5.670486E+00  0.0000000000  0.000000E+00
        1.167021E+32 -3.999873E+00 -1.999887E+00 -3.054398E-01 -3.054398E-01
     9    20929.3820    7.15944870  1.660703E+09  2.953716E+06  3.770872E+32
        7.679067E+00  2.189563E+01  5.671770E+00  0.0000000000  0.000000E+00
        1.147382E+32 -3.999873E+00 -1.999887E+00 -3.054398E-01 -3.054398E-01
    10    20319.2278    7.16754668  1.645292E+09  3.969574E+06  3.288115E+32
        7.676752E+00  2.189801E+01  5.673325E+00  0.0000000000  0.000000E+00
        1.118781E+32 -3.999873E+00 -1.999887E+00 -3.054398E-01 -3.054398E-01
    11    19740.6785    7.17564766  1.630019E+09  5.289790E+06  2.875183E+32
        7.673772E+00  2.190084E+01  5.675176E+00  0.0000000000  0.000000E+00
        1.078951E+32 -3.999873E+00 -1.999887E+00 -3.054398E-01 -3.054398E-01
    12    19193.6363    7.18372154  1.614937E+09  6.969069E+06  2.522158E+32
        7.669862E+00  2.190413E+01  5.677335E+00  0.0000000000  0.000000E+00
        1.026243E+32 -3.999873E+00 -1.999887E+00 -3.054398E-01 -3.054398E-01
    13    18679.0952    7.19169263  1.600185E+09  9.041924E+06  2.221240E+32
        7.664724E+00  2.190782E+01  5.679779E+00  0.0000000000  0.000000E+00
        9.608672E+31 -3.999873E+00 -1.999887E+00 -3.054398E-01 -3.054398E-01
    14    18199.4653    7.19946302  1.585933E+09  1.151562E+07  1.966239E+32
        7.658146E+00  2.191184E+01  5.682448E+00  0.0000000000  0.000000E+00
        8.853285E+31 -3.999873E+00 -1.999887E+00 -3.054398E-01 -3.054398E-01
    15    17751.5208    7.20698299  1.572262E+09  1.438188E+07  1.749138E+32
        7.650082E+00  2.191605E+01  5.685268E+00  0.0000000000  0.000000E+00
        8.035456E+31 -3.999873E+00 -1.999887E+00 -3.054398E-01 -3.054398E-01
    16    17331.5346    7.21420105  1.559251E+09  1.760965E+07  1.563190E+32
        7.640697E+00  2.192032E+01  5.688150E+00  0.0000000000  0.000000E+00
        7.201062E+31 -3.999873E+00 -1.999887E+00 -3.054398E-01 -3.054398E-01
    17    16939.0895    7.22107109  1.546966E+09  2.116110E+07  1.403958E+32
        7.630277E+00  2.192456E+01  5.691017E+00  0.0000000000  0.000000E+00
        6.389454E+31 -3.999873E+00 -1.999887E+00 -3.054398E-01 -3.054398E-01
    18    16569.4882    7.22761687  1.535352E+09  2.502415E+07  1.266148E+32
        7.619057E+00  2.192869E+01  5.693826E+00  0.0000000000  0.000000E+00
        5.623251E+31 -3.999873E+00 -1.999887E+00 -3.054398E-01 -3.054398E-01
    19    16218.9394    7.23385327  1.524368E+09  2.918494E+07  1.145780E+32
        7.607269E+00  2.193267E+01  5.696544E+00  0.0000000000  0.000000E+00
        4.917203E+31 -3.999873E+00 -1.999887E+00 -3.054398E-01 -3.054398E-01
    20    15885.1661    7.23979152  1.513982E+09  3.363239E+07  1.040017E+32
        7.595108E+00  2.193649E+01  5.699154E+00  0.0000000000  0.000000E+00
        4.278372E+31 -3.999873E+00 -1.999887E+00 -3.054398E-01 -3.054398E-01
    21    15568.0175    7.24544201  1.504165E+09  3.836482E+07  9.470133E+31
        7.582704E+00  2.194013E+01  5.701647E+00  0.0000000000  0.000000E+00
        3.707234E+31 -3.999873E+00 -1.999887E+00 -3.054398E-01 -3.054398E-01
    22    15263.9823    7.25084145  1.494843E+09  4.339780E+07  8.643603E+31
        7.570110E+00  2.194360E+01  5.704028E+00  0.0000000000  0.000000E+00
        3.199688E+31 -3.999873E+00 -1.999887E+00 -3.054398E-01 -3.054398E-01
    23    14970.9654    7.25599929  1.485993E+09  4.872687E+07  7.904325E+31
        7.557405E+00  2.194690E+01  5.706293E+00  0.0000000000  0.000000E+00
        2.752401E+31 -3.999873E+00 -1.999887E+00 -3.054398E-01 -3.054398E-01
    24    14689.2616    7.26091344  1.477610E+09  5.434385E+07  7.243547E+31
        7.544650E+00  2.195003E+01  5.708441E+00  0.0000000000  0.000000E+00
        2.361041E+31 -3.999873E+00 -1.999887E+00 -3.054398E-01 -3.054398E-01
    25    14418.1852    7.26559540  1.469666E+09  6.025730E+07  6.651382E+31
        7.531856E+00  2.195298E+01  5.710472E+00  0.0000000000  0.000000E+00
        2.019683E+31 -3.999873E+00 -1.999887E+00 -3.054398E-01 -3.054398E-01
    26    14156.5473    7.27005726  1.462136E+09  6.647150E+07  6.118387E+31
        7.519042E+00  2.195575E+01  5.712384E+00  0.0000000000  0.000000E+00
        1.723077E+31 -3.999873E+00 -1.999887E+00 -3.054398E-01 -3.054398E-01
    27    13904.3669    7.27430654  1.455001E+09  7.298181E+07  5.638495E+31
        7.506242E+00  2.195837E+01  5.714187E+00  0.0000000000  0.000000E+00
        1.466618E+31 -3.999873E+00 -1.999887E+00 -3.054398E-01 -3.054398E-01
    28    13660.9683    7.27835912  1.448228E+09  7.979215E+07  5.205131E+31
        7.493464E+00  2.196084E+01  5.715893E+00  0.0000000000  0.000000E+00
        1.245504E+31 -3.999873E+00 -1.999887E+00 -3.054398E-01 -3.054398E-01
    29    13425.9315    7.28222677  1.441793E+09  8.690041E+07  4.812999E+31
        7.480719E+00  2.196319E+01  5.717516E+00  0.0000000000  0.000000E+00
        1.055490E+31 -3.999873E+00 -1.999887E+00 -3.054398E-01 -3.054398E-01
    30    13198.9054    7.28592130  1.435674E+09  9.430284E+07  4.457540E+31
        7.468018E+00  2.196544E+01  5.719067E+00  0.0000000000  0.000000E+00
        8.927151E+30 -3.999873E+00 -1.999887E+00 -3.054398E-01 -3.054398E-01
    31    12979.4285    7.28945193  1.429850E+09  1.019942E+08  4.134616E+31
        7.455371E+00  2.196758E+01  5.720551E+00  0.0000000000  0.000000E+00
        7.536977E+30 -3.999873E+00 -1.999887E+00 -3.054398E-01 -3.054398E-01
    32    12767.0784    7.29282213  1.424313E+09  1.099649E+08  3.840686E+31
        7.442797E+00  2.196963E+01  5.721963E+00  0.0000000000  0.000000E+00
        6.353383E+30 -3.999873E+00 -1.999887E+00 -3.054398E-01 -3.054398E-01
    33    12562.2251    7.29603162  1.419060E+09  1.182014E+08  3.573547E+31
        7.430316E+00  2.197156E+01  5.723302E+00  0.0000000000  0.000000E+00
        5.348805E+30 -3.999873E+00 -1.999887E+00 -3.054398E-01 -3.054398E-01
    34    12362.7050    7.29909906  1.414057E+09  1.267035E+08  3.328280E+31
        7.417926E+00  2.197340E+01  5.724571E+00  0.0000000000  0.000000E+00
        4.497250E+30 -3.999873E+00 -1.999887E+00 -3.054398E-01 -3.054398E-01
    35    12170.3693    7.30201002  1.409326E+09  1.354267E+08  3.105059E+31
        7.405684E+00  2.197513E+01  5.725768E+00  0.0000000000  0.000000E+00
        3.779495E+30 -3.999873E+00 -1.999887E+00 -3.054398E-01 -3.054398E-01
    36    11983.3884    7.30478414  1.404832E+09  1.443698E+08  2.900008E+31
        7.393580E+00  2.197676E+01  5.726896E+00  0.0000000000  0.000000E+00
        3.174647E+30 -3.999873E+00 -1.999887E+00 -3.054398E-01 -3.054398E-01
    37    11804.3932    7.30739940  1.400608E+09  1.534332E+08  2.714189E+31
        7.381731E+00  2.197828E+01  5.727950E+00  0.0000000000  0.000000E+00
        2.670033E+30 -3.999873E+00 -1.999887E+00 -3.054398E-01 -3.054398E-01
    38    11634.0033    7.30985480  1.396655E+09  1.624952E+08  2.546401E+31
        7.370275E+00  2.197968E+01  5.728931E+00  0.0000000000  0.000000E+00
        2.253425E+30 -3.999873E+00 -1.999887E+00 -3.054398E-01 -3.054398E-01
    39    11477.5705    7.31209917  1.393050E+09  1.712219E+08  2.399748E+31
        7.359583E+00  2.198095E+01  5.729816E+00  0.0000000000  0.000000E+00
        1.919511E+30 -3.999873E+00 -1.999887E+00 -3.054398E-01 -3.054398E-01
    40    11357.9334    7.31384186  1.390258E+09  1.781711E+08  2.292030E+31
        7.351271E+00  2.198190E+01  5.730485E+00  0.0000000000  0.000000E+00
        1.692150E+30 -3.999873E+00 -1.999887E+00 -3.054398E-01 -3.054398E-01
    41    11258.9096    7.31531153  1.387908E+09  1.841083E+08  2.205660E+31
        7.344311E+00  2.198268E+01  5.731032E+00  0.0000000000  0.000000E+00
        1.521196E+30 -3.999873E+00 -1.999887E+00 -3.054398E-01 -3.054398E-01
    42    11176.3607    7.31654368  1.385941E+09  1.892021E+08  2.135614E+31
        7.338440E+00  2.198333E+01  5.731484E+00  0.0000000000  0.000000E+00
        1.389553E+30 -3.999873E+00 -1.999887E+00 -3.054398E-01 -3.054398E-01
    43    11096.3097    7.31775003  1.384017E+09  1.942674E+08  2.069327E+31
        7.332698E+00  2.198395E+01  5.731918E+00  0.0000000000  0.000000E+00
        1.271071E+30 -3.999873E+00 -1.999887E+00 -3.054398E-01 -3.054398E-01
    44    11020.8914    7.31890298  1.382181E+09  1.991701E+08  2.008301E+31
        7.327227E+00  2.198452E+01  5.732325E+00  0.0000000000  0.000000E+00
        1.166948E+30 -3.999873E+00 -1.999887E+00 -3.054398E-01 -3.054398E-01
    45    10949.9747    7.32000158  1.380434E+09  2.038901E+08  1.952162E+31
        7.322037E+00  2.198506E+01  5.732704E+00  0.0000000000  0.000000E+00
        1.075537E+30 -3.999873E+00 -1.999887E+00 -3.054398E-01 -3.054398E-01
    46    10882.4632    7.32106011  1.378753E+09  2.084920E+08  1.899825E+31
        7.317049E+00  2.198557E+01  5.733061E+00  0.0000000000  0.000000E+00
        9.939693E+29 -3.999873E+00 -1.999887E+00 -3.054398E-01 -3.054398E-01
    47    10816.8674    7.32209977  1.377103E+09  2.130616E+08  1.849997E+31
        7.312164E+00  2.198606E+01  5.733406E+00  0.0000000000  0.000000E+00
        9.196814E+29 -3.999873E+00 -1.999887E+00 -3.054398E-01 -3.054398E-01
    48    10752.5933    7.32313096  1.375469E+09  2.176413E+08  1.802133E+31
        7.307334E+00  2.198654E+01  5.733740E+00  0.0000000000  0.000000E+00
        8.513313E+29 -3.999873E+00 -1.999887E+00 -3.054398E-01 -3.054398E-01
    49    10689.2940    7.32415670  1.373846E+09  2.222420E+08  1.755918E+31
        7.302547E+00  2.198701E+01  5.734066E+00  0.0000000000  0.000000E+00
        7.882699E+29 -3.999873E+00 -1.999887E+00 -3.054398E-01 -3.054398E-01
    50    10626.7566    7.32517669  1.372234E+09  2.268924E+08  1.711162E+31
        7.297773E+00  2.198747E+01  5.734386E+00  0.0000000000  0.000000E+00
        7.297275E+29 -3.999873E+00 -1.999887E+00 -3.054398E-01 -3.054398E-01
    51    10563.6150    7.32621069  1.370601E+09  2.316899E+08  1.666880E+31
        7.292915E+00  2.198793E+01  5.734706E+00  0.0000000000  0.000000E+00
        6.743245E+29 -3.999873E+00 -1.999887E+00 -3.054398E-01 -3.054398E-01
    52    10499.6060    7.32726652  1.368936E+09  2.366614E+08  1.622895E+31
        7.287951E+00  2.198839E+01  5.735029E+00  0.0000000000  0.000000E+00
        6.217725E+29 -3.999873E+00 -1.999887E+00 -3.054398E-01 -3.054398E-01
    53    10435.3538    7.32833726  1.367250E+09  2.417517E+08  1.579633E+31
        7.282940E+00  2.198885E+01  5.735350E+00  0.0000000000  0.000000E+00
        5.726059E+29 -3.999873E+00 -1.999887E+00 -3.054398E-01 -3.054398E-01
    54    10371.9786    7.32940471  1.365570E+09  2.468922E+08  1.537824E+31
        7.277951E+00  2.198930E+01  5.735664E+00  0.0000000000  0.000000E+00
        5.272614E+29 -3.999873E+00 -1.999887E+00 -3.054398E-01 -3.054398E-01
    55    10308.8646    7.33047200  1.363893E+09  2.521218E+08  1.497050E+31
        7.272946E+00  2.198975E+01  5.735975E+00  0.0000000000  0.000000E+00
        4.851514E+29 -3.999873E+00 -1.999887E+00 -3.054398E-01 -3.054398E-01
    56    10244.9462    7.33155003  1.362202E+09  2.575277E+08  1.456644E+31
        7.267846E+00  2.199020E+01  5.736286E+00  0.0000000000  0.000000E+00
        4.454794E+29 -3.999873E+00 -1.999887E+00 -3.054398E-01 -3.054398E-01
    57    10179.2633    7.33265697  1.360467E+09  2.632002E+08  1.416033E+31
        7.262573E+00  2.199065E+01  5.736603E+00  0.0000000000  0.000000E+00
        4.076533E+29 -3.999873E+00 -1.999887E+00 -3.054398E-01 -3.054398E-01
    58    10112.2437    7.33378003  1.358709E+09  2.691104E+08  1.375545E+31
        7.257162E+00  2.199111E+01  5.736923E+00  0.0000000000  0.000000E+00
        3.719625E+29 -3.999873E+00 -1.999887E+00 -3.054398E-01 -3.054398E-01
    59    10043.4547    7.33492921  1.356912E+09  2.753176E+08  1.334960E+31
        7.251566E+00  2.199158E+01  5.737248E+00  0.0000000000  0.000000E+00
        3.381369E+29 -3.999873E+00 -1.999887E+00 -3.054398E-01 -3.054398E-01
    60     9973.2700    7.33609939  1.355086E+09  2.817847E+08  1.294541E+31
        7.245828E+00  2.199205E+01  5.737576E+00  0.0000000000  0.000000E+00
        3.064492E+29 -3.999873E+00 -1.999887E+00 -3.054398E-01 -3.054398E-01
    61     9902.4697    7.33727955  1.353246E+09  2.884556E+08  1.254756E+31
        7.240003E+00  2.199251E+01  5.737902E+00  0.0000000000  0.000000E+00
        2.771383E+29 -3.999873E+00 -1.999887E+00 -3.054398E-01 -3.054398E-01
    62     9831.4638    7.33846418  1.351401E+09  2.953080E+08  1.215832E+31
        7.234116E+00  2.199298E+01  5.738225E+00  0.0000000000  0.000000E+00
        2.501938E+29 -3.999873E+00 -1.999887E+00 -3.054398E-01 -3.054398E-01
    63     9760.2549    7.33965326  1.349553E+09  3.023413E+08  1.177758E+31
        7.228171E+00  2.199344E+01  5.738546E+00  0.0000000000  0.000000E+00
        2.254900E+29 -3.999873E+00 -1.999887E+00 -3.054398E-01 -3.054398E-01
    64     9688.8654    7.34084470  1.347703E+09  3.095511E+08  1.140544E+31
        7.222176E+00  2.199389E+01  5.738863E+00  0.0000000000  0.000000E+00
        2.029092E+29 -3.999873E+00 -1.999887E+00 -3.054398E-01 -3.054398E-01
    65     9617.2691    7.34203722  1.345854E+09  3.169556E+08  1.104167E+31
        7.216119E+00  2.199434E+01  5.739177E+00  0.0000000000  0.000000E+00
        1.822678E+29 -3.999873E+00 -1.999887E+00 -3.054398E-01 -3.054398E-01
    66     9545.1082    7.34323334  1.344002E+09  3.245951E+08  1.068452E+31
        7.209974E+00  2.199478E+01  5.739487E+00  0.0000000000  0.000000E+00
        1.633554E+29 -3.999873E+00 -1.999887E+00 -3.054398E-01 -3.054398E-01
    67     9472.0484    7.34443842  1.342138E+09  3.325191E+08  1.033242E+31
        7.203710E+00  2.199522E+01  5.739796E+00  0.0000000000  0.000000E+00
        1.459855E+29 -3.999873E+00 -1.999887E+00 -3.054398E-01 -3.054398E-01
    68     9398.0245    7.34564926  1.340269E+09  3.407383E+08  9.985318E+30
        7.197326E+00  2.199566E+01  5.740103E+00  0.0000000000  0.000000E+00
        1.300835E+29 -3.999873E+00 -1.999887E+00 -3.054398E-01 -3.054398E-01
    69     9322.7003    7.34687237  1.338383E+09  3.493112E+08  9.641828E+30
        7.190787E+00  2.199611E+01  5.740412E+00  0.0000000000  0.000000E+00
        1.154977E+29 -3.999873E+00 -1.999887E+00 -3.054398E-01 -3.054398E-01
    70     9246.2179    7.34810224  1.336489E+09  3.582367E+08  9.302916E+30
        7.184105E+00  2.199655E+01  5.740720E+00  0.0000000000  0.000000E+00
        1.021952E+29 -3.999873E+00 -1.999887E+00 -3.054398E-01 -3.054398E-01
    71     9168.2999    7.34934419  1.334579E+09  3.675690E+08  8.967594E+30
        7.177251E+00  2.199699E+01  5.741031E+00  0.0000000000  0.000000E+00
        9.006182E+28 -3.999873E+00 -1.999887E+00 -3.054398E-01 -3.054398E-01
    72     9089.1451    7.35059499  1.332659E+09  3.773054E+08  8.636982E+30
        7.170239E+00  2.199744E+01  5.741344E+00  0.0000000000  0.000000E+00
        7.906658E+28 -3.999873E+00 -1.999887E+00 -3.054398E-01 -3.054398E-01
    73     9008.8881    7.35185337  1.330729E+09  3.874525E+08  8.311823E+30
        7.163075E+00  2.199789E+01  5.741658E+00  0.0000000000  0.000000E+00
        6.915469E+28 -3.999873E+00 -1.999887E+00 -3.054398E-01 -3.054398E-01
    74     8927.7077    7.35311671  1.328795E+09  3.980091E+08  7.992967E+30
        7.155773E+00  2.199835E+01  5.741975E+00  0.0000000000  0.000000E+00
        6.027110E+28 -3.999873E+00 -1.999887E+00 -3.054398E-01 -3.054398E-01
    75     8845.7896    7.35438336  1.326859E+09  4.089734E+08  7.681180E+30
        7.148344E+00  2.199880E+01  5.742294E+00  0.0000000000  0.000000E+00
        5.235304E+28 -3.999873E+00 -1.999887E+00 -3.054398E-01 -3.054398E-01
    76     8763.3234    7.35564976  1.324926E+09  4.203382E+08  7.377181E+30
        7.140803E+00  2.199926E+01  5.742615E+00  0.0000000000  0.000000E+00
        4.533501E+28 -3.999873E+00 -1.999887E+00 -3.054398E-01 -3.054398E-01
    77     8680.4877    7.35691249  1.323001E+09  4.320957E+08  7.081559E+30
        7.133165E+00  2.199972E+01  5.742935E+00  0.0000000000  0.000000E+00
        3.914696E+28 -3.999873E+00 -1.999887E+00 -3.054398E-01 -3.054398E-01
    78     8597.4810    7.35816869  1.321089E+09  4.442350E+08  6.794869E+30
        7.125447E+00  2.200017E+01  5.743254E+00  0.0000000000  0.000000E+00
        3.371838E+28 -3.999873E+00 -1.999887E+00 -3.054398E-01 -3.054398E-01
    79     8514.4785    7.35941619  1.319193E+09  4.567468E+08  6.517498E+30
        7.117663E+00  2.200062E+01  5.743569E+00  0.0000000000  0.000000E+00
        2.897738E+28 -3.999873E+00 -1.999887E+00 -3.054398E-01 -3.054398E-01
    80     8431.6388    7.36065248  1.317317E+09  4.696219E+08  6.249717E+30
        7.109827E+00  2.200106E+01  5.743880E+00  0.0000000000  0.000000E+00
        2.485368E+28 -3.999873E+00 -1.999887E+00 -3.054398E-01 -3.054398E-01
    81     8348.9989    7.36187929  1.315457E+09  4.828704E+08  5.991329E+30
        7.101941E+00  2.200149E+01  5.744187E+00  0.0000000000  0.000000E+00
        2.127525E+28 -3.999873E+00 -1.999887E+00 -3.054398E-01 -3.054398E-01
    82     8266.9085    7.36309212  1.313622E+09  4.964486E+08  5.743085E+30
        7.094036E+00  2.200192E+01  5.744488E+00  0.0000000000  0.000000E+00
        1.818832E+28 -3.999873E+00 -1.999887E+00 -3.054398E-01 -3.054398E-01
    83     8185.3772    7.36429113  1.311810E+09  5.103647E+08  5.504635E+30
        7.086112E+00  2.200233E+01  5.744782E+00  0.0000000000  0.000000E+00
        1.552957E+28 -3.999873E+00 -1.999887E+00 -3.054398E-01 -3.054398E-01
    84     8104.4730    7.36547708  1.310020E+09  5.246185E+08  5.275783E+30
        7.078174E+00  2.200274E+01  5.745069E+00  0.0000000000  0.000000E+00
        1.324447E+28 -3.999873E+00 -1.999887E+00 -3.054398E-01 -3.054398E-01
    85     8024.2825    7.36664994  1.308252E+09  5.392040E+08  5.056381E+30
        7.070231E+00  2.200313E+01  5.745349E+00  0.0000000000  0.000000E+00
        1.128510E+28 -3.999873E+00 -1.999887E+00 -3.054398E-01 -3.054398E-01
    86     7944.8885    7.36780912  1.306507E+09  5.541137E+08  4.846263E+30
        7.062290E+00  2.200352E+01  5.745622E+00  0.0000000000  0.000000E+00
        9.608627E+27 -3.999873E+00 -1.999887E+00 -3.054398E-01 -3.054398E-01
    87     7866.2999    7.36895442  1.304786E+09  5.693521E+08  4.645072E+30
        7.054353E+00  2.200390E+01  5.745888E+00  0.0000000000  0.000000E+00
        8.175989E+27 -3.999873E+00 -1.999887E+00 -3.054398E-01 -3.054398E-01
    88     7788.4631    7.37008980  1.303081E+09  5.849383E+08  4.452277E+30
        7.046416E+00  2.200427E+01  5.746148E+00  0.0000000000  0.000000E+00
        6.952053E+27 -3.999873E+00 -1.999887E+00 -3.054398E-01 -3.054398E-01
    89     7711.6555    7.37120998  1.301402E+09  6.008193E+08  4.268206E+30
        7.038509E+00  2.200463E+01  5.746400E+00  0.0000000000  0.000000E+00
        5.911107E+27 -3.999873E+00 -1.999887E+00 -3.054398E-01 -3.054398E-01
    90     7635.7590    7.37231647  1.299745E+09  6.170211E+08  4.092204E+30
        7.030622E+00  2.200499E+01  5.746647E+00  0.0000000000  0.000000E+00
        5.025009E+27 -3.999873E+00 -1.999887E+00 -3.054398E-01 -3.054398E-01
    91     7560.7302    7.37340905  1.298111E+09  6.335549E+08  3.923835E+30
        7.022753E+00  2.200533E+01  5.746887E+00  0.0000000000  0.000000E+00
        4.270879E+27 -3.999873E+00 -1.999887E+00 -3.054398E-01 -3.054398E-01
    92     7486.5243    7.37449061  1.296496E+09  6.504352E+08  3.762662E+30
        7.014898E+00  2.200567E+01  5.747122E+00  0.0000000000  0.000000E+00
        3.629076E+27 -3.999873E+00 -1.999887E+00 -3.054398E-01 -3.054398E-01
    93     7413.3724    7.37555574  1.294907E+09  6.676072E+08  3.608880E+30
        7.007084E+00  2.200600E+01  5.747351E+00  0.0000000000  0.000000E+00
        3.084898E+27 -3.999873E+00 -1.999887E+00 -3.054398E-01 -3.054398E-01
    94     7341.0983    7.37660641  1.293342E+09  6.851111E+08  3.461805E+30
        6.999295E+00  2.200632E+01  5.747575E+00  0.0000000000  0.000000E+00
        2.622570E+27 -3.999873E+00 -1.999887E+00 -3.054398E-01 -3.054398E-01
    95     7269.6947    7.37764210  1.291800E+09  7.029493E+08  3.321142E+30
        6.991533E+00  2.200663E+01  5.747794E+00  0.0000000000  0.000000E+00
        2.229900E+27 -3.999873E+00 -1.999887E+00 -3.054398E-01 -3.054398E-01
    96     7199.1582    7.37866597  1.290278E+09  7.211288E+08  3.186587E+30
        6.983796E+00  2.200694E+01  5.748009E+00  0.0000000000  0.000000E+00
        1.896433E+27 -3.999873E+00 -1.999887E+00 -3.054398E-01 -3.054398E-01
    97     7129.7478    7.37967434  1.288781E+09  7.395817E+08  3.058350E+30
        6.976117E+00  2.200724E+01  5.748221E+00  0.0000000000  0.000000E+00
        1.614314E+27 -3.999873E+00 -1.999887E+00 -3.054398E-01 -3.054398E-01
    98     7061.3600    7.38066805  1.287308E+09  7.583342E+08  2.935961E+30
        6.968485E+00  2.200754E+01  5.748429E+00  0.0000000000  0.000000E+00
        1.375217E+27 -3.999873E+00 -1.999887E+00 -3.054398E-01 -3.054398E-01
    99     6993.9466    7.38164978  1.285854E+09  7.774009E+08  2.819060E+30
        6.960897E+00  2.200783E+01  5.748634E+00  0.0000000000  0.000000E+00
        1.172383E+27 -3.999873E+00 -1.999887E+00 -3.054398E-01 -3.054398E-01
   100     6927.6972    7.38261655  1.284423E+09  7.967214E+08  2.707721E+30
        6.953376E+00  2.200812E+01  5.748835E+00  0.0000000000  0.000000E+00
        1.000735E+27 -3.999873E+00 -1.999887E+00 -3.054398E-01 -3.054398E-01
   101     6862.6305    7.38356823  1.283017E+09  8.162812E+08  2.601711E+30
        6.945928E+00  2.200839E+01  5.749030E+00  0.0000000000  0.000000E+00
        8.554408E+26 -3.999873E+00 -1.999887E+00 -3.054398E-01 -3.054398E-01
   102     6798.7994    7.38450623  1.281632E+09  8.360559E+08  2.500849E+30
        6.938560E+00  2.200866E+01  5.749219E+00  0.0000000000  0.000000E+00
        7.324465E+26 -3.999873E+00 -1.999887E+00 -3.054398E-01 -3.054398E-01
   103     6736.3925    7.38542649  1.280275E+09  8.559698E+08  2.405182E+30
        6.931298E+00  2.200892E+01  5.749401E+00  0.0000000000  0.000000E+00
        6.285476E+26 -3.999873E+00 -1.999887E+00 -3.054398E-01 -3.054398E-01
   104     6675.3086    7.38633278  1.278940E+09  8.760411E+08  2.314288E+30
        6.924132E+00  2.200918E+01  5.749577E+00  0.0000000000  0.000000E+00
        5.404979E+26 -3.999873E+00 -1.999887E+00 -3.054398E-01 -3.054398E-01
   105     6615.7155    7.38722269  1.277630E+09  8.961958E+08  2.228176E+30
        6.917085E+00  2.200942E+01  5.749746E+00  0.0000000000  0.000000E+00
        4.659901E+26 -3.999873E+00 -1.999887E+00 -3.054398E-01 -3.054398E-01
   106     6557.6182    7.38809882  1.276342E+09  9.164134E+08  2.146597E+30
        6.910158E+00  2.200964E+01  5.749907E+00  0.0000000000  0.000000E+00
        4.028362E+26 -3.999873E+00 -1.999887E+00 -3.054398E-01 -3.054398E-01
   107     6501.1768    7.38895933  1.275078E+09  9.366135E+08  2.069538E+30
        6.903374E+00  2.200986E+01  5.750060E+00  0.0000000000  0.000000E+00
        3.493560E+26 -3.999873E+00 -1.999887E+00 -3.054398E-01 -3.054398E-01
   108     6446.4081    7.38980728  1.273834E+09  9.567670E+08  1.996773E+30
        6.896738E+00  2.201007E+01  5.750205E+00  0.0000000000  0.000000E+00
        3.039809E+26 -3.999873E+00 -1.999887E+00 -3.054398E-01 -3.054398E-01
   109     6390.9436    7.39068274  1.272551E+09  9.777670E+08  1.925050E+30
        6.889963E+00  2.201027E+01  5.750351E+00  0.0000000000  0.000000E+00
        2.637900E+26 -3.999873E+00 -1.999887E+00 -3.054398E-01 -3.054398E-01
   110     6311.0440    7.39198677  1.270642E+09  1.009268E+09  1.825084E+30
        6.880098E+00  2.201056E+01  5.750557E+00  0.0000000000  0.000000E+00
        2.147005E+26 -3.999873E+00 -1.999887E+00 -3.054398E-01 -3.054398E-01
   111     6198.1943    7.39396858  1.267746E+09  1.056518E+09  1.690274E+30
        6.865928E+00  2.201097E+01  5.750844E+00  0.0000000000  0.000000E+00
        1.599163E+26 -3.999873E+00 -1.999887E+00 -3.054398E-01 -3.054398E-01
   112     6073.0597    7.39650217  1.264053E+09  1.112962E+09  1.548791E+30
        6.849819E+00  2.201141E+01  5.751158E+00  0.0000000000  0.000000E+00
        1.146566E+26 -3.999873E+00 -1.999887E+00 -3.054398E-01 -3.054398E-01
   113     5965.7732    7.39902844  1.260382E+09  1.164884E+09  1.433849E+30
        6.835638E+00  2.201179E+01  5.751428E+00  0.0000000000  0.000000E+00
        8.573924E+25 -3.999873E+00 -1.999887E+00 -3.054398E-01 -3.054398E-01
   114     5872.0516    7.40140365  1.256940E+09  1.212976E+09  1.338507E+30
        6.823007E+00  2.201212E+01  5.751664E+00  0.0000000000  0.000000E+00
        6.632480E+25 -3.999873E+00 -1.999887E+00 -3.054398E-01 -3.054398E-01
   115     5783.6700    7.40387696  1.253366E+09  1.261076E+09  1.252570E+30
        6.810847E+00  2.201244E+01  5.751886E+00  0.0000000000  0.000000E+00
        5.190684E+25 -3.999873E+00 -1.999887E+00 -3.054398E-01 -3.054398E-01
   116     5700.7131    7.40646888  1.249632E+09  1.309002E+09  1.175203E+30
        6.799167E+00  2.201273E+01  5.752094E+00  0.0000000000  0.000000E+00
        4.110408E+25 -3.999873E+00 -1.999887E+00 -3.054398E-01 -3.054398E-01
   117     5622.6831    7.40902636  1.245958E+09  1.356630E+09  1.105638E+30
        6.787966E+00  2.201301E+01  5.752290E+00  0.0000000000  0.000000E+00
        3.292660E+25 -3.999873E+00 -1.999887E+00 -3.054398E-01 -3.054398E-01
   118     5546.4410    7.41151658  1.242391E+09  1.405722E+09  1.040892E+30
        6.776820E+00  2.201328E+01  5.752479E+00  0.0000000000  0.000000E+00
        2.646434E+25 -3.999873E+00 -1.999887E+00 -3.054398E-01 -3.054398E-01
   119     5470.5879    7.41406722  1.238748E+09  1.457950E+09  9.793403E+29
        6.765381E+00  2.201354E+01  5.752668E+00  0.0000000000  0.000000E+00
        2.118327E+25 -3.999873E+00 -1.999887E+00 -3.054398E-01 -3.054398E-01
   120     5397.9760    7.41674525  1.234934E+09  1.513010E+09  9.226636E+29
        6.753743E+00  2.201381E+01  5.752854E+00  0.0000000000  0.000000E+00
        1.691679E+25 -3.999873E+00 -1.999887E+00 -3.054398E-01 -3.054398E-01
   121     5331.1071    7.41935023  1.231236E+09  1.570080E+09  8.725378E+29
        6.742077E+00  2.201406E+01  5.753034E+00  0.0000000000  0.000000E+00
        1.351504E+25 -3.999873E+00 -1.999887E+00 -3.054398E-01 -3.054398E-01
   122     5268.0454    7.42183709  1.227716E+09  1.631614E+09  8.272291E+29
        6.729888E+00  2.201432E+01  5.753216E+00  0.0000000000  0.000000E+00
        1.069420E+25 -3.999873E+00 -1.999887E+00 -3.054398E-01 -3.054398E-01
   123     5208.7399    7.42425817  1.224299E+09  1.699980E+09  7.862079E+29
        6.716728E+00  2.201459E+01  5.753408E+00  0.0000000000  0.000000E+00
        8.306776E+24 -3.999873E+00 -1.999887E+00 -3.054398E-01 -3.054398E-01
   124     5154.6597    7.42660994  1.220988E+09  1.776062E+09  7.499890E+29
        6.702422E+00  2.201488E+01  5.753610E+00  0.0000000000  0.000000E+00
        6.310746E+24 -3.999873E+00 -1.999887E+00 -3.054398E-01 -3.054398E-01
   125     5104.7508    7.42888990  1.217787E+09  1.860614E+09  7.175847E+29
        6.686787E+00  2.201519E+01  5.753825E+00  0.0000000000  0.000000E+00
        4.680992E+24 -3.999873E+00 -1.999887E+00 -3.054398E-01 -3.054398E-01
   126     5056.3221    7.43107601  1.214726E+09  1.953044E+09  6.872706E+29
        6.669867E+00  2.201551E+01  5.754051E+00  0.0000000000  0.000000E+00
        3.402381E+24 -3.999873E+00 -1.999887E+00 -3.054398E-01 -3.054398E-01
   127     5007.5647    7.43312114  1.211870E+09  2.051174E+09  6.580365E+29
        6.651994E+00  2.201582E+01  5.754274E+00  0.0000000000  0.000000E+00
        2.448100E+24 -3.999873E+00 -1.999887E+00 -3.054398E-01 -3.054398E-01
   128     4958.5613    7.43500947  1.209238E+09  2.152830E+09  6.299094E+29
        6.633521E+00  2.201611E+01  5.754479E+00  0.0000000000  0.000000E+00
        1.758975E+24 -3.999873E+00 -1.999887E+00 -3.054398E-01 -3.054398E-01
   129     4910.1427    7.43676318  1.206799E+09  2.256558E+09  6.032233E+29
        6.614688E+00  2.201639E+01  5.754671E+00  0.0000000000  0.000000E+00
        1.268841E+24 -3.999873E+00 -1.999887E+00 -3.054398E-01 -3.054398E-01
   130     4862.9139    7.43839421  1.204535E+09  2.361212E+09  5.781719E+29
        6.595684E+00  2.201666E+01  5.754862E+00  0.0000000000  0.000000E+00
        9.217676E+23 -3.999873E+00 -1.999887E+00 -3.054398E-01 -3.054398E-01
   131     4815.9959    7.43991377  1.202429E+09  2.466200E+09  5.542370E+29
        6.576602E+00  2.201695E+01  5.755065E+00  0.0000000000  0.000000E+00
        6.751181E+23 -3.999873E+00 -1.999887E+00 -3.054398E-01 -3.054398E-01
   132     4769.0291    7.44131499  1.200491E+09  2.570722E+09  5.312143E+29
        6.557587E+00  2.201725E+01  5.755278E+00  0.0000000000  0.000000E+00
        4.992271E+23 -3.999873E+00 -1.999887E+00 -3.054398E-01 -3.054398E-01
   133     4720.9764    7.44260045  1.198716E+09  2.674680E+09  5.086180E+29
        6.538666E+00  2.201756E+01  5.755490E+00  0.0000000000  0.000000E+00
        3.724639E+23 -3.999873E+00 -1.999887E+00 -3.054398E-01 -3.054398E-01
   134     4671.1737    7.44375763  1.197120E+09  2.777560E+09  4.861959E+29
        6.519952E+00  2.201784E+01  5.755687E+00  0.0000000000  0.000000E+00
        2.805317E+23 -3.999873E+00 -1.999887E+00 -3.054398E-01 -3.054398E-01
   135     4619.2897    7.44478943  1.195699E+09  2.879664E+09  4.638486E+29
        6.501416E+00  2.201808E+01  5.755861E+00  0.0000000000  0.000000E+00
        2.129611E+23 -3.999873E+00 -1.999887E+00 -3.054398E-01 -3.054398E-01
   136     4565.0682    7.44570977  1.194432E+09  2.981482E+09  4.415137E+29
        6.483014E+00  2.201830E+01  5.756014E+00  0.0000000000  0.000000E+00
        1.626651E+23 -3.999873E+00 -1.999887E+00 -3.054398E-01 -3.054398E-01
   137     4509.0880    7.44653468  1.193299E+09  3.083380E+09  4.194547E+29
        6.464727E+00  2.201850E+01  5.756151E+00  0.0000000000  0.000000E+00
        1.248590E+23 -3.999873E+00 -1.999887E+00 -3.054398E-01 -3.054398E-01
   138     4452.3768    7.44728748  1.192265E+09  3.185906E+09  3.980568E+29
        6.446494E+00  2.201868E+01  5.756279E+00  0.0000000000  0.000000E+00
        9.614394E+22 -3.999873E+00 -1.999887E+00 -3.054398E-01 -3.054398E-01
   139     4395.5412    7.44798183  1.191312E+09  3.289116E+09  3.775135E+29
        6.428329E+00  2.201886E+01  5.756404E+00  0.0000000000  0.000000E+00
        7.423834E+22 -3.999873E+00 -1.999887E+00 -3.054398E-01 -3.054398E-01
   140     4339.1490    7.44863102  1.190422E+09  3.393192E+09  3.579745E+29
        6.410219E+00  2.201904E+01  5.756531E+00  0.0000000000  0.000000E+00
        5.744431E+22 -3.999873E+00 -1.999887E+00 -3.054398E-01 -3.054398E-01
   141     4282.9928    7.44923841  1.189590E+09  3.498072E+09  3.393250E+29
        6.392191E+00  2.201922E+01  5.756654E+00  0.0000000000  0.000000E+00
        4.454650E+22 -3.999873E+00 -1.999887E+00 -3.054398E-01 -3.054398E-01
   142     4226.7129    7.44980417  1.188815E+09  3.603712E+09  3.214191E+29
        6.374267E+00  2.201938E+01  5.756774E+00  0.0000000000  0.000000E+00
        3.462456E+22 -3.999873E+00 -1.999887E+00 -3.054398E-01 -3.054398E-01
   143     4170.1774    7.45033062  1.188095E+09  3.710382E+09  3.041952E+29
        6.356415E+00  2.201955E+01  5.756890E+00  0.0000000000  0.000000E+00
        2.696028E+22 -3.999873E+00 -1.999887E+00 -3.054398E-01 -3.054398E-01
   144     4112.7781    7.45081585  1.187431E+09  3.818436E+09  2.874684E+29
        6.338595E+00  2.201970E+01  5.757000E+00  0.0000000000  0.000000E+00
        2.101728E+22 -3.999873E+00 -1.999887E+00 -3.054398E-01 -3.054398E-01
   145     4054.4857    7.45126092  1.186823E+09  3.928394E+09  2.712358E+29
        6.320751E+00  2.201985E+01  5.757103E+00  0.0000000000  0.000000E+00
        1.634704E+22 -3.999873E+00 -1.999887E+00 -3.054398E-01 -3.054398E-01
   146     3979.5539    7.45178618  1.186106E+09  4.108394E+09  2.514295E+29
        6.320687E+00  2.202007E+01  5.757245E+00  0.0000000000  0.000000E+00
        1.284674E+22 -3.999873E+00 -1.999887E+00 -3.054398E-01 -3.054398E-01
   147     3941.8325    7.45201633  1.185792E+09  4.198394E+09  2.419030E+29
        6.308436E+00  2.202012E+01  5.757318E+00  0.0485807624 -2.210387E-02
        1.057417E+22 -3.999873E+00 -1.999887E+00 -3.054398E-01 -3.054398E-01
   148     3905.0364    7.45223640  1.185491E+09  4.288394E+09  2.328782E+29
        6.291011E+00  2.202019E+01  5.757403E+00  0.1069101447 -4.910484E-02
        8.595781E+21 -3.999873E+00 -1.999887E+00 -3.054398E-01 -3.054398E-01
   149     3842.8101    7.45262356  1.184963E+09  4.468394E+09  2.181911E+29
        6.266732E+00  2.202046E+01  5.757591E+00  0.1776317116 -8.493364E-02
        6.486832E+21 -3.999873E+00 -1.999887E+00 -3.054398E-01 -3.054398E-01
   150     3788.4746    7.45293858  1.184533E+09  4.648394E+09  2.059604E+29
        6.248443E+00  2.202063E+01  5.757709E+00  0.2510728096 -1.255604E-01
        4.974500E+21 -3.999873E+00 -1.999887E+00 -3.054398E-01 -3.054398E-01
   151     3738.5894    7.45322893  1.184137E+09  4.828394E+09  1.951943E+29
        6.230815E+00  2.202081E+01  5.757839E+00  0.3203870859 -1.677384E-01
        3.837521E+21 -3.999873E+00 -1.999887E+00 -3.054398E-01 -3.054398E-01
   152     3689.6528    7.45351539  1.183747E+09  5.008394E+09  1.850510E+29
        6.213150E+00  2.202102E+01  5.757981E+00  0.3949177663 -2.181856E-01
        2.944955E+21 -3.999873E+00 -1.999887E+00 -3.054398E-01 -3.054398E-01
   153     3640.9632    7.45378541  1.183379E+09  5.188394E+09  1.753657E+29
        6.195723E+00  2.202119E+01  5.758105E+00  0.4569377127 -2.651504E-01
        2.267356E+21 -3.999873E+00 -1.999887E+00 -3.054398E-01 -3.054398E-01
   154     3591.7128    7.45403613  1.183037E+09  5.368394E+09  1.659721E+29
        6.178272E+00  2.202132E+01  5.758198E+00  0.5199640286 -3.187262E-01
        1.736217E+21 -3.999873E+00 -1.999887E+00 -3.054398E-01 -3.054398E-01
   155     3543.3419    7.45426642  1.182724E+09  5.548394E+09  1.571269E+29
        6.161173E+00  2.202142E+01  5.758260E+00  0.5777369736 -3.744169E-01
        1.342585E+21 -3.999873E+00 -1.999887E+00 -3.054398E-01 -3.054398E-01
   156     3493.5342    7.45448694  1.182423E+09  5.728394E+09  1.484014E+29
        6.143909E+00  2.202150E+01  5.758307E+00  0.6295640543 -4.312869E-01
        1.030160E+21 -3.999873E+00 -1.999887E+00 -3.054398E-01 -3.054398E-01
   157     3441.9435    7.45470538  1.182126E+09  5.908394E+09  1.397573E+29
        6.126202E+00  2.202158E+01  5.758352E+00  0.6801105719 -4.950001E-01
        7.841005E+20 -3.999873E+00 -1.999887E+00 -3.054398E-01 -3.054398E-01
   158     3374.2839    7.45497256  1.181762E+09  6.132990E+09  1.290086E+29
        6.103504E+00  2.202168E+01  5.758420E+00  0.7382314927 -5.820826E-01
        5.464956E+20 -3.999873E+00 -1.999887E+00 -3.054398E-01 -3.054398E-01
   159     3307.0737    7.45521707  1.181430E+09  6.351838E+09  1.189661E+29
        6.081038E+00  2.202180E+01  5.758500E+00  0.7882450641 -6.741665E-01
        3.713759E+20 -3.999873E+00 -1.999887E+00 -3.054398E-01 -3.054398E-01
   160     3239.9246    7.45543326  1.181136E+09  6.570950E+09  1.095396E+29
        6.058621E+00  2.202190E+01  5.758572E+00  0.8262672542 -7.601183E-01
        2.518112E+20 -3.999873E+00 -1.999887E+00 -3.054398E-01 -3.054398E-01
   161     3168.6897    7.45564389  1.180849E+09  6.795874E+09  1.001705E+29
        6.035372E+00  2.202200E+01  5.758643E+00  0.8648852910 -8.692974E-01
        1.663165E+20 -3.999873E+00 -1.999887E+00 -3.054398E-01 -3.054398E-01
   162     3099.1486    7.45583476  1.180590E+09  7.018948E+09  9.162199E+28
        6.012406E+00  2.202209E+01  5.758709E+00  0.8926407527 -9.691605E-01
        1.107598E+20 -3.999873E+00 -1.999887E+00 -3.054398E-01 -3.054398E-01
   163     3026.1598    7.45602971  1.180325E+09  7.248230E+09  8.325351E+28
        5.988725E+00  2.202221E+01  5.758795E+00  0.9172733165 -1.082354E+00
        7.242058E+19 -3.999873E+00 -1.999887E+00 -3.054398E-01 -3.054398E-01
   164     2953.7893    7.45621713  1.180070E+09  7.475782E+09  7.553806E+28
        5.965211E+00  2.202234E+01  5.758883E+00  0.9384758708 -1.210955E+00
        4.779992E+19 -3.999873E+00 -1.999887E+00 -3.054398E-01 -3.054398E-01
   165     2883.3552    7.45638548  1.179842E+09  7.704694E+09  6.856018E+28
        5.941784E+00  2.202243E+01  5.758950E+00  0.9539729956 -1.336987E+00
        3.175467E+19 -3.999873E+00 -1.999887E+00 -3.054398E-01 -3.054398E-01
   166     2812.5174    7.45653316  1.179641E+09  7.939896E+09  6.204582E+28
        5.918021E+00  2.202248E+01  5.758981E+00  0.9664031461 -1.473701E+00
        2.106340E+19 -3.999873E+00 -1.999887E+00 -3.054398E-01 -3.054398E-01
   167     2742.0280    7.45666520  1.179462E+09  8.179156E+09  5.603859E+28
        5.894204E+00  2.202249E+01  5.758989E+00  0.9756723091 -1.613899E+00
        1.402551E+19 -3.999873E+00 -1.999887E+00 -3.054398E-01 -3.054398E-01
   168     2673.6358    7.45678791  1.179295E+09  8.422188E+09  5.063910E+28
        5.870477E+00  2.202252E+01  5.759003E+00  0.9823846913 -1.754110E+00
        9.445573E+18 -3.999873E+00 -1.999887E+00 -3.054398E-01 -3.054398E-01
   169     2603.6454    7.45691544  1.179122E+09  8.672480E+09  4.552781E+28
        5.846474E+00  2.202257E+01  5.759041E+00  0.9866429742 -1.874290E+00
        6.342190E+18 -3.999873E+00 -1.999887E+00 -3.054398E-01 -3.054398E-01
   170     2534.9535    7.45703330  1.178962E+09  8.923242E+09  4.089890E+28
        5.822823E+00  2.202263E+01  5.759089E+00  0.9872450227 -1.894320E+00
        4.305013E+18 -3.999873E+00 -1.999887E+00 -3.054398E-01 -3.054398E-01
   171     2472.0697    7.45713944  1.178818E+09  9.176380E+09  3.698012E+28
        5.799525E+00  2.202269E+01  5.759134E+00  0.9878199348 -1.914350E+00
        2.958683E+18 -3.999873E+00 -1.999887E+00 -3.054398E-01 -3.054398E-01
   172     2408.6618    7.45723901  1.178683E+09  9.444278E+09  3.332185E+28
        5.775526E+00  2.202273E+01  5.759167E+00  0.9878199348 -1.914350E+00
        2.020004E+18 -3.999873E+00 -1.999887E+00 -3.054398E-01 -3.054398E-01
   173     2347.4193    7.45733130  1.178558E+09  9.719252E+09  3.005358E+28
        5.751585E+00  2.202277E+01  5.759190E+00  0.9883689334 -1.934380E+00
        1.382028E+18 -3.999873E+00 -1.999887E+00 -3.054398E-01 -3.054398E-01
   174     2288.0136    7.45741976  1.178438E+09  1.000354E+10  2.711936E+28
        5.727579E+00  2.202280E+01  5.759211E+00  0.9883689334 -1.934380E+00
        9.478760E+17 -3.999873E+00 -1.999887E+00 -3.054398E-01 -3.054398E-01
   175     2228.2565    7.45751045  1.178314E+09  1.029835E+10  2.439019E+28
        5.703341E+00  2.202284E+01  5.759233E+00  0.9883689334 -1.934380E+00
        6.478365E+17 -3.999873E+00 -1.999887E+00 -3.054398E-01 -3.054398E-01
   176     2171.0021    7.45759736  1.178197E+09  1.059701E+10  2.197397E+28
        5.679415E+00  2.202287E+01  5.759256E+00  0.9883689334 -1.934380E+00
        4.447792E+17 -3.999873E+00 -1.999887E+00 -3.054398E-01 -3.054398E-01
   177     2114.9237    7.45768343  1.178080E+09  1.090398E+10  1.978610E+28
        5.655442E+00  2.202291E+01  5.759281E+00  0.9888931867 -1.954411E+00
        3.058218E+17 -3.999873E+00 -1.999887E+00 -3.054398E-01 -3.054398E-01
   178     2060.1971    7.45776489  1.177969E+09  1.121807E+10  1.781292E+28
        5.631500E+00  2.202295E+01  5.759303E+00  0.9888931867 -1.954411E+00
        2.103436E+17 -3.999873E+00 -1.999887E+00 -3.054398E-01 -3.054398E-01
   179     2006.8627    7.45784339  1.177863E+09  1.153827E+10  1.603586E+28
        5.607639E+00  2.202298E+01  5.759321E+00  0.9888931867 -1.954411E+00
        1.448874E+17 -3.999873E+00 -1.999887E+00 -3.054398E-01 -3.054398E-01
   180     1955.6386    7.45791943  1.177760E+09  1.186441E+10  1.445772E+28
        5.583940E+00  2.202300E+01  5.759334E+00  0.9888931867 -1.954411E+00
        1.002207E+17 -3.999873E+00 -1.999887E+00 -3.054398E-01 -3.054398E-01
   181     1904.0286    7.45799291  1.177660E+09  1.219949E+10  1.298870E+28
        5.560038E+00  2.202302E+01  5.759346E+00  0.9888931867 -1.954411E+00
        6.895286E+16 -3.999873E+00 -1.999887E+00 -3.054398E-01 -3.054398E-01
   182     1854.8557    7.45805790  1.177572E+09  1.253448E+10  1.169627E+28
        5.536560E+00  2.202303E+01  5.759356E+00  0.9888931867 -1.954411E+00
        4.770849E+16 -3.999873E+00 -1.999887E+00 -3.054398E-01 -3.054398E-01
   183     1806.8591    7.45811809  1.177490E+09  1.287509E+10  1.053038E+28
        5.513100E+00  2.202304E+01  5.759362E+00  0.9888931867 -1.954411E+00
        3.299126E+16 -3.999873E+00 -1.999887E+00 -3.054398E-01 -3.054398E-01
   184     1760.1783    7.45817541  1.177413E+09  1.321995E+10  9.482353E+27
        5.489737E+00  2.202304E+01  5.759363E+00  0.9893938100 -1.974441E+00
        2.280938E+16 -3.999873E+00 -1.999887E+00 -3.054398E-01 -3.054398E-01
   185     1714.7917    7.45823139  1.177337E+09  1.356847E+10  8.540415E+27
        5.466472E+00  2.202305E+01  5.759367E+00  0.9893938100 -1.974441E+00
        1.577803E+16 -3.999873E+00 -1.999887E+00 -3.054398E-01 -3.054398E-01
   186     1670.6551    7.45828795  1.177260E+09  1.392008E+10  7.693504E+27
        5.443305E+00  2.202306E+01  5.759375E+00  0.9893938100 -1.974441E+00
        1.091621E+16 -3.999873E+00 -1.999887E+00 -3.054398E-01 -3.054398E-01
   187     1627.7516    7.45834409  1.177184E+09  1.427436E+10  6.932236E+27
        5.420245E+00  2.202308E+01  5.759384E+00  0.9893938100 -1.974441E+00
        7.552292E+15 -3.999873E+00 -1.999887E+00 -3.054398E-01 -3.054398E-01
   188     1586.9444    7.45839784  1.177111E+09  1.463095E+10  6.262012E+27
        5.397437E+00  2.202309E+01  5.759391E+00  0.9893938100 -1.974441E+00
        5.243484E+15 -3.999873E+00 -1.999887E+00 -3.054398E-01 -3.054398E-01
   189     1545.3931    7.45845002  1.177041E+09  1.499454E+10  5.630808E+27
        5.374248E+00  2.202310E+01  5.759397E+00  0.9893938100 -1.974441E+00
        3.609317E+15 -3.999873E+00 -1.999887E+00 -3.054398E-01 -3.054398E-01
   190     1506.2002    7.45849329  1.176982E+09  1.535166E+10  5.080452E+27
        5.351590E+00  2.202310E+01  5.759397E+00  0.9893938100 -1.974441E+00
        2.503210E+15 -3.999873E+00 -1.999887E+00 -3.054398E-01 -3.054398E-01
   191     1468.0406    7.45853269  1.176929E+09  1.571068E+10  4.584421E+27
        5.328941E+00  2.202310E+01  5.759395E+00  0.9893938100 -1.974441E+00
        1.733922E+15 -3.999873E+00 -1.999887E+00 -3.054398E-01 -3.054398E-01
