============================================================================
  #Mod      Teff         Log(g)           R            Age            L
           Log(Tc)       Log(Pc)      Log(rhoc)       Mx/M         Log(qx)
             Lnu        Log(H/*)      Log(He/*)     Log(C/*)      Log(O/*)
============================================================================
     1    62290.8690    7.46594585  1.429187E+09  0.000000E+00  2.191330E+34
        7.935778E+00  2.253609E+01  6.074854E+00  0.0000000000  0.000000E+00
        8.469322E+33 -9.999860E+00 -1.999885E+00 -3.053960E-01 -3.053960E-01
     2    53773.9629    7.49549807  1.381380E+09  1.000000E+05  1.136963E+34
        7.926961E+00  2.254063E+01  6.077998E+00  0.0000000000  0.000000E+00
        8.153284E+33 -9.999860E+00 -1.999885E+00 -3.053960E-01 -3.053960E-01
     3    50621.2460    7.50910846  1.359903E+09  2.000000E+05  8.653245E+33
        7.918763E+00  2.254455E+01  6.080726E+00  0.0000000000  0.000000E+00
        7.835464E+33 -9.999860E+00 -1.999885E+00 -3.053960E-01 -3.053960E-01
     4    48795.5284    7.51817674  1.345779E+09  3.000000E+05  7.316434E+33
        7.911126E+00  2.254811E+01  6.083202E+00  0.0000000000  0.000000E+00
        7.529295E+33 -9.999860E+00 -1.999885E+00 -3.053960E-01 -3.053960E-01
     5    47510.8563    7.52519999  1.334941E+09  4.000000E+05  6.470347E+33
        7.904003E+00  2.255142E+01  6.085493E+00  0.0000000000  0.000000E+00
        7.237840E+33 -9.999860E+00 -1.999885E+00 -3.053960E-01 -3.053960E-01
     6    46509.9601    7.53105907  1.325966E+09  5.000000E+05  5.862474E+33
        7.897346E+00  2.255451E+01  6.087634E+00  0.0000000000  0.000000E+00
        6.961555E+33 -9.999860E+00 -1.999885E+00 -3.053960E-01 -3.053960E-01
     7    45346.6975    7.53835822  1.314870E+09  6.500000E+05  5.209314E+33
        7.888274E+00  2.255879E+01  6.090587E+00  0.0000000000  0.000000E+00
        6.577096E+33 -9.999860E+00 -1.999885E+00 -3.053960E-01 -3.053960E-01
     8    44179.6354    7.54608974  1.303218E+09  8.385199E+05  4.610573E+33
        7.878073E+00  2.256370E+01  6.093961E+00  0.0000000000  0.000000E+00
        6.138424E+33 -9.999860E+00 -1.999885E+00 -3.053960E-01 -3.053960E-01
     9    43055.3048    7.55386178  1.291609E+09  1.060093E+06  4.085084E+33
        7.867439E+00  2.256892E+01  6.097541E+00  0.0000000000  0.000000E+00
        5.677395E+33 -9.999860E+00 -1.999885E+00 -3.053960E-01 -3.053960E-01
    10    41965.6720    7.56161048  1.280138E+09  1.314752E+06  3.621783E+33
        7.856659E+00  2.257433E+01  6.101238E+00  0.0000000000  0.000000E+00
        5.209337E+33 -9.999860E+00 -1.999885E+00 -3.053960E-01 -3.053960E-01
    11    40903.7718    7.56925977  1.268914E+09  1.601042E+06  3.211809E+33
        7.845992E+00  2.257979E+01  6.104956E+00  0.0000000000  0.000000E+00
        4.749075E+33 -9.999860E+00 -1.999885E+00 -3.053960E-01 -3.053960E-01
    12    39878.9388    7.57669620  1.258097E+09  1.916296E+06  2.852557E+33
        7.835644E+00  2.258517E+01  6.108612E+00  0.0000000000  0.000000E+00
        4.309048E+33 -9.999860E+00 -1.999885E+00 -3.053960E-01 -3.053960E-01
    13    38880.0715    7.58392868  1.247664E+09  2.260601E+06  2.534753E+33
        7.825654E+00  2.259042E+01  6.112172E+00  0.0000000000  0.000000E+00
        3.894429E+33 -9.999860E+00 -1.999885E+00 -3.053960E-01 -3.053960E-01
    14    37910.3096    7.59090688  1.237681E+09  2.631937E+06  2.254647E+33
        7.816083E+00  2.259548E+01  6.115597E+00  0.0000000000  0.000000E+00
        3.510544E+33 -9.999860E+00 -1.999885E+00 -3.053960E-01 -3.053960E-01
    15    36969.2162    7.59761798  1.228155E+09  3.030098E+06  2.007701E+33
        7.806908E+00  2.260032E+01  6.118872E+00  0.0000000000  0.000000E+00
        3.158266E+33 -9.999860E+00 -1.999885E+00 -3.053960E-01 -3.053960E-01
    16    36061.1311    7.60405688  1.219084E+09  3.455292E+06  1.790839E+33
        7.798086E+00  2.260494E+01  6.121990E+00  0.0000000000  0.000000E+00
        2.837060E+33 -9.999860E+00 -1.999885E+00 -3.053960E-01 -3.053960E-01
    17    35180.3455    7.61026382  1.210403E+09  3.909617E+06  1.599163E+33
        7.789543E+00  2.260934E+01  6.124958E+00  0.0000000000  0.000000E+00
        2.544680E+33 -9.999860E+00 -1.999885E+00 -3.053960E-01 -3.053960E-01
    18    34319.4583    7.61622876  1.202120E+09  4.393455E+06  1.428529E+33
        7.781247E+00  2.261351E+01  6.127773E+00  0.0000000000  0.000000E+00
        2.279904E+33 -9.999860E+00 -1.999885E+00 -3.053960E-01 -3.053960E-01
    19    33489.7065    7.62191003  1.194282E+09  4.905173E+06  1.278473E+33
        7.773198E+00  2.261745E+01  6.130428E+00  0.0000000000  0.000000E+00
        2.042012E+33 -9.999860E+00 -1.999885E+00 -3.053960E-01 -3.053960E-01
    20    32688.2255    7.62734534  1.186832E+09  5.448961E+06  1.145978E+33
        7.765312E+00  2.262119E+01  6.132945E+00  0.0000000000  0.000000E+00
        1.827517E+33 -9.999860E+00 -1.999885E+00 -3.053960E-01 -3.053960E-01
    21    31907.4715    7.63255676  1.179733E+09  6.027990E+06  1.027943E+33
        7.757541E+00  2.262473E+01  6.135334E+00  0.0000000000  0.000000E+00
        1.633947E+33 -9.999860E+00 -1.999885E+00 -3.053960E-01 -3.053960E-01
    22    31154.3294    7.63753184  1.172995E+09  6.642183E+06  9.236297E+32
        7.749881E+00  2.262809E+01  6.137595E+00  0.0000000000  0.000000E+00
        1.460060E+33 -9.999860E+00 -1.999885E+00 -3.053960E-01 -3.053960E-01
    23    30423.6009    7.64229746  1.166577E+09  7.296130E+06  8.308089E+32
        7.742282E+00  2.263127E+01  6.139743E+00  0.0000000000  0.000000E+00
        1.303391E+33 -9.999860E+00 -1.999885E+00 -3.053960E-01 -3.053960E-01
    24    29721.9151    7.64684775  1.160481E+09  7.991857E+06  7.488857E+32
        7.734730E+00  2.263429E+01  6.141783E+00  0.0000000000  0.000000E+00
        1.162434E+33 -9.999860E+00 -1.999885E+00 -3.053960E-01 -3.053960E-01
    25    29036.9875    7.65122817  1.154644E+09  8.736578E+06  6.753582E+32
        7.727165E+00  2.263718E+01  6.143736E+00  0.0000000000  0.000000E+00
        1.035021E+33 -9.999860E+00 -1.999885E+00 -3.053960E-01 -3.053960E-01
    26    28381.4751    7.65541567  1.149090E+09  9.529370E+06  6.104925E+32
        7.719614E+00  2.263994E+01  6.145597E+00  0.0000000000  0.000000E+00
        9.206345E+32 -9.999860E+00 -1.999885E+00 -3.053960E-01 -3.053960E-01
    27    27748.0267    7.65945011  1.143766E+09  1.038063E+07  5.526300E+32
        7.712000E+00  2.264258E+01  6.147388E+00  0.0000000000  0.000000E+00
        8.172399E+32 -9.999860E+00 -1.999885E+00 -3.053960E-01 -3.053960E-01
    28    27129.3751    7.66333909  1.138656E+09  1.129439E+07  5.004679E+32
        7.704314E+00  2.264512E+01  6.149109E+00  0.0000000000  0.000000E+00
        7.239971E+32 -9.999860E+00 -1.999885E+00 -3.053960E-01 -3.053960E-01
    29    26537.2906    7.66705604  1.133794E+09  1.226945E+07  4.542829E+32
        7.696587E+00  2.264754E+01  6.150757E+00  0.0000000000  0.000000E+00
        6.405094E+32 -9.999860E+00 -1.999885E+00 -3.053960E-01 -3.053960E-01
    30    25961.5265    7.67064064  1.129124E+09  1.331839E+07  4.127018E+32
        7.688746E+00  2.264987E+01  6.152345E+00  0.0000000000  0.000000E+00
        5.652856E+32 -9.999860E+00 -1.999885E+00 -3.053960E-01 -3.053960E-01
    31    25400.7371    7.67408033  1.124662E+09  1.444223E+07  3.751985E+32
        7.680812E+00  2.265211E+01  6.153867E+00  0.0000000000  0.000000E+00
        4.978930E+32 -9.999860E+00 -1.999885E+00 -3.053960E-01 -3.053960E-01
    32    24866.9312    7.67735833  1.120425E+09  1.564308E+07  3.420476E+32
        7.672794E+00  2.265424E+01  6.155324E+00  0.0000000000  0.000000E+00
        4.377703E+32 -9.999860E+00 -1.999885E+00 -3.053960E-01 -3.053960E-01
    33    24344.8786    7.68052882  1.116343E+09  1.694040E+07  3.119304E+32
        7.664597E+00  2.265630E+01  6.156732E+00  0.0000000000  0.000000E+00
        3.837058E+32 -9.999860E+00 -1.999885E+00 -3.053960E-01 -3.053960E-01
    34    23846.6788    7.68355777  1.112457E+09  1.833091E+07  2.851740E+32
        7.656276E+00  2.265827E+01  6.158085E+00  0.0000000000  0.000000E+00
        3.355919E+32 -9.999860E+00 -1.999885E+00 -3.053960E-01 -3.053960E-01
    35    23362.1276    7.68648415  1.108715E+09  1.983470E+07  2.609285E+32
        7.647749E+00  2.266017E+01  6.159393E+00  0.0000000000  0.000000E+00
        2.925198E+32 -9.999860E+00 -1.999885E+00 -3.053960E-01 -3.053960E-01
    36    22897.5021    7.68928941  1.105140E+09  2.145312E+07  2.392319E+32
        7.639049E+00  2.266200E+01  6.160653E+00  0.0000000000  0.000000E+00
        2.542582E+32 -9.999860E+00 -1.999885E+00 -3.053960E-01 -3.053960E-01
    37    22447.8696    7.69199374  1.101705E+09  2.320356E+07  2.196155E+32
        7.630126E+00  2.266377E+01  6.161872E+00  0.0000000000  0.000000E+00
        2.202066E+32 -9.999860E+00 -1.999885E+00 -3.053960E-01 -3.053960E-01
    38    22013.9710    7.69459306  1.098413E+09  2.509290E+07  2.019094E+32
        7.620989E+00  2.266547E+01  6.163046E+00  0.0000000000  0.000000E+00
        1.900596E+32 -9.999860E+00 -1.999885E+00 -3.053960E-01 -3.053960E-01
    39    21594.8574    7.69709429  1.095254E+09  2.713285E+07  1.858931E+32
        7.611629E+00  2.266711E+01  6.164182E+00  0.0000000000  0.000000E+00
        1.634541E+32 -9.999860E+00 -1.999885E+00 -3.053960E-01 -3.053960E-01
    40    21189.2140    7.69950095  1.092224E+09  2.933528E+07  1.713620E+32
        7.602044E+00  2.266869E+01  6.165283E+00  0.0000000000  0.000000E+00
        1.400640E+32 -9.999860E+00 -1.999885E+00 -3.053960E-01 -3.053960E-01
    41    20796.9900    7.70181367  1.089319E+09  3.171169E+07  1.581774E+32
        7.592236E+00  2.267022E+01  6.166348E+00  0.0000000000  0.000000E+00
        1.195853E+32 -9.999860E+00 -1.999885E+00 -3.053960E-01 -3.053960E-01
    42    20417.4694    7.70403746  1.086534E+09  3.427661E+07  1.461929E+32
        7.582199E+00  2.267169E+01  6.167380E+00  0.0000000000  0.000000E+00
        1.017123E+32 -9.999860E+00 -1.999885E+00 -3.053960E-01 -3.053960E-01
    43    20049.9877    7.70617707  1.083861E+09  3.704456E+07  1.352806E+32
        7.571932E+00  2.267311E+01  6.168379E+00  0.0000000000  0.000000E+00
        8.616957E+31 -9.999860E+00 -1.999885E+00 -3.053960E-01 -3.053960E-01
    44    19693.7881    7.70823670  1.081294E+09  4.003001E+07  1.253246E+32
        7.561435E+00  2.267449E+01  6.169344E+00  0.0000000000  0.000000E+00
        7.270598E+31 -9.999860E+00 -1.999885E+00 -3.053960E-01 -3.053960E-01
    45    19348.3159    7.71021863  1.078829E+09  4.324671E+07  1.162278E+32
        7.550712E+00  2.267581E+01  6.170276E+00  0.0000000000  0.000000E+00
        6.109286E+31 -9.999860E+00 -1.999885E+00 -3.053960E-01 -3.053960E-01
    46    19012.8696    7.71212540  1.076464E+09  4.670788E+07  1.079000E+32
        7.539771E+00  2.267708E+01  6.171171E+00  0.0000000000  0.000000E+00
        5.112226E+31 -9.999860E+00 -1.999885E+00 -3.053960E-01 -3.053960E-01
    47    18686.9612    7.71396356  1.074188E+09  5.042575E+07  1.002645E+32
        7.528630E+00  2.267831E+01  6.172038E+00  0.0000000000  0.000000E+00
        4.260697E+31 -9.999860E+00 -1.999885E+00 -3.053960E-01 -3.053960E-01
    48    18369.9983    7.71573931  1.071994E+09  5.441422E+07  9.325095E+31
        7.517301E+00  2.267950E+01  6.172879E+00  0.0000000000  0.000000E+00
        3.536702E+31 -9.999860E+00 -1.999885E+00 -3.053960E-01 -3.053960E-01
    49    18061.2219    7.71745807  1.069875E+09  5.868616E+07  8.679337E+31
        7.505797E+00  2.268066E+01  6.173696E+00  0.0000000000  0.000000E+00
        2.923907E+31 -9.999860E+00 -1.999885E+00 -3.053960E-01 -3.053960E-01
    50    17760.1668    7.71912394  1.067825E+09  6.325168E+07  8.083889E+31
        7.494135E+00  2.268178E+01  6.174490E+00  0.0000000000  0.000000E+00
        2.407740E+31 -9.999860E+00 -1.999885E+00 -3.053960E-01 -3.053960E-01
    51    17466.3456    7.72074017  1.065840E+09  6.811974E+07  7.533975E+31
        7.482334E+00  2.268287E+01  6.175261E+00  0.0000000000  0.000000E+00
        1.975006E+31 -9.999860E+00 -1.999885E+00 -3.053960E-01 -3.053960E-01
    52    17179.2550    7.72230734  1.063919E+09  7.329735E+07  7.025320E+31
        7.470408E+00  2.268392E+01  6.176006E+00  0.0000000000  0.000000E+00
        1.613908E+31 -9.999860E+00 -1.999885E+00 -3.053960E-01 -3.053960E-01
    53    16898.4808    7.72382341  1.062063E+09  7.878826E+07  6.554255E+31
        7.458377E+00  2.268493E+01  6.176721E+00  0.0000000000  0.000000E+00
        1.314068E+31 -9.999860E+00 -1.999885E+00 -3.053960E-01 -3.053960E-01
    54    16623.7649    7.72528882  1.060273E+09  8.459400E+07  6.117653E+31
        7.446267E+00  2.268589E+01  6.177405E+00  0.0000000000  0.000000E+00
        1.066361E+31 -9.999860E+00 -1.999885E+00 -3.053960E-01 -3.053960E-01
    55    16354.8093    7.72670538  1.058545E+09  9.071701E+07  5.712585E+31
        7.434100E+00  2.268681E+01  6.178061E+00  0.0000000000  0.000000E+00
        8.626307E+30 -9.999860E+00 -1.999885E+00 -3.053960E-01 -3.053960E-01
    56    16091.4695    7.72807455  1.056878E+09  9.715898E+07  5.336597E+31
        7.421893E+00  2.268769E+01  6.178692E+00  0.0000000000  0.000000E+00
        6.957548E+30 -9.999860E+00 -1.999885E+00 -3.053960E-01 -3.053960E-01
    57    15833.3335    7.72939796  1.055269E+09  1.039213E+08  4.987095E+31
        7.409660E+00  2.268855E+01  6.179301E+00  0.0000000000  0.000000E+00
        5.595826E+30 -9.999860E+00 -1.999885E+00 -3.053960E-01 -3.053960E-01
    58    15580.2601    7.73067774  1.053715E+09  1.110010E+08  4.662053E+31
        7.397420E+00  2.268937E+01  6.179890E+00  0.0000000000  0.000000E+00
        4.489206E+30 -9.999860E+00 -1.999885E+00 -3.053960E-01 -3.053960E-01
    59    15332.2839    7.73191772  1.052212E+09  1.183957E+08  4.359792E+31
        7.385189E+00  2.269018E+01  6.180466E+00  0.0000000000  0.000000E+00
        3.593294E+30 -9.999860E+00 -1.999885E+00 -3.053960E-01 -3.053960E-01
    60    15089.1738    7.73312004  1.050756E+09  1.261053E+08  4.078476E+31
        7.372976E+00  2.269097E+01  6.181028E+00  0.0000000000  0.000000E+00
        2.870241E+30 -9.999860E+00 -1.999885E+00 -3.053960E-01 -3.053960E-01
    61    14850.8375    7.73428510  1.049348E+09  1.341273E+08  3.816584E+31
        7.360795E+00  2.269173E+01  6.181575E+00  0.0000000000  0.000000E+00
        2.288514E+30 -9.999860E+00 -1.999885E+00 -3.053960E-01 -3.053960E-01
    62    14617.2635    7.73541438  1.047985E+09  1.424577E+08  3.572778E+31
        7.348661E+00  2.269247E+01  6.182104E+00  0.0000000000  0.000000E+00
        1.821857E+30 -9.999860E+00 -1.999885E+00 -3.053960E-01 -3.053960E-01
    63    14388.4008    7.73651062  1.046663E+09  1.510922E+08  3.345766E+31
        7.336583E+00  2.269319E+01  6.182613E+00  0.0000000000  0.000000E+00
        1.448498E+30 -9.999860E+00 -1.999885E+00 -3.053960E-01 -3.053960E-01
    64    14164.4892    7.73757641  1.045379E+09  1.600242E+08  3.134609E+31
        7.324575E+00  2.269387E+01  6.183101E+00  0.0000000000  0.000000E+00
        1.150526E+30 -9.999860E+00 -1.999885E+00 -3.053960E-01 -3.053960E-01
    65    13945.9524    7.73861505  1.044130E+09  1.692498E+08  2.938555E+31
        7.312641E+00  2.269452E+01  6.183565E+00  0.0000000000  0.000000E+00
        9.131626E+29 -9.999860E+00 -1.999885E+00 -3.053960E-01 -3.053960E-01
    66    13732.7841    7.73963199  1.042908E+09  1.787693E+08  2.756503E+31
        7.300786E+00  2.269514E+01  6.184008E+00  0.0000000000  0.000000E+00
        7.243338E+29 -9.999860E+00 -1.999885E+00 -3.053960E-01 -3.053960E-01
    67    13524.9411    7.74063306  1.041707E+09  1.885801E+08  2.587406E+31
        7.289017E+00  2.269574E+01  6.184436E+00  0.0000000000  0.000000E+00
        5.743552E+29 -9.999860E+00 -1.999885E+00 -3.053960E-01 -3.053960E-01
    68    13322.2342    7.74162066  1.040523E+09  1.986808E+08  2.430210E+31
        7.277341E+00  2.269632E+01  6.184848E+00  0.0000000000  0.000000E+00
        4.553635E+29 -9.999860E+00 -1.999885E+00 -3.053960E-01 -3.053960E-01
    69    13124.8283    7.74259434  1.039357E+09  2.090657E+08  2.284211E+31
        7.265764E+00  2.269687E+01  6.185246E+00  0.0000000000  0.000000E+00
        3.610581E+29 -9.999860E+00 -1.999885E+00 -3.053960E-01 -3.053960E-01
    70    12932.1147    7.74355326  1.038211E+09  2.197296E+08  2.148231E+31
        7.254293E+00  2.269741E+01  6.185627E+00  0.0000000000  0.000000E+00
        2.863807E+29 -9.999860E+00 -1.999885E+00 -3.053960E-01 -3.053960E-01
    71    12744.4187    7.74449192  1.037089E+09  2.306392E+08  2.021829E+31
        7.242959E+00  2.269792E+01  6.185993E+00  0.0000000000  0.000000E+00
        2.274097E+29 -9.999860E+00 -1.999885E+00 -3.053960E-01 -3.053960E-01
    72    12562.0183    7.74540387  1.036001E+09  2.417488E+08  1.904539E+31
        7.231804E+00  2.269841E+01  6.186341E+00  0.0000000000  0.000000E+00
        1.809719E+29 -9.999860E+00 -1.999885E+00 -3.053960E-01 -3.053960E-01
    73    12386.1964    7.74627932  1.034957E+09  2.529539E+08  1.796506E+31
        7.220918E+00  2.269887E+01  6.186667E+00  0.0000000000  0.000000E+00
        1.446263E+29 -9.999860E+00 -1.999885E+00 -3.053960E-01 -3.053960E-01
    74    12219.8086    7.74710658  1.033972E+09  2.640377E+08  1.698663E+31
        7.210483E+00  2.269928E+01  6.186965E+00  0.0000000000  0.000000E+00
        1.165342E+29 -9.999860E+00 -1.999885E+00 -3.053960E-01 -3.053960E-01
    75    12083.6718    7.74779041  1.033158E+09  2.734590E+08  1.621666E+31
        7.201843E+00  2.269961E+01  6.187202E+00  0.0000000000  0.000000E+00
        9.737860E+28 -9.999860E+00 -1.999885E+00 -3.053960E-01 -3.053960E-01
    76    11970.9581    7.74836940  1.032470E+09  2.815177E+08  1.559920E+31
        7.194614E+00  2.269988E+01  6.187394E+00  0.0000000000  0.000000E+00
        8.375157E+28 -9.999860E+00 -1.999885E+00 -3.053960E-01 -3.053960E-01
    77    11869.5737    7.74889910  1.031840E+09  2.889784E+08  1.505905E+31
        7.188054E+00  2.270012E+01  6.187565E+00  0.0000000000  0.000000E+00
        7.301721E+28 -9.999860E+00 -1.999885E+00 -3.053960E-01 -3.053960E-01
    78    11778.3340    7.74938335  1.031265E+09  2.958720E+08  1.458506E+31
        7.182102E+00  2.270033E+01  6.187718E+00  0.0000000000  0.000000E+00
        6.445508E+28 -9.999860E+00 -1.999885E+00 -3.053960E-01 -3.053960E-01
    79    11693.8781    7.74983914  1.030724E+09  3.024121E+08  1.415635E+31
        7.176551E+00  2.270053E+01  6.187859E+00  0.0000000000  0.000000E+00
        5.736349E+28 -9.999860E+00 -1.999885E+00 -3.053960E-01 -3.053960E-01
    80    11614.9925    7.75027169  1.030211E+09  3.086636E+08  1.376449E+31
        7.171330E+00  2.270071E+01  6.187990E+00  0.0000000000  0.000000E+00
        5.139668E+28 -9.999860E+00 -1.999885E+00 -3.053960E-01 -3.053960E-01
    81    11540.1062    7.75068789  1.029718E+09  3.147306E+08  1.340008E+31
        7.166339E+00  2.270089E+01  6.188115E+00  0.0000000000  0.000000E+00
        4.626784E+28 -9.999860E+00 -1.999885E+00 -3.053960E-01 -3.053960E-01
    82    11467.6711    7.75109554  1.029234E+09  3.207260E+08  1.305454E+31
        7.161481E+00  2.270105E+01  6.188236E+00  0.0000000000  0.000000E+00
        4.176091E+28 -9.999860E+00 -1.999885E+00 -3.053960E-01 -3.053960E-01
    83    11396.8815    7.75149921  1.028756E+09  3.267100E+08  1.272334E+31
        7.156702E+00  2.270122E+01  6.188355E+00  0.0000000000  0.000000E+00
        3.775195E+28 -9.999860E+00 -1.999885E+00 -3.053960E-01 -3.053960E-01
    84    11327.5943    7.75189854  1.028283E+09  3.326892E+08  1.240533E+31
        7.151996E+00  2.270138E+01  6.188472E+00  0.0000000000  0.000000E+00
        3.417632E+28 -9.999860E+00 -1.999885E+00 -3.053960E-01 -3.053960E-01
    85    11259.1055    7.75229531  1.027814E+09  3.387209E+08  1.209696E+31
        7.147315E+00  2.270155E+01  6.188588E+00  0.0000000000  0.000000E+00
        3.095364E+28 -9.999860E+00 -1.999885E+00 -3.053960E-01 -3.053960E-01
    86    11190.2737    7.75269569  1.027340E+09  3.449084E+08  1.179297E+31
        7.142583E+00  2.270171E+01  6.188706E+00  0.0000000000  0.000000E+00
        2.800185E+28 -9.999860E+00 -1.999885E+00 -3.053960E-01 -3.053960E-01
    87    11120.9685    7.75310210  1.026859E+09  3.512703E+08  1.149276E+31
        7.137788E+00  2.270188E+01  6.188825E+00  0.0000000000  0.000000E+00
        2.529624E+28 -9.999860E+00 -1.999885E+00 -3.053960E-01 -3.053960E-01
    88    11052.0807    7.75351071  1.026377E+09  3.577291E+08  1.120009E+31
        7.132991E+00  2.270205E+01  6.188945E+00  0.0000000000  0.000000E+00
        2.284964E+28 -9.999860E+00 -1.999885E+00 -3.053960E-01 -3.053960E-01
    89    10984.1945    7.75391689  1.025897E+09  3.642286E+08  1.091722E+31
        7.128234E+00  2.270221E+01  6.189064E+00  0.0000000000  0.000000E+00
        2.065597E+28 -9.999860E+00 -1.999885E+00 -3.053960E-01 -3.053960E-01
    90    10916.7193    7.75432107  1.025419E+09  3.708233E+08  1.064152E+31
        7.123478E+00  2.270238E+01  6.189182E+00  0.0000000000  0.000000E+00
        1.867220E+28 -9.999860E+00 -1.999885E+00 -3.053960E-01 -3.053960E-01
    91    10848.3868    7.75472846  1.024939E+09  3.776418E+08  1.036784E+31
        7.118632E+00  2.270255E+01  6.189303E+00  0.0000000000  0.000000E+00
        1.684654E+28 -9.999860E+00 -1.999885E+00 -3.053960E-01 -3.053960E-01
    92    10778.3212    7.75514339  1.024449E+09  3.847837E+08  1.009293E+31
        7.113634E+00  2.270272E+01  6.189426E+00  0.0000000000  0.000000E+00
        1.514985E+28 -9.999860E+00 -1.999885E+00 -3.053960E-01 -3.053960E-01
    93    10706.3860    7.75556719  1.023949E+09  3.922799E+08  9.816587E+30
        7.108471E+00  2.270290E+01  6.189551E+00  0.0000000000  0.000000E+00
        1.357598E+28 -9.999860E+00 -1.999885E+00 -3.053960E-01 -3.053960E-01
    94    10633.0273    7.75600037  1.023439E+09  4.001024E+08  9.540771E+30
        7.103169E+00  2.270308E+01  6.189679E+00  0.0000000000  0.000000E+00
        1.213000E+28 -9.999860E+00 -1.999885E+00 -3.053960E-01 -3.053960E-01
    95    10559.5533    7.75643330  1.022929E+09  4.081204E+08  9.270540E+30
        7.097823E+00  2.270325E+01  6.189806E+00  0.0000000000  0.000000E+00
        1.082796E+28 -9.999860E+00 -1.999885E+00 -3.053960E-01 -3.053960E-01
    96    10485.4586    7.75687064  1.022414E+09  4.163992E+08  9.003994E+30
        7.092394E+00  2.270343E+01  6.189933E+00  0.0000000000  0.000000E+00
        9.648937E+27 -9.999860E+00 -1.999885E+00 -3.053960E-01 -3.053960E-01
    97    10411.3776    7.75730940  1.021898E+09  4.248759E+08  8.743383E+30
        7.086926E+00  2.270361E+01  6.190059E+00  0.0000000000  0.000000E+00
        8.591779E+27 -9.999860E+00 -1.999885E+00 -3.053960E-01 -3.053960E-01
    98    10337.7023    7.75776046  1.021367E+09  4.335188E+08  8.489688E+30
        7.081443E+00  2.270378E+01  6.190182E+00  0.0000000000  0.000000E+00
        7.648524E+27 -9.999860E+00 -1.999885E+00 -3.053960E-01 -3.053960E-01
    99    10266.8891    7.75820608  1.020843E+09  4.420282E+08  8.250980E+30
        7.076131E+00  2.270394E+01  6.190298E+00  0.0000000000  0.000000E+00
        6.834127E+27 -9.999860E+00 -1.999885E+00 -3.053960E-01 -3.053960E-01
   100    10198.7515    7.75863077  1.020344E+09  4.503982E+08  8.026263E+30
        7.070987E+00  2.270410E+01  6.190408E+00  0.0000000000  0.000000E+00
        6.128781E+27 -9.999860E+00 -1.999885E+00 -3.053960E-01 -3.053960E-01
   101    10130.3842    7.75905267  1.019849E+09  4.589835E+08  7.805615E+30
        7.065792E+00  2.270425E+01  6.190515E+00  0.0000000000  0.000000E+00
        5.491025E+27 -9.999860E+00 -1.999885E+00 -3.053960E-01 -3.053960E-01
   102    10061.6346    7.75947216  1.019356E+09  4.678111E+08  7.588538E+30
        7.060534E+00  2.270439E+01  6.190621E+00  0.0000000000  0.000000E+00
        4.913789E+27 -9.999860E+00 -1.999885E+00 -3.053960E-01 -3.053960E-01
   103     9992.2455    7.75989193  1.018864E+09  4.769256E+08  7.374228E+30
        7.055192E+00  2.270454E+01  6.190725E+00  0.0000000000  0.000000E+00
        4.390120E+27 -9.999860E+00 -1.999885E+00 -3.053960E-01 -3.053960E-01
   104     9922.3916    7.76031005  1.018373E+09  4.863150E+08  7.163273E+30
        7.049779E+00  2.270468E+01  6.190829E+00  0.0000000000  0.000000E+00
        3.917035E+27 -9.999860E+00 -1.999885E+00 -3.053960E-01 -3.053960E-01
   105     9851.7124    7.76072988  1.017881E+09  4.960421E+08  6.954616E+30
        7.044265E+00  2.270482E+01  6.190932E+00  0.0000000000  0.000000E+00
        3.488167E+27 -9.999860E+00 -1.999885E+00 -3.053960E-01 -3.053960E-01
   106     9780.4466    7.76114914  1.017390E+09  5.060871E+08  6.749036E+30
        7.038668E+00  2.270496E+01  6.191034E+00  0.0000000000  0.000000E+00
        3.101465E+27 -9.999860E+00 -1.999885E+00 -3.053960E-01 -3.053960E-01
   107     9708.2805    7.76157038  1.016897E+09  5.165110E+08  6.545684E+30
        7.032960E+00  2.270510E+01  6.191137E+00  0.0000000000  0.000000E+00
        2.751919E+27 -9.999860E+00 -1.999885E+00 -3.053960E-01 -3.053960E-01
   108     9635.3734    7.76199294  1.016402E+09  5.273081E+08  6.345084E+30
        7.027153E+00  2.270524E+01  6.191240E+00  0.0000000000  0.000000E+00
        2.437335E+27 -9.999860E+00 -1.999885E+00 -3.053960E-01 -3.053960E-01
   109     9561.7696    7.76241678  1.015906E+09  5.384891E+08  6.147414E+30
        7.021247E+00  2.270538E+01  6.191344E+00  0.0000000000  0.000000E+00
        2.154929E+27 -9.999860E+00 -1.999885E+00 -3.053960E-01 -3.053960E-01
   110     9487.5192    7.76284195  1.015409E+09  5.500639E+08  5.952849E+30
        7.015246E+00  2.270553E+01  6.191447E+00  0.0000000000  0.000000E+00
        1.902067E+27 -9.999860E+00 -1.999885E+00 -3.053960E-01 -3.053960E-01
   111     9412.7114    7.76326799  1.014911E+09  5.620361E+08  5.761653E+30
        7.009155E+00  2.270567E+01  6.191551E+00  0.0000000000  0.000000E+00
        1.676332E+27 -9.999860E+00 -1.999885E+00 -3.053960E-01 -3.053960E-01
   112     9337.4142    7.76369489  1.014413E+09  5.744126E+08  5.574010E+30
        7.002978E+00  2.270581E+01  6.191656E+00  0.0000000000  0.000000E+00
        1.475319E+27 -9.999860E+00 -1.999885E+00 -3.053960E-01 -3.053960E-01
   113     9261.7427    7.76412234  1.013913E+09  5.871921E+08  5.390197E+30
        6.996722E+00  2.270595E+01  6.191762E+00  0.0000000000  0.000000E+00
        1.296858E+27 -9.999860E+00 -1.999885E+00 -3.053960E-01 -3.053960E-01
   114     9185.8035    7.76455056  1.013414E+09  6.003743E+08  5.210437E+30
        6.990395E+00  2.270610E+01  6.191869E+00  0.0000000000  0.000000E+00
        1.138841E+27 -9.999860E+00 -1.999885E+00 -3.053960E-01 -3.053960E-01
   115     9109.7295    7.76497942  1.012914E+09  6.139538E+08  5.034990E+30
        6.984006E+00  2.270625E+01  6.191978E+00  0.0000000000  0.000000E+00
        9.993077E+26 -9.999860E+00 -1.999885E+00 -3.053960E-01 -3.053960E-01
   116     9033.6598    7.76540797  1.012414E+09  6.279185E+08  4.864107E+30
        6.977566E+00  2.270640E+01  6.192086E+00  0.0000000000  0.000000E+00
        8.764281E+26 -9.999860E+00 -1.999885E+00 -3.053960E-01 -3.053960E-01
   117     8957.7812    7.76583550  1.011916E+09  6.422455E+08  4.698102E+30
        6.971091E+00  2.270655E+01  6.192192E+00  0.0000000000  0.000000E+00
        7.685439E+26 -9.999860E+00 -1.999885E+00 -3.053960E-01 -3.053960E-01
   118     8882.3066    7.76626138  1.011420E+09  6.569045E+08  4.537303E+30
        6.964598E+00  2.270670E+01  6.192297E+00  0.0000000000  0.000000E+00
        6.741108E+26 -9.999860E+00 -1.999885E+00 -3.053960E-01 -3.053960E-01
   119     8807.4011    7.76668483  1.010927E+09  6.718714E+08  4.381899E+30
        6.958102E+00  2.270684E+01  6.192399E+00  0.0000000000  0.000000E+00
        5.916169E+26 -9.999860E+00 -1.999885E+00 -3.053960E-01 -3.053960E-01
   120     8733.1544    7.76710458  1.010438E+09  6.871342E+08  4.231907E+30
        6.951611E+00  2.270699E+01  6.192500E+00  0.0000000000  0.000000E+00
        5.196095E+26 -9.999860E+00 -1.999885E+00 -3.053960E-01 -3.053960E-01
   121     8659.5237    7.76751970  1.009955E+09  7.027051E+08  4.087074E+30
        6.945123E+00  2.270712E+01  6.192598E+00  0.0000000000  0.000000E+00
        4.566994E+26 -9.999860E+00 -1.999885E+00 -3.053960E-01 -3.053960E-01
   122     8586.4116    7.76792927  1.009479E+09  7.186088E+08  3.947059E+30
        6.938630E+00  2.270726E+01  6.192695E+00  0.0000000000  0.000000E+00
        4.016512E+26 -9.999860E+00 -1.999885E+00 -3.053960E-01 -3.053960E-01
   123     8513.6028    7.76833516  1.009008E+09  7.349018E+08  3.811312E+30
        6.932112E+00  2.270740E+01  6.192790E+00  0.0000000000  0.000000E+00
        3.533308E+26 -9.999860E+00 -1.999885E+00 -3.053960E-01 -3.053960E-01
   124     8441.3214    7.76873536  1.008543E+09  7.515402E+08  3.680124E+30
        6.925592E+00  2.270753E+01  6.192884E+00  0.0000000000  0.000000E+00
        3.110427E+26 -9.999860E+00 -1.999885E+00 -3.053960E-01 -3.053960E-01
   125     8369.4272    7.76913069  1.008084E+09  7.685674E+08  3.553108E+30
        6.919054E+00  2.270766E+01  6.192976E+00  0.0000000000  0.000000E+00
        2.739444E+26 -9.999860E+00 -1.999885E+00 -3.053960E-01 -3.053960E-01
   126     8297.9082    7.76952133  1.007631E+09  7.859952E+08  3.430120E+30
        6.912499E+00  2.270779E+01  6.193067E+00  0.0000000000  0.000000E+00
        2.413882E+26 -9.999860E+00 -1.999885E+00 -3.053960E-01 -3.053960E-01
   127     8226.7614    7.76990730  1.007183E+09  8.038357E+08  3.311040E+30
        6.905926E+00  2.270792E+01  6.193158E+00  0.0000000000  0.000000E+00
        2.128085E+26 -9.999860E+00 -1.999885E+00 -3.053960E-01 -3.053960E-01
   128     8155.9505    7.77028865  1.006741E+09  8.221103E+08  3.195699E+30
        6.899331E+00  2.270804E+01  6.193248E+00  0.0000000000  0.000000E+00
        1.876998E+26 -9.999860E+00 -1.999885E+00 -3.053960E-01 -3.053960E-01
   129     8085.3775    7.77066690  1.006303E+09  8.408600E+08  3.083830E+30
        6.892705E+00  2.270816E+01  6.193337E+00  0.0000000000  0.000000E+00
        1.656037E+26 -9.999860E+00 -1.999885E+00 -3.053960E-01 -3.053960E-01
   130     8015.2838    7.77104032  1.005870E+09  8.600332E+08  2.975716E+30
        6.886070E+00  2.270829E+01  6.193425E+00  0.0000000000  0.000000E+00
        1.462187E+26 -9.999860E+00 -1.999885E+00 -3.053960E-01 -3.053960E-01
   131     7945.5759    7.77140970  1.005442E+09  8.796686E+08  2.871097E+30
        6.879417E+00  2.270841E+01  6.193511E+00  0.0000000000  0.000000E+00
        1.291798E+26 -9.999860E+00 -1.999885E+00 -3.053960E-01 -3.053960E-01
   132     7876.3077    7.77177460  1.005020E+09  8.997645E+08  2.769952E+30
        6.872752E+00  2.270852E+01  6.193596E+00  0.0000000000  0.000000E+00
        1.142065E+26 -9.999860E+00 -1.999885E+00 -3.053960E-01 -3.053960E-01
   133     7807.3978    7.77213626  1.004602E+09  9.203603E+08  2.672053E+30
        6.866065E+00  2.270864E+01  6.193680E+00  0.0000000000  0.000000E+00
        1.010250E+26 -9.999860E+00 -1.999885E+00 -3.053960E-01 -3.053960E-01
   134     7739.0404    7.77249354  1.004189E+09  9.414104E+08  2.577573E+30
        6.859375E+00  2.270876E+01  6.193763E+00  0.0000000000  0.000000E+00
        8.944616E+25 -9.999860E+00 -1.999885E+00 -3.053960E-01 -3.053960E-01
   135     7671.1813    7.77284695  1.003780E+09  9.629437E+08  2.486326E+30
        6.852677E+00  2.270887E+01  6.193845E+00  0.0000000000  0.000000E+00
        7.925880E+25 -9.999860E+00 -1.999885E+00 -3.053960E-01 -3.053960E-01
   136     7603.8558    7.77319617  1.003377E+09  9.849605E+08  2.398255E+30
        6.845973E+00  2.270898E+01  6.193926E+00  0.0000000000  0.000000E+00
        7.028880E+25 -9.999860E+00 -1.999885E+00 -3.053960E-01 -3.053960E-01
   137     7537.0702    7.77354083  1.002979E+09  1.007470E+09  2.313266E+30
        6.839265E+00  2.270909E+01  6.194006E+00  0.0000000000  0.000000E+00
        6.239316E+25 -9.999860E+00 -1.999885E+00 -3.053960E-01 -3.053960E-01
   138     7470.7707    7.77388189  1.002585E+09  1.030504E+09  2.231186E+30
        6.832547E+00  2.270920E+01  6.194085E+00  0.0000000000  0.000000E+00
        5.542791E+25 -9.999860E+00 -1.999885E+00 -3.053960E-01 -3.053960E-01
   139     7405.1541    7.77421797  1.002197E+09  1.054000E+09  2.152160E+30
        6.825839E+00  2.270931E+01  6.194164E+00  0.0000000000  0.000000E+00
        4.929621E+25 -9.999860E+00 -1.999885E+00 -3.053960E-01 -3.053960E-01
   140     7340.2157    7.77454902  1.001815E+09  1.077970E+09  2.076072E+30
        6.819140E+00  2.270942E+01  6.194241E+00  0.0000000000  0.000000E+00
        4.389225E+25 -9.999860E+00 -1.999885E+00 -3.053960E-01 -3.053960E-01
   141     7275.9005    7.77487669  1.001437E+09  1.102446E+09  2.002749E+30
        6.812447E+00  2.270953E+01  6.194320E+00  0.0000000000  0.000000E+00
        3.912052E+25 -9.999860E+00 -1.999885E+00 -3.053960E-01 -3.053960E-01
   142     7212.3917    7.77519998  1.001065E+09  1.127356E+09  1.932295E+30
        6.805778E+00  2.270964E+01  6.194400E+00  0.0000000000  0.000000E+00
        3.491088E+25 -9.999860E+00 -1.999885E+00 -3.053960E-01 -3.053960E-01
   143     7149.7011    7.77551900  1.000697E+09  1.152700E+09  1.864613E+30
        6.799137E+00  2.270975E+01  6.194481E+00  0.0000000000  0.000000E+00
        3.120013E+25 -9.999860E+00 -1.999885E+00 -3.053960E-01 -3.053960E-01
   144     7087.9006    7.77583417  1.000334E+09  1.178450E+09  1.799668E+30
        6.792533E+00  2.270986E+01  6.194561E+00  0.0000000000  0.000000E+00
        2.792520E+25 -9.999860E+00 -1.999885E+00 -3.053960E-01 -3.053960E-01
   145     7027.2239    7.77614446  9.999766E+08  1.204496E+09  1.737588E+30
        6.785991E+00  2.270997E+01  6.194641E+00  0.0000000000  0.000000E+00
        2.504132E+25 -9.999860E+00 -1.999885E+00 -3.053960E-01 -3.053960E-01
   146     6967.7373    7.77644984  9.996251E+08  1.230798E+09  1.678315E+30
        6.779520E+00  2.271008E+01  6.194719E+00  0.0000000000  0.000000E+00
        2.250013E+25 -9.999860E+00 -1.999885E+00 -3.053960E-01 -3.053960E-01
   147     6909.5231    7.77675095  9.992786E+08  1.257308E+09  1.621801E+30
        6.773131E+00  2.271018E+01  6.194794E+00  0.0000000000  0.000000E+00
        2.025966E+25 -9.999860E+00 -1.999885E+00 -3.053960E-01 -3.053960E-01
   148     6852.7936    7.77704698  9.989381E+08  1.283902E+09  1.568122E+30
        6.766849E+00  2.271028E+01  6.194867E+00  0.0000000000  0.000000E+00
        1.828748E+25 -9.999860E+00 -1.999885E+00 -3.053960E-01 -3.053960E-01
   149     6797.5716    7.77733851  9.986029E+08  1.310546E+09  1.517165E+30
        6.760678E+00  2.271038E+01  6.194936E+00  0.0000000000  0.000000E+00
        1.655066E+25 -9.999860E+00 -1.999885E+00 -3.053960E-01 -3.053960E-01
   150     6744.0195    7.77762477  9.982738E+08  1.337134E+09  1.468949E+30
        6.754637E+00  2.271047E+01  6.195002E+00  0.0000000000  0.000000E+00
        1.501794E+25 -9.999860E+00 -1.999885E+00 -3.053960E-01 -3.053960E-01
   151     6692.1379    7.77790665  9.979499E+08  1.363632E+09  1.423341E+30
        6.748728E+00  2.271055E+01  6.195063E+00  0.0000000000  0.000000E+00
        1.366399E+25 -9.999860E+00 -1.999885E+00 -3.053960E-01 -3.053960E-01
   152     6642.0568    7.77818355  9.976318E+08  1.389944E+09  1.380330E+30
        6.742967E+00  2.271063E+01  6.195120E+00  0.0000000000  0.000000E+00
        1.246820E+25 -9.999860E+00 -1.999885E+00 -3.053960E-01 -3.053960E-01
   153     6593.7857    7.77845655  9.973183E+08  1.416040E+09  1.339797E+30
        6.737354E+00  2.271071E+01  6.195174E+00  0.0000000000  0.000000E+00
        1.140936E+25 -9.999860E+00 -1.999885E+00 -3.053960E-01 -3.053960E-01
   154     6547.4436    7.77872636  9.970086E+08  1.441832E+09  1.301718E+30
        6.731902E+00  2.271078E+01  6.195225E+00  0.0000000000  0.000000E+00
        1.047152E+25 -9.999860E+00 -1.999885E+00 -3.053960E-01 -3.053960E-01
   155     6503.1690    7.77899146  9.967043E+08  1.467206E+09  1.266091E+30
        6.726627E+00  2.271085E+01  6.195274E+00  0.0000000000  0.000000E+00
        9.641301E+24 -9.999860E+00 -1.999885E+00 -3.053960E-01 -3.053960E-01
   156     6460.8472    7.77925267  9.964046E+08  1.492206E+09  1.232711E+30
        6.721512E+00  2.271091E+01  6.195322E+00  0.0000000000  0.000000E+00
        8.902327E+24 -9.999860E+00 -1.999885E+00 -3.053960E-01 -3.053960E-01
   157     6418.2296    7.77952399  9.960934E+08  1.518206E+09  1.199757E+30
        6.716279E+00  2.271098E+01  6.195369E+00  0.0000000000  0.000000E+00
        8.207564E+24 -9.999860E+00 -1.999885E+00 -3.053960E-01 -3.053960E-01
   158     6357.2655    7.77992975  9.956282E+08  1.557206E+09  1.153740E+30
        6.708612E+00  2.271107E+01  6.195439E+00  0.0000000000  0.000000E+00
        7.290680E+24 -9.999860E+00 -1.999885E+00 -3.053960E-01 -3.053960E-01
   159     6272.4458    7.78052858  9.949420E+08  1.615706E+09  1.091881E+30
        6.697482E+00  2.271121E+01  6.195537E+00  0.0000000000  0.000000E+00
        6.144396E+24 -9.999860E+00 -1.999885E+00 -3.053960E-01 -3.053960E-01
   160     6180.0569    7.78121754  9.941532E+08  1.686208E+09  1.027326E+30
        6.684537E+00  2.271137E+01  6.195649E+00  0.0000000000  0.000000E+00
        5.042341E+24 -9.999860E+00 -1.999885E+00 -3.053960E-01 -3.053960E-01
   161     6095.9545    7.78187982  9.933954E+08  1.758326E+09  9.710535E+29
        6.671707E+00  2.271152E+01  6.195756E+00  0.0000000000  0.000000E+00
        4.149885E+24 -9.999860E+00 -1.999885E+00 -3.053960E-01 -3.053960E-01
   162     6019.1573    7.78254150  9.926390E+08  1.834166E+09  9.216317E+29
        6.658582E+00  2.271166E+01  6.195861E+00  0.0000000000  0.000000E+00
        3.402644E+24 -9.999860E+00 -1.999885E+00 -3.053960E-01 -3.053960E-01
   163     5949.8346    7.78319111  9.918969E+08  1.913670E+09  8.785866E+29
        6.645128E+00  2.271180E+01  6.195954E+00  0.0000000000  0.000000E+00
        2.778618E+24 -9.999860E+00 -1.999885E+00 -3.053960E-01 -3.053960E-01
   164     5885.5843    7.78382242  9.911762E+08  1.997526E+09  8.400247E+29
        6.631192E+00  2.271192E+01  6.196038E+00  0.0000000000  0.000000E+00
        2.254821E+24 -9.999860E+00 -1.999885E+00 -3.053960E-01 -3.053960E-01
   165     5823.6743    7.78443088  9.904821E+08  2.086156E+09  8.041064E+29
        6.616675E+00  2.271203E+01  6.196118E+00  0.0000000000  0.000000E+00
        1.816490E+24 -9.999860E+00 -1.999885E+00 -3.053960E-01 -3.053960E-01
   166     5762.5910    7.78502252  9.898077E+08  2.179998E+09  7.698477E+29
        6.601488E+00  2.271215E+01  6.196202E+00  0.0000000000  0.000000E+00
        1.451282E+24 -9.999860E+00 -1.999885E+00 -3.053960E-01 -3.053960E-01
   167     5702.7006    7.78560250  9.891470E+08  2.278526E+09  7.373538E+29
        6.585701E+00  2.271229E+01  6.196298E+00  0.0000000000  0.000000E+00
        1.151142E+24 -9.999860E+00 -1.999885E+00 -3.053960E-01 -3.053960E-01
   168     5645.6663    7.78617947  9.884901E+08  2.381208E+09  7.073551E+29
        6.569370E+00  2.271245E+01  6.196412E+00  0.0000000000  0.000000E+00
        9.071293E+23 -9.999860E+00 -1.999885E+00 -3.053960E-01 -3.053960E-01
   169     5592.5306    7.78674593  9.878457E+08  2.486604E+09  6.802110E+29
        6.552680E+00  2.271262E+01  6.196534E+00  0.0000000000  0.000000E+00
        7.119802E+23 -9.999860E+00 -1.999885E+00 -3.053960E-01 -3.053960E-01
   170     5541.9774    7.78729008  9.872270E+08  2.593604E+09  6.551263E+29
        6.535763E+00  2.271278E+01  6.196656E+00  0.0000000000  0.000000E+00
        5.576402E+23 -9.999860E+00 -1.999885E+00 -3.053960E-01 -3.053960E-01
   171     5492.5510    7.78780574  9.866411E+08  2.701860E+09  6.313160E+29
        6.518644E+00  2.271294E+01  6.196772E+00  0.0000000000  0.000000E+00
        4.359838E+23 -9.999860E+00 -1.999885E+00 -3.053960E-01 -3.053960E-01
   172     5443.3817    7.78828758  9.860939E+08  2.810684E+09  6.083362E+29
        6.501410E+00  2.271308E+01  6.196876E+00  0.0000000000  0.000000E+00
        3.406907E+23 -9.999860E+00 -1.999885E+00 -3.053960E-01 -3.053960E-01
   173     5394.6027    7.78873924  9.855813E+08  2.919752E+09  5.862121E+29
        6.484110E+00  2.271321E+01  6.196971E+00  0.0000000000  0.000000E+00
        2.662296E+23 -9.999860E+00 -1.999885E+00 -3.053960E-01 -3.053960E-01
   174     5321.1971    7.78937154  9.848641E+08  3.089752E+09  5.541432E+29
        6.461643E+00  2.271342E+01  6.197151E+00  0.0057805561 -2.517748E-03
        1.827412E+23 -9.999860E+00 -1.999885E+00 -3.053960E-01 -3.053960E-01
   175     5256.8299    7.78987713  9.842910E+08  3.259752E+09  5.271991E+29
        6.443542E+00  2.271360E+01  6.197280E+00  0.0561290405 -2.508738E-02
        1.313283E+23 -9.999860E+00 -1.999885E+00 -3.053960E-01 -3.053960E-01
   176     5202.9902    7.79027711  9.838378E+08  3.429752E+09  5.054650E+29
        6.424122E+00  2.271379E+01  6.197407E+00  0.1180575749 -5.455977E-02
        9.909868E+22 -9.999860E+00 -1.999885E+00 -3.053960E-01 -3.053960E-01
   177     5151.8142    7.79061715  9.834527E+08  3.599752E+09  4.854894E+29
        6.405398E+00  2.271395E+01  6.197518E+00  0.1889993551 -9.097880E-02
        7.506033E+22 -9.999860E+00 -1.999885E+00 -3.053960E-01 -3.053960E-01
   178     5099.2582    7.79092692  9.831021E+08  3.769752E+09  4.656474E+29
        6.386715E+00  2.271410E+01  6.197622E+00  0.2599405418 -1.307334E-01
        5.677407E+22 -9.999860E+00 -1.999885E+00 -3.053960E-01 -3.053960E-01
   179     5042.6680    7.79121121  9.827803E+08  3.939752E+09  4.450271E+29
        6.368240E+00  2.271423E+01  6.197717E+00  0.3300673050 -1.739688E-01
        4.279371E+22 -9.999860E+00 -1.999885E+00 -3.053960E-01 -3.053960E-01
   180     4982.3430    7.79147202  9.824853E+08  4.109752E+09  4.238562E+29
        6.350029E+00  2.271436E+01  6.197807E+00  0.3949177663 -2.181856E-01
        3.238553E+22 -9.999860E+00 -1.999885E+00 -3.053960E-01 -3.053960E-01
   181     4918.4654    7.79171396  9.822117E+08  4.279752E+09  4.023098E+29
        6.331807E+00  2.271448E+01  6.197893E+00  0.4621657639 -2.693516E-01
        2.445143E+22 -9.999860E+00 -1.999885E+00 -3.053960E-01 -3.053960E-01
   182     4851.5963    7.79194306  9.819526E+08  4.449752E+09  3.806727E+29
        6.313329E+00  2.271460E+01  6.197977E+00  0.5252291573 -3.235160E-01
        1.833540E+22 -9.999860E+00 -1.999885E+00 -3.053960E-01 -3.053960E-01
   183     4782.1562    7.79216382  9.817031E+08  4.619752E+09  3.591595E+29
        6.294434E+00  2.271472E+01  6.198062E+00  0.5829602119 -3.798225E-01
        1.372370E+22 -9.999860E+00 -1.999885E+00 -3.053960E-01 -3.053960E-01
   184     4712.5117    7.79236768  9.814727E+08  4.789752E+09  3.385308E+29
        6.275671E+00  2.271483E+01  6.198138E+00  0.6346862285 -4.373340E-01
        1.029281E+22 -9.999860E+00 -1.999885E+00 -3.053960E-01 -3.053960E-01
   185     4642.1147    7.79256215  9.812530E+08  4.956950E+09  3.186086E+29
        6.256829E+00  2.271492E+01  6.198208E+00  0.6850716993 -5.017883E-01
        7.660627E+21 -9.999860E+00 -1.999885E+00 -3.053960E-01 -3.053960E-01
   186     4572.2638    7.79275534  9.810348E+08  5.119730E+09  2.997270E+29
        6.238103E+00  2.271503E+01  6.198276E+00  0.7287766990 -5.666730E-01
        5.605622E+21 -9.999860E+00 -1.999885E+00 -3.053960E-01 -3.053960E-01
   187     4506.8422    7.79294132  9.808247E+08  5.277350E+09  2.828162E+29
        6.220021E+00  2.271513E+01  6.198343E+00  0.7659526354 -6.306962E-01
        4.132325E+21 -9.999860E+00 -1.999885E+00 -3.053960E-01 -3.053960E-01
   188     4440.1879    7.79312527  9.806170E+08  5.434764E+09  2.663399E+29
        6.201486E+00  2.271523E+01  6.198405E+00  0.8012341207 -7.016582E-01
        2.985200E+21 -9.999860E+00 -1.999885E+00 -3.053960E-01 -3.053960E-01
   189     4376.0582    7.79328843  9.804328E+08  5.584560E+09  2.511887E+29
        6.183383E+00  2.271530E+01  6.198454E+00  0.8303099477 -7.703436E-01
        2.169158E+21 -9.999860E+00 -1.999885E+00 -3.053960E-01 -3.053960E-01
   190     4314.9823    7.79342522  9.802785E+08  5.728798E+09  2.373815E+29
        6.165864E+00  2.271534E+01  6.198483E+00  0.8537345527 -8.348583E-01
        1.598213E+21 -9.999860E+00 -1.999885E+00 -3.053960E-01 -3.053960E-01
   191     4250.5721    7.79355321  9.801340E+08  5.873688E+09  2.234562E+29
        6.147813E+00  2.271536E+01  6.198491E+00  0.8791341896 -9.176965E-01
        1.154961E+21 -9.999860E+00 -1.999885E+00 -3.053960E-01 -3.053960E-01
   192     4189.0977    7.79366424  9.800087E+08  6.012782E+09  2.107530E+29
        6.130383E+00  2.271536E+01  6.198491E+00  0.8958969048 -9.825364E-01
        8.507414E+20 -9.999860E+00 -1.999885E+00 -3.053960E-01 -3.053960E-01
   193     4124.2137    7.79378185  9.798760E+08  6.153504E+09  1.979424E+29
        6.112394E+00  2.271537E+01  6.198501E+00  0.9143755265 -1.067402E+00
        6.185700E+20 -9.999860E+00 -1.999885E+00 -3.053960E-01 -3.053960E-01
   194     4065.1811    7.79389451  9.797490E+08  6.289268E+09  1.868019E+29
        6.095198E+00  2.271542E+01  6.198531E+00  0.9283225393 -1.144617E+00
        4.590925E+20 -9.999860E+00 -1.999885E+00 -3.053960E-01 -3.053960E-01
   195     4002.4829    7.79401657  9.796113E+08  6.431302E+09  1.754921E+29
        6.077198E+00  2.271549E+01  6.198592E+00  0.9408697219 -1.228190E+00
        3.352688E+20 -9.999860E+00 -1.999885E+00 -3.053960E-01 -3.053960E-01
   196     3938.8973    7.79413790  9.794745E+08  6.571032E+09  1.645572E+29
        6.059270E+00  2.271558E+01  6.198669E+00  0.9519420959 -1.318235E+00
        2.442922E+20 -9.999860E+00 -1.999885E+00 -3.053960E-01 -3.053960E-01
   197     3877.8447    7.79424861  9.793496E+08  6.707140E+09  1.545500E+29
        6.041707E+00  2.271567E+01  6.198740E+00  0.9596877474 -1.394563E+00
        1.809876E+20 -9.999860E+00 -1.999885E+00 -3.053960E-01 -3.053960E-01
   198     3815.0344    7.79435152  9.792336E+08  6.845376E+09  1.447433E+29
        6.023795E+00  2.271573E+01  6.198791E+00  0.9679165201 -1.493719E+00
        1.331877E+20 -9.999860E+00 -1.999885E+00 -3.053960E-01 -3.053960E-01
   199     3751.1051    7.79444995  9.791226E+08  6.984826E+09  1.352518E+29
        6.005677E+00  2.271578E+01  6.198827E+00  0.9745240151 -1.593869E+00
        9.776815E+19 -9.999860E+00 -1.999885E+00 -3.053960E-01 -3.053960E-01
   200     3685.8835    7.79455112  9.790086E+08  7.126102E+09  1.260583E+29
        5.987330E+00  2.271585E+01  6.198871E+00  0.9797707155 -1.694019E+00
        7.190273E+19 -9.999860E+00 -1.999885E+00 -3.053960E-01 -3.053960E-01
   201     3619.2554    7.79465138  9.788956E+08  7.270666E+09  1.171606E+29
        5.968617E+00  2.271592E+01  6.198917E+00  0.9846608956 -1.814200E+00
        5.264336E+19 -9.999860E+00 -1.999885E+00 -3.053960E-01 -3.053960E-01
   202     3550.3130    7.79474132  9.787943E+08  7.418834E+09  1.084629E+29
        5.949503E+00  2.271597E+01  6.198953E+00  0.9866429742 -1.874290E+00
        3.835621E+19 -9.999860E+00 -1.999885E+00 -3.053960E-01 -3.053960E-01
   203     3478.9040    7.79481569  9.787104E+08  7.569826E+09  9.997932E+28
        5.930057E+00  2.271600E+01  6.198971E+00  0.9878199348 -1.914350E+00
        2.794690E+19 -9.999860E+00 -1.999885E+00 -3.053960E-01 -3.053960E-01
   204     3410.2413    7.79487322  9.786456E+08  7.722416E+09  9.230460E+28
        5.910607E+00  2.271600E+01  6.198972E+00  0.9878199348 -1.914350E+00
        2.041590E+19 -9.999860E+00 -1.999885E+00 -3.053960E-01 -3.053960E-01
   205     3338.5717    7.79492684  9.785852E+08  7.883430E+09  8.477584E+28
        5.890343E+00  2.271599E+01  6.198968E+00  0.9883689334 -1.934380E+00
        1.473537E+19 -9.999860E+00 -1.999885E+00 -3.053960E-01 -3.053960E-01
   206     3267.2891    7.79498053  9.785247E+08  8.048950E+09  7.775456E+28
        5.869843E+00  2.271600E+01  6.198970E+00  0.9883689334 -1.934380E+00
        1.064294E+19 -9.999860E+00 -1.999885E+00 -3.053960E-01 -3.053960E-01
   207     3196.0141    7.79503999  9.784577E+08  8.221310E+09  7.117884E+28
        5.848928E+00  2.271602E+01  6.198986E+00  0.9883689334 -1.934380E+00
        7.643080E+18 -9.999860E+00 -1.999885E+00 -3.053960E-01 -3.053960E-01
   208     3121.6895    7.79510012  9.783900E+08  8.401862E+09  6.477610E+28
        5.827390E+00  2.271605E+01  6.199002E+00  0.9883689334 -1.934380E+00
        5.436127E+18 -9.999860E+00 -1.999885E+00 -3.053960E-01 -3.053960E-01
   209     3048.7016    7.79515650  9.783265E+08  8.585842E+09  5.891953E+28
        5.805835E+00  2.271607E+01  6.199015E+00  0.9883689334 -1.934380E+00
        3.868412E+18 -9.999860E+00 -1.999885E+00 -3.053960E-01 -3.053960E-01
   210     2975.5349    7.79520890  9.782675E+08  8.776288E+09  5.345735E+28
        5.783931E+00  2.271609E+01  6.199028E+00  0.9888931867 -1.954411E+00
        2.735357E+18 -9.999860E+00 -1.999885E+00 -3.053960E-01 -3.053960E-01
   211     2902.7512    7.79525491  9.782157E+08  8.972142E+09  4.841060E+28
        5.761820E+00  2.271610E+01  6.199037E+00  0.9888931867 -1.954411E+00
        1.931954E+18 -9.999860E+00 -1.999885E+00 -3.053960E-01 -3.053960E-01
   212     2830.5345    7.79529692  9.781684E+08  9.173140E+09  4.376561E+28
        5.739549E+00  2.271611E+01  6.199041E+00  0.9888931867 -1.954411E+00
        1.359794E+18 -9.999860E+00 -1.999885E+00 -3.053960E-01 -3.053960E-01
   213     2760.1853    7.79533803  9.781221E+08  9.379120E+09  3.957046E+28
        5.717236E+00  2.271611E+01  6.199044E+00  0.9888931867 -1.954411E+00
        9.579045E+17 -9.999860E+00 -1.999885E+00 -3.053960E-01 -3.053960E-01
   214     2688.2396    7.79538208  9.780725E+08  9.592232E+09  3.559967E+28
        5.694483E+00  2.271612E+01  6.199052E+00  0.9888931867 -1.954411E+00
        6.704756E+17 -9.999860E+00 -1.999885E+00 -3.053960E-01 -3.053960E-01
   215     2618.9653    7.79542324  9.780261E+08  9.806444E+09  3.206652E+28
        5.671971E+00  2.271613E+01  6.199058E+00  0.9888931867 -1.954411E+00
        4.709463E+17 -9.999860E+00 -1.999885E+00 -3.053960E-01 -3.053960E-01
   216     2550.6952    7.79546196  9.779825E+08  1.002558E+10  2.884885E+28
        5.649311E+00  2.271614E+01  6.199062E+00  0.9888931867 -1.954411E+00
        3.294150E+17 -9.999860E+00 -1.999885E+00 -3.053960E-01 -3.053960E-01
   217     2483.7244    7.79549962  9.779401E+08  1.024846E+10  2.593404E+28
        5.626609E+00  2.271615E+01  6.199067E+00  0.9893938100 -1.974441E+00
        2.301531E+17 -9.999860E+00 -1.999885E+00 -3.053960E-01 -3.053960E-01
   218     2418.1222    7.79553666  9.778984E+08  1.047472E+10  2.329874E+28
        5.603871E+00  2.271616E+01  6.199073E+00  0.9893938100 -1.974441E+00
        1.604435E+17 -9.999860E+00 -1.999885E+00 -3.053960E-01 -3.053960E-01
   219     2354.0263    7.79557108  9.778597E+08  1.070386E+10  2.092331E+28
        5.581145E+00  2.271616E+01  6.199075E+00  0.9893938100 -1.974441E+00
        1.117642E+17 -9.999860E+00 -1.999885E+00 -3.053960E-01 -3.053960E-01
   220     2292.7793    7.79560207  9.778248E+08  1.093551E+10  1.882795E+28
        5.558624E+00  2.271616E+01  6.199076E+00  0.9893938100 -1.974441E+00
        7.803418E+16 -9.999860E+00 -1.999885E+00 -3.053960E-01 -3.053960E-01
   221     2230.2447    7.79563224  9.777908E+08  1.117290E+10  1.685520E+28
        5.535621E+00  2.271617E+01  6.199079E+00  0.9893938100 -1.974441E+00
        5.396112E+16 -9.999860E+00 -1.999885E+00 -3.053960E-01 -3.053960E-01
   222     2171.0266    7.79565886  9.777608E+08  1.140705E+10  1.513414E+28
        5.513091E+00  2.271617E+01  6.199080E+00  0.9893938100 -1.974441E+00
        3.756098E+16 -9.999860E+00 -1.999885E+00 -3.053960E-01 -3.053960E-01
   223     2113.2359    7.79568342  9.777332E+08  1.164329E+10  1.358516E+28
        5.490535E+00  2.271617E+01  6.199080E+00  0.9893938100 -1.974441E+00
        2.609520E+16 -9.999860E+00 -1.999885E+00 -3.053960E-01 -3.053960E-01
   224     2057.0545    7.79570853  9.777049E+08  1.188050E+10  1.219638E+28
        5.468020E+00  2.271617E+01  6.199080E+00  0.9898718684 -1.994471E+00
        1.812080E+16 -9.999860E+00 -1.999885E+00 -3.053960E-01 -3.053960E-01
   225     2002.4794    7.79573428  9.776759E+08  1.211809E+10  1.095202E+28
        5.445546E+00  2.271617E+01  6.199083E+00  0.9898718684 -1.994471E+00
        1.257570E+16 -9.999860E+00 -1.999885E+00 -3.053960E-01 -3.053960E-01
   226     1949.5333    7.79575908  9.776480E+08  1.235558E+10  9.838291E+27
        5.423150E+00  2.271617E+01  6.199085E+00  0.9898718684 -1.994471E+00
        8.723751E+15 -9.999860E+00 -1.999885E+00 -3.053960E-01 -3.053960E-01
   227     1898.2120    7.79578295  9.776212E+08  1.259279E+10  8.842031E+27
        5.400815E+00  2.271618E+01  6.199086E+00  0.9898718684 -1.994471E+00
        6.049988E+15 -9.999860E+00 -1.999885E+00 -3.053960E-01 -3.053960E-01
   228     1849.9298    7.79580497  9.775964E+08  1.282942E+10  7.975762E+27
        5.378886E+00  2.271618E+01  6.199088E+00  0.9898718684 -1.994471E+00
        4.221213E+15 -9.999860E+00 -1.999885E+00 -3.053960E-01 -3.053960E-01
   229     1799.8300    7.79582467  9.775742E+08  1.307093E+10  7.145908E+27
        5.356103E+00  2.271618E+01  6.199088E+00  0.9898718684 -1.994471E+00
        2.895320E+15 -9.999860E+00 -1.999885E+00 -3.053960E-01 -3.053960E-01
   230     1753.2231    7.79584101  9.775558E+08  1.330341E+10  6.433745E+27
        5.334043E+00  2.271618E+01  6.199087E+00  0.9898718684 -1.994471E+00
        2.008105E+15 -9.999860E+00 -1.999885E+00 -3.053960E-01 -3.053960E-01
   231     1707.9589    7.79585784  9.775369E+08  1.353509E+10  5.794392E+27
        5.311934E+00  2.271618E+01  6.199087E+00  0.9903283790 -2.014501E+00
        1.389693E+15 -9.999860E+00 -1.999885E+00 -3.053960E-01 -3.053960E-01
   232     1664.0171    7.79587563  9.775168E+08  1.376476E+10  5.220494E+27
        5.289823E+00  2.271618E+01  6.199088E+00  0.9903283790 -2.014501E+00
        9.600368E+14 -9.999860E+00 -1.999885E+00 -3.053960E-01 -3.053960E-01
   233     1621.5125    7.79589232  9.774981E+08  1.399148E+10  4.707008E+27
        5.267807E+00  2.271618E+01  6.199088E+00  0.9903283790 -2.014501E+00
        6.633435E+14 -9.999860E+00 -1.999885E+00 -3.053960E-01 -3.053960E-01
   234     1582.2519    7.79590767  9.774808E+08  1.421513E+10  4.267278E+27
        5.246549E+00  2.271618E+01  6.199088E+00  0.9903283790 -2.014501E+00
        4.638239E+14 -9.999860E+00 -1.999885E+00 -3.053960E-01 -3.053960E-01
   235     1540.3103    7.79592441  9.774620E+08  1.444470E+10  3.832345E+27
        5.223854E+00  2.271618E+01  6.199089E+00  0.9903283790 -2.014501E+00
        3.155391E+14 -9.999860E+00 -1.999885E+00 -3.053960E-01 -3.053960E-01
   236     1501.8619    7.79594009  9.774443E+08  1.466043E+10  3.463666E+27
        5.202138E+00  2.271618E+01  6.199089E+00  0.9903283790 -2.014501E+00
        2.180433E+14 -9.999860E+00 -1.999885E+00 -3.053960E-01 -3.053960E-01
   237     1464.6535    7.79595558  9.774269E+08  1.487279E+10  3.132854E+27
        5.180469E+00  2.271618E+01  6.199089E+00  0.9907643130 -2.034531E+00
        1.505215E+14 -9.999860E+00 -1.999885E+00 -3.053960E-01 -3.053960E-01
