============================================================================
  #Mod      Teff         Log(g)           R            Age            L
           Log(Tc)       Log(Pc)      Log(rhoc)       Mx/M         Log(qx)
             Lnu        Log(H/*)      Log(He/*)     Log(C/*)      Log(O/*)
============================================================================
     1    44371.8024    7.27638087  1.567832E+09  0.000000E+00  6.789833E+33
        7.785716E+00  2.212589E+01  5.815134E+00  0.0000000000  0.000000E+00
        5.998912E+32 -9.999860E+00 -1.999885E+00 -3.053960E-01 -3.053960E-01
     2    36937.9648    7.30716608  1.513236E+09  1.500000E+05  3.037648E+33
        7.783845E+00  2.212778E+01  5.816382E+00  0.0000000000  0.000000E+00
        5.978415E+32 -9.999860E+00 -1.999885E+00 -3.053960E-01 -3.053960E-01
     3    34314.5496    7.32009659  1.490876E+09  3.000000E+05  2.195979E+33
        7.782030E+00  2.212929E+01  5.817387E+00  0.0000000000  0.000000E+00
        5.941365E+32 -9.999860E+00 -1.999885E+00 -3.053960E-01 -3.053960E-01
     4    32855.5679    7.32812642  1.477157E+09  4.500000E+05  1.811845E+33
        7.780277E+00  2.213062E+01  5.818271E+00  0.0000000000  0.000000E+00
        5.897399E+32 -9.999860E+00 -1.999885E+00 -3.053960E-01 -3.053960E-01
     5    31865.3426    7.33400097  1.467200E+09  6.000000E+05  1.581558E+33
        7.778582E+00  2.213183E+01  5.819081E+00  0.0000000000  0.000000E+00
        5.849611E+32 -9.999860E+00 -1.999885E+00 -3.053960E-01 -3.053960E-01
     6    31120.6214    7.33867453  1.459327E+09  7.500000E+05  1.423410E+33
        7.776941E+00  2.213296E+01  5.819840E+00  0.0000000000  0.000000E+00
        5.799459E+32 -9.999860E+00 -1.999885E+00 -3.053960E-01 -3.053960E-01
     7    30294.0387    7.34418819  1.450093E+09  9.750000E+05  1.261979E+33
        7.774588E+00  2.213453E+01  5.820896E+00  0.0000000000  0.000000E+00
        5.721147E+32 -9.999860E+00 -1.999885E+00 -3.053960E-01 -3.053960E-01
     8    29426.2895    7.35035929  1.439827E+09  1.297059E+06  1.107629E+33
        7.771417E+00  2.213661E+01  5.822291E+00  0.0000000000  0.000000E+00
        5.605812E+32 -9.999860E+00 -1.999885E+00 -3.053960E-01 -3.053960E-01
     9    28588.6896    7.35668347  1.429381E+09  1.713660E+06  9.725349E+32
        7.767597E+00  2.213908E+01  5.823952E+00  0.0000000000  0.000000E+00
        5.454573E+32 -9.999860E+00 -1.999885E+00 -3.053960E-01 -3.053960E-01
    10    27788.0913    7.36309866  1.418863E+09  2.240287E+06  8.553579E+32
        7.763138E+00  2.214196E+01  5.825880E+00  0.0000000000  0.000000E+00
        5.263672E+32 -9.999860E+00 -1.999885E+00 -3.053960E-01 -3.053960E-01
    11    27027.1952    7.36957650  1.408321E+09  2.894305E+06  7.541176E+32
        7.758041E+00  2.214523E+01  5.828075E+00  0.0000000000  0.000000E+00
        5.030680E+32 -9.999860E+00 -1.999885E+00 -3.053960E-01 -3.053960E-01
    12    26302.5390    7.37610281  1.397779E+09  3.693173E+06  6.663456E+32
        7.752289E+00  2.214890E+01  5.830528E+00  0.0000000000  0.000000E+00
        4.755915E+32 -9.999860E+00 -1.999885E+00 -3.053960E-01 -3.053960E-01
    13    25611.0095    7.38264729  1.387287E+09  4.647890E+06  5.900260E+32
        7.745870E+00  2.215289E+01  5.833203E+00  0.0000000000  0.000000E+00
        4.444967E+32 -9.999860E+00 -1.999885E+00 -3.053960E-01 -3.053960E-01
    14    24948.9407    7.38914590  1.376946E+09  5.760510E+06  5.234488E+32
        7.738787E+00  2.215713E+01  5.836041E+00  0.0000000000  0.000000E+00
        4.108485E+32 -9.999860E+00 -1.999885E+00 -3.053960E-01 -3.053960E-01
    15    24319.8124    7.39550199  1.366907E+09  7.023260E+06  4.657475E+32
        7.731079E+00  2.216148E+01  5.838961E+00  0.0000000000  0.000000E+00
        3.760364E+32 -9.999860E+00 -1.999885E+00 -3.053960E-01 -3.053960E-01
    16    23719.5580    7.40167554  1.357226E+09  8.431901E+06  4.154918E+32
        7.722775E+00  2.216587E+01  5.841905E+00  0.0000000000  0.000000E+00
        3.412188E+32 -9.999860E+00 -1.999885E+00 -3.053960E-01 -3.053960E-01
    17    23149.2579    7.40761658  1.347974E+09  9.977360E+06  3.718291E+32
        7.713957E+00  2.217019E+01  5.844815E+00  0.0000000000  0.000000E+00
        3.074524E+32 -9.999860E+00 -1.999885E+00 -3.053960E-01 -3.053960E-01
    18    22605.7063    7.41331863  1.339154E+09  1.165789E+07  3.337070E+32
        7.704690E+00  2.217441E+01  5.847660E+00  0.0000000000  0.000000E+00
        2.753762E+32 -9.999860E+00 -1.999885E+00 -3.053960E-01 -3.053960E-01
    19    22085.6531    7.41877759  1.330764E+09  1.347168E+07  3.002445E+32
        7.695055E+00  2.217848E+01  5.850415E+00  0.0000000000  0.000000E+00
        2.454217E+32 -9.999860E+00 -1.999885E+00 -3.053960E-01 -3.053960E-01
    20    21587.4926    7.42398809  1.322805E+09  1.541684E+07  2.707898E+32
        7.685138E+00  2.218238E+01  5.853062E+00  0.0000000000  0.000000E+00
        2.178359E+32 -9.999860E+00 -1.999885E+00 -3.053960E-01 -3.053960E-01
    21    21113.1775    7.42895496  1.315262E+09  1.749549E+07  2.449464E+32
        7.675006E+00  2.218611E+01  5.855598E+00  0.0000000000  0.000000E+00
        1.926957E+32 -9.999860E+00 -1.999885E+00 -3.053960E-01 -3.053960E-01
    22    20656.6245    7.43371893  1.308068E+09  1.972255E+07  2.219883E+32
        7.664661E+00  2.218969E+01  5.858034E+00  0.0000000000  0.000000E+00
        1.698597E+32 -9.999860E+00 -1.999885E+00 -3.053960E-01 -3.053960E-01
    23    20218.8458    7.43827691  1.301222E+09  2.209997E+07  2.016323E+32
        7.654162E+00  2.219311E+01  5.860364E+00  0.0000000000  0.000000E+00
        1.492869E+32 -9.999860E+00 -1.999885E+00 -3.053960E-01 -3.053960E-01
    24    19799.7035    7.44264549  1.294694E+09  2.463988E+07  1.835697E+32
        7.643516E+00  2.219638E+01  5.862596E+00  0.0000000000  0.000000E+00
        1.308106E+32 -9.999860E+00 -1.999885E+00 -3.053960E-01 -3.053960E-01
    25    19393.9161    7.44685051  1.288441E+09  2.735800E+07  1.673490E+32
        7.632713E+00  2.219952E+01  5.864736E+00  0.0000000000  0.000000E+00
        1.142473E+32 -9.999860E+00 -1.999885E+00 -3.053960E-01 -3.053960E-01
    26    19003.0449    7.45087815  1.282480E+09  3.025354E+07  1.528362E+32
        7.621801E+00  2.220250E+01  5.866777E+00  0.0000000000  0.000000E+00
        9.950574E+31 -9.999860E+00 -1.999885E+00 -3.053960E-01 -3.053960E-01
    27    18626.5322    7.45473792  1.276794E+09  3.333891E+07  1.398305E+32
        7.610776E+00  2.220534E+01  5.868727E+00  0.0000000000  0.000000E+00
        8.641600E+31 -9.999860E+00 -1.999885E+00 -3.053960E-01 -3.053960E-01
    28    18262.5652    7.45844049  1.271363E+09  3.662732E+07  1.281204E+32
        7.599636E+00  2.220806E+01  5.870592E+00  0.0000000000  0.000000E+00
        7.482713E+31 -9.999860E+00 -1.999885E+00 -3.053960E-01 -3.053960E-01
    29    17911.2722    7.46198781  1.266181E+09  4.012797E+07  1.175790E+32
        7.588391E+00  2.221065E+01  5.872376E+00  0.0000000000  0.000000E+00
        6.460599E+31 -9.999860E+00 -1.999885E+00 -3.053960E-01 -3.053960E-01
    30    17571.7703    7.46538854  1.261234E+09  4.385552E+07  1.080650E+32
        7.577034E+00  2.221313E+01  5.874082E+00  0.0000000000  0.000000E+00
        5.561087E+31 -9.999860E+00 -1.999885E+00 -3.053960E-01 -3.053960E-01
    31    17243.4532    7.46864868  1.256509E+09  4.782228E+07  9.946263E+31
        7.565563E+00  2.221550E+01  5.875715E+00  0.0000000000  0.000000E+00
        4.771799E+31 -9.999860E+00 -1.999885E+00 -3.053960E-01 -3.053960E-01
    32    16925.7133    7.47177479  1.251995E+09  5.204004E+07  9.166948E+31
        7.553977E+00  2.221777E+01  5.877278E+00  0.0000000000  0.000000E+00
        4.081369E+31 -9.999860E+00 -1.999885E+00 -3.053960E-01 -3.053960E-01
    33    16618.0556    7.47477176  1.247682E+09  5.652013E+07  8.459812E+31
        7.542273E+00  2.221993E+01  5.878774E+00  0.0000000000  0.000000E+00
        3.479328E+31 -9.999860E+00 -1.999885E+00 -3.053960E-01 -3.053960E-01
    34    16319.7256    7.47764125  1.243567E+09  6.127338E+07  7.816671E+31
        7.530452E+00  2.222198E+01  5.880198E+00  0.0000000000  0.000000E+00
        2.956149E+31 -9.999860E+00 -1.999885E+00 -3.053960E-01 -3.053960E-01
    35    16030.4082    7.48038855  1.239640E+09  6.630703E+07  7.231051E+31
        7.518531E+00  2.222394E+01  5.881555E+00  0.0000000000  0.000000E+00
        2.503573E+31 -9.999860E+00 -1.999885E+00 -3.053960E-01 -3.053960E-01
    36    15749.6158    7.48302234  1.235887E+09  7.163089E+07  6.696828E+31
        7.506519E+00  2.222580E+01  5.882851E+00  0.0000000000  0.000000E+00
        2.113551E+31 -9.999860E+00 -1.999885E+00 -3.053960E-01 -3.053960E-01
    37    15476.9276    7.48555094  1.232294E+09  7.725413E+07  6.208686E+31
        7.494424E+00  2.222758E+01  5.884093E+00  0.0000000000  0.000000E+00
        1.778658E+31 -9.999860E+00 -1.999885E+00 -3.053960E-01 -3.053960E-01
    38    15211.9475    7.48798273  1.228849E+09  8.318471E+07  5.761933E+31
        7.482255E+00  2.222929E+01  5.885287E+00  0.0000000000  0.000000E+00
        1.492149E+31 -9.999860E+00 -1.999885E+00 -3.053960E-01 -3.053960E-01
    39    14954.0197    7.49032557  1.225539E+09  8.942928E+07  5.352022E+31
        7.470020E+00  2.223094E+01  5.886440E+00  0.0000000000  0.000000E+00
        1.247934E+31 -9.999860E+00 -1.999885E+00 -3.053960E-01 -3.053960E-01
    40    14703.2573    7.49258065  1.222361E+09  9.599053E+07  4.976056E+31
        7.457730E+00  2.223254E+01  5.887552E+00  0.0000000000  0.000000E+00
        1.040595E+31 -9.999860E+00 -1.999885E+00 -3.053960E-01 -3.053960E-01
    41    14458.8347    7.49474873  1.219314E+09  1.028739E+08  4.630161E+31
        7.445394E+00  2.223406E+01  5.888615E+00  0.0000000000  0.000000E+00
        8.651510E+30 -9.999860E+00 -1.999885E+00 -3.053960E-01 -3.053960E-01
    42    14220.5405    7.49682924  1.216397E+09  1.100728E+08  4.311683E+31
        7.433041E+00  2.223552E+01  5.889630E+00  0.0000000000  0.000000E+00
        7.174177E+30 -9.999860E+00 -1.999885E+00 -3.053960E-01 -3.053960E-01
    43    13988.2033    7.49882280  1.213608E+09  1.175811E+08  4.018247E+31
        7.420695E+00  2.223690E+01  5.890597E+00  0.0000000000  0.000000E+00
        5.935292E+30 -9.999860E+00 -1.999885E+00 -3.053960E-01 -3.053960E-01
    44    13761.7981    7.50072998  1.210946E+09  1.253915E+08  3.747852E+31
        7.408377E+00  2.223823E+01  5.891519E+00  0.0000000000  0.000000E+00
        4.900206E+30 -9.999860E+00 -1.999885E+00 -3.053960E-01 -3.053960E-01
    45    13540.5428    7.50255367  1.208406E+09  1.334962E+08  3.497859E+31
        7.396101E+00  2.223948E+01  5.892398E+00  0.0000000000  0.000000E+00
        4.038269E+30 -9.999860E+00 -1.999885E+00 -3.053960E-01 -3.053960E-01
    46    13325.5051    7.50429288  1.205989E+09  1.418746E+08  3.267785E+31
        7.383902E+00  2.224068E+01  5.893238E+00  0.0000000000  0.000000E+00
        3.323701E+30 -9.999860E+00 -1.999885E+00 -3.053960E-01 -3.053960E-01
    47    13115.7862    7.50595943  1.203677E+09  1.505314E+08  3.055129E+31
        7.371780E+00  2.224184E+01  5.894048E+00  0.0000000000  0.000000E+00
        2.732150E+30 -9.999860E+00 -1.999885E+00 -3.053960E-01 -3.053960E-01
    48    12911.6774    7.50755711  1.201465E+09  1.594517E+08  2.858809E+31
        7.359760E+00  2.224295E+01  5.894829E+00  0.0000000000  0.000000E+00
        2.243976E+30 -9.999860E+00 -1.999885E+00 -3.053960E-01 -3.053960E-01
    49    12712.5612    7.50909458  1.199341E+09  1.686329E+08  2.677006E+31
        7.347847E+00  2.224401E+01  5.895579E+00  0.0000000000  0.000000E+00
        1.841656E+30 -9.999860E+00 -1.999885E+00 -3.053960E-01 -3.053960E-01
    50    12519.0341    7.51057627  1.197296E+09  1.780564E+08  2.509104E+31
        7.336063E+00  2.224503E+01  5.896297E+00  0.0000000000  0.000000E+00
        1.510947E+30 -9.999860E+00 -1.999885E+00 -3.053960E-01 -3.053960E-01
    51    12331.2232    7.51200895  1.195323E+09  1.877095E+08  2.354113E+31
        7.324418E+00  2.224600E+01  5.896980E+00  0.0000000000  0.000000E+00
        1.239507E+30 -9.999860E+00 -1.999885E+00 -3.053960E-01 -3.053960E-01
    52    12149.9607    7.51339331  1.193420E+09  1.975418E+08  2.211657E+31
        7.312964E+00  2.224691E+01  5.897624E+00  0.0000000000  0.000000E+00
        1.017698E+30 -9.999860E+00 -1.999885E+00 -3.053960E-01 -3.053960E-01
    53    11976.8267    7.51472404  1.191593E+09  2.074386E+08  2.081875E+31
        7.301813E+00  2.224776E+01  5.898225E+00  0.0000000000  0.000000E+00
        8.380740E+29 -9.999860E+00 -1.999885E+00 -3.053960E-01 -3.053960E-01
    54    11815.2747    7.51598342  1.189866E+09  2.171399E+08  1.966091E+31
        7.291224E+00  2.224854E+01  5.898774E+00  0.0000000000  0.000000E+00
        6.954896E+29 -9.999860E+00 -1.999885E+00 -3.053960E-01 -3.053960E-01
    55    11687.1004    7.51701099  1.188459E+09  2.251588E+08  1.877707E+31
        7.282693E+00  2.224915E+01  5.899204E+00  0.0000000000  0.000000E+00
        5.975602E+29 -9.999860E+00 -1.999885E+00 -3.053960E-01 -3.053960E-01
    56    11586.6695    7.51784466  1.187319E+09  2.316538E+08  1.810512E+31
        7.275920E+00  2.224962E+01  5.899538E+00  0.0000000000  0.000000E+00
        5.292391E+29 -9.999860E+00 -1.999885E+00 -3.053960E-01 -3.053960E-01
    57    11496.3057    7.51860771  1.186277E+09  2.376636E+08  1.751609E+31
        7.269768E+00  2.225005E+01  5.899837E+00  0.0000000000  0.000000E+00
        4.736210E+29 -9.999860E+00 -1.999885E+00 -3.053960E-01 -3.053960E-01
    58    11411.2692    7.51933862  1.185279E+09  2.434724E+08  1.697496E+31
        7.263924E+00  2.225044E+01  5.900115E+00  0.0000000000  0.000000E+00
        4.259361E+29 -9.999860E+00 -1.999885E+00 -3.053960E-01 -3.053960E-01
    59    11331.3558    7.52003842  1.184324E+09  2.490651E+08  1.647786E+31
        7.258389E+00  2.225081E+01  5.900374E+00  0.0000000000  0.000000E+00
        3.849841E+29 -9.999860E+00 -1.999885E+00 -3.053960E-01 -3.053960E-01
    60    11256.5696    7.52070442  1.183417E+09  2.544220E+08  1.602254E+31
        7.253168E+00  2.225115E+01  5.900615E+00  0.0000000000  0.000000E+00
        3.497937E+29 -9.999860E+00 -1.999885E+00 -3.053960E-01 -3.053960E-01
    61    11185.4790    7.52134598  1.182543E+09  2.596264E+08  1.559854E+31
        7.248169E+00  2.225147E+01  5.900842E+00  0.0000000000  0.000000E+00
        3.189728E+29 -9.999860E+00 -1.999885E+00 -3.053960E-01 -3.053960E-01
    62    11116.7156    7.52197383  1.181688E+09  2.647728E+08  1.519651E+31
        7.243297E+00  2.225178E+01  5.901060E+00  0.0000000000  0.000000E+00
        2.914162E+29 -9.999860E+00 -1.999885E+00 -3.053960E-01 -3.053960E-01
    63    11049.2477    7.52259674  1.180841E+09  2.699208E+08  1.480968E+31
        7.238491E+00  2.225208E+01  5.901273E+00  0.0000000000  0.000000E+00
        2.664568E+29 -9.999860E+00 -1.999885E+00 -3.053960E-01 -3.053960E-01
    64    10983.0938    7.52321321  1.180003E+09  2.750688E+08  1.443767E+31
        7.233751E+00  2.225237E+01  5.901479E+00  0.0000000000  0.000000E+00
        2.438359E+29 -9.999860E+00 -1.999885E+00 -3.053960E-01 -3.053960E-01
    65    10917.7019    7.52382481  1.179173E+09  2.802619E+08  1.407705E+31
        7.229035E+00  2.225265E+01  5.901681E+00  0.0000000000  0.000000E+00
        2.231451E+29 -9.999860E+00 -1.999885E+00 -3.053960E-01 -3.053960E-01
    66    10851.7531    7.52444204  1.178335E+09  2.855982E+08  1.372048E+31
        7.224255E+00  2.225294E+01  5.901883E+00  0.0000000000  0.000000E+00
        2.038865E+29 -9.999860E+00 -1.999885E+00 -3.053960E-01 -3.053960E-01
    67    10785.1114    7.52506887  1.177485E+09  2.911021E+08  1.336723E+31
        7.219393E+00  2.225323E+01  5.902085E+00  0.0000000000  0.000000E+00
        1.859288E+29 -9.999860E+00 -1.999885E+00 -3.053960E-01 -3.053960E-01
    68    10718.4903    7.52570114  1.176628E+09  2.967137E+08  1.302102E+31
        7.214505E+00  2.225351E+01  5.902284E+00  0.0000000000  0.000000E+00
        1.694012E+29 -9.999860E+00 -1.999885E+00 -3.053960E-01 -3.053960E-01
    69    10652.7400    7.52633032  1.175776E+09  3.023667E+08  1.268606E+31
        7.209650E+00  2.225378E+01  5.902477E+00  0.0000000000  0.000000E+00
        1.543767E+29 -9.999860E+00 -1.999885E+00 -3.053960E-01 -3.053960E-01
    70    10587.4026    7.52695658  1.174929E+09  3.080967E+08  1.235984E+31
        7.204798E+00  2.225405E+01  5.902666E+00  0.0000000000  0.000000E+00
        1.406367E+29 -9.999860E+00 -1.999885E+00 -3.053960E-01 -3.053960E-01
    71    10521.3182    7.52758699  1.174076E+09  3.140071E+08  1.203664E+31
        7.199864E+00  2.225432E+01  5.902855E+00  0.0000000000  0.000000E+00
        1.278679E+29 -9.999860E+00 -1.999885E+00 -3.053960E-01 -3.053960E-01
    72    10453.5346    7.52822976  1.173208E+09  3.201934E+08  1.171209E+31
        7.194776E+00  2.225459E+01  5.903046E+00  0.0000000000  0.000000E+00
        1.158644E+29 -9.999860E+00 -1.999885E+00 -3.053960E-01 -3.053960E-01
    73    10383.9714    7.52889197  1.172314E+09  3.266817E+08  1.138606E+31
        7.189522E+00  2.225486E+01  5.903240E+00  0.0000000000  0.000000E+00
        1.046021E+29 -9.999860E+00 -1.999885E+00 -3.053960E-01 -3.053960E-01
    74    10314.1959    7.52958393  1.171380E+09  3.333468E+08  1.106545E+31
        7.184207E+00  2.225514E+01  5.903433E+00  0.0000000000  0.000000E+00
        9.428212E+28 -9.999860E+00 -1.999885E+00 -3.053960E-01 -3.053960E-01
    75    10247.6379    7.53025546  1.170475E+09  3.398468E+08  1.076592E+31
        7.179101E+00  2.225540E+01  5.903616E+00  0.0000000000  0.000000E+00
        8.529141E+28 -9.999860E+00 -1.999885E+00 -3.053960E-01 -3.053960E-01
    76    10182.8725    7.53090661  1.169598E+09  3.463019E+08  1.048060E+31
        7.174104E+00  2.225565E+01  5.903794E+00  0.0000000000  0.000000E+00
        7.729283E+28 -9.999860E+00 -1.999885E+00 -3.053960E-01 -3.053960E-01
    77    10118.2638    7.53155496  1.168725E+09  3.528743E+08  1.020189E+31
        7.169090E+00  2.225590E+01  5.903970E+00  0.0000000000  0.000000E+00
        6.999467E+28 -9.999860E+00 -1.999885E+00 -3.053960E-01 -3.053960E-01
    78    10053.8599    7.53220357  1.167853E+09  3.595641E+08  9.929775E+30
        7.164061E+00  2.225615E+01  5.904145E+00  0.0000000000  0.000000E+00
        6.334294E+28 -9.999860E+00 -1.999885E+00 -3.053960E-01 -3.053960E-01
    79     9990.1152    7.53284782  1.166987E+09  3.663249E+08  9.665978E+30
        7.159053E+00  2.225640E+01  5.904318E+00  0.0000000000  0.000000E+00
        5.732583E+28 -9.999860E+00 -1.999885E+00 -3.053960E-01 -3.053960E-01
    80     9926.8043    7.53349045  1.166124E+09  3.731815E+08  9.409337E+30
        7.154048E+00  2.225664E+01  5.904491E+00  0.0000000000  0.000000E+00
        5.186489E+28 -9.999860E+00 -1.999885E+00 -3.053960E-01 -3.053960E-01
    81     9863.8307    7.53413382  1.165260E+09  3.801462E+08  9.159258E+30
        7.149038E+00  2.225689E+01  5.904663E+00  0.0000000000  0.000000E+00
        4.690316E+28 -9.999860E+00 -1.999885E+00 -3.053960E-01 -3.053960E-01
    82     9801.3248    7.53477511  1.164400E+09  3.872047E+08  8.916115E+30
        7.144034E+00  2.225713E+01  5.904835E+00  0.0000000000  0.000000E+00
        4.240702E+28 -9.999860E+00 -1.999885E+00 -3.053960E-01 -3.053960E-01
    83     9738.9660    7.53541562  1.163542E+09  3.943940E+08  8.678555E+30
        7.139010E+00  2.225737E+01  5.905006E+00  0.0000000000  0.000000E+00
        3.831493E+28 -9.999860E+00 -1.999885E+00 -3.053960E-01 -3.053960E-01
    84     9676.3832    7.53605898  1.162680E+09  4.017618E+08  8.445102E+30
        7.133938E+00  2.225762E+01  5.905178E+00  0.0000000000  0.000000E+00
        3.457236E+28 -9.999860E+00 -1.999885E+00 -3.053960E-01 -3.053960E-01
    85     9613.5401    7.53670492  1.161816E+09  4.093179E+08  8.215615E+30
        7.128813E+00  2.225786E+01  5.905351E+00  0.0000000000  0.000000E+00
        3.115233E+28 -9.999860E+00 -1.999885E+00 -3.053960E-01 -3.053960E-01
    86     9550.3721    7.53735046  1.160953E+09  4.170746E+08  7.989919E+30
        7.123632E+00  2.225811E+01  5.905525E+00  0.0000000000  0.000000E+00
        2.802933E+28 -9.999860E+00 -1.999885E+00 -3.053960E-01 -3.053960E-01
    87     9486.3548    7.53800022  1.160085E+09  4.251058E+08  7.766206E+30
        7.118350E+00  2.225835E+01  5.905701E+00  0.0000000000  0.000000E+00
        2.515960E+28 -9.999860E+00 -1.999885E+00 -3.053960E-01 -3.053960E-01
    88     9421.4877    7.53865247  1.159214E+09  4.334226E+08  7.544616E+30
        7.112965E+00  2.225860E+01  5.905879E+00  0.0000000000  0.000000E+00
        2.252939E+28 -9.999860E+00 -1.999885E+00 -3.053960E-01 -3.053960E-01
    89     9355.6359    7.53930729  1.158340E+09  4.420546E+08  7.324831E+30
        7.107466E+00  2.225885E+01  5.906058E+00  0.0000000000  0.000000E+00
        2.012033E+28 -9.999860E+00 -1.999885E+00 -3.053960E-01 -3.053960E-01
    90     9288.7198    7.53996460  1.157464E+09  4.510274E+08  7.106741E+30
        7.101843E+00  2.225911E+01  5.906240E+00  0.0000000000  0.000000E+00
        1.791759E+28 -9.999860E+00 -1.999885E+00 -3.053960E-01 -3.053960E-01
    91     9220.7163    7.54062465  1.156585E+09  4.603604E+08  6.890419E+30
        7.096092E+00  2.225936E+01  5.906422E+00  0.0000000000  0.000000E+00
        1.590890E+28 -9.999860E+00 -1.999885E+00 -3.053960E-01 -3.053960E-01
    92     9151.6999    7.54128757  1.155702E+09  4.700617E+08  6.676228E+30
        7.090217E+00  2.225962E+01  5.906606E+00  0.0000000000  0.000000E+00
        1.408459E+28 -9.999860E+00 -1.999885E+00 -3.053960E-01 -3.053960E-01
    93     9081.8407    7.54195361  1.154817E+09  4.801254E+08  6.464777E+30
        7.084227E+00  2.225988E+01  5.906789E+00  0.0000000000  0.000000E+00
        1.243637E+28 -9.999860E+00 -1.999885E+00 -3.053960E-01 -3.053960E-01
    94     9011.3881    7.54262177  1.153929E+09  4.905326E+08  6.256863E+30
        7.078142E+00  2.226013E+01  5.906971E+00  0.0000000000  0.000000E+00
        1.095614E+28 -9.999860E+00 -1.999885E+00 -3.053960E-01 -3.053960E-01
    95     8940.5467    7.54328958  1.153042E+09  5.012666E+08  6.053107E+30
        7.071977E+00  2.226038E+01  5.907151E+00  0.0000000000  0.000000E+00
        9.633557E+27 -9.999860E+00 -1.999885E+00 -3.053960E-01 -3.053960E-01
    96     8869.3995    7.54395457  1.152159E+09  5.123269E+08  5.853747E+30
        7.065740E+00  2.226063E+01  5.907329E+00  0.0000000000  0.000000E+00
        8.455622E+27 -9.999860E+00 -1.999885E+00 -3.053960E-01 -3.053960E-01
    97     8797.9466    7.54461547  1.151283E+09  5.237259E+08  5.658763E+30
        7.059428E+00  2.226088E+01  5.907503E+00  0.0000000000  0.000000E+00
        7.408578E+27 -9.999860E+00 -1.999885E+00 -3.053960E-01 -3.053960E-01
    98     8726.1947    7.54527185  1.150413E+09  5.354768E+08  5.468137E+30
        7.053042E+00  2.226112E+01  5.907675E+00  0.0000000000  0.000000E+00
        6.479711E+27 -9.999860E+00 -1.999885E+00 -3.053960E-01 -3.053960E-01
    99     8654.1673    7.54592353  1.149551E+09  5.475903E+08  5.281889E+30
        7.046582E+00  2.226136E+01  5.907843E+00  0.0000000000  0.000000E+00
        5.657500E+27 -9.999860E+00 -1.999885E+00 -3.053960E-01 -3.053960E-01
   100     8581.9067    7.54657072  1.148694E+09  5.600748E+08  5.100069E+30
        7.040052E+00  2.226160E+01  5.908009E+00  0.0000000000  0.000000E+00
        4.931424E+27 -9.999860E+00 -1.999885E+00 -3.053960E-01 -3.053960E-01
   101     8509.4886    7.54721344  1.147845E+09  5.729328E+08  4.922798E+30
        7.033457E+00  2.226183E+01  5.908173E+00  0.0000000000  0.000000E+00
        4.291968E+27 -9.999860E+00 -1.999885E+00 -3.053960E-01 -3.053960E-01
   102     8436.9871    7.54785172  1.147001E+09  5.861661E+08  4.750173E+30
        7.026802E+00  2.226206E+01  5.908334E+00  0.0000000000  0.000000E+00
        3.730245E+27 -9.999860E+00 -1.999885E+00 -3.053960E-01 -3.053960E-01
   103     8364.4756    7.54848450  1.146166E+09  5.997745E+08  4.582284E+30
        7.020093E+00  2.226229E+01  5.908493E+00  0.0000000000  0.000000E+00
        3.238045E+27 -9.999860E+00 -1.999885E+00 -3.053960E-01 -3.053960E-01
   104     8291.8846    7.54911457  1.145335E+09  6.137875E+08  4.418858E+30
        7.013323E+00  2.226252E+01  5.908651E+00  0.0000000000  0.000000E+00
        2.806931E+27 -9.999860E+00 -1.999885E+00 -3.053960E-01 -3.053960E-01
   105     8219.5879    7.54973840  1.144513E+09  6.281442E+08  4.260626E+30
        7.006526E+00  2.226274E+01  5.908808E+00  0.0000000000  0.000000E+00
        2.431703E+27 -9.999860E+00 -1.999885E+00 -3.053960E-01 -3.053960E-01
   106     8147.5383    7.55035649  1.143699E+09  6.428640E+08  4.107341E+30
        6.999698E+00  2.226296E+01  5.908963E+00  0.0000000000  0.000000E+00
        2.105196E+27 -9.999860E+00 -1.999885E+00 -3.053960E-01 -3.053960E-01
   107     8075.8286    7.55096913  1.142892E+09  6.579410E+08  3.959049E+30
        6.992845E+00  2.226318E+01  5.909117E+00  0.0000000000  0.000000E+00
        1.821632E+27 -9.999860E+00 -1.999885E+00 -3.053960E-01 -3.053960E-01
   108     8004.5495    7.55157637  1.142093E+09  6.733668E+08  3.815776E+30
        6.985977E+00  2.226340E+01  5.909272E+00  0.0000000000  0.000000E+00
        1.575818E+27 -9.999860E+00 -1.999885E+00 -3.053960E-01 -3.053960E-01
   109     7933.7436    7.55217835  1.141302E+09  6.891422E+08  3.677443E+30
        6.979098E+00  2.226362E+01  5.909428E+00  0.0000000000  0.000000E+00
        1.362961E+27 -9.999860E+00 -1.999885E+00 -3.053960E-01 -3.053960E-01
   110     7863.3670    7.55277647  1.140517E+09  7.052859E+08  3.543801E+30
        6.972203E+00  2.226384E+01  5.909583E+00  0.0000000000  0.000000E+00
        1.178594E+27 -9.999860E+00 -1.999885E+00 -3.053960E-01 -3.053960E-01
   111     7793.7141    7.55336773  1.139740E+09  7.217358E+08  3.415245E+30
        6.965322E+00  2.226406E+01  5.909736E+00  0.0000000000  0.000000E+00
        1.019614E+27 -9.999860E+00 -1.999885E+00 -3.053960E-01 -3.053960E-01
   112     7724.7163    7.55395197  1.138974E+09  7.385143E+08  3.291470E+30
        6.958448E+00  2.226427E+01  5.909887E+00  0.0000000000  0.000000E+00
        8.823706E+26 -9.999860E+00 -1.999885E+00 -3.053960E-01 -3.053960E-01
   113     7656.3488    7.55452778  1.138219E+09  7.556303E+08  3.172274E+30
        6.951581E+00  2.226448E+01  5.910035E+00  0.0000000000  0.000000E+00
        7.638657E+26 -9.999860E+00 -1.999885E+00 -3.053960E-01 -3.053960E-01
   114     7588.4292    7.55509753  1.137473E+09  7.731376E+08  3.057185E+30
        6.944703E+00  2.226469E+01  5.910181E+00  0.0000000000  0.000000E+00
        6.612778E+26 -9.999860E+00 -1.999885E+00 -3.053960E-01 -3.053960E-01
   115     7521.1270    7.55565836  1.136739E+09  7.909975E+08  2.946354E+30
        6.937831E+00  2.226489E+01  5.910325E+00  0.0000000000  0.000000E+00
        5.727090E+26 -9.999860E+00 -1.999885E+00 -3.053960E-01 -3.053960E-01
   116     7454.3196    7.55621094  1.136016E+09  8.092481E+08  2.839440E+30
        6.930955E+00  2.226509E+01  5.910465E+00  0.0000000000  0.000000E+00
        4.961112E+26 -9.999860E+00 -1.999885E+00 -3.053960E-01 -3.053960E-01
   117     7388.0376    7.55675459  1.135305E+09  8.278913E+08  2.736361E+30
        6.924076E+00  2.226529E+01  5.910603E+00  0.0000000000  0.000000E+00
        4.298907E+26 -9.999860E+00 -1.999885E+00 -3.053960E-01 -3.053960E-01
   118     7322.2432    7.55729123  1.134604E+09  8.469472E+08  2.636920E+30
        6.917191E+00  2.226548E+01  5.910737E+00  0.0000000000  0.000000E+00
        3.726072E+26 -9.999860E+00 -1.999885E+00 -3.053960E-01 -3.053960E-01
   119     7257.2064    7.55781877  1.133915E+09  8.663431E+08  2.541387E+30
        6.910327E+00  2.226566E+01  5.910868E+00  0.0000000000  0.000000E+00
        3.232450E+26 -9.999860E+00 -1.999885E+00 -3.053960E-01 -3.053960E-01
   120     7192.9675    7.55833685  1.133239E+09  8.860697E+08  2.449668E+30
        6.903489E+00  2.226584E+01  5.910995E+00  0.0000000000  0.000000E+00
        2.807101E+26 -9.999860E+00 -1.999885E+00 -3.053960E-01 -3.053960E-01
   121     7129.4885    7.55884810  1.132572E+09  9.061460E+08  2.361549E+30
        6.896674E+00  2.226601E+01  5.911119E+00  0.0000000000  0.000000E+00
        2.440067E+26 -9.999860E+00 -1.999885E+00 -3.053960E-01 -3.053960E-01
   122     7067.0198    7.55935128  1.131916E+09  9.264945E+08  2.277223E+30
        6.889907E+00  2.226618E+01  5.911239E+00  0.0000000000  0.000000E+00
        2.124304E+26 -9.999860E+00 -1.999885E+00 -3.053960E-01 -3.053960E-01
   123     7005.5999    7.55984683  1.131270E+09  9.471015E+08  2.196576E+30
        6.883195E+00  2.226635E+01  5.911356E+00  0.0000000000  0.000000E+00
        1.852560E+26 -9.999860E+00 -1.999885E+00 -3.053960E-01 -3.053960E-01
   124     6945.2738    7.56033629  1.130633E+09  9.679513E+08  2.119497E+30
        6.876542E+00  2.226651E+01  5.911470E+00  0.0000000000  0.000000E+00
        1.618375E+26 -9.999860E+00 -1.999885E+00 -3.053960E-01 -3.053960E-01
   125     6886.2630    7.56081836  1.130006E+09  9.889595E+08  2.046104E+30
        6.869973E+00  2.226666E+01  5.911581E+00  0.0000000000  0.000000E+00
        1.417037E+26 -9.999860E+00 -1.999885E+00 -3.053960E-01 -3.053960E-01
   126     6828.5876    7.56129316  1.129388E+09  1.010108E+09  1.976251E+30
        6.863492E+00  2.226681E+01  5.911689E+00  0.0000000000  0.000000E+00
        1.243681E+26 -9.999860E+00 -1.999885E+00 -3.053960E-01 -3.053960E-01
   127     6772.2589    7.56176187  1.128779E+09  1.031382E+09  1.909783E+30
        6.857100E+00  2.226696E+01  5.911794E+00  0.0000000000  0.000000E+00
        1.094147E+26 -9.999860E+00 -1.999885E+00 -3.053960E-01 -3.053960E-01
   128     6717.4123    7.56222269  1.128180E+09  1.052714E+09  1.846703E+30
        6.850814E+00  2.226710E+01  5.911895E+00  0.0000000000  0.000000E+00
        9.652926E+25 -9.999860E+00 -1.999885E+00 -3.053960E-01 -3.053960E-01
   129     6663.9680    7.56267704  1.127590E+09  1.074120E+09  1.786760E+30
        6.844626E+00  2.226724E+01  5.911994E+00  0.0000000000  0.000000E+00
        8.537128E+25 -9.999860E+00 -1.999885E+00 -3.053960E-01 -3.053960E-01
   130     6612.0171    7.56312330  1.127011E+09  1.095546E+09  1.729913E+30
        6.838546E+00  2.226738E+01  5.912091E+00  0.0000000000  0.000000E+00
        7.571175E+25 -9.999860E+00 -1.999885E+00 -3.053960E-01 -3.053960E-01
   131     6561.5038    7.56356299  1.126441E+09  1.117004E+09  1.675954E+30
        6.832569E+00  2.226751E+01  5.912185E+00  0.0000000000  0.000000E+00
        6.731978E+25 -9.999860E+00 -1.999885E+00 -3.053960E-01 -3.053960E-01
   132     6512.5220    7.56399462  1.125881E+09  1.138428E+09  1.624852E+30
        6.826707E+00  2.226764E+01  5.912276E+00  0.0000000000  0.000000E+00
        6.002780E+25 -9.999860E+00 -1.999885E+00 -3.053960E-01 -3.053960E-01
   133     6465.0561    7.56441914  1.125331E+09  1.159812E+09  1.576455E+30
        6.820957E+00  2.226777E+01  5.912364E+00  0.0000000000  0.000000E+00
        5.367317E+25 -9.999860E+00 -1.999885E+00 -3.053960E-01 -3.053960E-01
   134     6417.7099    7.56485122  1.124771E+09  1.181812E+09  1.529258E+30
        6.815144E+00  2.226789E+01  5.912453E+00  0.0000000000  0.000000E+00
        4.796004E+25 -9.999860E+00 -1.999885E+00 -3.053960E-01 -3.053960E-01
   135     6349.7741    7.56549305  1.123940E+09  1.214812E+09  1.463362E+30
        6.806646E+00  2.226807E+01  5.912582E+00  0.0000000000  0.000000E+00
        4.072583E+25 -9.999860E+00 -1.999885E+00 -3.053960E-01 -3.053960E-01
   136     6254.9538    7.56645420  1.122697E+09  1.264312E+09  1.374846E+30
        6.794352E+00  2.226833E+01  5.912768E+00  0.0000000000  0.000000E+00
        3.220672E+25 -9.999860E+00 -1.999885E+00 -3.053960E-01 -3.053960E-01
   137     6150.9444    7.56764992  1.121153E+09  1.324896E+09  1.282121E+30
        6.779901E+00  2.226863E+01  5.912981E+00  0.0000000000  0.000000E+00
        2.450322E+25 -9.999860E+00 -1.999885E+00 -3.053960E-01 -3.053960E-01
   138     6063.5340    7.56877978  1.119696E+09  1.382982E+09  1.207633E+30
        6.766512E+00  2.226889E+01  5.913173E+00  0.0000000000  0.000000E+00
        1.905048E+25 -9.999860E+00 -1.999885E+00 -3.053960E-01 -3.053960E-01
   139     5986.1544    7.56984576  1.118322E+09  1.441272E+09  1.144346E+30
        6.753465E+00  2.226914E+01  5.913353E+00  0.0000000000  0.000000E+00
        1.493244E+25 -9.999860E+00 -1.999885E+00 -3.053960E-01 -3.053960E-01
   140     5915.1301    7.57089691  1.116970E+09  1.502686E+09  1.088358E+30
        6.740060E+00  2.226939E+01  5.913528E+00  0.0000000000  0.000000E+00
        1.164542E+25 -9.999860E+00 -1.999885E+00 -3.053960E-01 -3.053960E-01
   141     5849.9364    7.57193155  1.115640E+09  1.567516E+09  1.038687E+30
        6.726204E+00  2.226963E+01  5.913701E+00  0.0000000000  0.000000E+00
        9.022091E+24 -9.999860E+00 -1.999885E+00 -3.053960E-01 -3.053960E-01
   142     5789.3361    7.57294457  1.114340E+09  1.635868E+09  9.939903E+29
        6.711834E+00  2.226988E+01  5.913876E+00  0.0000000000  0.000000E+00
        6.946672E+24 -9.999860E+00 -1.999885E+00 -3.053960E-01 -3.053960E-01
   143     5731.6692    7.57392577  1.113081E+09  1.707550E+09  9.528189E+29
        6.696953E+00  2.227013E+01  5.914052E+00  0.0000000000  0.000000E+00
        5.319952E+24 -9.999860E+00 -1.999885E+00 -3.053960E-01 -3.053960E-01
   144     5675.6088    7.57487722  1.111863E+09  1.782700E+09  9.140801E+29
        6.681497E+00  2.227037E+01  5.914229E+00  0.0000000000  0.000000E+00
        4.054275E+24 -9.999860E+00 -1.999885E+00 -3.053960E-01 -3.053960E-01
   145     5620.7702    7.57579839  1.110684E+09  1.861076E+09  8.773979E+29
        6.665483E+00  2.227062E+01  5.914405E+00  0.0000000000  0.000000E+00
        3.078770E+24 -9.999860E+00 -1.999885E+00 -3.053960E-01 -3.053960E-01
   146     5567.0581    7.57668087  1.109556E+09  1.942088E+09  8.426240E+29
        6.649001E+00  2.227085E+01  5.914570E+00  0.0000000000  0.000000E+00
        2.334839E+24 -9.999860E+00 -1.999885E+00 -3.053960E-01 -3.053960E-01
   147     5514.5475    7.57751725  1.108489E+09  2.024854E+09  8.097183E+29
        6.632210E+00  2.227107E+01  5.914720E+00  0.0000000000  0.000000E+00
        1.773202E+24 -9.999860E+00 -1.999885E+00 -3.053960E-01 -3.053960E-01
   148     5462.1061    7.57829793  1.107493E+09  2.108386E+09  7.779546E+29
        6.615301E+00  2.227126E+01  5.914860E+00  0.0000000000  0.000000E+00
        1.352931E+24 -9.999860E+00 -1.999885E+00 -3.053960E-01 -3.053960E-01
   149     5407.5149    7.57901656  1.106577E+09  2.192312E+09  7.460810E+29
        6.598358E+00  2.227146E+01  5.914999E+00  0.0000000000  0.000000E+00
        1.038230E+24 -9.999860E+00 -1.999885E+00 -3.053960E-01 -3.053960E-01
   150     5350.0061    7.57968492  1.105726E+09  2.277214E+09  7.137462E+29
        6.581285E+00  2.227168E+01  5.915149E+00  0.0000000000  0.000000E+00
        7.996950E+23 -9.999860E+00 -1.999885E+00 -3.053960E-01 -3.053960E-01
   151     5290.5202    7.58031446  1.104925E+09  2.363394E+09  6.815390E+29
        6.564054E+00  2.227190E+01  5.915308E+00  0.0000000000  0.000000E+00
        6.174471E+23 -9.999860E+00 -1.999885E+00 -3.053960E-01 -3.053960E-01
   152     5230.1526    7.58091016  1.104167E+09  2.450876E+09  6.500682E+29
        6.546684E+00  2.227213E+01  5.915469E+00  0.0000000000  0.000000E+00
        4.775924E+23 -9.999860E+00 -1.999885E+00 -3.053960E-01 -3.053960E-01
   153     5169.6156    7.58146984  1.103456E+09  2.539306E+09  6.196905E+29
        6.529262E+00  2.227235E+01  5.915624E+00  0.0000000000  0.000000E+00
        3.702712E+23 -9.999860E+00 -1.999885E+00 -3.053960E-01 -3.053960E-01
   154     5107.8523    7.58198669  1.102799E+09  2.628506E+09  5.898999E+29
        6.511836E+00  2.227255E+01  5.915767E+00  0.0000000000  0.000000E+00
        2.878020E+23 -9.999860E+00 -1.999885E+00 -3.053960E-01 -3.053960E-01
   155     5043.7328    7.58245733  1.102202E+09  2.718742E+09  5.602252E+29
        6.494383E+00  2.227273E+01  5.915895E+00  0.0000000000  0.000000E+00
        2.241222E+23 -9.999860E+00 -1.999885E+00 -3.053960E-01 -3.053960E-01
   156     4976.4194    7.58288399  1.101661E+09  2.810618E+09  5.303903E+29
        6.476832E+00  2.227289E+01  5.916012E+00  0.0000000000  0.000000E+00
        1.746414E+23 -9.999860E+00 -1.999885E+00 -3.053960E-01 -3.053960E-01
   157     4906.3369    7.58327457  1.101165E+09  2.904876E+09  5.006873E+29
        6.459098E+00  2.227305E+01  5.916123E+00  0.0000000000  0.000000E+00
        1.359593E+23 -9.999860E+00 -1.999885E+00 -3.053960E-01 -3.053960E-01
   158     4834.8279    7.58363916  1.100703E+09  3.001954E+09  4.717333E+29
        6.441151E+00  2.227319E+01  5.916230E+00  0.0000000000  0.000000E+00
        1.056631E+23 -9.999860E+00 -1.999885E+00 -3.053960E-01 -3.053960E-01
   159     4763.4012    7.58398568  1.100264E+09  3.101642E+09  4.441142E+29
        6.423067E+00  2.227334E+01  5.916338E+00  0.0000000000  0.000000E+00
        8.203731E+22 -9.999860E+00 -1.999885E+00 -3.053960E-01 -3.053960E-01
   160     4693.3371    7.58431852  1.099843E+09  3.203560E+09  4.182348E+29
        6.404937E+00  2.227349E+01  5.916443E+00  0.0000000000  0.000000E+00
        6.369267E+22 -9.999860E+00 -1.999885E+00 -3.053960E-01 -3.053960E-01
   161     4589.4012    7.58480079  1.099232E+09  3.363560E+09  3.819750E+29
        6.377314E+00  2.227371E+01  5.916592E+00  0.0000000000  0.000000E+00
        4.333564E+22 -9.999860E+00 -1.999885E+00 -3.053960E-01 -3.053960E-01
   162     4505.7356    7.58517995  1.098752E+09  3.523560E+09  3.545639E+29
        6.372147E+00  2.227393E+01  5.916803E+00  0.0000461074 -2.002466E-05
        3.311153E+22 -9.999860E+00 -1.999885E+00 -3.053960E-01 -3.053960E-01
   163     4464.0462    7.58534904  1.098538E+09  3.603560E+09  3.414895E+29
        6.360288E+00  2.227398E+01  5.916849E+00  0.0426242126 -1.926545E-02
        2.744713E+22 -9.999860E+00 -1.999885E+00 -3.053960E-01 -3.053960E-01
   164     4424.0775    7.58551172  1.098333E+09  3.683560E+09  3.292993E+29
        6.344919E+00  2.227405E+01  5.916892E+00  0.0939922184 -4.286807E-02
        2.267297E+22 -9.999860E+00 -1.999885E+00 -3.053960E-01 -3.053960E-01
   165     4356.5895    7.58581075  1.097955E+09  3.843560E+09  3.094479E+29
        6.322463E+00  2.227430E+01  5.917062E+00  0.1595532032 -7.548977E-02
        1.723233E+22 -9.999860E+00 -1.999885E+00 -3.053960E-01 -3.053960E-01
   166     4297.1623    7.58604880  1.097654E+09  4.003560E+09  2.927453E+29
        6.304992E+00  2.227446E+01  5.917172E+00  0.2294771511 -1.132145E-01
        1.331935E+22 -9.999860E+00 -1.999885E+00 -3.053960E-01 -3.053960E-01
   167     4242.3546    7.58626082  1.097386E+09  4.163560E+09  2.779577E+29
        6.288022E+00  2.227461E+01  5.917276E+00  0.2966027555 -1.527993E-01
        1.033917E+22 -9.999860E+00 -1.999885E+00 -3.053960E-01 -3.053960E-01
   168     4189.8730    7.58645169  1.097145E+09  4.323560E+09  2.643403E+29
        6.271675E+00  2.227474E+01  5.917366E+00  0.3596163926 -1.935598E-01
        8.111671E+21 -9.999860E+00 -1.999885E+00 -3.053960E-01 -3.053960E-01
   169     4136.6752    7.58663993  1.096907E+09  4.483560E+09  2.510599E+29
        6.254862E+00  2.227487E+01  5.917454E+00  0.4257371620 -2.408893E-01
        6.267027E+21 -9.999860E+00 -1.999885E+00 -3.053960E-01 -3.053960E-01
   170     4084.4683    7.58682357  1.096675E+09  4.643560E+09  2.385230E+29
        6.238647E+00  2.227501E+01  5.917549E+00  0.4831358587 -2.866236E-01
        4.914554E+21 -9.999860E+00 -1.999885E+00 -3.053960E-01 -3.053960E-01
   171     4031.7997    7.58701345  1.096436E+09  4.803560E+09  2.263570E+29
        6.222277E+00  2.227517E+01  5.917658E+00  0.5410172897 -3.382037E-01
        3.817166E+21 -9.999860E+00 -1.999885E+00 -3.053960E-01 -3.053960E-01
   172     3965.3122    7.58723915  1.096151E+09  4.998012E+09  2.116811E+29
        6.202027E+00  2.227535E+01  5.917782E+00  0.6037730951 -4.020560E-01
        2.792542E+21 -9.999860E+00 -1.999885E+00 -3.053960E-01 -3.053960E-01
   173     3899.7115    7.58743880  1.095899E+09  5.187434E+09  1.979260E+29
        6.182013E+00  2.227548E+01  5.917877E+00  0.6600840214 -4.686284E-01
        2.055463E+21 -9.999860E+00 -1.999885E+00 -3.053960E-01 -3.053960E-01
   174     3832.6717    7.58761446  1.095677E+09  5.375170E+09  1.845881E+29
        6.161860E+00  2.227556E+01  5.917931E+00  0.7144099916 -5.442570E-01
        1.501415E+21 -9.999860E+00 -1.999885E+00 -3.053960E-01 -3.053960E-01
   175     3764.0911    7.58777433  1.095476E+09  5.561228E+09  1.716635E+29
        6.141556E+00  2.227561E+01  5.917959E+00  0.7568242596 -6.140798E-01
        1.068011E+21 -9.999860E+00 -1.999885E+00 -3.053960E-01 -3.053960E-01
   176     3696.4605    7.58792275  1.095288E+09  5.746104E+09  1.596001E+29
        6.121422E+00  2.227565E+01  5.917982E+00  0.7969380348 -6.923714E-01
        7.547622E+20 -9.999860E+00 -1.999885E+00 -3.053960E-01 -3.053960E-01
   177     3624.3071    7.58807834  1.095092E+09  5.935848E+09  1.474461E+29
        6.100454E+00  2.227572E+01  5.918027E+00  0.8343140431 -7.807143E-01
        5.222472E+20 -9.999860E+00 -1.999885E+00 -3.053960E-01 -3.053960E-01
   178     3553.9605    7.58822462  1.094908E+09  6.123688E+09  1.362817E+29
        6.079780E+00  2.227580E+01  5.918089E+00  0.8648852910 -8.692974E-01
        3.619925E+20 -9.999860E+00 -1.999885E+00 -3.053960E-01 -3.053960E-01
   179     3481.6999    7.58836334  1.094733E+09  6.317206E+09  1.254913E+29
        6.058588E+00  2.227589E+01  5.918153E+00  0.8893358052 -9.559929E-01
        2.497282E+20 -9.999860E+00 -1.999885E+00 -3.053960E-01 -3.053960E-01
   180     3406.2436    7.58850056  1.094560E+09  6.514638E+09  1.149248E+29
        6.036843E+00  2.227597E+01  5.918215E+00  0.9143755265 -1.067402E+00
        1.690183E+20 -9.999860E+00 -1.999885E+00 -3.053960E-01 -3.053960E-01
   181     3332.8658    7.58862485  1.094403E+09  6.711094E+09  1.053072E+29
        6.015345E+00  2.227605E+01  5.918268E+00  0.9309463616 -1.160813E+00
        1.159100E+20 -9.999860E+00 -1.999885E+00 -3.053960E-01 -3.053960E-01
   182     3255.7847    7.58875720  1.094237E+09  6.914376E+09  9.586877E+28
        5.993145E+00  2.227614E+01  5.918337E+00  0.9476949220 -1.281456E+00
        7.860674E+19 -9.999860E+00 -1.999885E+00 -3.053960E-01 -3.053960E-01
   183     3181.0276    7.58888455  1.094076E+09  7.118310E+09  8.733672E+28
        5.971132E+00  2.227625E+01  5.918414E+00  0.9596877474 -1.394563E+00
        5.395193E+19 -9.999860E+00 -1.999885E+00 -3.053960E-01 -3.053960E-01
   184     3104.9334    7.58900541  1.093924E+09  7.330540E+09  7.925294E+28
        5.948558E+00  2.227633E+01  5.918478E+00  0.9693626379 -1.513749E+00
        3.668048E+19 -9.999860E+00 -1.999885E+00 -3.053960E-01 -3.053960E-01
   185     3030.1231    7.58910604  1.093797E+09  7.548264E+09  7.186984E+28
        5.925851E+00  2.227638E+01  5.918508E+00  0.9767688454 -1.633929E+00
        2.506152E+19 -9.999860E+00 -1.999885E+00 -3.053960E-01 -3.053960E-01
   186     2952.8275    7.58919533  1.093685E+09  7.774388E+09  6.479905E+28
        5.902657E+00  2.227638E+01  5.918512E+00  0.9831786762 -1.774140E+00
        1.698023E+19 -9.999860E+00 -1.999885E+00 -3.053960E-01 -3.053960E-01
   187     2878.7689    7.58927379  1.093586E+09  8.002576E+09  5.852819E+28
        5.879749E+00  2.227639E+01  5.918513E+00  0.9866429742 -1.874290E+00
        1.168335E+19 -9.999860E+00 -1.999885E+00 -3.053960E-01 -3.053960E-01
   188     2801.7117    7.58935802  1.093480E+09  8.239620E+09  5.249856E+28
        5.856369E+00  2.227642E+01  5.918534E+00  0.9878199348 -1.914350E+00
        7.955496E+18 -9.999860E+00 -1.999885E+00 -3.053960E-01 -3.053960E-01
   189     2731.2975    7.58943896  1.093378E+09  8.476924E+09  4.740768E+28
        5.833557E+00  2.227647E+01  5.918570E+00  0.9878199348 -1.914350E+00
        5.521592E+18 -9.999860E+00 -1.999885E+00 -3.053960E-01 -3.053960E-01
   190     2659.9679    7.58952075  1.093275E+09  8.728326E+09  4.263796E+28
        5.810064E+00  2.227653E+01  5.918610E+00  0.9883689334 -1.934380E+00
        3.805599E+18 -9.999860E+00 -1.999885E+00 -3.053960E-01 -3.053960E-01
   191     2590.7564    7.58959454  1.093182E+09  8.987022E+09  3.836396E+28
        5.786596E+00  2.227658E+01  5.918642E+00  0.9883689334 -1.934380E+00
        2.618760E+18 -9.999860E+00 -1.999885E+00 -3.053960E-01 -3.053960E-01
   192     2523.4477    7.58965786  1.093103E+09  9.254896E+09  3.452479E+28
        5.763061E+00  2.227661E+01  5.918661E+00  0.9883689334 -1.934380E+00
        1.806653E+18 -9.999860E+00 -1.999885E+00 -3.053960E-01 -3.053960E-01
   193     2455.7394    7.58971857  1.093026E+09  9.533094E+09  3.096151E+28
        5.739303E+00  2.227663E+01  5.918673E+00  0.9883689334 -1.934380E+00
        1.244692E+18 -9.999860E+00 -1.999885E+00 -3.053960E-01 -3.053960E-01
   194     2390.6700    7.58977862  1.092951E+09  9.816052E+09  2.780428E+28
        5.715805E+00  2.227664E+01  5.918684E+00  0.9888931867 -1.954411E+00
        8.597528E+17 -9.999860E+00 -1.999885E+00 -3.053960E-01 -3.053960E-01
   195     2326.9308    7.58983883  1.092875E+09  1.010753E+10  2.495208E+28
        5.692251E+00  2.227667E+01  5.918700E+00  0.9888931867 -1.954411E+00
        5.938762E+17 -9.999860E+00 -1.999885E+00 -3.053960E-01 -3.053960E-01
   196     2264.7097    7.58989726  1.092801E+09  1.040627E+10  2.238538E+28
        5.668744E+00  2.227669E+01  5.918715E+00  0.9888931867 -1.954411E+00
        4.105701E+17 -9.999860E+00 -1.999885E+00 -3.053960E-01 -3.053960E-01
   197     2204.8302    7.58995249  1.092732E+09  1.071206E+10  2.010758E+28
        5.645372E+00  2.227671E+01  5.918728E+00  0.9888931867 -1.954411E+00
        2.846168E+17 -9.999860E+00 -1.999885E+00 -3.053960E-01 -3.053960E-01
   198     2144.6322    7.59000629  1.092664E+09  1.102756E+10  1.799769E+28
        5.621774E+00  2.227673E+01  5.918740E+00  0.9888931867 -1.954411E+00
        1.967017E+17 -9.999860E+00 -1.999885E+00 -3.053960E-01 -3.053960E-01
   199     2087.2231    7.59005801  1.092599E+09  1.134480E+10  1.614467E+28
        5.598553E+00  2.227675E+01  5.918751E+00  0.9888931867 -1.954411E+00
        1.367668E+17 -9.999860E+00 -1.999885E+00 -3.053960E-01 -3.053960E-01
   200     2031.2309    7.59010725  1.092537E+09  1.166890E+10  1.447910E+28
        5.575335E+00  2.227676E+01  5.918757E+00  0.9888931867 -1.954411E+00
        9.491541E+16 -9.999860E+00 -1.999885E+00 -3.053960E-01 -3.053960E-01
   201     1976.6890    7.59015266  1.092480E+09  1.199864E+10  1.298412E+28
        5.552185E+00  2.227677E+01  5.918762E+00  0.9893938100 -1.974441E+00
        6.589925E+16 -9.999860E+00 -1.999885E+00 -3.053960E-01 -3.053960E-01
   202     1923.5903    7.59019337  1.092429E+09  1.233337E+10  1.164310E+28
        5.529111E+00  2.227678E+01  5.918769E+00  0.9893938100 -1.974441E+00
        4.572909E+16 -9.999860E+00 -1.999885E+00 -3.053960E-01 -3.053960E-01
   203     1872.0342    7.59022993  1.092383E+09  1.267234E+10  1.044328E+28
        5.506150E+00  2.227678E+01  5.918771E+00  0.9893938100 -1.974441E+00
        3.175739E+16 -9.999860E+00 -1.999885E+00 -3.053960E-01 -3.053960E-01
   204     1821.9454    7.59026441  1.092339E+09  1.301537E+10  9.368901E+27
        5.483290E+00  2.227678E+01  5.918771E+00  0.9893938100 -1.974441E+00
        2.206248E+16 -9.999860E+00 -1.999885E+00 -3.053960E-01 -3.053960E-01
   205     1774.2382    7.59029889  1.092296E+09  1.336218E+10  8.424817E+27
        5.460670E+00  2.227678E+01  5.918774E+00  0.9893938100 -1.974441E+00
        1.536791E+16 -9.999860E+00 -1.999885E+00 -3.053960E-01 -3.053960E-01
   206     1725.9250    7.59033555  1.092250E+09  1.371732E+10  7.543343E+27
        5.437664E+00  2.227679E+01  5.918779E+00  0.9893938100 -1.974441E+00
        1.061633E+16 -9.999860E+00 -1.999885E+00 -3.053960E-01 -3.053960E-01
   207     1680.3317    7.59037041  1.092206E+09  1.406840E+10  6.776747E+27
        5.415143E+00  2.227680E+01  5.918784E+00  0.9893938100 -1.974441E+00
        7.382214E+15 -9.999860E+00 -1.999885E+00 -3.053960E-01 -3.053960E-01
   208     1636.0041    7.59040422  1.092164E+09  1.442284E+10  6.088986E+27
        5.392612E+00  2.227681E+01  5.918787E+00  0.9893938100 -1.974441E+00
        5.127088E+15 -9.999860E+00 -1.999885E+00 -3.053960E-01 -3.053960E-01
   209     1593.0244    7.59043563  1.092124E+09  1.477885E+10  5.473507E+27
        5.370122E+00  2.227681E+01  5.918791E+00  0.9898718684 -1.994471E+00
        3.558085E+15 -9.999860E+00 -1.999885E+00 -3.053960E-01 -3.053960E-01
   210     1551.4482    7.59046109  1.092092E+09  1.513528E+10  4.923792E+27
        5.347723E+00  2.227681E+01  5.918790E+00  0.9898718684 -1.994471E+00
        2.468964E+15 -9.999860E+00 -1.999885E+00 -3.053960E-01 -3.053960E-01
   211     1511.2884    7.59048409  1.092063E+09  1.549162E+10  4.433197E+27
        5.325416E+00  2.227681E+01  5.918789E+00  0.9898718684 -1.994471E+00
        1.713527E+15 -9.999860E+00 -1.999885E+00 -3.053960E-01 -3.053960E-01
   212     1473.5143    7.59050728  1.092034E+09  1.584732E+10  4.006100E+27
        5.303500E+00  2.227681E+01  5.918790E+00  0.9898718684 -1.994471E+00
        1.196059E+15 -9.999860E+00 -1.999885E+00 -3.053960E-01 -3.053960E-01
