============================================================================
  #Mod      Teff         Log(g)           R            Age            L
           Log(Tc)       Log(Pc)      Log(rhoc)       Mx/M         Log(qx)
             Lnu        Log(H/*)      Log(He/*)     Log(C/*)      Log(O/*)
============================================================================
     1   142849.9245    8.17147267  8.718242E+08  0.000000E+00  2.255329E+35
        8.009848E+00  2.400745E+01  7.058339E+00  0.0000000000  0.000000E+00
        7.212090E+35 -9.999860E+00 -1.999885E+00 -3.053960E-01 -3.053960E-01
     2   126157.7904    8.21475391  8.294464E+08  6.000000E+04  1.241838E+35
        7.982548E+00  2.402849E+01  7.073137E+00  0.0000000000  0.000000E+00
        4.232914E+35 -9.999860E+00 -1.999885E+00 -3.053960E-01 -3.053960E-01
     3   114106.4928    8.24254109  8.033314E+08  1.200000E+05  7.795839E+34
        7.961868E+00  2.404186E+01  7.082563E+00  0.0000000000  0.000000E+00
        2.763134E+35 -9.999860E+00 -1.999885E+00 -3.053960E-01 -3.053960E-01
     4   104903.6535    8.26199363  7.855403E+08  1.800000E+05  5.325144E+34
        7.945443E+00  2.405103E+01  7.089042E+00  0.0000000000  0.000000E+00
        1.942378E+35 -9.999860E+00 -1.999885E+00 -3.053960E-01 -3.053960E-01
     5    97662.3338    8.27646172  7.725639E+08  2.400000E+05  3.869093E+34
        7.931954E+00  2.405777E+01  7.093802E+00  0.0000000000  0.000000E+00
        1.441588E+35 -9.999860E+00 -1.999885E+00 -3.053960E-01 -3.053960E-01
     6    91902.6148    8.28761175  7.627099E+08  3.000000E+05  2.957074E+34
        7.920574E+00  2.406292E+01  7.097451E+00  0.0000000000  0.000000E+00
        1.114226E+35 -9.999860E+00 -1.999885E+00 -3.053960E-01 -3.053960E-01
     7    87112.7538    8.29656629  7.548873E+08  3.600000E+05  2.338424E+34
        7.910772E+00  2.406700E+01  7.100344E+00  0.0000000000  0.000000E+00
        8.887539E+34 -9.999860E+00 -1.999885E+00 -3.053960E-01 -3.053960E-01
     8    83015.2345    8.30394279  7.485036E+08  4.200000E+05  1.896055E+34
        7.902187E+00  2.407033E+01  7.102702E+00  0.0000000000  0.000000E+00
        7.268821E+34 -9.999860E+00 -1.999885E+00 -3.053960E-01 -3.053960E-01
     9    79473.3908    8.31012240  7.431972E+08  4.800000E+05  1.570099E+34
        7.894565E+00  2.407309E+01  7.104665E+00  0.0000000000  0.000000E+00
        6.066739E+34 -9.999860E+00 -1.999885E+00 -3.053960E-01 -3.053960E-01
    10    76381.1712    8.31538645  7.387067E+08  5.400000E+05  1.323492E+34
        7.887722E+00  2.407543E+01  7.106328E+00  0.0000000000  0.000000E+00
        5.148953E+34 -9.999860E+00 -1.999885E+00 -3.053960E-01 -3.053960E-01
    11    73671.4272    8.31992692  7.348553E+08  6.000000E+05  1.133527E+34
        7.881520E+00  2.407744E+01  7.107760E+00  0.0000000000  0.000000E+00
        4.431655E+34 -9.999860E+00 -1.999885E+00 -3.053960E-01 -3.053960E-01
    12    71243.3494    8.32390066  7.315010E+08  6.600000E+05  9.822888E+33
        7.875853E+00  2.407919E+01  7.109004E+00  0.0000000000  0.000000E+00
        3.859682E+34 -9.999860E+00 -1.999885E+00 -3.053960E-01 -3.053960E-01
    13    69086.4890    8.32739288  7.285659E+08  7.200000E+05  8.616723E+33
        7.870638E+00  2.408072E+01  7.110095E+00  0.0000000000  0.000000E+00
        3.395762E+34 -9.999860E+00 -1.999885E+00 -3.053960E-01 -3.053960E-01
    14    67141.8234    8.33049934  7.259649E+08  7.800000E+05  7.631954E+33
        7.865811E+00  2.408208E+01  7.111062E+00  0.0000000000  0.000000E+00
        3.013954E+34 -9.999860E+00 -1.999885E+00 -3.053960E-01 -3.053960E-01
    15    65359.0171    8.33329610  7.236311E+08  8.400000E+05  6.809081E+33
        7.861320E+00  2.408329E+01  7.111926E+00  0.0000000000  0.000000E+00
        2.695720E+34 -9.999860E+00 -1.999885E+00 -3.053960E-01 -3.053960E-01
    16    63751.6289    8.33580797  7.215415E+08  9.000000E+05  6.128013E+33
        7.857123E+00  2.408438E+01  7.112703E+00  0.0000000000  0.000000E+00
        2.427474E+34 -9.999860E+00 -1.999885E+00 -3.053960E-01 -3.053960E-01
    17    62163.2701    8.33828007  7.194908E+08  9.657220E+05  5.508304E+33
        7.852835E+00  2.408545E+01  7.113467E+00  0.0000000000  0.000000E+00
        2.179821E+34 -9.999860E+00 -1.999885E+00 -3.053960E-01 -3.053960E-01
    18    60613.7335    8.34067799  7.175072E+08  1.036583E+06  4.951864E+33
        7.848524E+00  2.408648E+01  7.114206E+00  0.0000000000  0.000000E+00
        1.955317E+34 -9.999860E+00 -1.999885E+00 -3.053960E-01 -3.053960E-01
    19    59127.9033    8.34298439  7.156045E+08  1.112811E+06  4.460136E+33
        7.844201E+00  2.408748E+01  7.114919E+00  0.0000000000  0.000000E+00
        1.752537E+34 -9.999860E+00 -1.999885E+00 -3.053960E-01 -3.053960E-01
    20    57678.4858    8.34523309  7.137543E+08  1.195621E+06  4.017768E+33
        7.839830E+00  2.408845E+01  7.115612E+00  0.0000000000  0.000000E+00
        1.568024E+34 -9.999860E+00 -1.999885E+00 -3.053960E-01 -3.053960E-01
    21    56272.3088    8.34741350  7.119648E+08  1.285146E+06  3.621829E+33
        7.835433E+00  2.408939E+01  7.116283E+00  0.0000000000  0.000000E+00
        1.401306E+34 -9.999860E+00 -1.999885E+00 -3.053960E-01 -3.053960E-01
    22    54902.9770    8.34953231  7.102302E+08  1.381973E+06  3.265982E+33
        7.831010E+00  2.409029E+01  7.116933E+00  0.0000000000  0.000000E+00
        1.250876E+34 -9.999860E+00 -1.999885E+00 -3.053960E-01 -3.053960E-01
    23    53568.1218    8.35158389  7.085546E+08  1.486477E+06  2.945807E+33
        7.826571E+00  2.409117E+01  7.117561E+00  0.0000000000  0.000000E+00
        1.115629E+34 -9.999860E+00 -1.999885E+00 -3.053960E-01 -3.053960E-01
    24    52273.5958    8.35355741  7.069465E+08  1.599137E+06  2.659100E+33
        7.822122E+00  2.409202E+01  7.118169E+00  0.0000000000  0.000000E+00
        9.943067E+33 -9.999860E+00 -1.999885E+00 -3.053960E-01 -3.053960E-01
    25    51021.0019    8.35545840  7.054010E+08  1.721060E+06  2.402703E+33
        7.817646E+00  2.409284E+01  7.118761E+00  0.0000000000  0.000000E+00
        8.852128E+33 -9.999860E+00 -1.999885E+00 -3.053960E-01 -3.053960E-01
    26    49807.2360    8.35729309  7.039126E+08  1.853572E+06  2.172897E+33
        7.813124E+00  2.409364E+01  7.119338E+00  0.0000000000  0.000000E+00
        7.869052E+33 -9.999860E+00 -1.999885E+00 -3.053960E-01 -3.053960E-01
    27    48631.5811    8.35906111  7.024812E+08  1.997951E+06  1.966867E+33
        7.808543E+00  2.409443E+01  7.119902E+00  0.0000000000  0.000000E+00
        6.983187E+33 -9.999860E+00 -1.999885E+00 -3.053960E-01 -3.053960E-01
    28    47496.7323    8.36076664  7.011032E+08  2.155724E+06  1.782587E+33
        7.803890E+00  2.409520E+01  7.120454E+00  0.0000000000  0.000000E+00
        6.184825E+33 -9.999860E+00 -1.999885E+00 -3.053960E-01 -3.053960E-01
    29    46397.2060    8.36241110  6.997771E+08  2.328837E+06  1.617033E+33
        7.799142E+00  2.409595E+01  7.120997E+00  0.0000000000  0.000000E+00
        5.464759E+33 -9.999860E+00 -1.999885E+00 -3.053960E-01 -3.053960E-01
    30    45338.6182    8.36399604  6.985014E+08  2.519114E+06  1.469060E+33
        7.794288E+00  2.409669E+01  7.121532E+00  0.0000000000  0.000000E+00
        4.816441E+33 -9.999860E+00 -1.999885E+00 -3.053960E-01 -3.053960E-01
    31    44316.5687    8.36552458  6.972732E+08  2.729269E+06  1.336295E+33
        7.789298E+00  2.409742E+01  7.122061E+00  0.0000000000  0.000000E+00
        4.232291E+33 -9.999860E+00 -1.999885E+00 -3.053960E-01 -3.053960E-01
    32    43328.9939    8.36699487  6.960939E+08  2.961985E+06  1.216976E+33
        7.784152E+00  2.409815E+01  7.122584E+00  0.0000000000  0.000000E+00
        3.707038E+33 -9.999860E+00 -1.999885E+00 -3.053960E-01 -3.053960E-01
    33    42383.9636    8.36840918  6.949614E+08  3.220403E+06  1.110605E+33
        7.778824E+00  2.409886E+01  7.123102E+00  0.0000000000  0.000000E+00
        3.235806E+33 -9.999860E+00 -1.999885E+00 -3.053960E-01 -3.053960E-01
    34    41469.5246    8.36977230  6.938716E+08  3.509397E+06  1.014627E+33
        7.773266E+00  2.409957E+01  7.123616E+00  0.0000000000  0.000000E+00
        2.812559E+33 -9.999860E+00 -1.999885E+00 -3.053960E-01 -3.053960E-01
    35    40598.9694    8.37108282  6.928255E+08  3.832634E+06  9.292654E+32
        7.767462E+00  2.410027E+01  7.124128E+00  0.0000000000  0.000000E+00
        2.434645E+33 -9.999860E+00 -1.999885E+00 -3.053960E-01 -3.053960E-01
    36    39757.2912    8.37234799  6.918171E+08  4.197374E+06  8.520826E+32
        7.761343E+00  2.410098E+01  7.124638E+00  0.0000000000  0.000000E+00
        2.096599E+33 -9.999860E+00 -1.999885E+00 -3.053960E-01 -3.053960E-01
    37    38960.0377    8.37356431  6.908490E+08  4.608537E+06  7.835662E+32
        7.754897E+00  2.410167E+01  7.125147E+00  0.0000000000  0.000000E+00
        1.796635E+33 -9.999860E+00 -1.999885E+00 -3.053960E-01 -3.053960E-01
    38    38189.6889    8.37473976  6.899147E+08  5.076614E+06  7.214517E+32
        7.748039E+00  2.410237E+01  7.125658E+00  0.0000000000  0.000000E+00
        1.530012E+33 -9.999860E+00 -1.999885E+00 -3.053960E-01 -3.053960E-01
    39    37463.3761    8.37586783  6.890193E+08  5.608001E+06  6.663806E+32
        7.740766E+00  2.410307E+01  7.126166E+00  0.0000000000  0.000000E+00
        1.295549E+33 -9.999860E+00 -1.999885E+00 -3.053960E-01 -3.053960E-01
    40    36761.5837    8.37695651  6.881562E+08  6.217304E+06  6.162868E+32
        7.732983E+00  2.410376E+01  7.126675E+00  0.0000000000  0.000000E+00
        1.089165E+33 -9.999860E+00 -1.999885E+00 -3.053960E-01 -3.053960E-01
    41    36096.0134    8.37799732  6.873321E+08  6.912260E+06  5.714815E+32
        7.724710E+00  2.410444E+01  7.127178E+00  0.0000000000  0.000000E+00
        9.099660E+32 -9.999860E+00 -1.999885E+00 -3.053960E-01 -3.053960E-01
    42    35467.3331    8.37899826  6.865405E+08  7.709420E+06  5.314696E+32
        7.715885E+00  2.410512E+01  7.127677E+00  0.0000000000  0.000000E+00
        7.548238E+32 -9.999860E+00 -1.999885E+00 -3.053960E-01 -3.053960E-01
    43    34858.6999    8.37996735  6.857749E+08  8.626778E+06  4.948117E+32
        7.706470E+00  2.410579E+01  7.128177E+00  0.0000000000  0.000000E+00
        6.213080E+32 -9.999860E+00 -1.999885E+00 -3.053960E-01 -3.053960E-01
    44    34280.5485    8.38089887  6.850399E+08  9.673178E+06  4.618008E+32
        7.696539E+00  2.410646E+01  7.128671E+00  0.0000000000  0.000000E+00
        5.082280E+32 -9.999860E+00 -1.999885E+00 -3.053960E-01 -3.053960E-01
    45    33726.2426    8.38180197  6.843280E+08  1.086974E+07  4.317501E+32
        7.686071E+00  2.410712E+01  7.129160E+00  0.0000000000  0.000000E+00
        4.128355E+32 -9.999860E+00 -1.999885E+00 -3.053960E-01 -3.053960E-01
    46    33197.8519    8.38268034  6.836363E+08  1.223159E+07  4.045034E+32
        7.675120E+00  2.410777E+01  7.129645E+00  0.0000000000  0.000000E+00
        3.331746E+32 -9.999860E+00 -1.999885E+00 -3.053960E-01 -3.053960E-01
    47    32675.3089    8.38354412  6.829568E+08  1.377777E+07  3.788761E+32
        7.663717E+00  2.410842E+01  7.130129E+00  0.0000000000  0.000000E+00
        2.671281E+32 -9.999860E+00 -1.999885E+00 -3.053960E-01 -3.053960E-01
    48    32177.7569    8.38438612  6.822950E+08  1.550446E+07  3.556309E+32
        7.652045E+00  2.410906E+01  7.130611E+00  0.0000000000  0.000000E+00
        2.133401E+32 -9.999860E+00 -1.999885E+00 -3.053960E-01 -3.053960E-01
    49    31690.2299    8.38522143  6.816392E+08  1.744064E+07  3.339202E+32
        7.640051E+00  2.410972E+01  7.131098E+00  0.0000000000  0.000000E+00
        1.694034E+32 -9.999860E+00 -1.999885E+00 -3.053960E-01 -3.053960E-01
    50    31210.1481    8.38604666  6.809919E+08  1.958536E+07  3.135445E+32
        7.627856E+00  2.411037E+01  7.131587E+00  0.0000000000  0.000000E+00
        1.339606E+32 -9.999860E+00 -1.999885E+00 -3.053960E-01 -3.053960E-01
    51    30741.1133    8.38685622  6.803575E+08  2.193836E+07  2.945674E+32
        7.615542E+00  2.411102E+01  7.132069E+00  0.0000000000  0.000000E+00
        1.055944E+32 -9.999860E+00 -1.999885E+00 -3.053960E-01 -3.053960E-01
    52    30279.9810    8.38765021  6.797358E+08  2.450760E+07  2.767800E+32
        7.603129E+00  2.411165E+01  7.132537E+00  0.0000000000  0.000000E+00
        8.295487E+31 -9.999860E+00 -1.999885E+00 -3.053960E-01 -3.053960E-01
    53    29824.7179    8.38842890  6.791267E+08  2.729111E+07  2.600393E+32
        7.590670E+00  2.411225E+01  7.132991E+00  0.0000000000  0.000000E+00
        6.499292E+31 -9.999860E+00 -1.999885E+00 -3.053960E-01 -3.053960E-01
    54    29377.3643    8.38919120  6.785310E+08  3.028374E+07  2.443558E+32
        7.578210E+00  2.411284E+01  7.133430E+00  0.0000000000  0.000000E+00
        5.081589E+31 -9.999860E+00 -1.999885E+00 -3.053960E-01 -3.053960E-01
    55    28935.6799    8.38993995  6.779463E+08  3.348752E+07  2.295923E+32
        7.565753E+00  2.411342E+01  7.133858E+00  0.0000000000  0.000000E+00
        3.964940E+31 -9.999860E+00 -1.999885E+00 -3.053960E-01 -3.053960E-01
    56    28500.4102    8.39067586  6.773722E+08  3.689647E+07  2.157204E+32
        7.553324E+00  2.411398E+01  7.134277E+00  0.0000000000  0.000000E+00
        3.088989E+31 -9.999860E+00 -1.999885E+00 -3.053960E-01 -3.053960E-01
    57    28071.0193    8.39139966  6.768079E+08  4.050872E+07  2.026729E+32
        7.540928E+00  2.411453E+01  7.134688E+00  0.0000000000  0.000000E+00
        2.403400E+31 -9.999860E+00 -1.999885E+00 -3.053960E-01 -3.053960E-01
    58    27647.5998    8.39210852  6.762558E+08  4.432045E+07  1.904074E+32
        7.528571E+00  2.411506E+01  7.135085E+00  0.0000000000  0.000000E+00
        1.868048E+31 -9.999860E+00 -1.999885E+00 -3.053960E-01 -3.053960E-01
    59    27229.8030    8.39280200  6.757161E+08  4.832835E+07  1.788704E+32
        7.516262E+00  2.411557E+01  7.135467E+00  0.0000000000  0.000000E+00
        1.450859E+31 -9.999860E+00 -1.999885E+00 -3.053960E-01 -3.053960E-01
    60    26817.4472    8.39348051  6.751885E+08  5.252867E+07  1.680164E+32
        7.504007E+00  2.411607E+01  7.135837E+00  0.0000000000  0.000000E+00
        1.126390E+31 -9.999860E+00 -1.999885E+00 -3.053960E-01 -3.053960E-01
    61    26410.7699    8.39414455  6.746725E+08  5.691818E+07  1.578128E+32
        7.491813E+00  2.411655E+01  7.136195E+00  0.0000000000  0.000000E+00
        8.744177E+30 -9.999860E+00 -1.999885E+00 -3.053960E-01 -3.053960E-01
    62    26009.9072    8.39479520  6.741673E+08  6.149635E+07  1.482254E+32
        7.479681E+00  2.411702E+01  7.136545E+00  0.0000000000  0.000000E+00
        6.788905E+30 -9.999860E+00 -1.999885E+00 -3.053960E-01 -3.053960E-01
    63    25614.9693    8.39543308  6.736724E+08  6.626394E+07  1.392210E+32
        7.467606E+00  2.411748E+01  7.136887E+00  0.0000000000  0.000000E+00
        5.272271E+30 -9.999860E+00 -1.999885E+00 -3.053960E-01 -3.053960E-01
    64    25226.0463    8.39605999  6.731863E+08  7.122245E+07  1.307673E+32
        7.455588E+00  2.411794E+01  7.137228E+00  0.0000000000  0.000000E+00
        4.096286E+30 -9.999860E+00 -1.999885E+00 -3.053960E-01 -3.053960E-01
    65    24843.1332    8.39667706  6.727082E+08  7.637498E+07  1.228318E+32
        7.443624E+00  2.411840E+01  7.137568E+00  0.0000000000  0.000000E+00
        3.184409E+30 -9.999860E+00 -1.999885E+00 -3.053960E-01 -3.053960E-01
    66    24466.1174    8.39728312  6.722390E+08  8.172532E+07  1.153824E+32
        7.431712E+00  2.411885E+01  7.137905E+00  0.0000000000  0.000000E+00
        2.477128E+30 -9.999860E+00 -1.999885E+00 -3.053960E-01 -3.053960E-01
    67    24094.9724    8.39787660  6.717799E+08  8.727620E+07  1.083906E+32
        7.419847E+00  2.411930E+01  7.138234E+00  0.0000000000  0.000000E+00
        1.928475E+30 -9.999860E+00 -1.999885E+00 -3.053960E-01 -3.053960E-01
    68    23729.8069    8.39845533  6.713324E+08  9.303061E+07  1.018319E+32
        7.408029E+00  2.411973E+01  7.138552E+00  0.0000000000  0.000000E+00
        1.502749E+30 -9.999860E+00 -1.999885E+00 -3.053960E-01 -3.053960E-01
    69    23370.1987    8.39901727  6.708982E+08  9.899220E+07  9.567421E+31
        7.396255E+00  2.412014E+01  7.138856E+00  0.0000000000  0.000000E+00
        1.172290E+30 -9.999860E+00 -1.999885E+00 -3.053960E-01 -3.053960E-01
    70    23016.5911    8.39956232  6.704774E+08  1.051627E+08  8.990094E+31
        7.384529E+00  2.412052E+01  7.139143E+00  0.0000000000  0.000000E+00
        9.157408E+29 -9.999860E+00 -1.999885E+00 -3.053960E-01 -3.053960E-01
    71    22668.7604    8.40009436  6.700668E+08  1.115489E+08  8.448493E+31
        7.372851E+00  2.412090E+01  7.139425E+00  0.0000000000  0.000000E+00
        7.164147E+29 -9.999860E+00 -1.999885E+00 -3.053960E-01 -3.053960E-01
    72    22326.5051    8.40061561  6.696648E+08  1.181586E+08  7.940172E+31
        7.361220E+00  2.412128E+01  7.139709E+00  0.0000000000  0.000000E+00
        5.613912E+29 -9.999860E+00 -1.999885E+00 -3.053960E-01 -3.053960E-01
    73    21989.7398    8.40112458  6.692725E+08  1.249999E+08  7.463084E+31
        7.349631E+00  2.412165E+01  7.139991E+00  0.0000000000  0.000000E+00
        4.406615E+29 -9.999860E+00 -1.999885E+00 -3.053960E-01 -3.053960E-01
    74    21658.4185    8.40162003  6.688909E+08  1.320792E+08  7.015352E+31
        7.338083E+00  2.412202E+01  7.140268E+00  0.0000000000  0.000000E+00
        3.465292E+29 -9.999860E+00 -1.999885E+00 -3.053960E-01 -3.053960E-01
    75    21332.4440    8.40210157  6.685201E+08  1.394025E+08  6.595131E+31
        7.326574E+00  2.412237E+01  7.140534E+00  0.0000000000  0.000000E+00
        2.730468E+29 -9.999860E+00 -1.999885E+00 -3.053960E-01 -3.053960E-01
    76    21011.8826    8.40256904  6.681604E+08  1.469757E+08  6.200880E+31
        7.315104E+00  2.412270E+01  7.140785E+00  0.0000000000  0.000000E+00
        2.156063E+29 -9.999860E+00 -1.999885E+00 -3.053960E-01 -3.053960E-01
    77    20696.8855    8.40302261  6.678116E+08  1.548058E+08  5.831227E+31
        7.303673E+00  2.412301E+01  7.141018E+00  0.0000000000  0.000000E+00
        1.706315E+29 -9.999860E+00 -1.999885E+00 -3.053960E-01 -3.053960E-01
    78    20388.0146    8.40346524  6.674714E+08  1.629008E+08  5.485258E+31
        7.292279E+00  2.412330E+01  7.141234E+00  0.0000000000  0.000000E+00
        1.353509E+29 -9.999860E+00 -1.999885E+00 -3.053960E-01 -3.053960E-01
    79    20085.0740    8.40390031  6.671371E+08  1.712739E+08  5.161263E+31
        7.280919E+00  2.412358E+01  7.141441E+00  0.0000000000  0.000000E+00
        1.076078E+29 -9.999860E+00 -1.999885E+00 -3.053960E-01 -3.053960E-01
    80    19787.8523    8.40432954  6.668075E+08  1.799358E+08  4.857666E+31
        7.269591E+00  2.412385E+01  7.141641E+00  0.0000000000  0.000000E+00
        8.574771E+28 -9.999860E+00 -1.999885E+00 -3.053960E-01 -3.053960E-01
    81    19496.4226    8.40475410  6.664817E+08  1.888948E+08  4.573284E+31
        7.258294E+00  2.412411E+01  7.141834E+00  0.0000000000  0.000000E+00
        6.849018E+28 -9.999860E+00 -1.999885E+00 -3.053960E-01 -3.053960E-01
    82    19210.2741    8.40517462  6.661591E+08  1.981609E+08  4.306477E+31
        7.247026E+00  2.412437E+01  7.142023E+00  0.0000000000  0.000000E+00
        5.484004E+28 -9.999860E+00 -1.999885E+00 -3.053960E-01 -3.053960E-01
    83    18929.4196    8.40559099  6.658398E+08  2.077396E+08  4.056213E+31
        7.235791E+00  2.412462E+01  7.142209E+00  0.0000000000  0.000000E+00
        4.402624E+28 -9.999860E+00 -1.999885E+00 -3.053960E-01 -3.053960E-01
    84    18653.4866    8.40600137  6.655253E+08  2.176398E+08  3.821213E+31
        7.224587E+00  2.412486E+01  7.142391E+00  0.0000000000  0.000000E+00
        3.544148E+28 -9.999860E+00 -1.999885E+00 -3.053960E-01 -3.053960E-01
    85    18381.9553    8.40640313  6.652176E+08  2.278668E+08  3.600197E+31
        7.213418E+00  2.412510E+01  7.142566E+00  0.0000000000  0.000000E+00
        2.861504E+28 -9.999860E+00 -1.999885E+00 -3.053960E-01 -3.053960E-01
    86    18114.8948    8.40679643  6.649164E+08  2.384219E+08  3.392418E+31
        7.202295E+00  2.412533E+01  7.142734E+00  0.0000000000  0.000000E+00
        2.317853E+28 -9.999860E+00 -1.999885E+00 -3.053960E-01 -3.053960E-01
    87    17852.3987    8.40718219  6.646212E+08  2.493144E+08  3.197177E+31
        7.191217E+00  2.412555E+01  7.142897E+00  0.0000000000  0.000000E+00
        1.883710E+28 -9.999860E+00 -1.999885E+00 -3.053960E-01 -3.053960E-01
    88    17594.5150    8.40756140  6.643311E+08  2.605562E+08  3.013772E+31
        7.180184E+00  2.412577E+01  7.143056E+00  0.0000000000  0.000000E+00
        1.535927E+28 -9.999860E+00 -1.999885E+00 -3.053960E-01 -3.053960E-01
    89    17341.2114    8.40793492  6.640455E+08  2.721592E+08  2.841485E+31
        7.169194E+00  2.412598E+01  7.143212E+00  0.0000000000  0.000000E+00
        1.256440E+28 -9.999860E+00 -1.999885E+00 -3.053960E-01 -3.053960E-01
    90    17092.4420    8.40830346  6.637638E+08  2.841336E+08  2.679634E+31
        7.158246E+00  2.412619E+01  7.143366E+00  0.0000000000  0.000000E+00
        1.031149E+28 -9.999860E+00 -1.999885E+00 -3.053960E-01 -3.053960E-01
    91    16848.1153    8.40866702  6.634860E+08  2.964893E+08  2.527556E+31
        7.147340E+00  2.412640E+01  7.143519E+00  0.0000000000  0.000000E+00
        8.489866E+27 -9.999860E+00 -1.999885E+00 -3.053960E-01 -3.053960E-01
    92    16608.1120    8.40902359  6.632137E+08  3.092351E+08  2.384625E+31
        7.136475E+00  2.412660E+01  7.143667E+00  0.0000000000  0.000000E+00
        7.012377E+27 -9.999860E+00 -1.999885E+00 -3.053960E-01 -3.053960E-01
    93    16372.3505    8.40936954  6.629496E+08  3.223762E+08  2.250283E+31
        7.125654E+00  2.412678E+01  7.143803E+00  0.0000000000  0.000000E+00
        5.810439E+27 -9.999860E+00 -1.999885E+00 -3.053960E-01 -3.053960E-01
    94    16140.8894    8.40970488  6.626937E+08  3.359151E+08  2.124064E+31
        7.114884E+00  2.412695E+01  7.143926E+00  0.0000000000  0.000000E+00
        4.830059E+27 -9.999860E+00 -1.999885E+00 -3.053960E-01 -3.053960E-01
    95    15913.7229    8.41003034  6.624454E+08  3.498595E+08  2.005485E+31
        7.104167E+00  2.412710E+01  7.144041E+00  0.0000000000  0.000000E+00
        4.027887E+27 -9.999860E+00 -1.999885E+00 -3.053960E-01 -3.053960E-01
    96    15690.8254    8.41034674  6.622042E+08  3.642173E+08  1.894083E+31
        7.093506E+00  2.412725E+01  7.144150E+00  0.0000000000  0.000000E+00
        3.369422E+27 -9.999860E+00 -1.999885E+00 -3.053960E-01 -3.053960E-01
    97    15472.1797    8.41065507  6.619691E+08  3.789959E+08  1.789425E+31
        7.082902E+00  2.412739E+01  7.144257E+00  0.0000000000  0.000000E+00
        2.827187E+27 -9.999860E+00 -1.999885E+00 -3.053960E-01 -3.053960E-01
    98    15257.7877    8.41095670  6.617393E+08  3.942020E+08  1.691111E+31
        7.072356E+00  2.412754E+01  7.144366E+00  0.0000000000  0.000000E+00
        2.379252E+27 -9.999860E+00 -1.999885E+00 -3.053960E-01 -3.053960E-01
    99    15047.6599    8.41125436  6.615126E+08  4.098424E+08  1.598763E+31
        7.061873E+00  2.412769E+01  7.144481E+00  0.0000000000  0.000000E+00
        2.008083E+27 -9.999860E+00 -1.999885E+00 -3.053960E-01 -3.053960E-01
   100    14841.7424    8.41155032  6.612872E+08  4.259261E+08  1.512000E+31
        7.051452E+00  2.412786E+01  7.144604E+00  0.0000000000  0.000000E+00
        1.699559E+27 -9.999860E+00 -1.999885E+00 -3.053960E-01 -3.053960E-01
   101    14639.9009    8.41184302  6.610644E+08  4.424597E+08  1.430448E+31
        7.041093E+00  2.412803E+01  7.144733E+00  0.0000000000  0.000000E+00
        1.442286E+27 -9.999860E+00 -1.999885E+00 -3.053960E-01 -3.053960E-01
   102    14442.1292    8.41213136  6.608450E+08  4.594397E+08  1.353805E+31
        7.030803E+00  2.412820E+01  7.144864E+00  0.0000000000  0.000000E+00
        1.227203E+27 -9.999860E+00 -1.999885E+00 -3.053960E-01 -3.053960E-01
   103    14248.4352    8.41241431  6.606297E+08  4.768601E+08  1.281790E+31
        7.020588E+00  2.412838E+01  7.144994E+00  0.0000000000  0.000000E+00
        1.046945E+27 -9.999860E+00 -1.999885E+00 -3.053960E-01 -3.053960E-01
   104    14058.8896    8.41269094  6.604194E+08  4.947070E+08  1.214159E+31
        7.010458E+00  2.412854E+01  7.145119E+00  0.0000000000  0.000000E+00
        8.955444E+26 -9.999860E+00 -1.999885E+00 -3.053960E-01 -3.053960E-01
   105    13873.6974    8.41296010  6.602148E+08  5.129501E+08  1.150724E+31
        7.000430E+00  2.412870E+01  7.145238E+00  0.0000000000  0.000000E+00
        7.681914E+26 -9.999860E+00 -1.999885E+00 -3.053960E-01 -3.053960E-01
   106    13693.3441    8.41321948  6.600176E+08  5.315206E+08  1.091393E+31
        6.990538E+00  2.412884E+01  7.145346E+00  0.0000000000  0.000000E+00
        6.610674E+26 -9.999860E+00 -1.999885E+00 -3.053960E-01 -3.053960E-01
   107    13518.9708    8.41346569  6.598306E+08  5.502637E+08  1.036266E+31
        6.980855E+00  2.412897E+01  7.145440E+00  0.0000000000  0.000000E+00
        5.712703E+26 -9.999860E+00 -1.999885E+00 -3.053960E-01 -3.053960E-01
   108    13353.2975    8.41369581  6.596558E+08  5.688244E+08  9.858726E+30
        6.971544E+00  2.412908E+01  7.145520E+00  0.0000000000  0.000000E+00
        4.968933E+26 -9.999860E+00 -1.999885E+00 -3.053960E-01 -3.053960E-01
   109    13201.6385    8.41390580  6.594963E+08  5.864870E+08  9.413867E+30
        6.962924E+00  2.412917E+01  7.145588E+00  0.0000000000  0.000000E+00
        4.370129E+26 -9.999860E+00 -1.999885E+00 -3.053960E-01 -3.053960E-01
   110    13067.9950    8.41409288  6.593543E+08  6.026055E+08  9.034528E+30
        6.955249E+00  2.412925E+01  7.145645E+00  0.0000000000  0.000000E+00
        3.900098E+26 -9.999860E+00 -1.999885E+00 -3.053960E-01 -3.053960E-01
   111    12954.9507    8.41425372  6.592322E+08  6.166557E+08  8.722719E+30
        6.948698E+00  2.412931E+01  7.145692E+00  0.0000000000  0.000000E+00
        3.540491E+26 -9.999860E+00 -1.999885E+00 -3.053960E-01 -3.053960E-01
   112    12855.5261    8.41439703  6.591234E+08  6.293455E+08  8.455220E+30
        6.942891E+00  2.412937E+01  7.145733E+00  0.0000000000  0.000000E+00
        3.250465E+26 -9.999860E+00 -1.999885E+00 -3.053960E-01 -3.053960E-01
   113    12763.1834    8.41453180  6.590212E+08  6.414261E+08  8.212337E+30
        6.937459E+00  2.412942E+01  7.145771E+00  0.0000000000  0.000000E+00
        3.001401E+26 -9.999860E+00 -1.999885E+00 -3.053960E-01 -3.053960E-01
   114    12675.4856    8.41466125  6.589230E+08  6.531725E+08  7.986559E+30
        6.932264E+00  2.412947E+01  7.145807E+00  0.0000000000  0.000000E+00
        2.781676E+26 -9.999860E+00 -1.999885E+00 -3.053960E-01 -3.053960E-01
   115    12590.7472    8.41478798  6.588268E+08  6.647860E+08  7.772855E+30
        6.927212E+00  2.412952E+01  7.145842E+00  0.0000000000  0.000000E+00
        2.583863E+26 -9.999860E+00 -1.999885E+00 -3.053960E-01 -3.053960E-01
   116    12508.3945    8.41491296  6.587321E+08  6.763271E+08  7.569302E+30
        6.922271E+00  2.412957E+01  7.145877E+00  0.0000000000  0.000000E+00
        2.404413E+26 -9.999860E+00 -1.999885E+00 -3.053960E-01 -3.053960E-01
   117    12428.1120    8.41503633  6.586385E+08  6.878274E+08  7.374742E+30
        6.917424E+00  2.412962E+01  7.145912E+00  0.0000000000  0.000000E+00
        2.240843E+26 -9.999860E+00 -1.999885E+00 -3.053960E-01 -3.053960E-01
   118    12348.7853    8.41515945  6.585451E+08  6.994410E+08  7.186212E+30
        6.912605E+00  2.412967E+01  7.145948E+00  0.0000000000  0.000000E+00
        2.089551E+26 -9.999860E+00 -1.999885E+00 -3.053960E-01 -3.053960E-01
   119    12269.4604    8.41528400  6.584507E+08  7.113092E+08  7.001328E+30
        6.907757E+00  2.412972E+01  7.145986E+00  0.0000000000  0.000000E+00
        1.947929E+26 -9.999860E+00 -1.999885E+00 -3.053960E-01 -3.053960E-01
   120    12190.5273    8.41540987  6.583553E+08  7.233810E+08  6.820915E+30
        6.902902E+00  2.412977E+01  7.146024E+00  0.0000000000  0.000000E+00
        1.815988E+26 -9.999860E+00 -1.999885E+00 -3.053960E-01 -3.053960E-01
   121    12112.8319    8.41553558  6.582600E+08  7.355220E+08  6.646756E+30
        6.898095E+00  2.412982E+01  7.146064E+00  0.0000000000  0.000000E+00
        1.694363E+26 -9.999860E+00 -1.999885E+00 -3.053960E-01 -3.053960E-01
   122    12036.4416    8.41566045  6.581654E+08  7.477166E+08  6.478799E+30
        6.893341E+00  2.412988E+01  7.146103E+00  0.0000000000  0.000000E+00
        1.582277E+26 -9.999860E+00 -1.999885E+00 -3.053960E-01 -3.053960E-01
   123    11960.2990    8.41578535  6.580708E+08  7.601336E+08  6.314593E+30
        6.888574E+00  2.412993E+01  7.146144E+00  0.0000000000  0.000000E+00
        1.477504E+26 -9.999860E+00 -1.999885E+00 -3.053960E-01 -3.053960E-01
   124    11883.1329    8.41591191  6.579749E+08  7.729910E+08  6.151407E+30
        6.883714E+00  2.412999E+01  7.146187E+00  0.0000000000  0.000000E+00
        1.378002E+26 -9.999860E+00 -1.999885E+00 -3.053960E-01 -3.053960E-01
   125    11804.4053    8.41604094  6.578772E+08  7.864025E+08  5.988224E+30
        6.878726E+00  2.413005E+01  7.146231E+00  0.0000000000  0.000000E+00
        1.282986E+26 -9.999860E+00 -1.999885E+00 -3.053960E-01 -3.053960E-01
   126    11724.2555    8.41617239  6.577776E+08  8.003686E+08  5.825474E+30
        6.873617E+00  2.413011E+01  7.146276E+00  0.0000000000  0.000000E+00
        1.192589E+26 -9.999860E+00 -1.999885E+00 -3.053960E-01 -3.053960E-01
   127    11643.2392    8.41630559  6.576767E+08  8.148160E+08  5.664378E+30
        6.868420E+00  2.413017E+01  7.146322E+00  0.0000000000  0.000000E+00
        1.107294E+26 -9.999860E+00 -1.999885E+00 -3.053960E-01 -3.053960E-01
   128    11561.9815    8.41643963  6.575753E+08  8.296484E+08  5.506200E+30
        6.863174E+00  2.413023E+01  7.146369E+00  0.0000000000  0.000000E+00
        1.027498E+26 -9.999860E+00 -1.999885E+00 -3.053960E-01 -3.053960E-01
   129    11480.9365    8.41657385  6.574736E+08  8.447938E+08  5.351776E+30
        6.857907E+00  2.413029E+01  7.146415E+00  0.0000000000  0.000000E+00
        9.532834E+25 -9.999860E+00 -1.999885E+00 -3.053960E-01 -3.053960E-01
   130    11400.3757    8.41670814  6.573720E+08  8.602072E+08  5.201529E+30
        6.852637E+00  2.413035E+01  7.146460E+00  0.0000000000  0.000000E+00
        8.844791E+25 -9.999860E+00 -1.999885E+00 -3.053960E-01 -3.053960E-01
   131    11320.8340    8.41684090  6.572715E+08  8.757856E+08  5.056329E+30
        6.847399E+00  2.413040E+01  7.146505E+00  0.0000000000  0.000000E+00
        8.211007E+25 -9.999860E+00 -1.999885E+00 -3.053960E-01 -3.053960E-01
   132    11241.6153    8.41697290  6.571717E+08  8.916672E+08  4.914785E+30
        6.842148E+00  2.413046E+01  7.146547E+00  0.0000000000  0.000000E+00
        7.621982E+25 -9.999860E+00 -1.999885E+00 -3.053960E-01 -3.053960E-01
   133    11162.4502    8.41710430  6.570723E+08  9.079150E+08  4.776352E+30
        6.836866E+00  2.413051E+01  7.146589E+00  0.0000000000  0.000000E+00
        7.072742E+25 -9.999860E+00 -1.999885E+00 -3.053960E-01 -3.053960E-01
   134    11083.1244    8.41723505  6.569733E+08  9.245844E+08  4.640623E+30
        6.831538E+00  2.413057E+01  7.146629E+00  0.0000000000  0.000000E+00
        6.559417E+25 -9.999860E+00 -1.999885E+00 -3.053960E-01 -3.053960E-01
   135    11003.3717    8.41736533  6.568748E+08  9.417491E+08  4.507133E+30
        6.826145E+00  2.413062E+01  7.146667E+00  0.0000000000  0.000000E+00
        6.078299E+25 -9.999860E+00 -1.999885E+00 -3.053960E-01 -3.053960E-01
   136    10922.9105    8.41749605  6.567760E+08  9.594938E+08  4.375422E+30
        6.820667E+00  2.413067E+01  7.146704E+00  0.0000000000  0.000000E+00
        5.626164E+25 -9.999860E+00 -1.999885E+00 -3.053960E-01 -3.053960E-01
   137    10750.2710    8.41777704  6.565635E+08  9.994938E+08  4.102637E+30
        6.808779E+00  2.413078E+01  7.146787E+00  0.0000000000  0.000000E+00
        4.758828E+25 -9.999860E+00 -1.999885E+00 -3.053960E-01 -3.053960E-01
   138    10588.7356    8.41803943  6.563652E+08  1.038891E+09  3.859220E+30
        6.797488E+00  2.413089E+01  7.146868E+00  0.0000000000  0.000000E+00
        4.060498E+25 -9.999860E+00 -1.999885E+00 -3.053960E-01 -3.053960E-01
   139    10423.2713    8.41830650  6.561634E+08  1.081413E+09  3.621364E+30
        6.785751E+00  2.413101E+01  7.146951E+00  0.0000000000  0.000000E+00
        3.441567E+25 -9.999860E+00 -1.999885E+00 -3.053960E-01 -3.053960E-01
   140    10260.7384    8.41856670  6.559669E+08  1.126973E+09  3.398680E+30
        6.777324E+00  2.413114E+01  7.147098E+00  0.0061745865 -2.689902E-03
        2.910563E+25 -9.999860E+00 -1.999885E+00 -3.053960E-01 -3.053960E-01
   141    10103.7863    8.41881849  6.557768E+08  1.178222E+09  3.193601E+30
        6.767196E+00  2.413128E+01  7.147206E+00  0.0236789393 -1.040734E-02
        2.476175E+25 -9.999860E+00 -1.999885E+00 -3.053960E-01 -3.053960E-01
   142     9948.2848    8.41906834  6.555882E+08  1.238661E+09  2.999764E+30
        6.755962E+00  2.413144E+01  7.147321E+00  0.0494010699 -2.200268E-02
        2.097184E+25 -9.999860E+00 -1.999885E+00 -3.053960E-01 -3.053960E-01
   143     9788.9826    8.41932261  6.553963E+08  1.309377E+09  2.810542E+30
        6.743393E+00  2.413160E+01  7.147438E+00  0.0844412751 -3.831379E-02
        1.748858E+25 -9.999860E+00 -1.999885E+00 -3.053960E-01 -3.053960E-01
   144     9631.7076    8.41956587  6.552127E+08  1.388414E+09  2.632751E+30
        6.731109E+00  2.413173E+01  7.147532E+00  0.1209605337 -5.599163E-02
        1.460718E+25 -9.999860E+00 -1.999885E+00 -3.053960E-01 -3.053960E-01
   145     9487.8849    8.41978658  6.550463E+08  1.467452E+09  2.477728E+30
        6.719344E+00  2.413182E+01  7.147596E+00  0.1560730346 -7.369514E-02
        1.227358E+25 -9.999860E+00 -1.999885E+00 -3.053960E-01 -3.053960E-01
   146     9324.9602    8.42002612  6.548657E+08  1.560233E+09  2.310598E+30
        6.705745E+00  2.413189E+01  7.147645E+00  0.2007376082 -9.731062E-02
        1.002687E+25 -9.999860E+00 -1.999885E+00 -3.053960E-01 -3.053960E-01
   147     9162.4562    8.42025842  6.546905E+08  1.654856E+09  2.152543E+30
        6.692144E+00  2.413195E+01  7.147682E+00  0.2466869158 -1.230245E-01
        8.157648E+24 -9.999860E+00 -1.999885E+00 -3.053960E-01 -3.053960E-01
   148     9007.1671    8.42048372  6.545207E+08  1.750272E+09  2.009239E+30
        6.679042E+00  2.413201E+01  7.147724E+00  0.2919220395 -1.499189E-01
        6.685862E+24 -9.999860E+00 -1.999885E+00 -3.053960E-01 -3.053960E-01
   149     8854.7058    8.42070980  6.543504E+08  1.849780E+09  1.875639E+30
        6.666276E+00  2.413210E+01  7.147785E+00  0.3300673050 -1.739688E-01
        5.507669E+24 -9.999860E+00 -1.999885E+00 -3.053960E-01 -3.053960E-01
   150     8699.0147    8.42094935  6.541700E+08  1.954218E+09  1.746198E+30
        6.652853E+00  2.413221E+01  7.147869E+00  0.3746472369 -2.038749E-01
        4.476876E+24 -9.999860E+00 -1.999885E+00 -3.053960E-01 -3.053960E-01
   151     8552.2179    8.42117015  6.540037E+08  2.059673E+09  1.630450E+30
        6.640146E+00  2.413232E+01  7.147944E+00  0.4154152814 -2.331525E-01
        3.689009E+24 -9.999860E+00 -1.999885E+00 -3.053960E-01 -3.053960E-01
   152     8405.0982    8.42138197  6.538442E+08  2.171280E+09  1.520379E+30
        6.627197E+00  2.413240E+01  7.148006E+00  0.4517166503 -2.609949E-01
        3.018026E+24 -9.999860E+00 -1.999885E+00 -3.053960E-01 -3.053960E-01
   153     8252.7458    8.42159539  6.536836E+08  2.287259E+09  1.412411E+30
        6.613548E+00  2.413248E+01  7.148062E+00  0.4936472427 -2.955468E-01
        2.448730E+24 -9.999860E+00 -1.999885E+00 -3.053960E-01 -3.053960E-01
   154     8112.4765    8.42178859  6.535382E+08  2.401583E+09  1.318220E+30
        6.600853E+00  2.413255E+01  7.148110E+00  0.5252291573 -3.235160E-01
        2.018722E+24 -9.999860E+00 -1.999885E+00 -3.053960E-01 -3.053960E-01
   155     7969.8320    8.42198804  6.533882E+08  2.522162E+09  1.227358E+30
        6.587887E+00  2.413262E+01  7.148164E+00  0.5620288138 -3.585545E-01
        1.651739E+24 -9.999860E+00 -1.999885E+00 -3.053960E-01 -3.053960E-01
   156     7834.1689    8.42218578  6.532394E+08  2.645069E+09  1.145377E+30
        6.575210E+00  2.413271E+01  7.148223E+00  0.5933838672 -3.908154E-01
        1.357799E+24 -9.999860E+00 -1.999885E+00 -3.053960E-01 -3.053960E-01
   157     7699.2142    8.42238831  6.530871E+08  2.773239E+09  1.067972E+30
        6.562385E+00  2.413280E+01  7.148290E+00  0.6244290744 -4.253080E-01
        1.104909E+24 -9.999860E+00 -1.999885E+00 -3.053960E-01 -3.053960E-01
   158     7563.0697    8.42259558  6.529313E+08  2.903755E+09  9.939382E+29
        6.549065E+00  2.413289E+01  7.148358E+00  0.6550348727 -4.622248E-01
        8.902003E+23 -9.999860E+00 -1.999885E+00 -3.053960E-01 -3.053960E-01
   159     7437.6766    8.42278252  6.527908E+08  3.030385E+09  9.292428E+29
        6.536710E+00  2.413297E+01  7.148416E+00  0.6801105719 -4.950001E-01
        7.244346E+23 -9.999860E+00 -1.999885E+00 -3.053960E-01 -3.053960E-01
   160     7308.5339    8.42297354  6.526472E+08  3.159461E+09  8.659844E+29
        6.523819E+00  2.413304E+01  7.148471E+00  0.7047161735 -5.297603E-01
        5.842926E+23 -9.999860E+00 -1.999885E+00 -3.053960E-01 -3.053960E-01
   161     7192.6999    8.42314246  6.525203E+08  3.281350E+09  8.120594E+29
        6.512197E+00  2.413310E+01  7.148514E+00  0.7287766990 -5.666730E-01
        4.818597E+23 -9.999860E+00 -1.999885E+00 -3.053960E-01 -3.053960E-01
   162     7086.1676    8.42330461  6.523985E+08  3.403444E+09  7.647221E+29
        6.500934E+00  2.413314E+01  7.148550E+00  0.7475822791 -5.978802E-01
        3.993778E+23 -9.999860E+00 -1.999885E+00 -3.053960E-01 -3.053960E-01
   163     6974.8338    8.42347694  6.522691E+08  3.526346E+09  7.174986E+29
        6.489253E+00  2.413319E+01  7.148582E+00  0.7659526354 -6.306962E-01
        3.267235E+23 -9.999860E+00 -1.999885E+00 -3.053960E-01 -3.053960E-01
   164     6882.3615    8.42362870  6.521551E+08  3.636752E+09  6.799606E+29
        6.479218E+00  2.413322E+01  7.148604E+00  0.7838493789 -6.652435E-01
        2.758606E+23 -9.999860E+00 -1.999885E+00 -3.053960E-01 -3.053960E-01
   165     6789.4545    8.42378970  6.520343E+08  3.745544E+09  6.437428E+29
        6.469008E+00  2.413325E+01  7.148625E+00  0.8012341207 -7.016582E-01
        2.312575E+23 -9.999860E+00 -1.999885E+00 -3.053960E-01 -3.053960E-01
   166     6711.8474    8.42393030  6.519287E+08  3.843785E+09  6.146113E+29
        6.460083E+00  2.413327E+01  7.148640E+00  0.8139135825 -7.302853E-01
        1.986691E+23 -9.999860E+00 -1.999885E+00 -3.053960E-01 -3.053960E-01
   167     6637.9164    8.42406709  6.518261E+08  3.942527E+09  5.877905E+29
        6.451281E+00  2.413329E+01  7.148654E+00  0.8221865622 -7.500354E-01
        1.717714E+23 -9.999860E+00 -1.999885E+00 -3.053960E-01 -3.053960E-01
   168     6567.4425    8.42420129  6.517254E+08  4.042027E+09  5.630492E+29
        6.442536E+00  2.413331E+01  7.148669E+00  0.8343140431 -7.807143E-01
        1.475527E+23 -9.999860E+00 -1.999885E+00 -3.053960E-01 -3.053960E-01
   169     6498.7487    8.42433499  6.516251E+08  4.142904E+09  5.396927E+29
        6.433766E+00  2.413334E+01  7.148684E+00  0.8460887416 -8.127296E-01
        1.269522E+23 -9.999860E+00 -1.999885E+00 -3.053960E-01 -3.053960E-01
   170     6438.5553    8.42446126  6.515303E+08  4.242780E+09  5.198224E+29
        6.425191E+00  2.413336E+01  7.148701E+00  0.8537345527 -8.348583E-01
        1.098032E+23 -9.999860E+00 -1.999885E+00 -3.053960E-01 -3.053960E-01
   171     6378.4024    8.42459363  6.514311E+08  4.347203E+09  5.005144E+29
        6.416210E+00  2.413339E+01  7.148722E+00  0.8648852910 -8.692974E-01
        9.399517E+22 -9.999860E+00 -1.999885E+00 -3.053960E-01 -3.053960E-01
   172     6320.2711    8.42472930  6.513293E+08  4.449950E+09  4.823653E+29
        6.406898E+00  2.413342E+01  7.148745E+00  0.8756400593 -9.053195E-01
        7.988834E+22 -9.999860E+00 -1.999885E+00 -3.053960E-01 -3.053960E-01
   173     6274.3516    8.42484194  6.512449E+08  4.547617E+09  4.683775E+29
        6.398533E+00  2.413345E+01  7.148766E+00  0.8825819239 -9.302650E-01
        6.949222E+22 -9.999860E+00 -1.999885E+00 -3.053960E-01 -3.053960E-01
   174     6221.4407    8.42497748  6.511432E+08  4.657410E+09  4.526358E+29
        6.388514E+00  2.413349E+01  7.148793E+00  0.8926407527 -9.691605E-01
        5.853223E+22 -9.999860E+00 -1.999885E+00 -3.053960E-01 -3.053960E-01
   175     6179.6608    8.42508738  6.510609E+08  4.759751E+09  4.404876E+29
        6.379588E+00  2.413352E+01  7.148817E+00  0.8991036618 -9.961246E-01
        5.007404E+22 -9.999860E+00 -1.999885E+00 -3.053960E-01 -3.053960E-01
   176     6130.7667    8.42521794  6.509630E+08  4.874592E+09  4.265832E+29
        6.368931E+00  2.413355E+01  7.148845E+00  0.9084215640 -1.038207E+00
        4.158721E+22 -9.999860E+00 -1.999885E+00 -3.053960E-01 -3.053960E-01
   177     6090.8090    8.42532525  6.508826E+08  4.981890E+09  4.154676E+29
        6.359315E+00  2.413359E+01  7.148868E+00  0.9143755265 -1.067402E+00
        3.541601E+22 -9.999860E+00 -1.999885E+00 -3.053960E-01 -3.053960E-01
   178     6045.2978    8.42544990  6.507892E+08  5.099814E+09  4.030727E+29
        6.348112E+00  2.413362E+01  7.148892E+00  0.9229075150 -1.112988E+00
        2.914235E+22 -9.999860E+00 -1.999885E+00 -3.053960E-01 -3.053960E-01
   179     6004.9984    8.42556183  6.507053E+08  5.209908E+09  3.923307E+29
        6.337485E+00  2.413364E+01  7.148912E+00  0.9309463616 -1.160813E+00
        2.427853E+22 -9.999860E+00 -1.999885E+00 -3.053960E-01 -3.053960E-01
   180     5968.4825    8.42566244  6.506300E+08  5.320555E+09  3.827858E+29
        6.327036E+00  2.413366E+01  7.148923E+00  0.9360236271 -1.193980E+00
        2.038094E+22 -9.999860E+00 -1.999885E+00 -3.053960E-01 -3.053960E-01
   181     5925.2776    8.42577980  6.505421E+08  5.445555E+09  3.717214E+29
        6.314520E+00  2.413367E+01  7.148931E+00  0.9432045807 -1.245687E+00
        1.641668E+22 -9.999860E+00 -1.999885E+00 -3.053960E-01 -3.053960E-01
   182     5863.8368    8.42594077  6.504215E+08  5.633055E+09  3.564095E+29
        6.295458E+00  2.413368E+01  7.148934E+00  0.9519420959 -1.318235E+00
        1.188364E+22 -9.999860E+00 -1.999885E+00 -3.053960E-01 -3.053960E-01
   183     5789.8458    8.42612624  6.502826E+08  5.852265E+09  3.386135E+29
        6.271991E+00  2.413369E+01  7.148941E+00  0.9614646828 -1.414141E+00
        7.945428E+21 -9.999860E+00 -1.999885E+00 -3.053960E-01 -3.053960E-01
   184     5718.0672    8.42630620  6.501479E+08  6.061911E+09  3.219981E+29
        6.248563E+00  2.413372E+01  7.148965E+00  0.9693626379 -1.513749E+00
        5.337521E+21 -9.999860E+00 -1.999885E+00 -3.053960E-01 -3.053960E-01
   185     5648.4990    8.42647624  6.500207E+08  6.264695E+09  3.064916E+29
        6.225128E+00  2.413375E+01  7.148985E+00  0.9756723091 -1.613899E+00
        3.602344E+21 -9.999860E+00 -1.999885E+00 -3.053960E-01 -3.053960E-01
   186     5579.5573    8.42663490  6.499019E+08  6.460943E+09  2.916934E+29
        6.201537E+00  2.413378E+01  7.149002E+00  0.9806825217 -1.714050E+00
        2.421573E+21 -9.999860E+00 -1.999885E+00 -3.053960E-01 -3.053960E-01
   187     5508.7941    8.42677950  6.497937E+08  6.647931E+09  2.770826E+29
        6.177803E+00  2.413380E+01  7.149021E+00  0.9853522836 -1.834230E+00
        1.633068E+21 -9.999860E+00 -1.999885E+00 -3.053960E-01 -3.053960E-01
   188     5436.5877    8.42690795  6.496977E+08  6.822188E+09  2.627606E+29
        6.154483E+00  2.413384E+01  7.149047E+00  0.9872450227 -1.894320E+00
        1.109489E+21 -9.999860E+00 -1.999885E+00 -3.053960E-01 -3.053960E-01
   189     5364.8180    8.42702587  6.496095E+08  6.985771E+09  2.490902E+29
        6.131504E+00  2.413388E+01  7.149078E+00  0.9878199348 -1.914350E+00
        7.599520E+20 -9.999860E+00 -1.999885E+00 -3.053960E-01 -3.053960E-01
   190     5295.7074    8.42713388  6.495287E+08  7.140394E+09  2.364420E+29
        6.108944E+00  2.413392E+01  7.149104E+00  0.9878199348 -1.914350E+00
        5.262813E+20 -9.999860E+00 -1.999885E+00 -3.053960E-01 -3.053960E-01
   191     5225.5346    8.42723739  6.494513E+08  7.288952E+09  2.241032E+29
        6.086310E+00  2.413395E+01  7.149122E+00  0.9883689334 -1.934380E+00
        3.642625E+20 -9.999860E+00 -1.999885E+00 -3.053960E-01 -3.053960E-01
   192     5154.6836    8.42733540  6.493780E+08  7.429665E+09  2.121462E+29
        6.064239E+00  2.413397E+01  7.149139E+00  0.9883689334 -1.934380E+00
        2.552012E+20 -9.999860E+00 -1.999885E+00 -3.053960E-01 -3.053960E-01
   193     5078.1202    8.42742721  6.493094E+08  7.566303E+09  1.997778E+29
        6.041982E+00  2.413399E+01  7.149155E+00  0.9883689334 -1.934380E+00
        1.778762E+20 -9.999860E+00 -1.999885E+00 -3.053960E-01 -3.053960E-01
   194     4999.0904    8.42750336  6.492524E+08  7.696354E+09  1.875958E+29
        6.020141E+00  2.413401E+01  7.149166E+00  0.9883689334 -1.934380E+00
        1.249613E+20 -9.999860E+00 -1.999885E+00 -3.053960E-01 -3.053960E-01
   195     4917.9933    8.42757686  6.491975E+08  7.822678E+09  1.756861E+29
        5.998326E+00  2.413403E+01  7.149182E+00  0.9888931867 -1.954411E+00
        8.799654E+19 -9.999860E+00 -1.999885E+00 -3.053960E-01 -3.053960E-01
   196     4837.5047    8.42765078  6.491423E+08  7.945360E+09  1.644362E+29
        5.976552E+00  2.413406E+01  7.149202E+00  0.9888931867 -1.954411E+00
        6.193245E+19 -9.999860E+00 -1.999885E+00 -3.053960E-01 -3.053960E-01
   197     4761.1058    8.42771856  6.490916E+08  8.064036E+09  1.542678E+29
        5.955057E+00  2.413409E+01  7.149219E+00  0.9888931867 -1.954411E+00
        4.380184E+19 -9.999860E+00 -1.999885E+00 -3.053960E-01 -3.053960E-01
   198     4685.3823    8.42777638  6.490484E+08  8.179476E+09  1.446659E+29
        5.933256E+00  2.413410E+01  7.149228E+00  0.9888931867 -1.954411E+00
        3.092355E+19 -9.999860E+00 -1.999885E+00 -3.053960E-01 -3.053960E-01
   199     4613.6392    8.42782217  6.490142E+08  8.287670E+09  1.359925E+29
        5.912094E+00  2.413410E+01  7.149228E+00  0.9888931867 -1.954411E+00
        2.204825E+19 -9.999860E+00 -1.999885E+00 -3.053960E-01 -3.053960E-01
   200     4541.4896    8.42786204  6.489844E+08  8.391400E+09  1.276715E+29
        5.891130E+00  2.413410E+01  7.149226E+00  0.9888931867 -1.954411E+00
        1.575875E+19 -9.999860E+00 -1.999885E+00 -3.053960E-01 -3.053960E-01
   201     4467.2574    8.42790086  6.489554E+08  8.491624E+09  1.195159E+29
        5.870232E+00  2.413410E+01  7.149225E+00  0.9893938100 -1.974441E+00
        1.127270E+19 -9.999860E+00 -1.999885E+00 -3.053960E-01 -3.053960E-01
   202     4390.8091    8.42794071  6.489256E+08  8.589183E+09  1.115321E+29
        5.849250E+00  2.413410E+01  7.149228E+00  0.9893938100 -1.974441E+00
        8.042709E+18 -9.999860E+00 -1.999885E+00 -3.053960E-01 -3.053960E-01
   203     4313.0719    8.42797714  6.488984E+08  8.684686E+09  1.038322E+29
        5.828096E+00  2.413410E+01  7.149229E+00  0.9893938100 -1.974441E+00
        5.719994E+18 -9.999860E+00 -1.999885E+00 -3.053960E-01 -3.053960E-01
   204     4235.3757    8.42801076  6.488733E+08  8.778144E+09  9.654272E+28
        5.806775E+00  2.413410E+01  7.149229E+00  0.9893938100 -1.974441E+00
        4.053928E+18 -9.999860E+00 -1.999885E+00 -3.053960E-01 -3.053960E-01
   205     4160.8010    8.42804216  6.488498E+08  8.869210E+09  8.991417E+28
        5.785718E+00  2.413410E+01  7.149230E+00  0.9893938100 -1.974441E+00
        2.882472E+18 -9.999860E+00 -1.999885E+00 -3.053960E-01 -3.053960E-01
   206     4082.4975    8.42807435  6.488258E+08  8.959726E+09  8.332818E+28
        5.763728E+00  2.413411E+01  7.149232E+00  0.9893938100 -1.974441E+00
        2.015468E+18 -9.999860E+00 -1.999885E+00 -3.053960E-01 -3.053960E-01
   207     4007.4061    8.42810220  6.488050E+08  9.044762E+09  7.735952E+28
        5.742355E+00  2.413411E+01  7.149232E+00  0.9893938100 -1.974441E+00
        1.422735E+18 -9.999860E+00 -1.999885E+00 -3.053960E-01 -3.053960E-01
   208     3931.3733    8.42812807  6.487857E+08  9.127842E+09  7.164924E+28
        5.720811E+00  2.413410E+01  7.149232E+00  0.9893938100 -1.974441E+00
        1.000036E+18 -9.999860E+00 -1.999885E+00 -3.053960E-01 -3.053960E-01
   209     3853.3047    8.42815324  6.487669E+08  9.209245E+09  6.612150E+28
        5.699023E+00  2.413411E+01  7.149233E+00  0.9898718684 -1.994471E+00
        6.995920E+17 -9.999860E+00 -1.999885E+00 -3.053960E-01 -3.053960E-01
   210     3772.4706    8.42817597  6.487499E+08  9.289633E+09  6.074213E+28
        5.676852E+00  2.413411E+01  7.149233E+00  0.9898718684 -1.994471E+00
        4.856825E+17 -9.999860E+00 -1.999885E+00 -3.053960E-01 -3.053960E-01
   211     3689.1374    8.42819648  6.487346E+08  9.369486E+09  5.554761E+28
        5.654230E+00  2.413411E+01  7.149233E+00  0.9898718684 -1.994471E+00
        3.343301E+17 -9.999860E+00 -1.999885E+00 -3.053960E-01 -3.053960E-01
   212     3607.5109    8.42821584  6.487201E+08  9.449040E+09  5.078989E+28
        5.631810E+00  2.413411E+01  7.149233E+00  0.9898718684 -1.994471E+00
        2.307811E+17 -9.999860E+00 -1.999885E+00 -3.053960E-01 -3.053960E-01
   213     3516.7224    8.42823700  6.487043E+08  9.531242E+09  4.586463E+28
        5.607262E+00  2.413411E+01  7.149234E+00  0.9898718684 -1.994471E+00
        1.533241E+17 -9.999860E+00 -1.999885E+00 -3.053960E-01 -3.053960E-01
   214     3429.9788    8.42825481  6.486910E+08  9.609063E+09  4.150243E+28
        5.583344E+00  2.413411E+01  7.149234E+00  0.9898718684 -1.994471E+00
        1.028421E+17 -9.999860E+00 -1.999885E+00 -3.053960E-01 -3.053960E-01
   215     3342.4577    8.42827171  6.486784E+08  9.686541E+09  3.742437E+28
        5.558939E+00  2.413411E+01  7.149234E+00  0.9903283790 -2.014501E+00
        6.831386E+16 -9.999860E+00 -1.999885E+00 -3.053960E-01 -3.053960E-01
   216     3254.0250    8.42828781  6.486663E+08  9.763634E+09  3.361695E+28
        5.533995E+00  2.413411E+01  7.149234E+00  0.9903283790 -2.014501E+00
        4.487925E+16 -9.999860E+00 -1.999885E+00 -3.053960E-01 -3.053960E-01
   217     3165.0780    8.42830163  6.486560E+08  9.840193E+09  3.008836E+28
        5.508624E+00  2.413411E+01  7.149234E+00  0.9903283790 -2.014501E+00
        2.922316E+16 -9.999860E+00 -1.999885E+00 -3.053960E-01 -3.053960E-01
   218     3081.1820    8.42831367  6.486470E+08  9.916314E+09  2.702205E+28
        5.484162E+00  2.413411E+01  7.149234E+00  0.9903283790 -2.014501E+00
        1.929546E+16 -9.999860E+00 -1.999885E+00 -3.053960E-01 -3.053960E-01
   219     2986.2977    8.42832837  6.486361E+08  9.996507E+09  2.384331E+28
        5.456470E+00  2.413411E+01  7.149234E+00  0.9903283790 -2.014501E+00
        1.201902E+16 -9.999860E+00 -1.999885E+00 -3.053960E-01 -3.053960E-01
   220     2898.5002    8.42834116  6.486265E+08  1.007107E+10  2.115995E+28
        5.430122E+00  2.413411E+01  7.149235E+00  0.9907643130 -2.034531E+00
        7.646095E+15 -9.999860E+00 -1.999885E+00 -3.053960E-01 -3.053960E-01
   221     2818.2874    8.42835166  6.486187E+08  1.014504E+10  1.891263E+28
        5.405284E+00  2.413411E+01  7.149235E+00  0.9907643130 -2.034531E+00
        4.985618E+15 -9.999860E+00 -1.999885E+00 -3.053960E-01 -3.053960E-01
   222     2726.3689    8.42836442  6.486091E+08  1.022382E+10  1.656291E+28
        5.376508E+00  2.413411E+01  7.149235E+00  0.9907643130 -2.034531E+00
        3.025017E+15 -9.999860E+00 -1.999885E+00 -3.053960E-01 -3.053960E-01
   223     2643.4795    8.42837448  6.486016E+08  1.029591E+10  1.463834E+28
        5.349646E+00  2.413411E+01  7.149235E+00  0.9911805978 -2.054561E+00
        1.894124E+15 -9.999860E+00 -1.999885E+00 -3.053960E-01 -3.053960E-01
   224     2570.0226    8.42838191  6.485961E+08  1.036713E+10  1.307761E+28
        5.325017E+00  2.413411E+01  7.149235E+00  0.9911805978 -2.054561E+00
        1.231513E+15 -9.999860E+00 -1.999885E+00 -3.053960E-01 -3.053960E-01
   225     2490.8815    8.42839154  6.485889E+08  1.044430E+10  1.153940E+28
        5.297875E+00  2.413411E+01  7.149235E+00  0.9915781192 -2.074591E+00
        7.653193E+14 -9.999860E+00 -1.999885E+00 -3.053960E-01 -3.053960E-01
   226     2407.8488    8.42839978  6.485827E+08  1.051983E+10  1.007580E+28
        5.268497E+00  2.413411E+01  7.149235E+00  0.9919577228 -2.094621E+00
        4.573299E+14 -9.999860E+00 -1.999885E+00 -3.053960E-01 -3.053960E-01
   227     2342.5905    8.42840585  6.485782E+08  1.058790E+10  9.026974E+27
        5.244462E+00  2.413411E+01  7.149235E+00  0.9923202164 -2.114651E+00
        3.008653E+14 -9.999860E+00 -1.999885E+00 -3.053960E-01 -3.053960E-01
   228     2278.1521    8.42841333  6.485726E+08  1.066310E+10  8.073839E+27
        5.220004E+00  2.413411E+01  7.149235E+00  0.9926663710 -2.134681E+00
        1.968123E+14 -9.999860E+00 -1.999885E+00 -3.053960E-01 -3.053960E-01
   229     2213.7384    8.42841964  6.485679E+08  1.074444E+10  7.198601E+27
        5.194819E+00  2.413411E+01  7.149235E+00  0.9936140015 -2.194771E+00
        1.274661E+14 -9.999860E+00 -1.999885E+00 -3.053960E-01 -3.053960E-01
   230     2155.2863    8.42842588  6.485632E+08  1.082579E+10  6.467799E+27
        5.171106E+00  2.413411E+01  7.149235E+00  0.9944391816 -2.254861E+00
        8.161658E+13 -9.999860E+00 -1.999885E+00 -3.053960E-01 -3.053960E-01
   231     2088.0093    8.42843735  6.485547E+08  1.091575E+10  5.697113E+27
        5.142891E+00  2.413411E+01  7.149235E+00  0.9957834366 -2.375041E+00
        4.912698E+13 -9.999860E+00 -1.999885E+00 -3.053960E-01 -3.053960E-01
   232     2025.6507    8.42844690  6.485476E+08  1.099895E+10  5.046310E+27
        5.115647E+00  2.413411E+01  7.149236E+00  0.9968027341 -2.495221E+00
        3.044895E+13 -9.999860E+00 -1.999885E+00 -3.053960E-01 -3.053960E-01
   233     1962.4691    8.42845485  6.485416E+08  1.107842E+10  4.445483E+27
        5.086924E+00  2.413411E+01  7.149236E+00  0.9976849028 -2.635431E+00
        1.845457E+13 -9.999860E+00 -1.999885E+00 -3.053960E-01 -3.053960E-01
   234     1898.7354    8.42846374  6.485350E+08  1.115002E+10  3.895440E+27
        5.056732E+00  2.413411E+01  7.149236E+00  0.9983236675 -2.775640E+00
        1.105176E+13 -9.999860E+00 -1.999885E+00 -3.053960E-01 -3.053960E-01
   235     1840.1060    8.42846922  6.485309E+08  1.121100E+10  3.436091E+27
        5.027745E+00  2.413411E+01  7.149236E+00  0.9987861870 -2.915848E+00
        6.807666E+12 -9.999860E+00 -1.999885E+00 -3.053960E-01 -3.053960E-01
   236     1784.0763    8.42847396  6.485273E+08  1.126484E+10  3.036283E+27
        4.998912E+00  2.413411E+01  7.149236E+00  0.9991210902 -3.056056E+00
        4.255533E+12 -9.999860E+00 -1.999885E+00 -3.053960E-01 -3.053960E-01
   237     1730.7333    8.42848003  6.485228E+08  1.131232E+10  2.689076E+27
        4.970297E+00  2.413411E+01  7.149236E+00  0.9993635883 -3.196262E+00
        2.696127E+12 -9.999860E+00 -1.999885E+00 -3.053960E-01 -3.053960E-01
   238     1680.2712    8.42848469  6.485193E+08  1.135431E+10  2.388886E+27
        4.942075E+00  2.413411E+01  7.149236E+00  0.9995391775 -3.336466E+00
        1.734566E+12 -9.999860E+00 -1.999885E+00 -3.053960E-01 -3.053960E-01
   239     1632.3899    8.42848891  6.485162E+08  1.139175E+10  2.127988E+27
        4.914182E+00  2.413411E+01  7.149236E+00  0.9996505699 -3.456640E+00
        1.129790E+12 -9.999860E+00 -1.999885E+00 -3.053960E-01 -3.053960E-01
   240     1586.4314    8.42849374  6.485126E+08  1.142535E+10  1.898253E+27
        4.886304E+00  2.413411E+01  7.149236E+00  0.9997583799 -3.616867E+00
        7.421433E+11 -9.999860E+00 -1.999885E+00 -3.053960E-01 -3.053960E-01
   241     1542.8475    8.42849721  6.485100E+08  1.145536E+10  1.698077E+27
        4.858808E+00  2.413411E+01  7.149236E+00  0.9998167828 -3.737034E+00
        4.934726E+11 -9.999860E+00 -1.999885E+00 -3.053960E-01 -3.053960E-01
   242     1501.8950    8.42850173  6.485066E+08  1.148242E+10  1.524822E+27
        4.831459E+00  2.413411E+01  7.149236E+00  0.9998673285 -3.877222E+00
        3.308021E+11 -9.999860E+00 -1.999885E+00 -3.053960E-01 -3.053960E-01
   243     1463.0512    8.42852635  6.484882E+08  1.150678E+10  1.373012E+27
        4.803728E+00  2.413411E+01  7.149236E+00  0.9999039279 -4.017403E+00
        2.216589E+11 -9.999860E+00 -1.999885E+00 -3.053960E-01 -3.053960E-01
