============================================================================
  #Mod      Teff         Log(g)           R            Age            L
           Log(Tc)       Log(Pc)      Log(rhoc)       Mx/M         Log(qx)
             Lnu        Log(H/*)      Log(He/*)     Log(C/*)      Log(O/*)
============================================================================
     1   143366.2255    8.39773054  7.103172E+08  0.000000E+00  1.518882E+35
        8.013285E+00  2.440042E+01  7.333540E+00  0.0000000000  0.000000E+00
        5.601247E+35 -9.999860E+00 -1.999884E+00 -3.053960E-01 -3.053960E-01
     2   123250.6922    8.42884661  6.853214E+08  6.000000E+04  7.722858E+34
        7.989713E+00  2.441295E+01  7.342521E+00  0.0000000000  0.000000E+00
        3.167029E+35 -9.999860E+00 -1.999884E+00 -3.053960E-01 -3.053960E-01
     3   110109.1307    8.44777317  6.705498E+08  1.200000E+05  4.709636E+34
        7.971986E+00  2.442080E+01  7.348163E+00  0.0000000000  0.000000E+00
        2.035058E+35 -9.999860E+00 -1.999884E+00 -3.053960E-01 -3.053960E-01
     4   100831.4358    8.46070086  6.606435E+08  1.800000E+05  3.214772E+34
        7.957929E+00  2.442622E+01  7.352066E+00  0.0000000000  0.000000E+00
        1.422874E+35 -9.999860E+00 -1.999884E+00 -3.053960E-01 -3.053960E-01
     5    93733.7422    8.47020945  6.534508E+08  2.400000E+05  2.348776E+34
        7.946333E+00  2.443019E+01  7.354922E+00  0.0000000000  0.000000E+00
        1.055013E+35 -9.999860E+00 -1.999884E+00 -3.053960E-01 -3.053960E-01
     6    88038.4681    8.47752988  6.479667E+08  3.000000E+05  1.797328E+34
        7.936495E+00  2.443323E+01  7.357116E+00  0.0000000000  0.000000E+00
        8.166598E+34 -9.999860E+00 -1.999884E+00 -3.053960E-01 -3.053960E-01
     7    83355.1430    8.48336485  6.436284E+08  3.600000E+05  1.425056E+34
        7.927967E+00  2.443565E+01  7.358871E+00  0.0000000000  0.000000E+00
        6.532413E+34 -9.999860E+00 -1.999884E+00 -3.053960E-01 -3.053960E-01
     8    79438.7698    8.48813988  6.400998E+08  4.200000E+05  1.162672E+34
        7.920451E+00  2.443765E+01  7.360316E+00  0.0000000000  0.000000E+00
        5.361246E+34 -9.999860E+00 -1.999884E+00 -3.053960E-01 -3.053960E-01
     9    76092.3273    8.49213158  6.371649E+08  4.800000E+05  9.698378E+33
        7.913731E+00  2.443932E+01  7.361528E+00  0.0000000000  0.000000E+00
        4.491426E+34 -9.999860E+00 -1.999884E+00 -3.053960E-01 -3.053960E-01
    10    73170.6696    8.49553420  6.346737E+08  5.400000E+05  8.227751E+33
        7.907656E+00  2.444075E+01  7.362563E+00  0.0000000000  0.000000E+00
        3.826537E+34 -9.999860E+00 -1.999884E+00 -3.053960E-01 -3.053960E-01
    11    70636.2480    8.49846174  6.325382E+08  6.000000E+05  7.097673E+33
        7.902113E+00  2.444198E+01  7.363458E+00  0.0000000000  0.000000E+00
        3.306110E+34 -9.999860E+00 -1.999884E+00 -3.053960E-01 -3.053960E-01
    12    68404.7549    8.50101683  6.306802E+08  6.600000E+05  6.205768E+33
        7.897014E+00  2.444306E+01  7.364242E+00  0.0000000000  0.000000E+00
        2.890469E+34 -9.999860E+00 -1.999884E+00 -3.053960E-01 -3.053960E-01
    13    66439.9026    8.50326368  6.290509E+08  7.200000E+05  5.494390E+33
        7.892294E+00  2.444401E+01  7.364935E+00  0.0000000000  0.000000E+00
        2.552763E+34 -9.999860E+00 -1.999884E+00 -3.053960E-01 -3.053960E-01
    14    64697.3268    8.50525837  6.276079E+08  7.800000E+05  4.917611E+33
        7.887898E+00  2.444486E+01  7.365553E+00  0.0000000000  0.000000E+00
        2.274283E+34 -9.999860E+00 -1.999884E+00 -3.053960E-01 -3.053960E-01
    15    63138.0329    8.50704495  6.263184E+08  8.400000E+05  4.442081E+33
        7.883784E+00  2.444562E+01  7.366109E+00  0.0000000000  0.000000E+00
        2.041685E+34 -9.999860E+00 -1.999884E+00 -3.053960E-01 -3.053960E-01
    16    61732.9082    8.50865741  6.251567E+08  9.000000E+05  4.044611E+33
        7.879917E+00  2.444630E+01  7.366611E+00  0.0000000000  0.000000E+00
        1.845213E+34 -9.999860E+00 -1.999884E+00 -3.053960E-01 -3.053960E-01
    17    60216.5952    8.51039818  6.239051E+08  9.722890E+05  3.646984E+33
        7.875571E+00  2.444705E+01  7.367154E+00  0.0000000000  0.000000E+00
        1.647521E+34 -9.999860E+00 -1.999884E+00 -3.053960E-01 -3.053960E-01
    18    58759.1904    8.51207393  6.227026E+08  1.050807E+06  3.293795E+33
        7.871167E+00  2.444777E+01  7.367682E+00  0.0000000000  0.000000E+00
        1.469415E+34 -9.999860E+00 -1.999884E+00 -3.053960E-01 -3.053960E-01
    19    57346.5765    8.51369624  6.215406E+08  1.136808E+06  2.977152E+33
        7.866673E+00  2.444847E+01  7.368198E+00  0.0000000000  0.000000E+00
        1.308040E+34 -9.999860E+00 -1.999884E+00 -3.053960E-01 -3.053960E-01
    20    55976.3351    8.51526638  6.204181E+08  1.231121E+06  2.692890E+33
        7.862085E+00  2.444916E+01  7.368703E+00  0.0000000000  0.000000E+00
        1.162105E+34 -9.999860E+00 -1.999884E+00 -3.053960E-01 -3.053960E-01
    21    54651.3775    8.51678425  6.193348E+08  1.334671E+06  2.438302E+33
        7.857397E+00  2.444984E+01  7.369198E+00  0.0000000000  0.000000E+00
        1.030403E+34 -9.999860E+00 -1.999884E+00 -3.053960E-01 -3.053960E-01
    22    53370.8558    8.51825022  6.182904E+08  1.448736E+06  2.210211E+33
        7.852598E+00  2.445050E+01  7.369684E+00  0.0000000000  0.000000E+00
        9.115750E+33 -9.999860E+00 -1.999884E+00 -3.053960E-01 -3.053960E-01
    23    52134.3764    8.51966294  6.172856E+08  1.574807E+06  2.005862E+33
        7.847671E+00  2.445115E+01  7.370161E+00  0.0000000000  0.000000E+00
        8.044163E+33 -9.999860E+00 -1.999884E+00 -3.053960E-01 -3.053960E-01
    24    50945.4198    8.52102512  6.163183E+08  1.714707E+06  1.823319E+33
        7.842597E+00  2.445179E+01  7.370630E+00  0.0000000000  0.000000E+00
        7.078106E+33 -9.999860E+00 -1.999884E+00 -3.053960E-01 -3.053960E-01
    25    49798.7559    8.52233708  6.153881E+08  1.870771E+06  1.659603E+33
        7.837349E+00  2.445242E+01  7.371096E+00  0.0000000000  0.000000E+00
        6.206971E+33 -9.999860E+00 -1.999884E+00 -3.053960E-01 -3.053960E-01
    26    48700.6292    8.52360099  6.144933E+08  2.045473E+06  1.513577E+33
        7.831906E+00  2.445305E+01  7.371557E+00  0.0000000000  0.000000E+00
        5.423004E+33 -9.999860E+00 -1.999884E+00 -3.053960E-01 -3.053960E-01
    27    47647.8783    8.52481911  6.136321E+08  2.242286E+06  1.383001E+33
        7.826228E+00  2.445368E+01  7.372017E+00  0.0000000000  0.000000E+00
        4.717488E+33 -9.999860E+00 -1.999884E+00 -3.053960E-01 -3.053960E-01
    28    46633.1442    8.52599149  6.128044E+08  2.465057E+06  1.265478E+33
        7.820283E+00  2.445431E+01  7.372478E+00  0.0000000000  0.000000E+00
        4.084134E+33 -9.999860E+00 -1.999884E+00 -3.053960E-01 -3.053960E-01
    29    45672.4665    8.52711926  6.120092E+08  2.717752E+06  1.161357E+33
        7.814045E+00  2.445494E+01  7.372943E+00  0.0000000000  0.000000E+00
        3.518615E+33 -9.999860E+00 -1.999884E+00 -3.053960E-01 -3.053960E-01
    30    44749.7298    8.52820870  6.112421E+08  3.007495E+06  1.067629E+33
        7.807435E+00  2.445558E+01  7.373415E+00  0.0000000000  0.000000E+00
        3.012692E+33 -9.999860E+00 -1.999884E+00 -3.053960E-01 -3.053960E-01
    31    43877.8227    8.52925896  6.105035E+08  3.340086E+06  9.844384E+32
        7.800424E+00  2.445622E+01  7.373894E+00  0.0000000000  0.000000E+00
        2.563736E+33 -9.999860E+00 -1.999884E+00 -3.053960E-01 -3.053960E-01
    32    43043.0524    8.53027323  6.097910E+08  3.725181E+06  9.095074E+32
        7.792929E+00  2.445688E+01  7.374383E+00  0.0000000000  0.000000E+00
        2.165962E+33 -9.999860E+00 -1.999884E+00 -3.053960E-01 -3.053960E-01
    33    42258.3491    8.53125059  6.091052E+08  4.171299E+06  8.430760E+32
        7.784919E+00  2.445755E+01  7.374881E+00  0.0000000000  0.000000E+00
        1.816960E+33 -9.999860E+00 -1.999884E+00 -3.053960E-01 -3.053960E-01
    34    41512.4732    8.53219578  6.084428E+08  4.692221E+06  7.834041E+32
        7.776304E+00  2.445824E+01  7.375389E+00  0.0000000000  0.000000E+00
        1.511711E+33 -9.999860E+00 -1.999884E+00 -3.053960E-01 -3.053960E-01
    35    40800.7997    8.53310550  6.078058E+08  5.300095E+06  7.295187E+32
        7.767064E+00  2.445892E+01  7.375902E+00  0.0000000000  0.000000E+00
        1.247781E+33 -9.999860E+00 -1.999884E+00 -3.053960E-01 -3.053960E-01
    36    40133.0838    8.53398128  6.071933E+08  6.008480E+06  6.815474E+32
        7.757193E+00  2.445961E+01  7.376417E+00  0.0000000000  0.000000E+00
        1.022075E+33 -9.999860E+00 -1.999884E+00 -3.053960E-01 -3.053960E-01
    37    39489.4787    8.53482881  6.066011E+08  6.836995E+06  6.376231E+32
        7.746646E+00  2.446030E+01  7.376936E+00  0.0000000000  0.000000E+00
        8.301951E+32 -9.999860E+00 -1.999884E+00 -3.053960E-01 -3.053960E-01
    38    38882.2247    8.53564744  6.060297E+08  7.796683E+06  5.981694E+32
        7.735519E+00  2.446100E+01  7.377453E+00  0.0000000000  0.000000E+00
        6.697805E+32 -9.999860E+00 -1.999884E+00 -3.053960E-01 -3.053960E-01
    39    38290.3828    8.53644644  6.054725E+08  8.908657E+06  5.615386E+32
        7.723814E+00  2.446169E+01  7.377972E+00  0.0000000000  0.000000E+00
        5.364170E+32 -9.999860E+00 -1.999884E+00 -3.053960E-01 -3.053960E-01
    40    37725.8303    8.53722445  6.049304E+08  1.017951E+07  5.281995E+32
        7.711690E+00  2.446237E+01  7.378488E+00  0.0000000000  0.000000E+00
        4.273401E+32 -9.999860E+00 -1.999884E+00 -3.053960E-01 -3.053960E-01
    41    37168.2134    8.53798868  6.043984E+08  1.162806E+07  4.967813E+32
        7.699180E+00  2.446305E+01  7.379000E+00  0.0000000000  0.000000E+00
        3.384827E+32 -9.999860E+00 -1.999884E+00 -3.053960E-01 -3.053960E-01
    42    36624.9004    8.53873754  6.038775E+08  1.325245E+07  4.675580E+32
        7.686473E+00  2.446372E+01  7.379505E+00  0.0000000000  0.000000E+00
        2.671756E+32 -9.999860E+00 -1.999884E+00 -3.053960E-01 -3.053960E-01
    43    36090.6915    8.53947766  6.033632E+08  1.506325E+07  4.401193E+32
        7.673621E+00  2.446439E+01  7.380007E+00  0.0000000000  0.000000E+00
        2.101349E+32 -9.999860E+00 -1.999884E+00 -3.053960E-01 -3.053960E-01
    44    35563.9804    8.54021166  6.028535E+08  1.706230E+07  4.142829E+32
        7.660709E+00  2.446504E+01  7.380505E+00  0.0000000000  0.000000E+00
        1.647958E+32 -9.999860E+00 -1.999884E+00 -3.053960E-01 -3.053960E-01
    45    35043.6952    8.54094048  6.023479E+08  1.925002E+07  3.899117E+32
        7.647795E+00  2.446570E+01  7.380999E+00  0.0000000000  0.000000E+00
        1.289302E+32 -9.999860E+00 -1.999884E+00 -3.053960E-01 -3.053960E-01
    46    34528.9697    8.54166244  6.018474E+08  2.162519E+07  3.668929E+32
        7.634917E+00  2.446634E+01  7.381486E+00  0.0000000000  0.000000E+00
        1.006693E+32 -9.999860E+00 -1.999884E+00 -3.053960E-01 -3.053960E-01
    47    34016.7269    8.54237343  6.013550E+08  2.418525E+07  3.450356E+32
        7.622097E+00  2.446697E+01  7.381957E+00  0.0000000000  0.000000E+00
        7.847836E+31 -9.999860E+00 -1.999884E+00 -3.053960E-01 -3.053960E-01
    48    33512.1561    8.54306960  6.008732E+08  2.692180E+07  3.244943E+32
        7.609374E+00  2.446757E+01  7.382410E+00  0.0000000000  0.000000E+00
        6.112747E+31 -9.999860E+00 -1.999884E+00 -3.053960E-01 -3.053960E-01
    49    33013.7485    8.54375337  6.004003E+08  2.983786E+07  3.051358E+32
        7.596728E+00  2.446816E+01  7.382851E+00  0.0000000000  0.000000E+00
        4.755713E+31 -9.999860E+00 -1.999884E+00 -3.053960E-01 -3.053960E-01
    50    32520.2574    8.54442508  5.999362E+08  3.292972E+07  2.868521E+32
        7.584163E+00  2.446873E+01  7.383279E+00  0.0000000000  0.000000E+00
        3.696855E+31 -9.999860E+00 -1.999884E+00 -3.053960E-01 -3.053960E-01
    51    32033.4589    8.54508425  5.994811E+08  3.619144E+07  2.696487E+32
        7.571690E+00  2.446928E+01  7.383694E+00  0.0000000000  0.000000E+00
        2.872669E+31 -9.999860E+00 -1.999884E+00 -3.053960E-01 -3.053960E-01
    52    31554.2158    8.54573197  5.990342E+08  3.962298E+07  2.534923E+32
        7.559295E+00  2.446982E+01  7.384099E+00  0.0000000000  0.000000E+00
        2.231323E+31 -9.999860E+00 -1.999884E+00 -3.053960E-01 -3.053960E-01
    53    31081.1330    8.54636860  5.985953E+08  4.322486E+07  2.382791E+32
        7.546963E+00  2.447034E+01  7.384493E+00  0.0000000000  0.000000E+00
        1.732513E+31 -9.999860E+00 -1.999884E+00 -3.053960E-01 -3.053960E-01
    54    30614.4615    8.54699074  5.981667E+08  4.699262E+07  2.239665E+32
        7.534699E+00  2.447084E+01  7.384871E+00  0.0000000000  0.000000E+00
        1.345242E+31 -9.999860E+00 -1.999884E+00 -3.053960E-01 -3.053960E-01
    55    30154.4869    8.54759788  5.977487E+08  5.092381E+07  2.105121E+32
        7.522505E+00  2.447133E+01  7.385233E+00  0.0000000000  0.000000E+00
        1.044875E+31 -9.999860E+00 -1.999884E+00 -3.053960E-01 -3.053960E-01
    56    29701.1496    8.54819078  5.973409E+08  5.501843E+07  1.978652E+32
        7.510378E+00  2.447179E+01  7.385582E+00  0.0000000000  0.000000E+00
        8.119768E+30 -9.999860E+00 -1.999884E+00 -3.053960E-01 -3.053960E-01
    57    29254.3556    8.54877045  5.969424E+08  5.927678E+07  1.859769E+32
        7.498316E+00  2.447225E+01  7.385920E+00  0.0000000000  0.000000E+00
        6.314309E+30 -9.999860E+00 -1.999884E+00 -3.053960E-01 -3.053960E-01
    58    28814.0060    8.54933822  5.965523E+08  6.369982E+07  1.748009E+32
        7.486318E+00  2.447269E+01  7.386249E+00  0.0000000000  0.000000E+00
        4.914774E+30 -9.999860E+00 -1.999884E+00 -3.053960E-01 -3.053960E-01
    59    28380.2729    8.54989494  5.961700E+08  6.828900E+07  1.643004E+32
        7.474381E+00  2.447312E+01  7.386571E+00  0.0000000000  0.000000E+00
        3.829709E+30 -9.999860E+00 -1.999884E+00 -3.053960E-01 -3.053960E-01
    60    27953.3161    8.55044257  5.957943E+08  7.304737E+07  1.544394E+32
        7.462503E+00  2.447354E+01  7.386891E+00  0.0000000000  0.000000E+00
        2.987991E+30 -9.999860E+00 -1.999884E+00 -3.053960E-01 -3.053960E-01
    61    27533.0209    8.55098105  5.954250E+08  7.797945E+07  1.451783E+32
        7.450678E+00  2.447397E+01  7.387205E+00  0.0000000000  0.000000E+00
        2.334428E+30 -9.999860E+00 -1.999884E+00 -3.053960E-01 -3.053960E-01
    62    27119.2888    8.55150842  5.950636E+08  8.308912E+07  1.364809E+32
        7.438902E+00  2.447437E+01  7.387508E+00  0.0000000000  0.000000E+00
        1.826498E+30 -9.999860E+00 -1.999884E+00 -3.053960E-01 -3.053960E-01
    63    26712.1372    8.55202398  5.947105E+08  8.837969E+07  1.283151E+32
        7.427176E+00  2.447477E+01  7.387800E+00  0.0000000000  0.000000E+00
        1.431437E+30 -9.999860E+00 -1.999884E+00 -3.053960E-01 -3.053960E-01
    64    26311.4834    8.55252667  5.943664E+08  9.385556E+07  1.206485E+32
        7.415497E+00  2.447515E+01  7.388081E+00  0.0000000000  0.000000E+00
        1.123827E+30 -9.999860E+00 -1.999884E+00 -3.053960E-01 -3.053960E-01
    65    25917.4245    8.55301535  5.940321E+08  9.952112E+07  1.134538E+32
        7.403864E+00  2.447552E+01  7.388351E+00  0.0000000000  0.000000E+00
        8.840144E+29 -9.999860E+00 -1.999884E+00 -3.053960E-01 -3.053960E-01
    66    25529.7052    8.55349034  5.937074E+08  1.053815E+08  1.066989E+32
        7.392275E+00  2.447587E+01  7.388612E+00  0.0000000000  0.000000E+00
        6.968156E+29 -9.999860E+00 -1.999884E+00 -3.053960E-01 -3.053960E-01
    67    25148.3558    8.55395496  5.933899E+08  1.114417E+08  1.003577E+32
        7.380731E+00  2.447622E+01  7.388872E+00  0.0000000000  0.000000E+00
        5.505176E+29 -9.999860E+00 -1.999884E+00 -3.053960E-01 -3.053960E-01
    68    24773.3763    8.55441634  5.930748E+08  1.177098E+08  9.440428E+31
        7.369237E+00  2.447659E+01  7.389147E+00  0.0000000000  0.000000E+00
        4.360107E+29 -9.999860E+00 -1.999884E+00 -3.053960E-01 -3.053960E-01
    69    24404.4364    8.55487335  5.927628E+08  1.241980E+08  8.881146E+31
        7.357781E+00  2.447697E+01  7.389437E+00  0.0000000000  0.000000E+00
        3.461451E+29 -9.999860E+00 -1.999884E+00 -3.053960E-01 -3.053960E-01
    70    24041.2051    8.55532235  5.924565E+08  1.309135E+08  8.355449E+31
        7.346357E+00  2.447736E+01  7.389731E+00  0.0000000000  0.000000E+00
        2.754816E+29 -9.999860E+00 -1.999884E+00 -3.053960E-01 -3.053960E-01
    71    23683.6877    8.55576007  5.921580E+08  1.378601E+08  7.861482E+31
        7.334969E+00  2.447774E+01  7.390019E+00  0.0000000000  0.000000E+00
        2.198252E+29 -9.999860E+00 -1.999884E+00 -3.053960E-01 -3.053960E-01
    72    23331.8588    8.55618364  5.918693E+08  1.450425E+08  7.397431E+31
        7.323615E+00  2.447810E+01  7.390292E+00  0.0000000000  0.000000E+00
        1.759014E+29 -9.999860E+00 -1.999884E+00 -3.053960E-01 -3.053960E-01
    73    22985.7093    8.55659027  5.915923E+08  1.524653E+08  6.961592E+31
        7.312296E+00  2.447843E+01  7.390542E+00  0.0000000000  0.000000E+00
        1.411615E+29 -9.999860E+00 -1.999884E+00 -3.053960E-01 -3.053960E-01
    74    22645.4060    8.55697925  5.913274E+08  1.601325E+08  6.552521E+31
        7.301014E+00  2.447872E+01  7.390760E+00  0.0000000000  0.000000E+00
        1.136234E+29 -9.999860E+00 -1.999884E+00 -3.053960E-01 -3.053960E-01
    75    22311.7223    8.55735573  5.910711E+08  1.680506E+08  6.169413E+31
        7.289774E+00  2.447898E+01  7.390958E+00  0.0000000000  0.000000E+00
        9.173905E+28 -9.999860E+00 -1.999884E+00 -3.053960E-01 -3.053960E-01
    76    21984.4195    8.55772423  5.908204E+08  1.762345E+08  5.810359E+31
        7.278570E+00  2.447923E+01  7.391145E+00  0.0000000000  0.000000E+00
        7.428603E+28 -9.999860E+00 -1.999884E+00 -3.053960E-01 -3.053960E-01
    77    21663.2447    8.55808672  5.905739E+08  1.846958E+08  5.473618E+31
        7.267397E+00  2.447947E+01  7.391323E+00  0.0000000000  0.000000E+00
        6.032530E+28 -9.999860E+00 -1.999884E+00 -3.053960E-01 -3.053960E-01
    78    21348.0324    8.55844471  5.903305E+08  1.934432E+08  5.157674E+31
        7.256255E+00  2.447970E+01  7.391497E+00  0.0000000000  0.000000E+00
        4.912878E+28 -9.999860E+00 -1.999884E+00 -3.053960E-01 -3.053960E-01
    79    21039.0456    8.55879936  5.900896E+08  2.024854E+08  4.861519E+31
        7.245143E+00  2.447993E+01  7.391667E+00  0.0000000000  0.000000E+00
        4.012382E+28 -9.999860E+00 -1.999884E+00 -3.053960E-01 -3.053960E-01
    80    20735.3048    8.55915134  5.898505E+08  2.118345E+08  4.583081E+31
        7.234057E+00  2.448015E+01  7.391836E+00  0.0000000000  0.000000E+00
        3.286170E+28 -9.999860E+00 -1.999884E+00 -3.053960E-01 -3.053960E-01
    81    20436.7989    8.55949899  5.896145E+08  2.214934E+08  4.321353E+31
        7.223002E+00  2.448037E+01  7.392003E+00  0.0000000000  0.000000E+00
        2.699326E+28 -9.999860E+00 -1.999884E+00 -3.053960E-01 -3.053960E-01
    82    20143.0857    8.55983940  5.893834E+08  2.314695E+08  4.075039E+31
        7.211978E+00  2.448059E+01  7.392163E+00  0.0000000000  0.000000E+00
        2.223860E+28 -9.999860E+00 -1.999884E+00 -3.053960E-01 -3.053960E-01
    83    19853.9919    8.56016973  5.891593E+08  2.417657E+08  3.843163E+31
        7.200990E+00  2.448078E+01  7.392309E+00  0.0000000000  0.000000E+00
        1.837721E+28 -9.999860E+00 -1.999884E+00 -3.053960E-01 -3.053960E-01
    84    19569.6631    8.56049154  5.889411E+08  2.523866E+08  3.625009E+31
        7.190045E+00  2.448096E+01  7.392445E+00  0.0000000000  0.000000E+00
        1.523346E+28 -9.999860E+00 -1.999884E+00 -3.053960E-01 -3.053960E-01
    85    19290.1460    8.56080681  5.887273E+08  2.633436E+08  3.419814E+31
        7.179142E+00  2.448114E+01  7.392575E+00  0.0000000000  0.000000E+00
        1.266542E+28 -9.999860E+00 -1.999884E+00 -3.053960E-01 -3.053960E-01
    86    19015.4530    8.56111758  5.885167E+08  2.746501E+08  3.226832E+31
        7.168279E+00  2.448131E+01  7.392702E+00  0.0000000000  0.000000E+00
        1.056047E+28 -9.999860E+00 -1.999884E+00 -3.053960E-01 -3.053960E-01
    87    18745.4965    8.56142563  5.883081E+08  2.863197E+08  3.045295E+31
        7.157454E+00  2.448148E+01  7.392831E+00  0.0000000000  0.000000E+00
        8.829307E+27 -9.999860E+00 -1.999884E+00 -3.053960E-01 -3.053960E-01
    88    18480.1586    8.56173182  5.881007E+08  2.983654E+08  2.874473E+31
        7.146663E+00  2.448166E+01  7.392965E+00  0.0000000000  0.000000E+00
        7.401069E+27 -9.999860E+00 -1.999884E+00 -3.053960E-01 -3.053960E-01
    89    18219.2667    8.56203386  5.878962E+08  3.107981E+08  2.713669E+31
        7.135905E+00  2.448184E+01  7.393100E+00  0.0000000000  0.000000E+00
        6.219135E+27 -9.999860E+00 -1.999884E+00 -3.053960E-01 -3.053960E-01
    90    17962.6903    8.56232713  5.876978E+08  3.236244E+08  2.562274E+31
        7.125179E+00  2.448201E+01  7.393225E+00  0.0000000000  0.000000E+00
        5.238315E+27 -9.999860E+00 -1.999884E+00 -3.053960E-01 -3.053960E-01
    91    17710.5149    8.56261175  5.875052E+08  3.368468E+08  2.419804E+31
        7.114494E+00  2.448216E+01  7.393340E+00  0.0000000000  0.000000E+00
        4.422656E+27 -9.999860E+00 -1.999884E+00 -3.053960E-01 -3.053960E-01
    92    17462.7108    8.56288839  5.873181E+08  3.504752E+08  2.285733E+31
        7.103850E+00  2.448231E+01  7.393449E+00  0.0000000000  0.000000E+00
        3.742526E+27 -9.999860E+00 -1.999884E+00 -3.053960E-01 -3.053960E-01
    93    17219.2316    8.56315793  5.871359E+08  3.645201E+08  2.159555E+31
        7.093248E+00  2.448246E+01  7.393554E+00  0.0000000000  0.000000E+00
        3.173888E+27 -9.999860E+00 -1.999884E+00 -3.053960E-01 -3.053960E-01
    94    16980.0381    8.56342141  5.869578E+08  3.789919E+08  2.040800E+31
        7.082690E+00  2.448260E+01  7.393658E+00  0.0000000000  0.000000E+00
        2.697247E+27 -9.999860E+00 -1.999884E+00 -3.053960E-01 -3.053960E-01
    95    16745.1031    8.56368037  5.867829E+08  3.939016E+08  1.929026E+31
        7.072174E+00  2.448275E+01  7.393763E+00  0.0000000000  0.000000E+00
        2.296704E+27 -9.999860E+00 -1.999884E+00 -3.053960E-01 -3.053960E-01
    96    16514.4008    8.56393755  5.866092E+08  4.092611E+08  1.823816E+31
        7.061700E+00  2.448290E+01  7.393875E+00  0.0000000000  0.000000E+00
        1.959305E+27 -9.999860E+00 -1.999884E+00 -3.053960E-01 -3.053960E-01
    97    16287.8801    8.56419512  5.864352E+08  4.250833E+08  1.724767E+31
        7.051269E+00  2.448306E+01  7.393997E+00  0.0000000000  0.000000E+00
        1.674451E+27 -9.999860E+00 -1.999884E+00 -3.053960E-01 -3.053960E-01
    98    16065.4275    8.56445317  5.862610E+08  4.413803E+08  1.631485E+31
        7.040881E+00  2.448324E+01  7.394132E+00  0.0000000000  0.000000E+00
        1.433422E+27 -9.999860E+00 -1.999884E+00 -3.053960E-01 -3.053960E-01
    99    15846.9356    8.56470979  5.860878E+08  4.581593E+08  1.543614E+31
        7.030536E+00  2.448342E+01  7.394273E+00  0.0000000000  0.000000E+00
        1.229062E+27 -9.999860E+00 -1.999884E+00 -3.053960E-01 -3.053960E-01
   100    15632.3771    8.56496299  5.859170E+08  4.754209E+08  1.460846E+31
        7.020239E+00  2.448361E+01  7.394415E+00  0.0000000000  0.000000E+00
        1.055510E+27 -9.999860E+00 -1.999884E+00 -3.053960E-01 -3.053960E-01
   101    15421.7309    8.56521094  5.857498E+08  4.931644E+08  1.382894E+31
        7.009992E+00  2.448379E+01  7.394553E+00  0.0000000000  0.000000E+00
        9.078908E+26 -9.999860E+00 -1.999884E+00 -3.053960E-01 -3.053960E-01
   102    15214.9765    8.56545157  5.855875E+08  5.113869E+08  1.309486E+31
        6.999802E+00  2.448396E+01  7.394682E+00  0.0000000000  0.000000E+00
        7.821401E+26 -9.999860E+00 -1.999884E+00 -3.053960E-01 -3.053960E-01
   103    15012.0816    8.56568234  5.854320E+08  5.300841E+08  1.240362E+31
        6.989671E+00  2.448410E+01  7.394795E+00  0.0000000000  0.000000E+00
        6.748586E+26 -9.999860E+00 -1.999884E+00 -3.053960E-01 -3.053960E-01
   104    14813.0129    8.56590054  5.852849E+08  5.492495E+08  1.175277E+31
        6.979604E+00  2.448423E+01  7.394888E+00  0.0000000000  0.000000E+00
        5.832055E+26 -9.999860E+00 -1.999884E+00 -3.053960E-01 -3.053960E-01
   105    14617.8365    8.56610634  5.851463E+08  5.688721E+08  1.114021E+31
        6.969612E+00  2.448432E+01  7.394960E+00  0.0000000000  0.000000E+00
        5.048280E+26 -9.999860E+00 -1.999884E+00 -3.053960E-01 -3.053960E-01
   106    14426.6440    8.56630157  5.850148E+08  5.889419E+08  1.056396E+31
        6.959701E+00  2.448440E+01  7.395015E+00  0.0000000000  0.000000E+00
        4.377339E+26 -9.999860E+00 -1.999884E+00 -3.053960E-01 -3.053960E-01
   107    14239.5754    8.56648843  5.848889E+08  6.094403E+08  1.002229E+31
        6.949886E+00  2.448446E+01  7.395059E+00  0.0000000000  0.000000E+00
        3.802545E+26 -9.999860E+00 -1.999884E+00 -3.053960E-01 -3.053960E-01
   108    14056.9829    8.56666877  5.847675E+08  6.303186E+08  9.514082E+30
        6.940190E+00  2.448452E+01  7.395096E+00  0.0000000000  0.000000E+00
        3.310269E+26 -9.999860E+00 -1.999884E+00 -3.053960E-01 -3.053960E-01
   109    13879.7212    8.56684398  5.846496E+08  6.514595E+08  9.039537E+30
        6.930663E+00  2.448457E+01  7.395132E+00  0.0000000000  0.000000E+00
        2.889832E+26 -9.999860E+00 -1.999884E+00 -3.053960E-01 -3.053960E-01
   110    13709.7105    8.56701455  5.845348E+08  6.725896E+08  8.601334E+30
        6.921417E+00  2.448463E+01  7.395171E+00  0.0000000000  0.000000E+00
        2.533754E+26 -9.999860E+00 -1.999884E+00 -3.053960E-01 -3.053960E-01
   111    13550.6596    8.56717873  5.844243E+08  6.931501E+08  8.205976E+30
        6.912667E+00  2.448469E+01  7.395216E+00  0.0000000000  0.000000E+00
        2.237932E+26 -9.999860E+00 -1.999884E+00 -3.053960E-01 -3.053960E-01
   112    13406.6011    8.56733381  5.843199E+08  7.124592E+08  7.859740E+30
        6.904657E+00  2.448476E+01  7.395266E+00  0.0000000000  0.000000E+00
        1.997971E+26 -9.999860E+00 -1.999884E+00 -3.053960E-01 -3.053960E-01
   113    13234.9214    8.56752923  5.841885E+08  7.364592E+08  7.461454E+30
        6.895002E+00  2.448486E+01  7.395341E+00  0.0000000000  0.000000E+00
        1.743159E+26 -9.999860E+00 -1.999884E+00 -3.053960E-01 -3.053960E-01
   114    13031.1593    8.56777480  5.840234E+08  7.664162E+08  7.008493E+30
        6.883389E+00  2.448501E+01  7.395454E+00  0.0000000000  0.000000E+00
        1.479865E+26 -9.999860E+00 -1.999884E+00 -3.053960E-01 -3.053960E-01
   115    12850.1572    8.56800241  5.838703E+08  7.943073E+08  6.623668E+30
        6.872929E+00  2.448516E+01  7.395569E+00  0.0000000000  0.000000E+00
        1.277352E+26 -9.999860E+00 -1.999884E+00 -3.053960E-01 -3.053960E-01
   116    12682.9400    8.56821850  5.837251E+08  8.214631E+08  6.282442E+30
        6.865064E+00  2.448531E+01  7.395732E+00  0.0000632847 -2.748506E-05
        1.111134E+26 -9.999860E+00 -1.999884E+00 -3.053960E-01 -3.053960E-01
   117    12522.8735    8.56842233  5.835881E+08  8.491022E+08  5.968440E+30
        6.855996E+00  2.448543E+01  7.395819E+00  0.0123776274 -5.409081E-03
        9.653303E+25 -9.999860E+00 -1.999884E+00 -3.053960E-01 -3.053960E-01
   118    12384.4709    8.56861083  5.834615E+08  8.767413E+08  5.706453E+30
        6.850768E+00  2.448558E+01  7.395929E+00  0.0190803317 -8.366557E-03
        8.686117E+25 -9.999860E+00 -1.999884E+00 -3.053960E-01 -3.053960E-01
   119    12262.0133    8.56876701  5.833566E+08  9.043804E+08  5.482105E+30
        6.842800E+00  2.448567E+01  7.395989E+00  0.0376017598 -1.664518E-02
        7.760643E+25 -9.999860E+00 -1.999884E+00 -3.053960E-01 -3.053960E-01
   120    12147.4583    8.56891840  5.832549E+08  9.320195E+08  5.278256E+30
        6.835628E+00  2.448577E+01  7.396062E+00  0.0543931845 -2.428941E-02
        7.009095E+25 -9.999860E+00 -1.999884E+00 -3.053960E-01 -3.053960E-01
   121    12001.2411    8.56910435  5.831301E+08  9.716814E+08  5.026521E+30
        6.826597E+00  2.448587E+01  7.396138E+00  0.0777190619 -3.513677E-02
        6.127574E+25 -9.999860E+00 -1.999884E+00 -3.053960E-01 -3.053960E-01
   122    11843.6146    8.56930636  5.829945E+08  1.017899E+09  4.765384E+30
        6.816181E+00  2.448599E+01  7.396221E+00  0.1069101447 -4.910484E-02
        5.268212E+25 -9.999860E+00 -1.999884E+00 -3.053960E-01 -3.053960E-01
   123    11685.3873    8.56951391  5.828552E+08  1.067660E+09  4.513628E+30
        6.805753E+00  2.448610E+01  7.396307E+00  0.1393828475 -6.519000E-02
        4.515555E+25 -9.999860E+00 -1.999884E+00 -3.053960E-01 -3.053960E-01
   124    11529.3575    8.56972377  5.827144E+08  1.120140E+09  4.275273E+30
        6.795282E+00  2.448623E+01  7.396396E+00  0.1702671744 -8.106173E-02
        3.862464E+25 -9.999860E+00 -1.999884E+00 -3.053960E-01 -3.053960E-01
   125    11370.3438    8.56994272  5.825675E+08  1.175657E+09  4.042210E+30
        6.784459E+00  2.448636E+01  7.396494E+00  0.2047299177 -9.948536E-02
        3.288833E+25 -9.999860E+00 -1.999884E+00 -3.053960E-01 -3.053960E-01
   126    11205.1595    8.57017101  5.824144E+08  1.232853E+09  3.810381E+30
        6.772804E+00  2.448651E+01  7.396598E+00  0.2423338031 -1.205221E-01
        2.758587E+25 -9.999860E+00 -1.999884E+00 -3.053960E-01 -3.053960E-01
   127    11046.7609    8.57039120  5.822668E+08  1.290048E+09  3.597624E+30
        6.762129E+00  2.448666E+01  7.396707E+00  0.2780429889 -1.414887E-01
        2.347273E+25 -9.999860E+00 -1.999884E+00 -3.053960E-01 -3.053960E-01
   128    10888.8342    8.57060204  5.821255E+08  1.350890E+09  3.394616E+30
        6.751239E+00  2.448680E+01  7.396804E+00  0.3107996029 -1.616545E-01
        1.988155E+25 -9.999860E+00 -1.999884E+00 -3.053960E-01 -3.053960E-01
   129    10728.7325    8.57080628  5.819886E+08  1.417989E+09  3.197824E+30
        6.740244E+00  2.448692E+01  7.396891E+00  0.3447510169 -1.835936E-01
        1.679656E+25 -9.999860E+00 -1.999884E+00 -3.053960E-01 -3.053960E-01
   130    10560.1112    8.57101088  5.818515E+08  1.492356E+09  3.000062E+30
        6.728201E+00  2.448702E+01  7.396967E+00  0.3796914899 -2.073923E-01
        1.397433E+25 -9.999860E+00 -1.999884E+00 -3.053960E-01 -3.053960E-01
   131    10377.3640    8.57121773  5.817130E+08  1.571633E+09  2.796390E+30
        6.715001E+00  2.448709E+01  7.397030E+00  0.4205706279 -2.369995E-01
        1.143041E+25 -9.999860E+00 -1.999884E+00 -3.053960E-01 -3.053960E-01
   132    10209.0187    8.57139670  5.815931E+08  1.649653E+09  2.618222E+30
        6.702815E+00  2.448714E+01  7.397070E+00  0.4569377127 -2.651504E-01
        9.473956E+24 -9.999860E+00 -1.999884E+00 -3.053960E-01 -3.053960E-01
   133    10036.4022    8.57157481  5.814739E+08  1.733199E+09  2.444582E+30
        6.690112E+00  2.448717E+01  7.397103E+00  0.4883898559 -2.910609E-01
        7.788519E+24 -9.999860E+00 -1.999884E+00 -3.053960E-01 -3.053960E-01
   134     9864.8960    8.57175563  5.813528E+08  1.819856E+09  2.280771E+30
        6.677433E+00  2.448722E+01  7.397144E+00  0.5252291573 -3.235160E-01
        6.420618E+24 -9.999860E+00 -1.999884E+00 -3.053960E-01 -3.053960E-01
   135     9691.0797    8.57195379  5.812202E+08  1.909637E+09  2.123255E+30
        6.664004E+00  2.448730E+01  7.397204E+00  0.5567819450 -3.533826E-01
        5.229658E+24 -9.999860E+00 -1.999884E+00 -3.053960E-01 -3.053960E-01
   136     9520.0304    8.57214924  5.810895E+08  2.000266E+09  1.976384E+30
        6.650981E+00  2.448738E+01  7.397269E+00  0.5881760430 -3.852884E-01
        4.260571E+24 -9.999860E+00 -1.999884E+00 -3.053960E-01 -3.053960E-01
   137     9356.7114    8.57233224  5.809670E+08  2.092508E+09  1.843435E+30
        6.638235E+00  2.448746E+01  7.397321E+00  0.6192818887 -4.193965E-01
        3.465291E+24 -9.999860E+00 -1.999884E+00 -3.053960E-01 -3.053960E-01
   138     9189.9377    8.57250955  5.808485E+08  2.189575E+09  1.714778E+30
        6.625175E+00  2.448751E+01  7.397360E+00  0.6499699192 -4.558946E-01
        2.803510E+24 -9.999860E+00 -1.999884E+00 -3.053960E-01 -3.053960E-01
   139     9030.7521    8.57268035  5.807342E+08  2.288262E+09  1.598389E+30
        6.612372E+00  2.448756E+01  7.397390E+00  0.6751306406 -4.882912E-01
        2.271075E+24 -9.999860E+00 -1.999884E+00 -3.053960E-01 -3.053960E-01
   140     8876.3914    8.57284807  5.806221E+08  2.389755E+09  1.491300E+30
        6.599594E+00  2.448760E+01  7.397421E+00  0.6998362599 -5.226418E-01
        1.838149E+24 -9.999860E+00 -1.999884E+00 -3.053960E-01 -3.053960E-01
   141     8711.2000    8.57302850  5.805015E+08  2.495302E+09  1.382772E+30
        6.585924E+00  2.448766E+01  7.397462E+00  0.7240117989 -5.591095E-01
        1.456352E+24 -9.999860E+00 -1.999884E+00 -3.053960E-01 -3.053960E-01
   142     8560.2800    8.57319867  5.803878E+08  2.596810E+09  1.288904E+30
        6.573324E+00  2.448773E+01  7.397512E+00  0.7475822791 -5.978802E-01
        1.180837E+24 -9.999860E+00 -1.999884E+00 -3.053960E-01 -3.053960E-01
   143     8413.4030    8.57337193  5.802720E+08  2.702578E+09  1.202215E+30
        6.560533E+00  2.448781E+01  7.397573E+00  0.7659526354 -6.306962E-01
        9.504836E+23 -9.999860E+00 -1.999884E+00 -3.053960E-01 -3.053960E-01
   144     8262.5179    8.57354920  5.801536E+08  2.812783E+09  1.117809E+30
        6.547512E+00  2.448791E+01  7.397645E+00  0.7882450641 -6.741665E-01
        7.632648E+23 -9.999860E+00 -1.999884E+00 -3.053960E-01 -3.053960E-01
   145     8121.9643    8.57371370  5.800438E+08  2.923617E+09  1.043273E+30
        6.534807E+00  2.448800E+01  7.397709E+00  0.8054958072 -7.110710E-01
        6.158740E+23 -9.999860E+00 -1.999884E+00 -3.053960E-01 -3.053960E-01
   146     7970.3849    8.57388456  5.799297E+08  3.039406E+09  9.671633E+29
        6.521170E+00  2.448808E+01  7.397772E+00  0.8221865622 -7.500354E-01
        4.886882E+23 -9.999860E+00 -1.999884E+00 -3.053960E-01 -3.053960E-01
   147     7834.5895    8.57403240  5.798310E+08  3.149638E+09  9.026093E+29
        6.508614E+00  2.448815E+01  7.397820E+00  0.8382789404 -7.912334E-01
        3.948286E+23 -9.999860E+00 -1.999884E+00 -3.053960E-01 -3.053960E-01
   148     7694.3909    8.57418116  5.797317E+08  3.263235E+09  8.394272E+29
        6.495380E+00  2.448819E+01  7.397856E+00  0.8537345527 -8.348583E-01
        3.148939E+23 -9.999860E+00 -1.999884E+00 -3.053960E-01 -3.053960E-01
   149     7563.2330    8.57431369  5.796432E+08  3.372366E+09  7.833998E+29
        6.483012E+00  2.448822E+01  7.397877E+00  0.8685150102 -8.811238E-01
        2.551177E+23 -9.999860E+00 -1.999884E+00 -3.053960E-01 -3.053960E-01
   150     7439.8336    8.57443920  5.795595E+08  3.481361E+09  7.332987E+29
        6.470997E+00  2.448824E+01  7.397890E+00  0.8791341896 -9.176965E-01
        2.074417E+23 -9.999860E+00 -1.999884E+00 -3.053960E-01 -3.053960E-01
   151     7325.3777    8.57455482  5.794823E+08  3.591174E+09  6.890211E+29
        6.459729E+00  2.448826E+01  7.397898E+00  0.8893358052 -9.559929E-01
        1.723160E+23 -9.999860E+00 -1.999884E+00 -3.053960E-01 -3.053960E-01
   152     7207.2246    8.57468227  5.793973E+08  3.705124E+09  6.454419E+29
        6.447775E+00  2.448827E+01  7.397907E+00  0.8991036618 -9.961246E-01
        1.401959E+23 -9.999860E+00 -1.999884E+00 -3.053960E-01 -3.053960E-01
   153     7101.3638    8.57480091  5.793182E+08  3.811464E+09  6.081817E+29
        6.436895E+00  2.448828E+01  7.397917E+00  0.9084215640 -1.038207E+00
        1.168164E+23 -9.999860E+00 -1.999884E+00 -3.053960E-01 -3.053960E-01
   154     7003.3218    8.57491752  5.792404E+08  3.914448E+09  5.751300E+29
        6.426605E+00  2.448830E+01  7.397930E+00  0.9143755265 -1.067402E+00
        9.771273E+22 -9.999860E+00 -1.999884E+00 -3.053960E-01 -3.053960E-01
   155     6907.2513    8.57503961  5.791590E+08  4.013710E+09  5.440623E+29
        6.416446E+00  2.448832E+01  7.397947E+00  0.9201175126 -1.097548E+00
        8.232220E+22 -9.999860E+00 -1.999884E+00 -3.053960E-01 -3.053960E-01
   156     6825.1390    8.57514940  5.790858E+08  4.104154E+09  5.185180E+29
        6.407364E+00  2.448835E+01  7.397965E+00  0.9283225393 -1.144617E+00
        7.050552E+22 -9.999860E+00 -1.999884E+00 -3.053960E-01 -3.053960E-01
   157     6746.5980    8.57525668  5.790143E+08  4.194724E+09  4.949369E+29
        6.398402E+00  2.448837E+01  7.397982E+00  0.9335135908 -1.177267E+00
        6.071081E+22 -9.999860E+00 -1.999884E+00 -3.053960E-01 -3.053960E-01
   158     6672.2716    8.57536009  5.789453E+08  4.284960E+09  4.733714E+29
        6.389583E+00  2.448840E+01  7.397999E+00  0.9360236271 -1.193980E+00
        5.213973E+22 -9.999860E+00 -1.999884E+00 -3.053960E-01 -3.053960E-01
   159     6601.6566    8.57546305  5.788767E+08  4.375721E+09  4.535403E+29
        6.380795E+00  2.448842E+01  7.398015E+00  0.9408697219 -1.228190E+00
        4.497427E+22 -9.999860E+00 -1.999884E+00 -3.053960E-01 -3.053960E-01
   160     6535.4894    8.57556422  5.788093E+08  4.466607E+09  4.355274E+29
        6.372055E+00  2.448844E+01  7.398031E+00  0.9454798474 -1.263443E+00
        3.880789E+22 -9.999860E+00 -1.999884E+00 -3.053960E-01 -3.053960E-01
   161     6474.0238    8.57566273  5.787437E+08  4.557398E+09  4.192776E+29
        6.363357E+00  2.448846E+01  7.398046E+00  0.9498492048 -1.299722E+00
        3.359137E+22 -9.999860E+00 -1.999884E+00 -3.053960E-01 -3.053960E-01
   162     6413.4181    8.57576421  5.786761E+08  4.648587E+09  4.037023E+29
        6.354276E+00  2.448849E+01  7.398061E+00  0.9539729956 -1.336987E+00
        2.865573E+22 -9.999860E+00 -1.999884E+00 -3.053960E-01 -3.053960E-01
   163     6364.1344    8.57585068  5.786184E+08  4.735826E+09  3.913577E+29
        6.345896E+00  2.448850E+01  7.398074E+00  0.9578464211 -1.375166E+00
        2.497824E+22 -9.999860E+00 -1.999884E+00 -3.053960E-01 -3.053960E-01
   164     6312.5860    8.57594326  5.785568E+08  4.831791E+09  3.787505E+29
        6.336621E+00  2.448852E+01  7.398086E+00  0.9596877474 -1.394563E+00
        2.135592E+22 -9.999860E+00 -1.999884E+00 -3.053960E-01 -3.053960E-01
   165     6264.5526    8.57603066  5.784986E+08  4.927882E+09  3.672796E+29
        6.327249E+00  2.448853E+01  7.398094E+00  0.9631766276 -1.433876E+00
        1.823024E+22 -9.999860E+00 -1.999884E+00 -3.053960E-01 -3.053960E-01
   166     6218.1069    8.57611484  5.784425E+08  5.026367E+09  3.564389E+29
        6.317519E+00  2.448854E+01  7.398098E+00  0.9664031461 -1.473701E+00
        1.540465E+22 -9.999860E+00 -1.999884E+00 -3.053960E-01 -3.053960E-01
   167     6173.2355    8.57619607  5.783884E+08  5.126610E+09  3.461964E+29
        6.307469E+00  2.448854E+01  7.398099E+00  0.9693626379 -1.513749E+00
        1.301314E+22 -9.999860E+00 -1.999884E+00 -3.053960E-01 -3.053960E-01
   168     6129.9736    8.57627514  5.783358E+08  5.228064E+09  3.365321E+29
        6.297133E+00  2.448854E+01  7.398098E+00  0.9720622662 -1.553809E+00
        1.094430E+22 -9.999860E+00 -1.999884E+00 -3.053960E-01 -3.053960E-01
   169     6088.5503    8.57635326  5.782837E+08  5.329916E+09  3.274685E+29
        6.286574E+00  2.448854E+01  7.398097E+00  0.9756723091 -1.613899E+00
        9.172550E+21 -9.999860E+00 -1.999884E+00 -3.053960E-01 -3.053960E-01
   170     6048.8265    8.57643015  5.782326E+08  5.431584E+09  3.189492E+29
        6.275838E+00  2.448854E+01  7.398098E+00  0.9778159568 -1.653959E+00
        7.666014E+21 -9.999860E+00 -1.999884E+00 -3.053960E-01 -3.053960E-01
   171     6011.5638    8.57650491  5.781828E+08  5.532481E+09  3.111087E+29
        6.265161E+00  2.448854E+01  7.398103E+00  0.9797707155 -1.694019E+00
        6.415459E+21 -9.999860E+00 -1.999884E+00 -3.053960E-01 -3.053960E-01
   172     5972.4912    8.57658575  5.781290E+08  5.635161E+09  3.030425E+29
        6.253872E+00  2.448856E+01  7.398113E+00  0.9823846913 -1.754110E+00
        5.305463E+21 -9.999860E+00 -1.999884E+00 -3.053960E-01 -3.053960E-01
   173     5929.7305    8.57667160  5.780718E+08  5.750161E+09  2.943984E+29
        6.240997E+00  2.448857E+01  7.398122E+00  0.9839368732 -1.794170E+00
        4.286774E+21 -9.999860E+00 -1.999884E+00 -3.053960E-01 -3.053960E-01
   174     5864.0008    8.57679861  5.779873E+08  5.922661E+09  2.814782E+29
        6.220826E+00  2.448858E+01  7.398130E+00  0.9866429742 -1.874290E+00
        3.066480E+21 -9.999860E+00 -1.999884E+00 -3.053960E-01 -3.053960E-01
   175     5789.2482    8.57693594  5.778959E+08  6.112313E+09  2.673129E+29
        6.197099E+00  2.448860E+01  7.398139E+00  0.9878199348 -1.914350E+00
        2.080159E+21 -9.999860E+00 -1.999884E+00 -3.053960E-01 -3.053960E-01
   176     5719.7499    8.57705860  5.778143E+08  6.290058E+09  2.546342E+29
        6.173772E+00  2.448861E+01  7.398152E+00  0.9878199348 -1.914350E+00
        1.422701E+21 -9.999860E+00 -1.999884E+00 -3.053960E-01 -3.053960E-01
   177     5650.9926    8.57717479  5.777371E+08  6.460640E+09  2.425445E+29
        6.150118E+00  2.448864E+01  7.398171E+00  0.9883689334 -1.934380E+00
        9.669650E+20 -9.999860E+00 -1.999884E+00 -3.053960E-01 -3.053960E-01
   178     5583.2336    8.57727970  5.776673E+08  6.620735E+09  2.310632E+29
        6.126983E+00  2.448867E+01  7.398191E+00  0.9883689334 -1.934380E+00
        6.635013E+20 -9.999860E+00 -1.999884E+00 -3.053960E-01 -3.053960E-01
   179     5512.0344    8.57737924  5.776011E+08  6.773585E+09  2.194500E+29
        6.103648E+00  2.448869E+01  7.398207E+00  0.9883689334 -1.934380E+00
        4.537170E+20 -9.999860E+00 -1.999884E+00 -3.053960E-01 -3.053960E-01
   180     5441.7319    8.57747237  5.775391E+08  6.916230E+09  2.084219E+29
        6.080785E+00  2.448871E+01  7.398218E+00  0.9883689334 -1.934380E+00
        3.131163E+20 -9.999860E+00 -1.999884E+00 -3.053960E-01 -3.053960E-01
   181     5373.1710    8.57756271  5.774791E+08  7.051362E+09  1.980739E+29
        6.058049E+00  2.448872E+01  7.398228E+00  0.9888931867 -1.954411E+00
        2.169286E+20 -9.999860E+00 -1.999884E+00 -3.053960E-01 -3.053960E-01
   182     5305.2727    8.57764457  5.774247E+08  7.178952E+09  1.882147E+29
        6.035497E+00  2.448873E+01  7.398236E+00  0.9888931867 -1.954411E+00
        1.505254E+20 -9.999860E+00 -1.999884E+00 -3.053960E-01 -3.053960E-01
   183     5237.1043    8.57771426  5.773783E+08  7.299298E+09  1.786972E+29
        6.013396E+00  2.448874E+01  7.398244E+00  0.9888931867 -1.954411E+00
        1.052535E+20 -9.999860E+00 -1.999884E+00 -3.053960E-01 -3.053960E-01
   184     5162.7831    8.57778388  5.773321E+08  7.414598E+09  1.687403E+29
        5.991001E+00  2.448876E+01  7.398255E+00  0.9888931867 -1.954411E+00
        7.353159E+19 -9.999860E+00 -1.999884E+00 -3.053960E-01 -3.053960E-01
   185     5085.3971    8.57784760  5.772897E+08  7.521989E+09  1.588251E+29
        5.969252E+00  2.448878E+01  7.398267E+00  0.9888931867 -1.954411E+00
        5.189087E+19 -9.999860E+00 -1.999884E+00 -3.053960E-01 -3.053960E-01
   186     5003.5223    8.57790341  5.772526E+08  7.624861E+09  1.488220E+29
        5.947617E+00  2.448879E+01  7.398276E+00  0.9888931867 -1.954411E+00
        3.664941E+19 -9.999860E+00 -1.999884E+00 -3.053960E-01 -3.053960E-01
   187     4919.6555    8.57794871  5.772225E+08  7.723788E+09  1.390776E+29
        5.926029E+00  2.448879E+01  7.398280E+00  0.9893938100 -1.974441E+00
        2.591297E+19 -9.999860E+00 -1.999884E+00 -3.053960E-01 -3.053960E-01
   188     4836.6572    8.57798617  5.771976E+08  7.818760E+09  1.299159E+29
        5.904555E+00  2.448879E+01  7.398279E+00  0.9893938100 -1.974441E+00
        1.832301E+19 -9.999860E+00 -1.999884E+00 -3.053960E-01 -3.053960E-01
   189     4756.4385    8.57802062  5.771747E+08  7.909735E+09  1.214994E+29
        5.883224E+00  2.448879E+01  7.398277E+00  0.9893938100 -1.974441E+00
        1.297974E+19 -9.999860E+00 -1.999884E+00 -3.053960E-01 -3.053960E-01
   190     4678.9369    8.57805593  5.771513E+08  7.996332E+09  1.137627E+29
        5.862115E+00  2.448879E+01  7.398278E+00  0.9893938100 -1.974441E+00
        9.220669E+18 -9.999860E+00 -1.999884E+00 -3.053960E-01 -3.053960E-01
   191     4605.4540    8.57808979  5.771288E+08  8.078857E+09  1.067744E+29
        5.841647E+00  2.448879E+01  7.398280E+00  0.9893938100 -1.974441E+00
        6.611069E+18 -9.999860E+00 -1.999884E+00 -3.053960E-01 -3.053960E-01
   192     4527.3121    8.57812233  5.771071E+08  8.160174E+09  9.970263E+28
        5.820250E+00  2.448879E+01  7.398280E+00  0.9893938100 -1.974441E+00
        4.662303E+18 -9.999860E+00 -1.999884E+00 -3.053960E-01 -3.053960E-01
   193     4451.8517    8.57815116  5.770880E+08  8.235891E+09  9.321350E+28
        5.799522E+00  2.448879E+01  7.398280E+00  0.9893938100 -1.974441E+00
        3.320977E+18 -9.999860E+00 -1.999884E+00 -3.053960E-01 -3.053960E-01
   194     4375.3520    8.57817913  5.770694E+08  8.309434E+09  8.696411E+28
        5.778586E+00  2.448880E+01  7.398281E+00  0.9893938100 -1.974441E+00
        2.356245E+18 -9.999860E+00 -1.999884E+00 -3.053960E-01 -3.053960E-01
   195     4298.8062    8.57820575  5.770517E+08  8.380568E+09  8.103132E+28
        5.757533E+00  2.448880E+01  7.398282E+00  0.9898718684 -1.994471E+00
        1.666605E+18 -9.999860E+00 -1.999884E+00 -3.053960E-01 -3.053960E-01
   196     4223.1475    8.57822989  5.770357E+08  8.449220E+09  7.547139E+28
        5.736442E+00  2.448880E+01  7.398281E+00  0.9898718684 -1.994471E+00
        1.176453E+18 -9.999860E+00 -1.999884E+00 -3.053960E-01 -3.053960E-01
   197     4149.0781    8.57825277  5.770205E+08  8.515344E+09  7.031061E+28
        5.715335E+00  2.448880E+01  7.398281E+00  0.9898718684 -1.994471E+00
        8.294826E+17 -9.999860E+00 -1.999884E+00 -3.053960E-01 -3.053960E-01
   198     4076.2203    8.57827495  5.770057E+08  8.578955E+09  6.549722E+28
        5.694169E+00  2.448880E+01  7.398282E+00  0.9898718684 -1.994471E+00
        5.836577E+17 -9.999860E+00 -1.999884E+00 -3.053960E-01 -3.053960E-01
   199     4007.5736    8.57829390  5.769932E+08  8.640021E+09  6.119266E+28
        5.673945E+00  2.448880E+01  7.398282E+00  0.9898718684 -1.994471E+00
        4.168335E+17 -9.999860E+00 -1.999884E+00 -3.053960E-01 -3.053960E-01
   200     3929.0392    8.57831323  5.769803E+08  8.702394E+09  5.653266E+28
        5.651610E+00  2.448880E+01  7.398282E+00  0.9898718684 -1.994471E+00
        2.867296E+17 -9.999860E+00 -1.999884E+00 -3.053960E-01 -3.053960E-01
   201     3853.0417    8.57833073  5.769687E+08  8.759862E+09  5.228190E+28
        5.630230E+00  2.448880E+01  7.398282E+00  0.9898718684 -1.994471E+00
        2.002800E+17 -9.999860E+00 -1.999884E+00 -3.053960E-01 -3.053960E-01
   202     3774.2277    8.57834784  5.769573E+08  8.816664E+09  4.813176E+28
        5.608328E+00  2.448880E+01  7.398283E+00  0.9903283790 -2.014501E+00
        1.384691E+17 -9.999860E+00 -1.999884E+00 -3.053960E-01 -3.053960E-01
   203     3693.8042    8.57836199  5.769479E+08  8.872629E+09  4.415712E+28
        5.586068E+00  2.448880E+01  7.398283E+00  0.9903283790 -2.014501E+00
        9.503419E+16 -9.999860E+00 -1.999884E+00 -3.053960E-01 -3.053960E-01
   204     3612.2812    8.57837493  5.769393E+08  8.927878E+09  4.038485E+28
        5.563470E+00  2.448880E+01  7.398282E+00  0.9903283790 -2.014501E+00
        6.475781E+16 -9.999860E+00 -1.999884E+00 -3.053960E-01 -3.053960E-01
   205     3535.8658    8.57838732  5.769311E+08  8.982587E+09  3.707345E+28
        5.541957E+00  2.448880E+01  7.398282E+00  0.9903283790 -2.014501E+00
        4.490266E+16 -9.999860E+00 -1.999884E+00 -3.053960E-01 -3.053960E-01
   206     3445.2467    8.57840037  5.769224E+08  9.040922E+09  3.341551E+28
        5.516722E+00  2.448880E+01  7.398283E+00  0.9903283790 -2.014501E+00
        2.913563E+16 -9.999860E+00 -1.999884E+00 -3.053960E-01 -3.053960E-01
   207     3361.5101    8.57841098  5.769154E+08  9.094162E+09  3.028265E+28
        5.493068E+00  2.448880E+01  7.398283E+00  0.9907643130 -2.034531E+00
        1.939564E+16 -9.999860E+00 -1.999884E+00 -3.053960E-01 -3.053960E-01
   208     3276.9128    8.57842171  5.769083E+08  9.147278E+09  2.734671E+28
        5.468976E+00  2.448880E+01  7.398283E+00  0.9907643130 -2.034531E+00
        1.279430E+16 -9.999860E+00 -1.999884E+00 -3.053960E-01 -3.053960E-01
   209     3199.3225    8.57843161  5.769017E+08  9.200292E+09  2.484664E+28
        5.446518E+00  2.448880E+01  7.398283E+00  0.9907643130 -2.034531E+00
        8.671619E+15 -9.999860E+00 -1.999884E+00 -3.053960E-01 -3.053960E-01
   210     3104.6883    8.57844143  5.768952E+08  9.258348E+09  2.203423E+28
        5.419110E+00  2.448880E+01  7.398283E+00  0.9911805978 -2.054561E+00
        5.375088E+15 -9.999860E+00 -1.999884E+00 -3.053960E-01 -3.053960E-01
   211     3028.6923    8.57844877  5.768903E+08  9.310692E+09  1.995442E+28
        5.396498E+00  2.448880E+01  7.398283E+00  0.9911805978 -2.054561E+00
        3.623036E+15 -9.999860E+00 -1.999884E+00 -3.053960E-01 -3.053960E-01
   212     2934.5547    8.57845961  5.768831E+08  9.369031E+09  1.758638E+28
        5.368155E+00  2.448880E+01  7.398283E+00  0.9915781192 -2.074591E+00
        2.205876E+15 -9.999860E+00 -1.999884E+00 -3.053960E-01 -3.053960E-01
   213     2860.9070    8.57846581  5.768790E+08  9.420998E+09  1.588607E+28
        5.345346E+00  2.448880E+01  7.398283E+00  0.9915781192 -2.074591E+00
        1.482234E+15 -9.999860E+00 -1.999884E+00 -3.053960E-01 -3.053960E-01
   214     2778.1881    8.57847270  5.768744E+08  9.479261E+09  1.412671E+28
        5.319273E+00  2.448880E+01  7.398283E+00  0.9919577228 -2.094621E+00
        9.412617E+14 -9.999860E+00 -1.999884E+00 -3.053960E-01 -3.053960E-01
   215     2698.1147    8.57848102  5.768689E+08  9.536497E+09  1.256689E+28
        5.293345E+00  2.448880E+01  7.398283E+00  0.9926663710 -2.134681E+00
        6.006110E+14 -9.999860E+00 -1.999884E+00 -3.053960E-01 -3.053960E-01
   216     2628.8929    8.57848620  5.768654E+08  9.593224E+09  1.132590E+28
        5.270319E+00  2.448880E+01  7.398283E+00  0.9929969232 -2.154711E+00
        4.041076E+14 -9.999860E+00 -1.999884E+00 -3.053960E-01 -3.053960E-01
   217     2556.9820    8.57849328  5.768607E+08  9.656737E+09  1.013642E+28
        5.245752E+00  2.448880E+01  7.398283E+00  0.9939018406 -2.214801E+00
        2.586625E+14 -9.999860E+00 -1.999884E+00 -3.053960E-01 -3.053960E-01
   218     2491.8669    8.57850301  5.768543E+08  9.723345E+09  9.142470E+27
        5.222934E+00  2.448880E+01  7.398283E+00  0.9949291744 -2.294921E+00
        1.716313E+14 -9.999860E+00 -1.999884E+00 -3.053960E-01 -3.053960E-01
   219     2428.7765    8.57850951  5.768500E+08  9.789954E+09  8.251026E+27
        5.200014E+00  2.448880E+01  7.398284E+00  0.9959734913 -2.395071E+00
        1.138220E+14 -9.999860E+00 -1.999884E+00 -3.053960E-01 -3.053960E-01
   220     2354.8898    8.57851642  5.768454E+08  9.856562E+09  7.291773E+27
        5.172398E+00  2.448880E+01  7.398284E+00  0.9969468454 -2.515251E+00
        7.035562E+13 -9.999860E+00 -1.999884E+00 -3.053960E-01 -3.053960E-01
   221     2282.3733    8.57852560  5.768393E+08  9.918376E+09  6.434108E+27
        5.144283E+00  2.448880E+01  7.398284E+00  0.9976849028 -2.635431E+00
        4.333447E+13 -9.999860E+00 -1.999884E+00 -3.053960E-01 -3.053960E-01
   222     2213.9099    8.57853405  5.768337E+08  9.969030E+09  5.696038E+27
        5.116768E+00  2.448880E+01  7.398284E+00  0.9983236675 -2.775640E+00
        2.722700E+13 -9.999860E+00 -1.999884E+00 -3.053960E-01 -3.053960E-01
   223     2147.7225    8.57853991  5.768298E+08  1.001593E+10  5.044754E+27
        5.089097E+00  2.448880E+01  7.398284E+00  0.9987288948 -2.895818E+00
        1.720445E+13 -9.999860E+00 -1.999884E+00 -3.053960E-01 -3.053960E-01
   224     2079.9331    8.57854701  5.768250E+08  1.005901E+10  4.437289E+27
        5.059654E+00  2.448880E+01  7.398284E+00  0.9990796058 -3.036026E+00
        1.067605E+13 -9.999860E+00 -1.999884E+00 -3.053960E-01 -3.053960E-01
   225     2017.2730    8.57855177  5.768219E+08  1.009596E+10  3.926216E+27
        5.031295E+00  2.448880E+01  7.398284E+00  0.9993335501 -3.176233E+00
        6.806040E+12 -9.999860E+00 -1.999884E+00 -3.053960E-01 -3.053960E-01
   226     1957.3664    8.57855544  5.768195E+08  1.012874E+10  3.480168E+27
        5.003126E+00  2.448880E+01  7.398284E+00  0.9995174273 -3.316437E+00
        4.390094E+12 -9.999860E+00 -1.999884E+00 -3.053960E-01 -3.053960E-01
   227     1900.1532    8.57856035  5.768162E+08  1.015787E+10  3.090732E+27
        4.975107E+00  2.448880E+01  7.398284E+00  0.9996505699 -3.456640E+00
        2.857105E+12 -9.999860E+00 -1.999884E+00 -3.053960E-01 -3.053960E-01
   228     1844.6177    8.57856444  5.768135E+08  1.018375E+10  2.744911E+27
        4.946846E+00  2.448880E+01  7.398284E+00  0.9997469763 -3.596839E+00
        1.868624E+12 -9.999860E+00 -1.999884E+00 -3.053960E-01 -3.053960E-01
   229     1793.4176    8.57856794  5.768111E+08  1.020642E+10  2.452590E+27
        4.919646E+00  2.448880E+01  7.398284E+00  0.9998167828 -3.737034E+00
        1.249263E+12 -9.999860E+00 -1.999884E+00 -3.053960E-01 -3.053960E-01
   230     1745.0310    8.57857181  5.768086E+08  1.022698E+10  2.198406E+27
        4.892827E+00  2.448880E+01  7.398284E+00  0.9998673285 -3.877222E+00
        8.442139E+11 -9.999860E+00 -1.999884E+00 -3.053960E-01 -3.053960E-01
   231     1697.5261    8.57857500  5.768065E+08  1.024583E+10  1.968603E+27
        4.865548E+00  2.448880E+01  7.398284E+00  0.9999039279 -4.017403E+00
        5.692145E+11 -9.999860E+00 -1.999884E+00 -3.053960E-01 -3.053960E-01
   232     1652.6234    8.57857780  5.768046E+08  1.026272E+10  1.768418E+27
        4.838658E+00  2.448880E+01  7.398284E+00  0.9999271463 -4.137548E+00
        3.870848E+11 -9.999860E+00 -1.999884E+00 -3.053960E-01 -3.053960E-01
   233     1609.8451    8.57859250  5.767948E+08  1.027798E+10  1.592250E+27
        4.811364E+00  2.448880E+01  7.398284E+00  0.9999472410 -4.277703E+00
        2.627813E+11 -9.999860E+00 -1.999884E+00 -3.053960E-01 -3.053960E-01
   234     1570.8514    8.57861807  5.767779E+08  1.029149E+10  1.443410E+27
        4.784809E+00  2.448880E+01  7.398284E+00  0.9999617913 -4.417838E+00
        1.806902E+11 -9.999860E+00 -1.999884E+00 -3.053960E-01 -3.053960E-01
   235     1533.5000    8.57863530  5.767664E+08  1.030374E+10  1.310892E+27
        4.758186E+00  2.448880E+01  7.398284E+00  0.9999723269 -4.557942E+00
        1.243404E+11 -9.999860E+00 -1.999884E+00 -3.053960E-01 -3.053960E-01
   236     1497.1990    8.57863615  5.767659E+08  1.031476E+10  1.191103E+27
        4.731089E+00  2.448880E+01  7.398284E+00  0.9999799556 -4.698007E+00
        8.510441E+10 -9.999860E+00 -1.999884E+00 -3.053960E-01 -3.053960E-01
