============================================================================
  #Mod      Teff         Log(g)           R            Age            L
           Log(Tc)       Log(Pc)      Log(rhoc)       Mx/M         Log(qx)
             Lnu        Log(H/*)      Log(He/*)     Log(C/*)      Log(O/*)
============================================================================
     1    58279.4711    7.33618418  1.659472E+09  0.000000E+00  2.263781E+34
        7.936291E+00  2.253581E+01  6.074655E+00  0.0000000000  0.000000E+00
        8.487785E+33 -3.999873E+00 -1.999887E+00 -3.054398E-01 -3.054398E-01
     2    50577.0793    7.38273810  1.572871E+09  1.000000E+05  1.153541E+34
        7.927441E+00  2.254038E+01  6.077825E+00  0.0000000000  0.000000E+00
        8.171928E+33 -3.999873E+00 -1.999887E+00 -3.054398E-01 -3.054398E-01
     3    47716.3738    7.40235573  1.537745E+09  2.000000E+05  8.735145E+33
        7.919210E+00  2.254432E+01  6.080567E+00  0.0000000000  0.000000E+00
        7.853454E+33 -3.999873E+00 -1.999887E+00 -3.054398E-01 -3.054398E-01
     4    46059.5149    7.41484550  1.515791E+09  3.000000E+05  7.368652E+33
        7.911543E+00  2.254790E+01  6.083055E+00  0.0000000000  0.000000E+00
        7.546433E+33 -3.999873E+00 -1.999887E+00 -3.054398E-01 -3.054398E-01
     5    44893.7393    7.42425318  1.499462E+09  4.000000E+05  6.507978E+33
        7.904393E+00  2.255122E+01  6.085355E+00  0.0000000000  0.000000E+00
        7.254091E+33 -3.999873E+00 -1.999887E+00 -3.054398E-01 -3.054398E-01
     6    43985.5664    7.43195680  1.486222E+09  5.000000E+05  5.891693E+33
        7.897712E+00  2.255432E+01  6.087504E+00  0.0000000000  0.000000E+00
        6.976940E+33 -3.999873E+00 -1.999887E+00 -3.054398E-01 -3.054398E-01
     7    42930.0996    7.44138819  1.470171E+09  6.500000E+05  5.231371E+33
        7.888608E+00  2.255862E+01  6.090467E+00  0.0000000000  0.000000E+00
        6.591271E+33 -3.999873E+00 -1.999887E+00 -3.054398E-01 -3.054398E-01
     8    41812.5026    7.45180466  1.452646E+09  8.509385E+05  4.595959E+33
        7.877773E+00  2.256384E+01  6.094057E+00  0.0000000000  0.000000E+00
        6.124507E+33 -3.999873E+00 -1.999887E+00 -3.054398E-01 -3.054398E-01
     9    40737.1714    7.46214396  1.435457E+09  1.088309E+06  4.043669E+33
        7.866502E+00  2.256939E+01  6.097861E+00  0.0000000000  0.000000E+00
        5.635071E+33 -3.999873E+00 -1.999887E+00 -3.054398E-01 -3.054398E-01
    10    39693.0699    7.47234936  1.418690E+09  1.361511E+06  3.560127E+33
        7.855141E+00  2.257511E+01  6.101769E+00  0.0000000000  0.000000E+00
        5.141446E+33 -3.999873E+00 -1.999887E+00 -3.054398E-01 -3.054398E-01
    11    38687.1141    7.48226703  1.402583E+09  1.667663E+06  3.140179E+33
        7.844003E+00  2.258083E+01  6.105665E+00  0.0000000000  0.000000E+00
        4.661500E+33 -3.999873E+00 -1.999887E+00 -3.054398E-01 -3.054398E-01
    12    37707.5386    7.49189878  1.387116E+09  2.005981E+06  2.771852E+33
        7.833218E+00  2.258645E+01  6.109484E+00  0.0000000000  0.000000E+00
        4.204881E+33 -3.999873E+00 -1.999887E+00 -3.054398E-01 -3.054398E-01
    13    36759.1495    7.50115786  1.372408E+09  2.373360E+06  2.450530E+33
        7.822908E+00  2.259188E+01  6.113164E+00  0.0000000000  0.000000E+00
        3.780535E+33 -3.999873E+00 -1.999887E+00 -3.054398E-01 -3.054398E-01
    14    35845.3604    7.51001820  1.358479E+09  2.769145E+06  2.171050E+33
        7.813070E+00  2.259708E+01  6.116684E+00  0.0000000000  0.000000E+00
        3.390992E+33 -3.999873E+00 -1.999887E+00 -3.054398E-01 -3.054398E-01
    15    34951.0488    7.51855904  1.345187E+09  3.194728E+06  1.924146E+33
        7.803633E+00  2.260205E+01  6.120042E+00  0.0000000000  0.000000E+00
        3.035163E+33 -3.999873E+00 -1.999887E+00 -3.054398E-01 -3.054398E-01
    16    34099.3296    7.52666594  1.332690E+09  3.646855E+06  1.711093E+33
        7.794615E+00  2.260674E+01  6.123209E+00  0.0000000000  0.000000E+00
        2.714576E+33 -3.999873E+00 -1.999887E+00 -3.054398E-01 -3.054398E-01
    17    33264.4054    7.53449758  1.320728E+09  4.131856E+06  1.521870E+33
        7.785859E+00  2.261121E+01  6.126221E+00  0.0000000000  0.000000E+00
        2.423574E+33 -3.999873E+00 -1.999887E+00 -3.054398E-01 -3.054398E-01
    18    32453.2055    7.54196513  1.309422E+09  4.645667E+06  1.355256E+33
        7.777402E+00  2.261541E+01  6.129054E+00  0.0000000000  0.000000E+00
        2.163003E+33 -3.999873E+00 -1.999887E+00 -3.054398E-01 -3.054398E-01
    19    31673.7321    7.54905335  1.298779E+09  5.188899E+06  1.209761E+33
        7.769201E+00  2.261936E+01  6.131716E+00  0.0000000000  0.000000E+00
        1.930278E+33 -3.999873E+00 -1.999887E+00 -3.054398E-01 -3.054398E-01
    20    30918.9277    7.55582741  1.288690E+09  5.766863E+06  1.081500E+33
        7.761158E+00  2.262310E+01  6.134234E+00  0.0000000000  0.000000E+00
        1.721287E+33 -3.999873E+00 -1.999887E+00 -3.054398E-01 -3.054398E-01
    21    30187.8973    7.56229929  1.279123E+09  6.381489E+06  9.682517E+32
        7.753241E+00  2.262663E+01  6.136615E+00  0.0000000000  0.000000E+00
        1.533854E+33 -3.999873E+00 -1.999887E+00 -3.054398E-01 -3.054398E-01
    22    29479.0158    7.56847950  1.270054E+09  7.035052E+06  8.680176E+32
        7.745421E+00  2.262997E+01  6.138866E+00  0.0000000000  0.000000E+00
        1.365872E+33 -3.999873E+00 -1.999887E+00 -3.054398E-01 -3.054398E-01
    23    28798.8478    7.57436542  1.261477E+09  7.729808E+06  7.799938E+32
        7.737676E+00  2.263313E+01  6.140997E+00  0.0000000000  0.000000E+00
        1.215422E+33 -3.999873E+00 -1.999887E+00 -3.054398E-01 -3.054398E-01
    24    28139.7677    7.58001494  1.253299E+09  8.473164E+06  7.018159E+32
        7.729938E+00  2.263614E+01  6.143028E+00  0.0000000000  0.000000E+00
        1.079938E+33 -3.999873E+00 -1.999887E+00 -3.054398E-01 -3.054398E-01
    25    27498.3643    7.58544004  1.245495E+09  9.267416E+06  6.320385E+32
        7.722204E+00  2.263900E+01  6.144966E+00  0.0000000000  0.000000E+00
        9.582831E+32 -3.999873E+00 -1.999887E+00 -3.054398E-01 -3.054398E-01
    26    26889.1650    7.59060171  1.238116E+09  1.011379E+07  5.710363E+32
        7.714478E+00  2.264173E+01  6.146812E+00  0.0000000000  0.000000E+00
        8.494490E+32 -3.999873E+00 -1.999887E+00 -3.054398E-01 -3.054398E-01
    27    26295.1514    7.59559782  1.231014E+09  1.102713E+07  5.162511E+32
        7.706651E+00  2.264436E+01  6.148592E+00  0.0000000000  0.000000E+00
        7.510648E+32 -3.999873E+00 -1.999887E+00 -3.054398E-01 -3.054398E-01
    28    25715.8142    7.60040373  1.224222E+09  1.200529E+07  4.670394E+32
        7.698768E+00  2.264686E+01  6.150297E+00  0.0000000000  0.000000E+00
        6.629499E+32 -3.999873E+00 -1.999887E+00 -3.054398E-01 -3.054398E-01
    29    25162.8956    7.60498167  1.217787E+09  1.304870E+07  4.236595E+32
        7.690845E+00  2.264926E+01  6.151924E+00  0.0000000000  0.000000E+00
        5.844170E+32 -3.999873E+00 -1.999887E+00 -3.054398E-01 -3.054398E-01
    30    24621.6254    7.60940555  1.211600E+09  1.417275E+07  3.844302E+32
        7.682795E+00  2.265155E+01  6.153491E+00  0.0000000000  0.000000E+00
        5.138533E+32 -3.999873E+00 -1.999887E+00 -3.054398E-01 -3.054398E-01
    31    24105.7756    7.61361673  1.205740E+09  1.537399E+07  3.498032E+32
        7.674669E+00  2.265374E+01  6.154986E+00  0.0000000000  0.000000E+00
        4.510516E+32 -3.999873E+00 -1.999887E+00 -3.054398E-01 -3.054398E-01
    32    23601.7569    7.61768945  1.200100E+09  1.667089E+07  3.184520E+32
        7.666375E+00  2.265585E+01  6.156430E+00  0.0000000000  0.000000E+00
        3.947468E+32 -3.999873E+00 -1.999887E+00 -3.054398E-01 -3.054398E-01
    33    23120.8440    7.62157537  1.194743E+09  1.806121E+07  2.906668E+32
        7.657961E+00  2.265787E+01  6.157813E+00  0.0000000000  0.000000E+00
        3.447419E+32 -3.999873E+00 -1.999887E+00 -3.054398E-01 -3.054398E-01
    34    22653.0069    7.62533124  1.189588E+09  1.956523E+07  2.655390E+32
        7.649345E+00  2.265982E+01  6.159150E+00  0.0000000000  0.000000E+00
        3.000620E+32 -3.999873E+00 -1.999887E+00 -3.054398E-01 -3.054398E-01
    35    22204.5881    7.62892825  1.184672E+09  2.118433E+07  2.431077E+32
        7.640558E+00  2.266169E+01  6.160436E+00  0.0000000000  0.000000E+00
        2.604469E+32 -3.999873E+00 -1.999887E+00 -3.054398E-01 -3.054398E-01
    36    21770.6154    7.63239656  1.179950E+09  2.293654E+07  2.228653E+32
        7.631547E+00  2.266349E+01  6.161678E+00  0.0000000000  0.000000E+00
        2.252457E+32 -3.999873E+00 -1.999887E+00 -3.054398E-01 -3.054398E-01
    37    21351.9524    7.63573045  1.175430E+09  2.482889E+07  2.046332E+32
        7.622322E+00  2.266522E+01  6.162875E+00  0.0000000000  0.000000E+00
        1.941289E+32 -3.999873E+00 -1.999887E+00 -3.054398E-01 -3.054398E-01
    38    20947.4813    7.63893945  1.171096E+09  2.687374E+07  1.881672E+32
        7.612869E+00  2.266689E+01  6.164031E+00  0.0000000000  0.000000E+00
        1.667027E+32 -3.999873E+00 -1.999887E+00 -3.054398E-01 -3.054398E-01
    39    20556.0811    7.64202894  1.166938E+09  2.908291E+07  1.732561E+32
        7.603189E+00  2.266850E+01  6.165150E+00  0.0000000000  0.000000E+00
        1.426272E+32 -3.999873E+00 -1.999887E+00 -3.054398E-01 -3.054398E-01
    40    20177.5084    7.64500023  1.162952E+09  3.146851E+07  1.597445E+32
        7.593281E+00  2.267005E+01  6.166233E+00  0.0000000000  0.000000E+00
        1.215780E+32 -3.999873E+00 -1.999887E+00 -3.054398E-01 -3.054398E-01
    41    19811.1837    7.64785903  1.159131E+09  3.404518E+07  1.474819E+32
        7.583141E+00  2.267155E+01  6.167281E+00  0.0000000000  0.000000E+00
        1.032358E+32 -3.999873E+00 -1.999887E+00 -3.054398E-01 -3.054398E-01
    42    19456.4081    7.65061138  1.155464E+09  3.682784E+07  1.363312E+32
        7.572767E+00  2.267299E+01  6.168295E+00  0.0000000000  0.000000E+00
        8.731044E+31 -3.999873E+00 -1.999887E+00 -3.054398E-01 -3.054398E-01
    43    19112.6752    7.65326265  1.151942E+09  3.983120E+07  1.261768E+32
        7.562160E+00  2.267439E+01  6.169275E+00  0.0000000000  0.000000E+00
        7.353855E+31 -3.999873E+00 -1.999887E+00 -3.054398E-01 -3.054398E-01
    44    18779.1405    7.65581730  1.148559E+09  4.307011E+07  1.169073E+32
        7.551322E+00  2.267573E+01  6.170220E+00  0.0000000000  0.000000E+00
        6.167761E+31 -3.999873E+00 -1.999887E+00 -3.054398E-01 -3.054398E-01
    45    18455.3038    7.65827819  1.145310E+09  4.655754E+07  1.084333E+32
        7.540261E+00  2.267702E+01  6.171127E+00  0.0000000000  0.000000E+00
        5.151227E+31 -3.999873E+00 -1.999887E+00 -3.054398E-01 -3.054398E-01
    46    18140.6508    7.66065326  1.142182E+09  5.030644E+07  1.006733E+32
        7.528996E+00  2.267826E+01  6.172005E+00  0.0000000000  0.000000E+00
        4.284586E+31 -3.999873E+00 -1.999887E+00 -3.054398E-01 -3.054398E-01
    47    17834.6311    7.66294998  1.139166E+09  5.433075E+07  9.355407E+31
        7.517540E+00  2.267947E+01  6.172857E+00  0.0000000000  0.000000E+00
        3.549155E+31 -3.999873E+00 -1.999887E+00 -3.054398E-01 -3.054398E-01
    48    17536.5099    7.66517525  1.136251E+09  5.864352E+07  8.700687E+31
        7.505907E+00  2.268064E+01  6.173684E+00  0.0000000000  0.000000E+00
        2.927939E+31 -3.999873E+00 -1.999887E+00 -3.054398E-01 -3.054398E-01
    49    17245.9002    7.66733394  1.133431E+09  6.325478E+07  8.097774E+31
        7.494116E+00  2.268178E+01  6.174487E+00  0.0000000000  0.000000E+00
        2.405797E+31 -3.999873E+00 -1.999887E+00 -3.054398E-01 -3.054398E-01
    50    16962.2084    7.66943072  1.130698E+09  6.817389E+07  7.541452E+31
        7.482183E+00  2.268288E+01  6.175266E+00  0.0000000000  0.000000E+00
        1.968989E+31 -3.999873E+00 -1.999887E+00 -3.054398E-01 -3.054398E-01
    51    16685.0700    7.67146652  1.128051E+09  7.340722E+07  7.027514E+31
        7.470126E+00  2.268394E+01  6.176018E+00  0.0000000000  0.000000E+00
        1.605335E+31 -3.999873E+00 -1.999887E+00 -3.054398E-01 -3.054398E-01
    52    16414.0016    7.67344048  1.125490E+09  7.895931E+07  6.551994E+31
        7.457964E+00  2.268495E+01  6.176740E+00  0.0000000000  0.000000E+00
        1.304042E+31 -3.999873E+00 -1.999887E+00 -3.054398E-01 -3.054398E-01
    53    16148.7970    7.67535336  1.123015E+09  8.483073E+07  6.111720E+31
        7.445725E+00  2.268592E+01  6.177430E+00  0.0000000000  0.000000E+00
        1.055737E+31 -3.999873E+00 -1.999887E+00 -3.054398E-01 -3.054398E-01
    54    15889.3143    7.67720713  1.120620E+09  9.102298E+07  5.703870E+31
        7.433432E+00  2.268685E+01  6.178092E+00  0.0000000000  0.000000E+00
        8.520332E+30 -3.999873E+00 -1.999887E+00 -3.054398E-01 -3.054398E-01
    55    15635.0214    7.67900483  1.118303E+09  9.753764E+07  5.325314E+31
        7.421102E+00  2.268774E+01  6.178728E+00  0.0000000000  0.000000E+00
        6.855993E+30 -3.999873E+00 -1.999887E+00 -3.054398E-01 -3.054398E-01
    56    15386.0951    7.68074660  1.116063E+09  1.043711E+08  4.974199E+31
        7.408759E+00  2.268860E+01  6.179340E+00  0.0000000000  0.000000E+00
        5.502085E+30 -3.999873E+00 -1.999887E+00 -3.054398E-01 -3.054398E-01
    57    15142.1143    7.68243669  1.113894E+09  1.115231E+08  4.647994E+31
        7.396414E+00  2.268943E+01  6.179933E+00  0.0000000000  0.000000E+00
        4.404595E+30 -3.999873E+00 -1.999887E+00 -3.054398E-01 -3.054398E-01
    58    14903.1410    7.68407889  1.111790E+09  1.189890E+08  4.344987E+31
        7.384087E+00  2.269024E+01  6.180512E+00  0.0000000000  0.000000E+00
        3.518449E+30 -3.999873E+00 -1.999887E+00 -3.054398E-01 -3.054398E-01
    59    14669.0693    7.68567526  1.109748E+09  1.267683E+08  4.063414E+31
        7.371786E+00  2.269103E+01  6.181078E+00  0.0000000000  0.000000E+00
        2.805084E+30 -3.999873E+00 -1.999887E+00 -3.054398E-01 -3.054398E-01
    60    14439.5646    7.68722746  1.107767E+09  1.348576E+08  3.801413E+31
        7.359527E+00  2.269180E+01  6.181626E+00  0.0000000000  0.000000E+00
        2.232547E+30 -3.999873E+00 -1.999887E+00 -3.054398E-01 -3.054398E-01
    61    14214.8899    7.68873609  1.105844E+09  1.432474E+08  3.557902E+31
        7.347329E+00  2.269255E+01  6.182157E+00  0.0000000000  0.000000E+00
        1.774565E+30 -3.999873E+00 -1.999887E+00 -3.054398E-01 -3.054398E-01
    62    13995.0030    7.69020421  1.103977E+09  1.519330E+08  3.331531E+31
        7.335202E+00  2.269326E+01  6.182666E+00  0.0000000000  0.000000E+00
        1.409054E+30 -3.999873E+00 -1.999887E+00 -3.054398E-01 -3.054398E-01
    63    13780.1623    7.69163427  1.102161E+09  1.609069E+08  3.121326E+31
        7.323157E+00  2.269394E+01  6.183153E+00  0.0000000000  0.000000E+00
        1.117995E+30 -3.999873E+00 -1.999887E+00 -3.054398E-01 -3.054398E-01
    64    13570.7398    7.69302924  1.100392E+09  1.701645E+08  2.926449E+31
        7.311200E+00  2.269459E+01  6.183616E+00  0.0000000000  0.000000E+00
        8.865860E+29 -3.999873E+00 -1.999887E+00 -3.054398E-01 -3.054398E-01
    65    13366.4733    7.69439559  1.098662E+09  1.797060E+08  2.745541E+31
        7.299331E+00  2.269521E+01  6.184058E+00  0.0000000000  0.000000E+00
        7.028046E+29 -3.999873E+00 -1.999887E+00 -3.054398E-01 -3.054398E-01
    66    13167.7547    7.69573744  1.096966E+09  1.895257E+08  2.577897E+31
        7.287564E+00  2.269581E+01  6.184484E+00  0.0000000000  0.000000E+00
        5.570700E+29 -3.999873E+00 -1.999887E+00 -3.054398E-01 -3.054398E-01
    67    12973.7795    7.69705940  1.095298E+09  1.996287E+08  2.421937E+31
        7.275893E+00  2.269638E+01  6.184895E+00  0.0000000000  0.000000E+00
        4.415265E+29 -3.999873E+00 -1.999887E+00 -3.054398E-01 -3.054398E-01
    68    12785.1470    7.69835776  1.093662E+09  2.099926E+08  2.277305E+31
        7.264343E+00  2.269694E+01  6.185290E+00  0.0000000000  0.000000E+00
        3.501350E+29 -3.999873E+00 -1.999887E+00 -3.054398E-01 -3.054398E-01
    69    12601.4268    7.69963115  1.092060E+09  2.205992E+08  2.142910E+31
        7.252931E+00  2.269747E+01  6.185668E+00  0.0000000000  0.000000E+00
        2.779425E+29 -3.999873E+00 -1.999887E+00 -3.054398E-01 -3.054398E-01
    70    12423.4243    7.70086999  1.090504E+09  2.313789E+08  2.018605E+31
        7.241723E+00  2.269797E+01  6.186029E+00  0.0000000000  0.000000E+00
        2.211915E+29 -3.999873E+00 -1.999887E+00 -3.054398E-01 -3.054398E-01
    71    12252.5686    7.70206036  1.089010E+09  2.422019E+08  1.904602E+31
        7.230834E+00  2.269845E+01  6.186367E+00  0.0000000000  0.000000E+00
        1.769295E+29 -3.999873E+00 -1.999887E+00 -3.054398E-01 -3.054398E-01
    72    12092.5383    7.70317713  1.087611E+09  2.527804E+08  1.802390E+31
        7.220516E+00  2.269888E+01  6.186675E+00  0.0000000000  0.000000E+00
        1.430241E+29 -3.999873E+00 -1.999887E+00 -3.054398E-01 -3.054398E-01
    73    11965.4752    7.70407456  1.086488E+09  2.614902E+08  1.724254E+31
        7.212229E+00  2.269921E+01  6.186913E+00  0.0000000000  0.000000E+00
        1.204687E+29 -3.999873E+00 -1.999887E+00 -3.054398E-01 -3.054398E-01
    74    11853.5340    7.70487818  1.085483E+09  2.694125E+08  1.657560E+31
        7.204856E+00  2.269949E+01  6.187117E+00  0.0000000000  0.000000E+00
        1.033558E+29 -3.999873E+00 -1.999887E+00 -3.054398E-01 -3.054398E-01
    75    11759.3845    7.70556158  1.084629E+09  2.762599E+08  1.602998E+31
        7.198603E+00  2.269973E+01  6.187285E+00  0.0000000000  0.000000E+00
        9.072701E+28 -3.999873E+00 -1.999887E+00 -3.054398E-01 -3.054398E-01
    76    11672.5586    7.70619941  1.083833E+09  2.827346E+08  1.553892E+31
        7.192794E+00  2.269994E+01  6.187439E+00  0.0000000000  0.000000E+00
        8.035760E+28 -3.999873E+00 -1.999887E+00 -3.054398E-01 -3.054398E-01
    77    11591.8016    7.70680017  1.083084E+09  2.889000E+08  1.509245E+31
        7.187353E+00  2.270014E+01  6.187580E+00  0.0000000000  0.000000E+00
        7.170552E+28 -3.999873E+00 -1.999887E+00 -3.054398E-01 -3.054398E-01
    78    11515.8710    7.70737138  1.082372E+09  2.948270E+08  1.468155E+31
        7.182204E+00  2.270032E+01  6.187712E+00  0.0000000000  0.000000E+00
        6.436389E+28 -3.999873E+00 -1.999887E+00 -3.054398E-01 -3.054398E-01
    79    11443.1687    7.70792360  1.081684E+09  3.006242E+08  1.429611E+31
        7.177243E+00  2.270050E+01  6.187838E+00  0.0000000000  0.000000E+00
        5.799239E+28 -3.999873E+00 -1.999887E+00 -3.054398E-01 -3.054398E-01
    80    11372.4217    7.70846630  1.081008E+09  3.063843E+08  1.392841E+31
        7.172387E+00  2.270067E+01  6.187960E+00  0.0000000000  0.000000E+00
        5.235789E+28 -3.999873E+00 -1.999887E+00 -3.054398E-01 -3.054398E-01
    81    11303.1744    7.70900306  1.080340E+09  3.121396E+08  1.357547E+31
        7.167605E+00  2.270084E+01  6.188080E+00  0.0000000000  0.000000E+00
        4.733823E+28 -3.999873E+00 -1.999887E+00 -3.054398E-01 -3.054398E-01
    82    11235.2104    7.70953365  1.079680E+09  3.179033E+08  1.323571E+31
        7.162885E+00  2.270100E+01  6.188198E+00  0.0000000000  0.000000E+00
        4.284990E+28 -3.999873E+00 -1.999887E+00 -3.054398E-01 -3.054398E-01
    83    11167.5188    7.71006377  1.079022E+09  3.237597E+08  1.290384E+31
        7.158157E+00  2.270117E+01  6.188315E+00  0.0000000000  0.000000E+00
        3.877669E+28 -3.999873E+00 -1.999887E+00 -3.054398E-01 -3.054398E-01
    84    11099.2045    7.71060083  1.078355E+09  3.297907E+08  1.257543E+31
        7.153359E+00  2.270133E+01  6.188435E+00  0.0000000000  0.000000E+00
        3.503493E+28 -3.999873E+00 -1.999887E+00 -3.054398E-01 -3.054398E-01
    85    11030.6256    7.71114419  1.077680E+09  3.359713E+08  1.225216E+31
        7.148514E+00  2.270150E+01  6.188555E+00  0.0000000000  0.000000E+00
        3.161981E+28 -3.999873E+00 -1.999887E+00 -3.054398E-01 -3.054398E-01
    86    10962.7440    7.71168706  1.077007E+09  3.422169E+08  1.193840E+31
        7.143690E+00  2.270167E+01  6.188675E+00  0.0000000000  0.000000E+00
        2.854765E+28 -3.999873E+00 -1.999887E+00 -3.054398E-01 -3.054398E-01
    87    10895.7306    7.71222599  1.076339E+09  3.485095E+08  1.163471E+31
        7.138900E+00  2.270183E+01  6.188794E+00  0.0000000000  0.000000E+00
        2.579090E+28 -3.999873E+00 -1.999887E+00 -3.054398E-01 -3.054398E-01
    88    10828.6420    7.71276525  1.075671E+09  3.549379E+08  1.133671E+31
        7.134078E+00  2.270200E+01  6.188915E+00  0.0000000000  0.000000E+00
        2.328336E+28 -3.999873E+00 -1.999887E+00 -3.054398E-01 -3.054398E-01
    89    10760.2582    7.71331262  1.074993E+09  3.616258E+08  1.103912E+31
        7.129137E+00  2.270218E+01  6.189038E+00  0.0000000000  0.000000E+00
        2.096539E+28 -3.999873E+00 -1.999887E+00 -3.054398E-01 -3.054398E-01
    90    10689.9713    7.71387265  1.074300E+09  3.686466E+08  1.073964E+31
        7.124031E+00  2.270235E+01  6.189165E+00  0.0000000000  0.000000E+00
        1.881124E+28 -3.999873E+00 -1.999887E+00 -3.054398E-01 -3.054398E-01
    91    10617.8939    7.71444659  1.073591E+09  3.760062E+08  1.043910E+31
        7.118764E+00  2.270254E+01  6.189296E+00  0.0000000000  0.000000E+00
        1.682045E+28 -3.999873E+00 -1.999887E+00 -3.054398E-01 -3.054398E-01
    92    10545.0005    7.71502675  1.072874E+09  3.836179E+08  1.014182E+31
        7.113406E+00  2.270272E+01  6.189428E+00  0.0000000000  0.000000E+00
        1.501087E+28 -3.999873E+00 -1.999887E+00 -3.054398E-01 -3.054398E-01
    93    10471.5086    7.71561162  1.072152E+09  3.914689E+08  9.848759E+30
        7.107970E+00  2.270291E+01  6.189560E+00  0.0000000000  0.000000E+00
        1.337405E+28 -3.999873E+00 -1.999887E+00 -3.054398E-01 -3.054398E-01
    94    10397.6208    7.71620015  1.071426E+09  3.995468E+08  9.560748E+30
        7.102471E+00  2.270309E+01  6.189692E+00  0.0000000000  0.000000E+00
        1.189987E+28 -3.999873E+00 -1.999887E+00 -3.054398E-01 -3.054398E-01
    95    10323.6137    7.71678973  1.070699E+09  4.078280E+08  9.278833E+30
        7.096929E+00  2.270328E+01  6.189824E+00  0.0000000000  0.000000E+00
        1.057879E+28 -3.999873E+00 -1.999887E+00 -3.054398E-01 -3.054398E-01
    96    10249.4029    7.71738137  1.069969E+09  4.163294E+08  9.002622E+30
        7.091336E+00  2.270346E+01  6.189954E+00  0.0000000000  0.000000E+00
        9.394808E+27 -3.999873E+00 -1.999887E+00 -3.054398E-01 -3.054398E-01
    97    10175.1199    7.71797261  1.069241E+09  4.250410E+08  8.732562E+30
        7.085703E+00  2.270364E+01  6.190083E+00  0.0000000000  0.000000E+00
        8.336857E+27 -3.999873E+00 -1.999887E+00 -3.054398E-01 -3.054398E-01
    98    10100.3776    7.71856580  1.068511E+09  4.340166E+08  8.467218E+30
        7.079999E+00  2.270382E+01  6.190210E+00  0.0000000000  0.000000E+00
        7.387789E+27 -3.999873E+00 -1.999887E+00 -3.054398E-01 -3.054398E-01
    99    10025.0303    7.71916055  1.067780E+09  4.432834E+08  8.206129E+30
        7.074214E+00  2.270399E+01  6.190335E+00  0.0000000000  0.000000E+00
        6.536276E+27 -3.999873E+00 -1.999887E+00 -3.054398E-01 -3.054398E-01
   100     9948.7357    7.71975919  1.067044E+09  4.528969E+08  7.948195E+30
        7.068319E+00  2.270417E+01  6.190459E+00  0.0000000000  0.000000E+00
        5.770476E+27 -3.999873E+00 -1.999887E+00 -3.054398E-01 -3.054398E-01
   101     9871.5383    7.72035964  1.066307E+09  4.628661E+08  7.693710E+30
        7.062316E+00  2.270434E+01  6.190581E+00  0.0000000000  0.000000E+00
        5.083885E+27 -3.999873E+00 -1.999887E+00 -3.054398E-01 -3.054398E-01
   102     9793.0739    7.72096491  1.065564E+09  4.732569E+08  7.441617E+30
        7.056177E+00  2.270451E+01  6.190702E+00  0.0000000000  0.000000E+00
        4.467079E+27 -3.999873E+00 -1.999887E+00 -3.054398E-01 -3.054398E-01
   103     9713.5036    7.72157297  1.064818E+09  4.840682E+08  7.192614E+30
        7.049911E+00  2.270467E+01  6.190821E+00  0.0000000000  0.000000E+00
        3.915723E+27 -3.999873E+00 -1.999887E+00 -3.054398E-01 -3.054398E-01
   104     9632.5918    7.72218596  1.064067E+09  4.953554E+08  6.946128E+30
        7.043500E+00  2.270484E+01  6.190941E+00  0.0000000000  0.000000E+00
        3.422880E+27 -3.999873E+00 -1.999887E+00 -3.054398E-01 -3.054398E-01
   105     9550.5088    7.72280288  1.063312E+09  5.071190E+08  6.702847E+30
        7.036953E+00  2.270500E+01  6.191061E+00  0.0000000000  0.000000E+00
        2.984619E+27 -3.999873E+00 -1.999887E+00 -3.054398E-01 -3.054398E-01
   106     9467.3705    7.72342342  1.062552E+09  5.193673E+08  6.463239E+30
        7.030278E+00  2.270516E+01  6.191180E+00  0.0000000000  0.000000E+00
        2.596502E+27 -3.999873E+00 -1.999887E+00 -3.054398E-01 -3.054398E-01
   107     9383.3327    7.72404689  1.061790E+09  5.321019E+08  6.227844E+30
        7.023485E+00  2.270532E+01  6.191299E+00  0.0000000000  0.000000E+00
        2.254295E+27 -3.999873E+00 -1.999887E+00 -3.054398E-01 -3.054398E-01
   108     9298.5507    7.72467278  1.061025E+09  5.453232E+08  5.997143E+30
        7.016587E+00  2.270549E+01  6.191419E+00  0.0000000000  0.000000E+00
        1.953786E+27 -3.999873E+00 -1.999887E+00 -3.054398E-01 -3.054398E-01
   109     9213.2070    7.72530018  1.060259E+09  5.590256E+08  5.771640E+30
        7.009595E+00  2.270565E+01  6.191538E+00  0.0000000000  0.000000E+00
        1.690962E+27 -3.999873E+00 -1.999887E+00 -3.054398E-01 -3.054398E-01
   110     9127.4736    7.72592834  1.059493E+09  5.732027E+08  5.551753E+30
        7.002524E+00  2.270581E+01  6.191658E+00  0.0000000000  0.000000E+00
        1.461918E+27 -3.999873E+00 -1.999887E+00 -3.054398E-01 -3.054398E-01
   111     9041.5359    7.72655653  1.058727E+09  5.878453E+08  5.337876E+30
        6.995388E+00  2.270598E+01  6.191779E+00  0.0000000000  0.000000E+00
        1.262976E+27 -3.999873E+00 -1.999887E+00 -3.054398E-01 -3.054398E-01
   112     8955.5582    7.72718449  1.057961E+09  6.029458E+08  5.130294E+30
        6.988198E+00  2.270614E+01  6.191900E+00  0.0000000000  0.000000E+00
        1.090656E+27 -3.999873E+00 -1.999887E+00 -3.054398E-01 -3.054398E-01
   113     8869.6634    7.72781147  1.057198E+09  6.185000E+08  4.929163E+30
        6.980966E+00  2.270631E+01  6.192023E+00  0.0000000000  0.000000E+00
        9.416995E+26 -3.999873E+00 -1.999887E+00 -3.054398E-01 -3.054398E-01
   114     8783.9693    7.72843569  1.056439E+09  6.345000E+08  4.734604E+30
        6.973701E+00  2.270648E+01  6.192143E+00  0.0000000000  0.000000E+00
        8.131764E+26 -3.999873E+00 -1.999887E+00 -3.054398E-01 -3.054398E-01
   115     8698.5905    7.72905611  1.055684E+09  6.509383E+08  4.546692E+30
        6.966414E+00  2.270665E+01  6.192261E+00  0.0000000000  0.000000E+00
        7.024495E+26 -3.999873E+00 -1.999887E+00 -3.054398E-01 -3.054398E-01
   116     8613.6216    7.72967233  1.054935E+09  6.678107E+08  4.365429E+30
        6.959114E+00  2.270681E+01  6.192376E+00  0.0000000000  0.000000E+00
        6.071551E+26 -3.999873E+00 -1.999887E+00 -3.054398E-01 -3.054398E-01
   117     8529.1466    7.73028372  1.054193E+09  6.851143E+08  4.190779E+30
        6.951807E+00  2.270697E+01  6.192489E+00  0.0000000000  0.000000E+00
        5.251857E+26 -3.999873E+00 -1.999887E+00 -3.054398E-01 -3.054398E-01
   118     8445.2228    7.73088956  1.053458E+09  7.028508E+08  4.022639E+30
        6.944500E+00  2.270713E+01  6.192600E+00  0.0000000000  0.000000E+00
        4.546901E+26 -3.999873E+00 -1.999887E+00 -3.054398E-01 -3.054398E-01
   119     8361.8151    7.73149098  1.052729E+09  7.210403E+08  3.860712E+30
        6.937188E+00  2.270728E+01  6.192708E+00  0.0000000000  0.000000E+00
        3.940032E+26 -3.999873E+00 -1.999887E+00 -3.054398E-01 -3.054398E-01
   120     8279.1131    7.73208613  1.052008E+09  7.396502E+08  3.705145E+30
        6.929891E+00  2.270743E+01  6.192814E+00  0.0000000000  0.000000E+00
        3.418425E+26 -3.999873E+00 -1.999887E+00 -3.054398E-01 -3.054398E-01
   121     8197.0882    7.73267526  1.051295E+09  7.586984E+08  3.555652E+30
        6.922606E+00  2.270758E+01  6.192918E+00  0.0000000000  0.000000E+00
        2.969570E+26 -3.999873E+00 -1.999887E+00 -3.054398E-01 -3.054398E-01
   122     8115.7562    7.73325769  1.050590E+09  7.781900E+08  3.412042E+30
        6.915334E+00  2.270772E+01  6.193019E+00  0.0000000000  0.000000E+00
        2.583024E+26 -3.999873E+00 -1.999887E+00 -3.054398E-01 -3.054398E-01
   123     8034.9830    7.73383539  1.049891E+09  7.981694E+08  3.273864E+30
        6.908064E+00  2.270786E+01  6.193120E+00  0.0000000000  0.000000E+00
        2.249285E+26 -3.999873E+00 -1.999887E+00 -3.054398E-01 -3.054398E-01
   124     7955.0365    7.73440638  1.049201E+09  8.185842E+08  3.141365E+30
        6.900820E+00  2.270800E+01  6.193218E+00  0.0000000000  0.000000E+00
        1.961742E+26 -3.999873E+00 -1.999887E+00 -3.054398E-01 -3.054398E-01
   125     7875.8222    7.73497096  1.048520E+09  8.394657E+08  3.014177E+30
        6.893595E+00  2.270813E+01  6.193316E+00  0.0000000000  0.000000E+00
        1.713435E+26 -3.999873E+00 -1.999887E+00 -3.054398E-01 -3.054398E-01
   126     7797.2448    7.73552972  1.047845E+09  8.608541E+08  2.891952E+30
        6.886381E+00  2.270827E+01  6.193411E+00  0.0000000000  0.000000E+00
        1.498479E+26 -3.999873E+00 -1.999887E+00 -3.054398E-01 -3.054398E-01
   127     7719.3097    7.73608389  1.047177E+09  8.827647E+08  2.774509E+30
        6.879176E+00  2.270840E+01  6.193504E+00  0.0000000000  0.000000E+00
        1.312180E+26 -3.999873E+00 -1.999887E+00 -3.054398E-01 -3.054398E-01
   128     7642.2973    7.73663072  1.046518E+09  9.051272E+08  2.662080E+30
        6.872009E+00  2.270852E+01  6.193595E+00  0.0000000000  0.000000E+00
        1.151041E+26 -3.999873E+00 -1.999887E+00 -3.054398E-01 -3.054398E-01
   129     7566.0018    7.73717192  1.045866E+09  9.280150E+08  2.554171E+30
        6.864861E+00  2.270865E+01  6.193685E+00  0.0000000000  0.000000E+00
        1.011156E+26 -3.999873E+00 -1.999887E+00 -3.054398E-01 -3.054398E-01
   130     7490.4635    7.73770754  1.045221E+09  9.514299E+08  2.450662E+30
        6.857734E+00  2.270877E+01  6.193773E+00  0.0000000000  0.000000E+00
        8.895770E+25 -3.999873E+00 -1.999887E+00 -3.054398E-01 -3.054398E-01
   131     7415.7661    7.73823819  1.044583E+09  9.753600E+08  2.351484E+30
        6.850636E+00  2.270889E+01  6.193859E+00  0.0000000000  0.000000E+00
        7.838584E+25 -3.999873E+00 -1.999887E+00 -3.054398E-01 -3.054398E-01
   132     7342.1543    7.73876165  1.043954E+09  9.997327E+08  2.256776E+30
        6.843590E+00  2.270901E+01  6.193943E+00  0.0000000000  0.000000E+00
        6.920743E+25 -3.999873E+00 -1.999887E+00 -3.054398E-01 -3.054398E-01
   133     7269.4803    7.73927923  1.043332E+09  1.024604E+09  2.166159E+30
        6.836584E+00  2.270912E+01  6.194026E+00  0.0000000000  0.000000E+00
        6.120822E+25 -3.999873E+00 -1.999887E+00 -3.054398E-01 -3.054398E-01
   134     7197.8022    7.73979166  1.042716E+09  1.049960E+09  2.079525E+30
        6.829622E+00  2.270923E+01  6.194108E+00  0.0000000000  0.000000E+00
        5.422527E+25 -3.999873E+00 -1.999887E+00 -3.054398E-01 -3.054398E-01
   135     7127.3584    7.74029780  1.042109E+09  1.075718E+09  1.996975E+30
        6.822727E+00  2.270934E+01  6.194188E+00  0.0000000000  0.000000E+00
        4.814605E+25 -3.999873E+00 -1.999887E+00 -3.054398E-01 -3.054398E-01
   136     7058.3125    7.74079685  1.041510E+09  1.101812E+09  1.918504E+30
        6.815918E+00  2.270945E+01  6.194267E+00  0.0000000000  0.000000E+00
        4.285114E+25 -3.999873E+00 -1.999887E+00 -3.054398E-01 -3.054398E-01
   137     6990.5835    7.74129082  1.040918E+09  1.128266E+09  1.843822E+30
        6.809188E+00  2.270957E+01  6.194347E+00  0.0000000000  0.000000E+00
        3.822384E+25 -3.999873E+00 -1.999887E+00 -3.054398E-01 -3.054398E-01
   138     6924.3632    7.74177832  1.040334E+09  1.154990E+09  1.772953E+30
        6.802557E+00  2.270968E+01  6.194427E+00  0.0000000000  0.000000E+00
        3.418302E+25 -3.999873E+00 -1.999887E+00 -3.054398E-01 -3.054398E-01
   139     6859.6864    7.74226006  1.039757E+09  1.181946E+09  1.705741E+30
        6.796031E+00  2.270978E+01  6.194506E+00  0.0000000000  0.000000E+00
        3.064848E+25 -3.999873E+00 -1.999887E+00 -3.054398E-01 -3.054398E-01
   140     6796.7421    7.74273465  1.039189E+09  1.209030E+09  1.642195E+30
        6.789633E+00  2.270989E+01  6.194583E+00  0.0000000000  0.000000E+00
        2.755870E+25 -3.999873E+00 -1.999887E+00 -3.054398E-01 -3.054398E-01
   141     6735.5459    7.74320299  1.038629E+09  1.236198E+09  1.582138E+30
        6.783365E+00  2.271000E+01  6.194659E+00  0.0000000000  0.000000E+00
        2.485221E+25 -3.999873E+00 -1.999887E+00 -3.054398E-01 -3.054398E-01
   142     6676.2594    7.74366419  1.038078E+09  1.263342E+09  1.525544E+30
        6.777248E+00  2.271010E+01  6.194732E+00  0.0000000000  0.000000E+00
        2.248207E+25 -3.999873E+00 -1.999887E+00 -3.054398E-01 -3.054398E-01
   143     6618.9188    7.74411942  1.037534E+09  1.290400E+09  1.472261E+30
        6.771288E+00  2.271019E+01  6.194802E+00  0.0000000000  0.000000E+00
        2.040287E+25 -3.999873E+00 -1.999887E+00 -3.054398E-01 -3.054398E-01
   144     6563.6845    7.74456886  1.036997E+09  1.317248E+09  1.422257E+30
        6.765504E+00  2.271028E+01  6.194869E+00  0.0000000000  0.000000E+00
        1.857961E+25 -3.999873E+00 -1.999887E+00 -3.054398E-01 -3.054398E-01
   145     6510.7006    7.74501240  1.036468E+09  1.343752E+09  1.375481E+30
        6.759915E+00  2.271037E+01  6.194931E+00  0.0000000000  0.000000E+00
        1.698143E+25 -3.999873E+00 -1.999887E+00 -3.054398E-01 -3.054398E-01
   146     6460.0668    7.74545111  1.035945E+09  1.369804E+09  1.331843E+30
        6.754534E+00  2.271045E+01  6.194989E+00  0.0000000000  0.000000E+00
        1.558232E+25 -3.999873E+00 -1.999887E+00 -3.054398E-01 -3.054398E-01
   147     6409.0699    7.74591151  1.035396E+09  1.396804E+09  1.288916E+30
        6.749073E+00  2.271053E+01  6.195046E+00  0.0000000000  0.000000E+00
        1.428466E+25 -3.999873E+00 -1.999887E+00 -3.054398E-01 -3.054398E-01
   148     6335.6125    7.74661649  1.034556E+09  1.437304E+09  1.228836E+30
        6.741129E+00  2.271063E+01  6.195124E+00  0.0000000000  0.000000E+00
        1.259832E+25 -3.999873E+00 -1.999887E+00 -3.054398E-01 -3.054398E-01
   149     6231.7436    7.74770746  1.033257E+09  1.498054E+09  1.147326E+30
        6.729730E+00  2.271078E+01  6.195232E+00  0.0000000000  0.000000E+00
        1.053599E+25 -3.999873E+00 -1.999887E+00 -3.054398E-01 -3.054398E-01
   150     6122.1827    7.74894640  1.031784E+09  1.566454E+09  1.065700E+30
        6.717496E+00  2.271094E+01  6.195344E+00  0.0000000000  0.000000E+00
        8.713988E+24 -3.999873E+00 -1.999887E+00 -3.054398E-01 -3.054398E-01
   151     6020.6223    7.75018889  1.030309E+09  1.634040E+09  9.938773E+29
        6.705946E+00  2.271109E+01  6.195448E+00  0.0000000000  0.000000E+00
        7.296507E+24 -3.999873E+00 -1.999887E+00 -3.054398E-01 -3.054398E-01
   152     5925.4292    7.75149601  1.028760E+09  1.701584E+09  9.296926E+29
        6.694897E+00  2.271122E+01  6.195545E+00  0.0000000000  0.000000E+00
        6.165709E+24 -3.999873E+00 -1.999887E+00 -3.054398E-01 -3.054398E-01
   153     5837.8101    7.75280244  1.027214E+09  1.767724E+09  8.732800E+29
        6.684510E+00  2.271135E+01  6.195634E+00  0.0000000000  0.000000E+00
        5.269382E+24 -3.999873E+00 -1.999887E+00 -3.054398E-01 -3.054398E-01
   154     5754.8671    7.75406840  1.025718E+09  1.834254E+09  8.222974E+29
        6.674466E+00  2.271146E+01  6.195718E+00  0.0000000000  0.000000E+00
        4.531761E+24 -3.999873E+00 -1.999887E+00 -3.054398E-01 -3.054398E-01
   155     5673.3373    7.75533433  1.024224E+09  1.904156E+09  7.744194E+29
        6.664318E+00  2.271158E+01  6.195801E+00  0.0000000000  0.000000E+00
        3.894161E+24 -3.999873E+00 -1.999887E+00 -3.054398E-01 -3.054398E-01
   156     5593.8370    7.75667263  1.022647E+09  1.978452E+09  7.296637E+29
        6.653940E+00  2.271169E+01  6.195879E+00  0.0000000000  0.000000E+00
        3.337167E+24 -3.999873E+00 -1.999887E+00 -3.054398E-01 -3.054398E-01
   157     5520.2948    7.75802428  1.021057E+09  2.055292E+09  6.898917E+29
        6.643589E+00  2.271178E+01  6.195948E+00  0.0000000000  0.000000E+00
        2.862130E+24 -3.999873E+00 -1.999887E+00 -3.054398E-01 -3.054398E-01
   158     5452.0488    7.75932613  1.019528E+09  2.136322E+09  6.544387E+29
        6.633032E+00  2.271188E+01  6.196011E+00  0.0000000000  0.000000E+00
        2.447713E+24 -3.999873E+00 -1.999887E+00 -3.054398E-01 -3.054398E-01
   159     5387.1849    7.76061519  1.018016E+09  2.225826E+09  6.219973E+29
        6.621723E+00  2.271197E+01  6.196074E+00  0.0000000000  0.000000E+00
        2.070284E+24 -3.999873E+00 -1.999887E+00 -3.054398E-01 -3.054398E-01
   160     5326.9148    7.76190785  1.016502E+09  2.325520E+09  5.928588E+29
        6.609453E+00  2.271206E+01  6.196140E+00  0.0000000000  0.000000E+00
        1.726353E+24 -3.999873E+00 -1.999887E+00 -3.054398E-01 -3.054398E-01
   161     5272.1621    7.76319114  1.015001E+09  2.436066E+09  5.671788E+29
        6.596121E+00  2.271217E+01  6.196215E+00  0.0000000000  0.000000E+00
        1.417256E+24 -3.999873E+00 -1.999887E+00 -3.054398E-01 -3.054398E-01
   162     5221.1165    7.76445187  1.013529E+09  2.558510E+09  5.439485E+29
        6.581561E+00  2.271230E+01  6.196307E+00  0.0000000000  0.000000E+00
        1.143214E+24 -3.999873E+00 -1.999887E+00 -3.054398E-01 -3.054398E-01
   163     5172.3472    7.76566421  1.012115E+09  2.692706E+09  5.224474E+29
        6.565741E+00  2.271246E+01  6.196419E+00  0.0000000000  0.000000E+00
        9.060778E+23 -3.999873E+00 -1.999887E+00 -3.054398E-01 -3.054398E-01
   164     5124.4270    7.76682726  1.010761E+09  2.838358E+09  5.020074E+29
        6.548644E+00  2.271263E+01  6.196544E+00  0.0000000000  0.000000E+00
        7.057681E+23 -3.999873E+00 -1.999887E+00 -3.054398E-01 -3.054398E-01
   165     5077.7690    7.76793774  1.009469E+09  2.993080E+09  4.827365E+29
        6.530493E+00  2.271280E+01  6.196675E+00  0.0000000000  0.000000E+00
        5.421557E+23 -3.999873E+00 -1.999887E+00 -3.054398E-01 -3.054398E-01
   166     5032.5754    7.76899365  1.008243E+09  3.154404E+09  4.646475E+29
        6.511514E+00  2.271297E+01  6.196800E+00  0.0000000000  0.000000E+00
        4.121060E+23 -3.999873E+00 -1.999887E+00 -3.054398E-01 -3.054398E-01
   167     4988.7324    7.76998798  1.007090E+09  3.319654E+09  4.476401E+29
        6.491963E+00  2.271313E+01  6.196912E+00  0.0000000000  0.000000E+00
        3.111218E+23 -3.999873E+00 -1.999887E+00 -3.054398E-01 -3.054398E-01
   168     4939.7690    7.77104253  1.005868E+09  3.509654E+09  4.292795E+29
        6.469304E+00  2.271330E+01  6.197033E+00  0.0000000000  0.000000E+00
        2.247823E+23 -3.999873E+00 -1.999887E+00 -3.054398E-01 -3.054398E-01
   169     4894.6748    7.77193371  1.004836E+09  3.699654E+09  4.129693E+29
        6.454409E+00  2.271347E+01  6.197189E+00  0.0236789393 -1.040734E-02
        1.657528E+23 -3.999873E+00 -1.999887E+00 -3.054398E-01 -3.054398E-01
   170     4855.9312    7.77263613  1.004024E+09  3.889654E+09  3.994019E+29
        6.437603E+00  2.271363E+01  6.197300E+00  0.0693245629 -3.120175E-02
        1.283115E+23 -3.999873E+00 -1.999887E+00 -3.054398E-01 -3.054398E-01
   171     4819.4839    7.77323769  1.003329E+09  4.079654E+09  3.870086E+29
        6.420517E+00  2.271378E+01  6.197406E+00  0.1299541436 -6.045786E-02
        9.960866E+22 -3.999873E+00 -1.999887E+00 -3.054398E-01 -3.054398E-01
   172     4783.1724    7.77378199  1.002700E+09  4.269654E+09  3.750061E+29
        6.403779E+00  2.271393E+01  6.197506E+00  0.1889993551 -9.097880E-02
        7.739041E+22 -3.999873E+00 -1.999887E+00 -3.054398E-01 -3.054398E-01
   173     4745.1627    7.77429576  1.002107E+09  4.459654E+09  3.627979E+29
        6.386893E+00  2.271406E+01  6.197601E+00  0.2554908849 -1.281300E-01
        5.974738E+22 -3.999873E+00 -1.999887E+00 -3.054398E-01 -3.054398E-01
   174     4707.2484    7.77476052  1.001571E+09  4.649654E+09  3.509652E+29
        6.371041E+00  2.271419E+01  6.197689E+00  0.3155814525 -1.646782E-01
        4.682904E+22 -3.999873E+00 -1.999887E+00 -3.054398E-01 -3.054398E-01
   175     4667.8878    7.77519916  1.001065E+09  4.839654E+09  3.390304E+29
        6.355036E+00  2.271430E+01  6.197769E+00  0.3746472369 -2.038749E-01
        3.647206E+22 -3.999873E+00 -1.999887E+00 -3.054398E-01 -3.054398E-01
   176     4626.6319    7.77562679  1.000573E+09  5.029654E+09  3.268806E+29
        6.338598E+00  2.271442E+01  6.197848E+00  0.4361013932 -2.487990E-01
        2.822313E+22 -3.999873E+00 -1.999887E+00 -3.054398E-01 -3.054398E-01
   177     4582.7547    7.77604712  1.000089E+09  5.219654E+09  3.143514E+29
        6.321577E+00  2.271453E+01  6.197926E+00  0.4936472427 -2.955468E-01
        2.160174E+22 -3.999873E+00 -1.999887E+00 -3.054398E-01 -3.054398E-01
   178     4538.5048    7.77645149  9.996232E+08  5.409654E+09  3.021035E+29
        6.304471E+00  2.271464E+01  6.198006E+00  0.5462755831 -3.432078E-01
        1.655728E+22 -3.999873E+00 -1.999887E+00 -3.054398E-01 -3.054398E-01
   179     4493.6506    7.77683830  9.991781E+08  5.599654E+09  2.900782E+29
        6.287291E+00  2.271475E+01  6.198082E+00  0.5985830845 -3.964043E-01
        1.265923E+22 -3.999873E+00 -1.999887E+00 -3.054398E-01 -3.054398E-01
   180     4446.2830    7.77722315  9.987355E+08  5.789654E+09  2.777930E+29
        6.269293E+00  2.271485E+01  6.198154E+00  0.6499699192 -4.558946E-01
        9.572651E+21 -3.999873E+00 -1.999887E+00 -3.054398E-01 -3.054398E-01
   181     4397.5679    7.77759553  9.983074E+08  5.979654E+09  2.655894E+29
        6.250975E+00  2.271494E+01  6.198220E+00  0.6949351432 -5.156078E-01
        7.138638E+21 -3.999873E+00 -1.999887E+00 -3.054398E-01 -3.054398E-01
   182     4347.1386    7.77796156  9.978868E+08  6.169654E+09  2.534011E+29
        6.232365E+00  2.271505E+01  6.198289E+00  0.7382314927 -5.820826E-01
        5.223412E+21 -3.999873E+00 -1.999887E+00 -3.054398E-01 -3.054398E-01
   183     4293.3408    7.77832439  9.974701E+08  6.362992E+09  2.408869E+29
        6.213007E+00  2.271516E+01  6.198359E+00  0.7749626081 -6.477453E-01
        3.736866E+21 -3.999873E+00 -1.999887E+00 -3.054398E-01 -3.054398E-01
   184     4236.9510    7.77866300  9.970813E+08  6.550564E+09  2.283005E+29
        6.193517E+00  2.271525E+01  6.198421E+00  0.8097224944 -7.206126E-01
        2.660919E+21 -3.999873E+00 -1.999887E+00 -3.054398E-01 -3.054398E-01
   185     4179.6717    7.77896345  9.967365E+08  6.729488E+09  2.160535E+29
        6.174280E+00  2.271532E+01  6.198467E+00  0.8382789404 -7.912334E-01
        1.888921E+21 -3.999873E+00 -1.999887E+00 -3.054398E-01 -3.054398E-01
   186     4123.7478    7.77922098  9.964410E+08  6.901020E+09  2.045990E+29
        6.155634E+00  2.271534E+01  6.198484E+00  0.8648852910 -8.692974E-01
        1.359903E+21 -3.999873E+00 -1.999887E+00 -3.054398E-01 -3.054398E-01
   187     4064.9046    7.77946836  9.961572E+08  7.071702E+09  1.930586E+29
        6.136520E+00  2.271535E+01  6.198486E+00  0.8893358052 -9.559929E-01
        9.680578E+20 -3.999873E+00 -1.999887E+00 -3.054398E-01 -3.054398E-01
   188     4009.0587    7.77969257  9.959001E+08  7.234760E+09  1.825716E+29
        6.118066E+00  2.271536E+01  6.198490E+00  0.9053665913 -1.023956E+00
        7.005110E+20 -3.999873E+00 -1.999887E+00 -3.054398E-01 -3.054398E-01
   189     3950.8838    7.77992735  9.956310E+08  7.397542E+09  1.721099E+29
        6.099186E+00  2.271540E+01  6.198517E+00  0.9229075150 -1.112988E+00
        4.995491E+20 -3.999873E+00 -1.999887E+00 -3.054398E-01 -3.054398E-01
   190     3895.7646    7.78015200  9.953735E+08  7.554232E+09  1.626204E+29
        6.080789E+00  2.271547E+01  6.198573E+00  0.9360236271 -1.193980E+00
        3.623601E+20 -3.999873E+00 -1.999887E+00 -3.054398E-01 -3.054398E-01
   191     3840.2724    7.78037229  9.951211E+08  7.710692E+09  1.534730E+29
        6.062252E+00  2.271556E+01  6.198651E+00  0.9476949220 -1.281456E+00
        2.619178E+20 -3.999873E+00 -1.999887E+00 -3.054398E-01 -3.054398E-01
   192     3784.4145    7.78058360  9.948790E+08  7.866532E+09  1.446663E+29
        6.043625E+00  2.271565E+01  6.198729E+00  0.9578464211 -1.375166E+00
        1.897056E+20 -3.999873E+00 -1.999887E+00 -3.054398E-01 -3.054398E-01
   193     3727.7860    7.78078083  9.946531E+08  8.021872E+09  1.361379E+29
        6.024881E+00  2.271572E+01  6.198785E+00  0.9664031461 -1.473701E+00
        1.377344E+20 -3.999873E+00 -1.999887E+00 -3.054398E-01 -3.054398E-01
   194     3670.0776    7.78096689  9.944401E+08  8.176730E+09  1.278469E+29
        6.006028E+00  2.271577E+01  6.198822E+00  0.9733215202 -1.573839E+00
        9.986264E+19 -3.999873E+00 -1.999887E+00 -3.054398E-01 -3.054398E-01
   195     3611.2832    7.78114934  9.942312E+08  8.331446E+09  1.197989E+29
        5.987071E+00  2.271584E+01  6.198868E+00  0.9788158710 -1.673989E+00
        7.234835E+19 -3.999873E+00 -1.999887E+00 -3.054398E-01 -3.054398E-01
   196     3551.1870    7.78132327  9.940322E+08  8.487100E+09  1.119765E+29
        5.967926E+00  2.271591E+01  6.198914E+00  0.9839368732 -1.794170E+00
        5.251687E+19 -3.999873E+00 -1.999887E+00 -3.054398E-01 -3.054398E-01
   197     3489.5817    7.78147928  9.938536E+08  8.644628E+09  1.043687E+29
        5.948526E+00  2.271597E+01  6.198951E+00  0.9866429742 -1.874290E+00
        3.806426E+19 -3.999873E+00 -1.999887E+00 -3.054398E-01 -3.054398E-01
   198     3423.5026    7.78161710  9.936959E+08  8.804604E+09  9.665441E+28
        5.928675E+00  2.271599E+01  6.198968E+00  0.9872450227 -1.894320E+00
        2.752608E+19 -3.999873E+00 -1.999887E+00 -3.054398E-01 -3.054398E-01
   199     3361.0989    7.78172730  9.935699E+08  8.961492E+09  8.977470E+28
        5.909259E+00  2.271600E+01  6.198969E+00  0.9878199348 -1.914350E+00
        2.008463E+19 -3.999873E+00 -1.999887E+00 -3.054398E-01 -3.054398E-01
   200     3295.5022    7.78183034  9.934520E+08  9.126276E+09  8.294920E+28
        5.888987E+00  2.271599E+01  6.198965E+00  0.9878199348 -1.914350E+00
        1.447670E+19 -3.999873E+00 -1.999887E+00 -3.054398E-01 -3.054398E-01
   201     3229.9987    7.78192985  9.933382E+08  9.294062E+09  7.653070E+28
        5.868541E+00  2.271599E+01  6.198968E+00  0.9883689334 -1.934380E+00
        1.045347E+19 -3.999873E+00 -1.999887E+00 -3.054398E-01 -3.054398E-01
   202     3163.3203    7.78203143  9.932221E+08  9.467494E+09  7.038779E+28
        5.847647E+00  2.271602E+01  6.198984E+00  0.9883689334 -1.934380E+00
        7.500901E+18 -3.999873E+00 -1.999887E+00 -3.054398E-01 -3.054398E-01
   203     3096.9518    7.78212745  9.931123E+08  9.645786E+09  6.464969E+28
        5.826496E+00  2.271604E+01  6.198999E+00  0.9883689334 -1.934380E+00
        5.364616E+18 -3.999873E+00 -1.999887E+00 -3.054398E-01 -3.054398E-01
   204     3027.9819    7.78222094  9.930054E+08  9.830518E+09  5.906746E+28
        5.804817E+00  2.271606E+01  6.199013E+00  0.9883689334 -1.934380E+00
        3.799696E+18 -3.999873E+00 -1.999887E+00 -3.054398E-01 -3.054398E-01
   205     2960.4598    7.78230522  9.929090E+08  1.001665E+10  5.396194E+28
        5.783223E+00  2.271608E+01  6.199025E+00  0.9883689334 -1.934380E+00
        2.702736E+18 -3.999873E+00 -1.999887E+00 -3.054398E-01 -3.054398E-01
   206     2892.9059    7.78238261  9.928206E+08  1.020753E+10  4.919384E+28
        5.761344E+00  2.271610E+01  6.199035E+00  0.9888931867 -1.954411E+00
        1.914185E+18 -3.999873E+00 -1.999887E+00 -3.054398E-01 -3.054398E-01
   207     2825.7756    7.78245364  9.927394E+08  1.040216E+10  4.477681E+28
        5.739312E+00  2.271610E+01  6.199038E+00  0.9888931867 -1.954411E+00
        1.351570E+18 -3.999873E+00 -1.999887E+00 -3.054398E-01 -3.054398E-01
   208     2759.1249    7.78252254  9.926606E+08  1.060041E+10  4.069294E+28
        5.717140E+00  2.271611E+01  6.199041E+00  0.9888931867 -1.954411E+00
        9.535524E+17 -3.999873E+00 -1.999887E+00 -3.054398E-01 -3.054398E-01
   209     2694.1734    7.78259030  9.925832E+08  1.080213E+10  3.698861E+28
        5.694939E+00  2.271612E+01  6.199049E+00  0.9888931867 -1.954411E+00
        6.734019E+17 -3.999873E+00 -1.999887E+00 -3.054398E-01 -3.054398E-01
   210     2627.6103    7.78265726  9.925067E+08  1.100936E+10  3.346129E+28
        5.672303E+00  2.271613E+01  6.199055E+00  0.9888931867 -1.954411E+00
        4.717605E+17 -3.999873E+00 -1.999887E+00 -3.054398E-01 -3.054398E-01
   211     2563.5493    7.78271880  9.924364E+08  1.121579E+10  3.031126E+28
        5.649962E+00  2.271614E+01  6.199059E+00  0.9888931867 -1.954411E+00
        3.315876E+17 -3.999873E+00 -1.999887E+00 -3.054398E-01 -3.054398E-01
   212     2500.3386    7.78277803  9.923687E+08  1.142563E+10  2.742669E+28
        5.627453E+00  2.271614E+01  6.199064E+00  0.9888931867 -1.954411E+00
        2.322878E+17 -3.999873E+00 -1.999887E+00 -3.054398E-01 -3.054398E-01
   213     2438.2122    7.78283671  9.923017E+08  1.163763E+10  2.479736E+28
        5.604885E+00  2.271615E+01  6.199070E+00  0.9893938100 -1.974441E+00
        1.623428E+17 -3.999873E+00 -1.999887E+00 -3.054398E-01 -3.054398E-01
   214     2377.2764    7.78289133  9.922392E+08  1.185120E+10  2.240699E+28
        5.582317E+00  2.271615E+01  6.199072E+00  0.9893938100 -1.974441E+00
        1.133717E+17 -3.999873E+00 -1.999887E+00 -3.054398E-01 -3.054398E-01
   215     2317.5948    7.78294231  9.921810E+08  1.206619E+10  2.023783E+28
        5.559744E+00  2.271616E+01  6.199073E+00  0.9893938100 -1.974441E+00
        7.906094E+16 -3.999873E+00 -1.999887E+00 -3.054398E-01 -3.054398E-01
   216     2259.1857    7.78299050  9.921260E+08  1.228203E+10  1.827146E+28
        5.537177E+00  2.271616E+01  6.199076E+00  0.9893938100 -1.974441E+00
        5.506018E+16 -3.999873E+00 -1.999887E+00 -3.054398E-01 -3.054398E-01
   217     2203.3974    7.78303454  9.920757E+08  1.249830E+10  1.653076E+28
        5.514862E+00  2.271616E+01  6.199078E+00  0.9893938100 -1.974441E+00
        3.848677E+16 -3.999873E+00 -1.999887E+00 -3.054398E-01 -3.054398E-01
   218     2146.0532    7.78307805  9.920260E+08  1.271870E+10  1.487442E+28
        5.492016E+00  2.271616E+01  6.199077E+00  0.9893938100 -1.974441E+00
        2.660986E+16 -3.999873E+00 -1.999887E+00 -3.054398E-01 -3.054398E-01
   219     2091.8983    7.78311953  9.919786E+08  1.293374E+10  1.342761E+28
        5.469715E+00  2.271616E+01  6.199077E+00  0.9893938100 -1.974441E+00
        1.853903E+16 -3.999873E+00 -1.999887E+00 -3.054398E-01 -3.054398E-01
   220     2038.8678    7.78316155  9.919306E+08  1.314924E+10  1.211576E+28
        5.447337E+00  2.271617E+01  6.199080E+00  0.9893938100 -1.974441E+00
        1.288668E+16 -3.999873E+00 -1.999887E+00 -3.054398E-01 -3.054398E-01
   221     1987.2418    7.78320259  9.918837E+08  1.336391E+10  1.093343E+28
        5.425020E+00  2.271617E+01  6.199082E+00  0.9898718684 -1.994471E+00
        8.954842E+15 -3.999873E+00 -1.999887E+00 -3.054398E-01 -3.054398E-01
   222     1937.0196    7.78324169  9.918391E+08  1.357734E+10  9.868485E+27
        5.402783E+00  2.271617E+01  6.199083E+00  0.9898718684 -1.994471E+00
        6.220570E+15 -3.999873E+00 -1.999887E+00 -3.054398E-01 -3.054398E-01
   223     1888.0999    7.78327917  9.917963E+08  1.378938E+10  8.907930E+27
        5.380584E+00  2.271617E+01  6.199085E+00  0.9898718684 -1.994471E+00
        4.318582E+15 -3.999873E+00 -1.999887E+00 -3.054398E-01 -3.054398E-01
   224     1840.5135    7.78331272  9.917580E+08  1.399958E+10  8.042655E+27
        5.358440E+00  2.271618E+01  6.199085E+00  0.9898718684 -1.994471E+00
        2.996830E+15 -3.999873E+00 -1.999887E+00 -3.054398E-01 -3.054398E-01
   225     1796.0077    7.78334202  9.917245E+08  1.420753E+10  7.292004E+27
        5.336847E+00  2.271617E+01  6.199085E+00  0.9898718684 -1.994471E+00
        2.096775E+15 -3.999873E+00 -1.999887E+00 -3.054398E-01 -3.054398E-01
   226     1749.2170    7.78337311  9.916890E+08  1.441954E+10  6.560815E+27
        5.314276E+00  2.271617E+01  6.199084E+00  0.9898718684 -1.994471E+00
        1.439373E+15 -3.999873E+00 -1.999887E+00 -3.054398E-01 -3.054398E-01
   227     1705.7003    7.78340389  9.916539E+08  1.462162E+10  5.931481E+27
        5.292464E+00  2.271617E+01  6.199085E+00  0.9898718684 -1.994471E+00
        9.996613E+14 -3.999873E+00 -1.999887E+00 -3.054398E-01 -3.054398E-01
   228     1663.3487    7.78343394  9.916196E+08  1.482149E+10  5.363588E+27
        5.270655E+00  2.271618E+01  6.199086E+00  0.9903283790 -2.014501E+00
        6.933580E+14 -3.999873E+00 -1.999887E+00 -3.054398E-01 -3.054398E-01
   229     1622.2772    7.78346255  9.915869E+08  1.501830E+10  4.852816E+27
        5.248955E+00  2.271618E+01  6.199085E+00  0.9903283790 -2.014501E+00
        4.810503E+14 -3.999873E+00 -1.999887E+00 -3.054398E-01 -3.054398E-01
   230     1584.3659    7.78348901  9.915567E+08  1.521186E+10  4.414577E+27
        5.228057E+00  2.271618E+01  6.199086E+00  0.9903283790 -2.014501E+00
        3.380529E+14 -3.999873E+00 -1.999887E+00 -3.054398E-01 -3.054398E-01
   231     1546.5672    7.78351581  9.915261E+08  1.540541E+10  4.007887E+27
        5.206988E+00  2.271618E+01  6.199086E+00  0.9903283790 -2.014501E+00
        2.363499E+14 -3.999873E+00 -1.999887E+00 -3.054398E-01 -3.054398E-01
   232     1506.9977    7.78354362  9.914944E+08  1.559943E+10  3.612958E+27
        5.184795E+00  2.271618E+01  6.199087E+00  0.9903283790 -2.014501E+00
        1.616661E+14 -3.999873E+00 -1.999887E+00 -3.054398E-01 -3.054398E-01
   233     1470.8122    7.78356958  9.914648E+08  1.578089E+10  3.278049E+27
        5.163653E+00  2.271618E+01  6.199087E+00  0.9907643130 -2.034531E+00
        1.124729E+14 -3.999873E+00 -1.999887E+00 -3.054398E-01 -3.054398E-01
