============================================================================
  #Mod      Teff         Log(g)           R            Age            L
           Log(Tc)       Log(Pc)      Log(rhoc)       Mx/M         Log(qx)
             Lnu        Log(H/*)      Log(He/*)     Log(C/*)      Log(O/*)
============================================================================
     1   137604.6219    8.51509948  6.523801E+08  0.000000E+00  1.087340E+35
        8.035859E+00  2.480543E+01  7.622056E+00  0.0000000000  0.000000E+00
        4.348524E+35 -3.999873E+00 -1.999887E+00 -3.054398E-01 -3.054398E-01
     2   116664.4017    8.55156022  6.255620E+08  6.000000E+04  5.165664E+34
        8.015372E+00  2.481358E+01  7.627994E+00  0.0000000000  0.000000E+00
        2.415608E+35 -3.999873E+00 -1.999887E+00 -3.054398E-01 -3.054398E-01
     3   103862.5357    8.57249161  6.106673E+08  1.200000E+05  3.092267E+34
        7.999885E+00  2.481868E+01  7.631720E+00  0.0000000000  0.000000E+00
        1.545510E+35 -3.999873E+00 -1.999887E+00 -3.054398E-01 -3.054398E-01
     4    94925.7199    8.58639625  6.009694E+08  1.800000E+05  2.089644E+34
        7.987508E+00  2.482220E+01  7.634298E+00  0.0000000000  0.000000E+00
        1.081862E+35 -3.999873E+00 -1.999887E+00 -3.054398E-01 -3.054398E-01
     5    88191.3130    8.59645372  5.940508E+08  2.400000E+05  1.521186E+34
        7.977215E+00  2.482479E+01  7.636197E+00  0.0000000000  0.000000E+00
        8.053423E+34 -3.999873E+00 -1.999887E+00 -3.054398E-01 -3.054398E-01
     6    82880.4889    8.60413545  5.888202E+08  3.000000E+05  1.165753E+34
        7.968408E+00  2.482680E+01  7.637671E+00  0.0000000000  0.000000E+00
        6.267782E+34 -3.999873E+00 -1.999887E+00 -3.054398E-01 -3.054398E-01
     7    78558.8643    8.61023621  5.846990E+08  3.600000E+05  9.278494E+33
        7.960711E+00  2.482842E+01  7.638865E+00  0.0000000000  0.000000E+00
        5.044118E+34 -3.999873E+00 -1.999887E+00 -3.054398E-01 -3.054398E-01
     8    74988.8539    8.61520775  5.813619E+08  4.200000E+05  7.615738E+33
        7.953868E+00  2.482977E+01  7.639861E+00  0.0000000000  0.000000E+00
        4.166365E+34 -3.999873E+00 -1.999887E+00 -3.054398E-01 -3.054398E-01
     9    71992.0800    8.61934379  5.786002E+08  4.800000E+05  6.408081E+33
        7.947701E+00  2.483092E+01  7.640710E+00  0.0000000000  0.000000E+00
        3.513299E+34 -3.999873E+00 -1.999887E+00 -3.054398E-01 -3.054398E-01
    10    69461.8666    8.62282741  5.762843E+08  5.400000E+05  5.509235E+33
        7.942081E+00  2.483191E+01  7.641443E+00  0.0000000000  0.000000E+00
        3.012772E+34 -3.999873E+00 -1.999887E+00 -3.054398E-01 -3.054398E-01
    11    67295.3117    8.62580703  5.743108E+08  6.000000E+05  4.820201E+33
        7.936913E+00  2.483278E+01  7.642087E+00  0.0000000000  0.000000E+00
        2.619707E+34 -3.999873E+00 -1.999887E+00 -3.054398E-01 -3.054398E-01
    12    65645.1564    8.62807158  5.728154E+08  6.517545E+05  4.341823E+33
        7.932741E+00  2.483346E+01  7.642585E+00  0.0000000000  0.000000E+00
        2.342515E+34 -3.999873E+00 -1.999887E+00 -3.054398E-01 -3.054398E-01
    13    64053.7840    8.63025612  5.713765E+08  7.085530E+05  3.916120E+33
        7.928460E+00  2.483412E+01  7.643078E+00  0.0000000000  0.000000E+00
        2.091092E+34 -3.999873E+00 -1.999887E+00 -3.054398E-01 -3.054398E-01
    14    62514.2484    8.63237053  5.699873E+08  7.712682E+05  3.535725E+33
        7.924045E+00  2.483478E+01  7.643567E+00  0.0000000000  0.000000E+00
        1.862467E+34 -3.999873E+00 -1.999887E+00 -3.054398E-01 -3.054398E-01
    15    61029.5160    8.63441287  5.686487E+08  8.407030E+05  3.196537E+33
        7.919485E+00  2.483543E+01  7.644052E+00  0.0000000000  0.000000E+00
        1.654831E+34 -3.999873E+00 -1.999887E+00 -3.054398E-01 -3.054398E-01
    16    59604.9672    8.63637895  5.673630E+08  9.179289E+05  2.895235E+33
        7.914759E+00  2.483608E+01  7.644534E+00  0.0000000000  0.000000E+00
        1.466213E+34 -3.999873E+00 -1.999887E+00 -3.054398E-01 -3.054398E-01
    17    58231.7897    8.63827921  5.661231E+08  1.004444E+06  2.625997E+33
        7.909833E+00  2.483673E+01  7.645016E+00  0.0000000000  0.000000E+00
        1.294555E+34 -3.999873E+00 -1.999887E+00 -3.054398E-01 -3.054398E-01
    18    56908.1481    8.64011474  5.649280E+08  1.101617E+06  2.385152E+33
        7.904693E+00  2.483737E+01  7.645496E+00  0.0000000000  0.000000E+00
        1.138856E+34 -3.999873E+00 -1.999887E+00 -3.054398E-01 -3.054398E-01
    19    55636.2366    8.64188256  5.637794E+08  1.211061E+06  2.170108E+33
        7.899323E+00  2.483801E+01  7.645973E+00  0.0000000000  0.000000E+00
        9.981049E+33 -3.999873E+00 -1.999887E+00 -3.054398E-01 -3.054398E-01
    20    54417.0908    8.64358169  5.626776E+08  1.334923E+06  1.978302E+33
        7.893695E+00  2.483865E+01  7.646449E+00  0.0000000000  0.000000E+00
        8.710899E+33 -3.999873E+00 -1.999887E+00 -3.054398E-01 -3.054398E-01
    21    53251.7127    8.64521196  5.616225E+08  1.475921E+06  1.807404E+33
        7.887772E+00  2.483928E+01  7.646923E+00  0.0000000000  0.000000E+00
        7.566507E+33 -3.999873E+00 -1.999887E+00 -3.054398E-01 -3.054398E-01
    22    52140.4710    8.64677379  5.606135E+08  1.637458E+06  1.655232E+33
        7.881510E+00  2.483991E+01  7.647396E+00  0.0000000000  0.000000E+00
        6.537422E+33 -3.999873E+00 -1.999887E+00 -3.054398E-01 -3.054398E-01
    23    51083.9312    8.64826762  5.596502E+08  1.823749E+06  1.519856E+33
        7.874858E+00  2.484054E+01  7.647869E+00  0.0000000000  0.000000E+00
        5.614607E+33 -3.999873E+00 -1.999887E+00 -3.054398E-01 -3.054398E-01
    24    50082.5408    8.64969497  5.587313E+08  2.040065E+06  1.399534E+33
        7.867759E+00  2.484117E+01  7.648343E+00  0.0000000000  0.000000E+00
        4.790102E+33 -3.999873E+00 -1.999887E+00 -3.054398E-01 -3.054398E-01
    25    49136.5085    8.65105881  5.578547E+08  2.293002E+06  1.292681E+33
        7.860147E+00  2.484181E+01  7.648822E+00  0.0000000000  0.000000E+00
        4.056853E+33 -3.999873E+00 -1.999887E+00 -3.054398E-01 -3.054398E-01
    26    48245.2747    8.65236286  5.570177E+08  2.590789E+06  1.197813E+33
        7.851951E+00  2.484246E+01  7.649311E+00  0.0000000000  0.000000E+00
        3.408509E+33 -3.999873E+00 -1.999887E+00 -3.054398E-01 -3.054398E-01
    27    47405.8386    8.65361003  5.562185E+08  2.943535E+06  1.113397E+33
        7.843096E+00  2.484312E+01  7.649813E+00  0.0000000000  0.000000E+00
        2.839330E+33 -3.999873E+00 -1.999887E+00 -3.054398E-01 -3.054398E-01
    28    46618.6095    8.65480374  5.554546E+08  3.363180E+06  1.038404E+33
        7.833519E+00  2.484381E+01  7.650331E+00  0.0000000000  0.000000E+00
        2.344236E+33 -3.999873E+00 -1.999887E+00 -3.054398E-01 -3.054398E-01
    29    45878.8020    8.65595010  5.547220E+08  3.864133E+06  9.714738E+32
        7.823162E+00  2.484451E+01  7.650868E+00  0.0000000000  0.000000E+00
        1.917801E+33 -3.999873E+00 -1.999887E+00 -3.054398E-01 -3.054398E-01
    30    45181.8887    8.65705510  5.540168E+08  4.462024E+06  9.114552E+32
        7.812006E+00  2.484524E+01  7.651423E+00  0.0000000000  0.000000E+00
        1.554995E+33 -3.999873E+00 -1.999887E+00 -3.054398E-01 -3.054398E-01
    31    44521.5379    8.65812586  5.533342E+08  5.173433E+06  8.572109E+32
        7.800076E+00  2.484600E+01  7.651999E+00  0.0000000000  0.000000E+00
        1.250288E+33 -3.999873E+00 -1.999887E+00 -3.054398E-01 -3.054398E-01
    32    43890.3132    8.65916796  5.526708E+08  6.014388E+06  8.076806E+32
        7.787448E+00  2.484677E+01  7.652588E+00  0.0000000000  0.000000E+00
        9.977548E+32 -3.999873E+00 -1.999887E+00 -3.054398E-01 -3.054398E-01
    33    43280.3809    8.66018302  5.520253E+08  6.998702E+06  7.619284E+32
        7.774247E+00  2.484754E+01  7.653173E+00  0.0000000000  0.000000E+00
        7.911373E+32 -3.999873E+00 -1.999887E+00 -3.054398E-01 -3.054398E-01
    34    42684.9198    8.66117456  5.513955E+08  8.136442E+06  7.192108E+32
        7.760644E+00  2.484830E+01  7.653746E+00  0.0000000000  0.000000E+00
        6.241270E+32 -3.999873E+00 -1.999887E+00 -3.054398E-01 -3.054398E-01
    35    42098.3709    8.66214876  5.507774E+08  9.434257E+06  6.789617E+32
        7.746815E+00  2.484904E+01  7.654305E+00  0.0000000000  0.000000E+00
        4.904735E+32 -3.999873E+00 -1.999887E+00 -3.054398E-01 -3.054398E-01
    36    41517.4013    8.66311101  5.501675E+08  1.089596E+07  6.408296E+32
        7.732909E+00  2.484977E+01  7.654855E+00  0.0000000000  0.000000E+00
        3.843144E+32 -3.999873E+00 -1.999887E+00 -3.054398E-01 -3.054398E-01
    37    40931.4144    8.66406720  5.495622E+08  1.252359E+07  6.040776E+32
        7.719032E+00  2.485049E+01  7.655397E+00  0.0000000000  0.000000E+00
        3.004730E+32 -3.999873E+00 -1.999887E+00 -3.054398E-01 -3.054398E-01
    38    40354.5790    8.66501294  5.489642E+08  1.431142E+07  5.694967E+32
        7.705299E+00  2.485120E+01  7.655934E+00  0.0000000000  0.000000E+00
        2.346840E+32 -3.999873E+00 -1.999887E+00 -3.054398E-01 -3.054398E-01
    39    39770.9477    8.66595954  5.483662E+08  1.626767E+07  5.360893E+32
        7.691684E+00  2.485191E+01  7.656471E+00  0.0000000000  0.000000E+00
        1.829796E+32 -3.999873E+00 -1.999887E+00 -3.054398E-01 -3.054398E-01
    40    39195.5450    8.66689678  5.477748E+08  1.838086E+07  5.046415E+32
        7.678272E+00  2.485261E+01  7.656999E+00  0.0000000000  0.000000E+00
        1.426093E+32 -3.999873E+00 -1.999887E+00 -3.054398E-01 -3.054398E-01
    41    38614.8578    8.66783236  5.471851E+08  2.065856E+07  4.743712E+32
        7.665005E+00  2.485330E+01  7.657516E+00  0.0000000000  0.000000E+00
        1.110227E+32 -3.999873E+00 -1.999887E+00 -3.054398E-01 -3.054398E-01
    42    38038.8521    8.66875694  5.466030E+08  2.308771E+07  4.457441E+32
        7.651937E+00  2.485397E+01  7.658020E+00  0.0000000000  0.000000E+00
        8.645513E+31 -3.999873E+00 -1.999887E+00 -3.054398E-01 -3.054398E-01
    43    37466.3329    8.66966988  5.460288E+08  2.567247E+07  4.186275E+32
        7.639020E+00  2.485462E+01  7.658507E+00  0.0000000000  0.000000E+00
        6.730796E+31 -3.999873E+00 -1.999887E+00 -3.054398E-01 -3.054398E-01
    44    36898.1730    8.67056579  5.454658E+08  2.840964E+07  3.929946E+32
        7.626244E+00  2.485524E+01  7.658972E+00  0.0000000000  0.000000E+00
        5.240371E+31 -3.999873E+00 -1.999887E+00 -3.054398E-01 -3.054398E-01
    45    36332.3936    8.67144768  5.449123E+08  3.129631E+07  3.686899E+32
        7.613605E+00  2.485584E+01  7.659421E+00  0.0000000000  0.000000E+00
        4.082213E+31 -3.999873E+00 -1.999887E+00 -3.054398E-01 -3.054398E-01
    46    35777.6753    8.67231358  5.443694E+08  3.432820E+07  3.459934E+32
        7.601110E+00  2.485642E+01  7.659865E+00  0.0000000000  0.000000E+00
        3.182673E+31 -3.999873E+00 -1.999887E+00 -3.054398E-01 -3.054398E-01
    47    35223.4754    8.67317098  5.438323E+08  3.751728E+07  3.244074E+32
        7.588699E+00  2.485700E+01  7.660302E+00  0.0000000000  0.000000E+00
        2.482035E+31 -3.999873E+00 -1.999887E+00 -3.054398E-01 -3.054398E-01
    48    34681.0814    8.67401033  5.433070E+08  4.084947E+07  3.042938E+32
        7.576415E+00  2.485756E+01  7.660727E+00  0.0000000000  0.000000E+00
        1.938196E+31 -3.999873E+00 -1.999887E+00 -3.054398E-01 -3.054398E-01
    49    34142.5558    8.67483869  5.427891E+08  4.434048E+07  2.852846E+32
        7.564195E+00  2.485810E+01  7.661140E+00  0.0000000000  0.000000E+00
        1.514312E+31 -3.999873E+00 -1.999887E+00 -3.054398E-01 -3.054398E-01
    50    33613.4857    8.67564930  5.422828E+08  4.798029E+07  2.675086E+32
        7.552069E+00  2.485862E+01  7.661535E+00  0.0000000000  0.000000E+00
        1.184756E+31 -3.999873E+00 -1.999887E+00 -3.054398E-01 -3.054398E-01
    51    33091.3022    8.67644214  5.417880E+08  5.177790E+07  2.508108E+32
        7.540004E+00  2.485911E+01  7.661907E+00  0.0000000000  0.000000E+00
        9.278735E+30 -3.999873E+00 -1.999887E+00 -3.054398E-01 -3.054398E-01
    52    32576.8536    8.67721651  5.413052E+08  5.573110E+07  2.351543E+32
        7.528011E+00  2.485957E+01  7.662256E+00  0.0000000000  0.000000E+00
        7.277717E+30 -3.999873E+00 -1.999887E+00 -3.054398E-01 -3.054398E-01
    53    32069.6893    8.67797434  5.408331E+08  5.984332E+07  2.204639E+32
        7.516087E+00  2.486002E+01  7.662587E+00  0.0000000000  0.000000E+00
        5.717626E+30 -3.999873E+00 -1.999887E+00 -3.054398E-01 -3.054398E-01
    54    31569.9822    8.67871705  5.403709E+08  6.411763E+07  2.066870E+32
        7.504231E+00  2.486044E+01  7.662905E+00  0.0000000000  0.000000E+00
        4.500195E+30 -3.999873E+00 -1.999887E+00 -3.054398E-01 -3.054398E-01
    55    31077.3924    8.67944682  5.399171E+08  6.855917E+07  1.937601E+32
        7.492439E+00  2.486085E+01  7.663213E+00  0.0000000000  0.000000E+00
        3.548882E+30 -3.999873E+00 -1.999887E+00 -3.054398E-01 -3.054398E-01
    56    30591.8059    8.68016524  5.394707E+08  7.317245E+07  1.816302E+32
        7.480709E+00  2.486126E+01  7.663515E+00  0.0000000000  0.000000E+00
        2.804617E+30 -3.999873E+00 -1.999887E+00 -3.054398E-01 -3.054398E-01
    57    30113.1743    8.68087469  5.390302E+08  7.796286E+07  1.702489E+32
        7.469041E+00  2.486166E+01  7.663817E+00  0.0000000000  0.000000E+00
        2.221517E+30 -3.999873E+00 -1.999887E+00 -3.054398E-01 -3.054398E-01
    58    29641.4981    8.68157454  5.385961E+08  8.293671E+07  1.595728E+32
        7.457428E+00  2.486206E+01  7.664117E+00  0.0000000000  0.000000E+00
        1.763825E+30 -3.999873E+00 -1.999887E+00 -3.054398E-01 -3.054398E-01
    59    29176.3656    8.68225816  5.381724E+08  8.810006E+07  1.495545E+32
        7.445864E+00  2.486244E+01  7.664396E+00  0.0000000000  0.000000E+00
        1.403795E+30 -3.999873E+00 -1.999887E+00 -3.054398E-01 -3.054398E-01
    60    28718.3404    8.68292572  5.377589E+08  9.345506E+07  1.401666E+32
        7.434359E+00  2.486278E+01  7.664657E+00  0.0000000000  0.000000E+00
        1.120258E+30 -3.999873E+00 -1.999887E+00 -3.054398E-01 -3.054398E-01
    61    28267.3509    8.68357906  5.373545E+08  9.900956E+07  1.313694E+32
        7.422912E+00  2.486311E+01  7.664903E+00  0.0000000000  0.000000E+00
        8.964458E+29 -3.999873E+00 -1.999887E+00 -3.054398E-01 -3.054398E-01
    62    27823.6151    8.68421976  5.369583E+08  1.047719E+08  1.231310E+32
        7.411520E+00  2.486343E+01  7.665140E+00  0.0000000000  0.000000E+00
        7.193362E+29 -3.999873E+00 -1.999887E+00 -3.054398E-01 -3.054398E-01
    63    27386.9347    8.68485005  5.365688E+08  1.107517E+08  1.154135E+32
        7.400181E+00  2.486374E+01  7.665372E+00  0.0000000000  0.000000E+00
        5.788230E+29 -3.999873E+00 -1.999887E+00 -3.054398E-01 -3.054398E-01
    64    26957.1329    8.68547351  5.361838E+08  1.169580E+08  1.081818E+32
        7.388892E+00  2.486405E+01  7.665608E+00  0.0000000000  0.000000E+00
        4.670874E+29 -3.999873E+00 -1.999887E+00 -3.054398E-01 -3.054398E-01
    65    26534.5695    8.68609797  5.357985E+08  1.234013E+08  1.014105E+32
        7.377658E+00  2.486439E+01  7.665861E+00  0.0000000000  0.000000E+00
        3.780310E+29 -3.999873E+00 -1.999887E+00 -3.054398E-01 -3.054398E-01
    66    26118.9827    8.68672589  5.354113E+08  1.300977E+08  9.506749E+31
        7.366468E+00  2.486476E+01  7.666136E+00  0.0000000000  0.000000E+00
        3.068034E+29 -3.999873E+00 -1.999887E+00 -3.054398E-01 -3.054398E-01
    67    25710.1212    8.68735248  5.350252E+08  1.370601E+08  8.912446E+31
        7.355312E+00  2.486514E+01  7.666420E+00  0.0000000000  0.000000E+00
        2.496525E+29 -3.999873E+00 -1.999887E+00 -3.054398E-01 -3.054398E-01
    68    25308.0822    8.68797248  5.346434E+08  1.442958E+08  8.355980E+31
        7.344192E+00  2.486553E+01  7.666705E+00  0.0000000000  0.000000E+00
        2.036855E+29 -3.999873E+00 -1.999887E+00 -3.054398E-01 -3.054398E-01
    69    24913.1055    8.68858082  5.342691E+08  1.518120E+08  7.835443E+31
        7.333106E+00  2.486591E+01  7.666982E+00  0.0000000000  0.000000E+00
        1.666193E+29 -3.999873E+00 -1.999887E+00 -3.054398E-01 -3.054398E-01
    70    24524.9542    8.68917269  5.339052E+08  1.596161E+08  7.348404E+31
        7.322053E+00  2.486626E+01  7.667240E+00  0.0000000000  0.000000E+00
        1.366537E+29 -3.999873E+00 -1.999887E+00 -3.054398E-01 -3.054398E-01
    71    24143.5046    8.68974329  5.335545E+08  1.677132E+08  6.892724E+31
        7.311034E+00  2.486657E+01  7.667472E+00  0.0000000000  0.000000E+00
        1.123744E+29 -3.999873E+00 -1.999887E+00 -3.054398E-01 -3.054398E-01
    72    23769.0092    8.69029064  5.332184E+08  1.761076E+08  6.466758E+31
        7.300054E+00  2.486684E+01  7.667674E+00  0.0000000000  0.000000E+00
        9.265863E+28 -3.999873E+00 -1.999887E+00 -3.054398E-01 -3.054398E-01
    73    23401.7635    8.69082287  5.328918E+08  1.848086E+08  6.068822E+31
        7.289123E+00  2.486709E+01  7.667865E+00  0.0000000000  0.000000E+00
        7.661525E+28 -3.999873E+00 -1.999887E+00 -3.054398E-01 -3.054398E-01
    74    23041.2818    8.69134306  5.325727E+08  1.938362E+08  5.696609E+31
        7.278230E+00  2.486734E+01  7.668052E+00  0.0000000000  0.000000E+00
        6.351312E+28 -3.999873E+00 -1.999887E+00 -3.054398E-01 -3.054398E-01
    75    22687.1482    8.69185099  5.322614E+08  2.032049E+08  5.348125E+31
        7.267374E+00  2.486758E+01  7.668235E+00  0.0000000000  0.000000E+00
        5.278228E+28 -3.999873E+00 -1.999887E+00 -3.054398E-01 -3.054398E-01
    76    22339.0715    8.69234586  5.319582E+08  2.129253E+08  5.021663E+31
        7.256554E+00  2.486781E+01  7.668414E+00  0.0000000000  0.000000E+00
        4.397265E+28 -3.999873E+00 -1.999887E+00 -3.054398E-01 -3.054398E-01
    77    21996.7841    8.69282700  5.316636E+08  2.230076E+08  4.715662E+31
        7.245773E+00  2.486804E+01  7.668590E+00  0.0000000000  0.000000E+00
        3.672350E+28 -3.999873E+00 -1.999887E+00 -3.054398E-01 -3.054398E-01
    78    21660.2280    8.69329469  5.313774E+08  2.334620E+08  4.428843E+31
        7.235033E+00  2.486826E+01  7.668761E+00  0.0000000000  0.000000E+00
        3.074409E+28 -3.999873E+00 -1.999887E+00 -3.054398E-01 -3.054398E-01
    79    21329.4809    8.69374979  5.310991E+08  2.443009E+08  4.160105E+31
        7.224333E+00  2.486848E+01  7.668926E+00  0.0000000000  0.000000E+00
        2.579864E+28 -3.999873E+00 -1.999887E+00 -3.054398E-01 -3.054398E-01
    80    21004.6202    8.69419252  5.308285E+08  2.555385E+08  3.908407E+31
        7.213670E+00  2.486869E+01  7.669082E+00  0.0000000000  0.000000E+00
        2.169641E+28 -3.999873E+00 -1.999887E+00 -3.054398E-01 -3.054398E-01
    81    20685.9179    8.69462662  5.305632E+08  2.671891E+08  3.672869E+31
        7.203044E+00  2.486889E+01  7.669237E+00  0.0000000000  0.000000E+00
        1.828496E+28 -3.999873E+00 -1.999887E+00 -3.054398E-01 -3.054398E-01
    82    20373.8403    8.69505547  5.303013E+08  2.792731E+08  3.452781E+31
        7.192449E+00  2.486909E+01  7.669390E+00  0.0000000000  0.000000E+00
        1.543900E+28 -3.999873E+00 -1.999887E+00 -3.054398E-01 -3.054398E-01
    83    20068.0571    8.69548261  5.300406E+08  2.918151E+08  3.246920E+31
        7.181876E+00  2.486929E+01  7.669542E+00  0.0000000000  0.000000E+00
        1.305763E+28 -3.999873E+00 -1.999887E+00 -3.054398E-01 -3.054398E-01
    84    19767.9168    8.69591123  5.297791E+08  3.048316E+08  3.053974E+31
        7.171322E+00  2.486948E+01  7.669691E+00  0.0000000000  0.000000E+00
        1.106120E+28 -3.999873E+00 -1.999887E+00 -3.054398E-01 -3.054398E-01
    85    19473.5684    8.69634287  5.295159E+08  3.183314E+08  2.873242E+31
        7.160791E+00  2.486967E+01  7.669837E+00  0.0000000000  0.000000E+00
        9.384999E+27 -3.999873E+00 -1.999887E+00 -3.054398E-01 -3.054398E-01
    86    19184.9684    8.69677714  5.292512E+08  3.323306E+08  2.703959E+31
        7.150282E+00  2.486985E+01  7.669980E+00  0.0000000000  0.000000E+00
        7.974767E+27 -3.999873E+00 -1.999887E+00 -3.054398E-01 -3.054398E-01
    87    18901.6548    8.69720940  5.289879E+08  3.468444E+08  2.545205E+31
        7.139791E+00  2.487003E+01  7.670115E+00  0.0000000000  0.000000E+00
        6.786056E+27 -3.999873E+00 -1.999887E+00 -3.054398E-01 -3.054398E-01
    88    18623.1233    8.69762775  5.287332E+08  3.618787E+08  2.396157E+31
        7.129318E+00  2.487018E+01  7.670224E+00  0.0000000000  0.000000E+00
        5.782426E+27 -3.999873E+00 -1.999887E+00 -3.054398E-01 -3.054398E-01
    89    18349.6774    8.69803055  5.284881E+08  3.774249E+08  2.256400E+31
        7.118878E+00  2.487029E+01  7.670307E+00  0.0000000000  0.000000E+00
        4.934862E+27 -3.999873E+00 -1.999887E+00 -3.054398E-01 -3.054398E-01
    90    18081.3974    8.69842086  5.282506E+08  3.934949E+08  2.125397E+31
        7.108477E+00  2.487039E+01  7.670372E+00  0.0000000000  0.000000E+00
        4.218014E+27 -3.999873E+00 -1.999887E+00 -3.054398E-01 -3.054398E-01
    91    17818.2071    8.69880185  5.280190E+08  4.101091E+08  2.002567E+31
        7.098112E+00  2.487047E+01  7.670429E+00  0.0000000000  0.000000E+00
        3.610517E+27 -3.999873E+00 -1.999887E+00 -3.054398E-01 -3.054398E-01
    92    17560.0325    8.69917651  5.277913E+08  4.272873E+08  1.887373E+31
        7.087782E+00  2.487055E+01  7.670485E+00  0.0000000000  0.000000E+00
        3.094746E+27 -3.999873E+00 -1.999887E+00 -3.054398E-01 -3.054398E-01
    93    17306.8085    8.69954801  5.275656E+08  4.450487E+08  1.779315E+31
        7.077487E+00  2.487064E+01  7.670549E+00  0.0000000000  0.000000E+00
        2.656102E+27 -3.999873E+00 -1.999887E+00 -3.054398E-01 -3.054398E-01
    94    17058.4856    8.69992002  5.273397E+08  4.634121E+08  1.677934E+31
        7.067226E+00  2.487075E+01  7.670630E+00  0.0000000000  0.000000E+00
        2.282465E+27 -3.999873E+00 -1.999887E+00 -3.054398E-01 -3.054398E-01
    95    16815.0315    8.70029693  5.271109E+08  4.823970E+08  1.582802E+31
        7.057000E+00  2.487089E+01  7.670737E+00  0.0000000000  0.000000E+00
        1.963737E+27 -3.999873E+00 -1.999887E+00 -3.054398E-01 -3.054398E-01
    96    16576.2511    8.70067971  5.268787E+08  5.020271E+08  1.493477E+31
        7.046805E+00  2.487107E+01  7.670869E+00  0.0000000000  0.000000E+00
        1.691375E+27 -3.999873E+00 -1.999887E+00 -3.054398E-01 -3.054398E-01
    97    16341.9321    8.70106495  5.266450E+08  5.223170E+08  1.409554E+31
        7.036639E+00  2.487127E+01  7.671019E+00  0.0000000000  0.000000E+00
        1.458281E+27 -3.999873E+00 -1.999887E+00 -3.054398E-01 -3.054398E-01
    98    16111.9939    8.70144901  5.264122E+08  5.432675E+08  1.330703E+31
        7.026505E+00  2.487148E+01  7.671177E+00  0.0000000000  0.000000E+00
        1.258622E+27 -3.999873E+00 -1.999887E+00 -3.054398E-01 -3.054398E-01
    99    15886.3707    8.70182826  5.261824E+08  5.648755E+08  1.256618E+31
        7.016408E+00  2.487169E+01  7.671336E+00  0.0000000000  0.000000E+00
        1.087469E+27 -3.999873E+00 -1.999887E+00 -3.054398E-01 -3.054398E-01
   100    15665.0167    8.70219907  5.259578E+08  5.871342E+08  1.187018E+31
        7.006354E+00  2.487190E+01  7.671487E+00  0.0000000000  0.000000E+00
        9.406400E+26 -3.999873E+00 -1.999887E+00 -3.054398E-01 -3.054398E-01
   101    15447.8970    8.70255771  5.257407E+08  6.100336E+08  1.121638E+31
        6.996349E+00  2.487208E+01  7.671623E+00  0.0000000000  0.000000E+00
        8.145842E+26 -3.999873E+00 -1.999887E+00 -3.054398E-01 -3.054398E-01
   102    15261.4594    8.70285828  5.255588E+08  6.305336E+08  1.067724E+31
        6.987643E+00  2.487221E+01  7.671723E+00  0.0000000000  0.000000E+00
        7.189798E+26 -3.999873E+00 -1.999887E+00 -3.054398E-01 -3.054398E-01
   103    14996.8363    8.70326776  5.253111E+08  6.612836E+08  9.946350E+30
        6.975102E+00  2.487235E+01  7.671828E+00  0.0000000000  0.000000E+00
        6.009704E+26 -3.999873E+00 -1.999887E+00 -3.054398E-01 -3.054398E-01
   104    14629.8443    8.70380715  5.249850E+08  7.074086E+08  8.996727E+30
        6.957344E+00  2.487246E+01  7.671956E+00  0.0000000476 -2.066480E-08
        4.656583E+26 -3.999873E+00 -1.999887E+00 -3.054398E-01 -3.054398E-01
   105    14290.6646    8.70429854  5.246881E+08  7.592283E+08  8.181710E+30
        6.945280E+00  2.487256E+01  7.672034E+00  0.0166302629 -7.283161E-03
        3.658965E+26 -3.999873E+00 -1.999887E+00 -3.054398E-01 -3.054398E-01
   106    13965.1666    8.70478372  5.243951E+08  8.215578E+08  7.453044E+30
        6.928297E+00  2.487269E+01  7.672136E+00  0.0510295798 -2.274732E-02
        2.868527E+26 -3.999873E+00 -1.999887E+00 -3.054398E-01 -3.054398E-01
   107    13654.9382    8.70527812  5.240967E+08  8.909423E+08  6.804775E+30
        6.911390E+00  2.487288E+01  7.672283E+00  0.0939922184 -4.286807E-02
        2.242234E+26 -3.999873E+00 -1.999887E+00 -3.054398E-01 -3.054398E-01
   108    13419.1241    8.70568117  5.238535E+08  9.487185E+08  6.340864E+30
        6.898215E+00  2.487308E+01  7.672425E+00  0.1299541436 -6.045786E-02
        1.847558E+26 -3.999873E+00 -1.999887E+00 -3.054398E-01 -3.054398E-01
   109    13215.2854    8.70605166  5.236301E+08  1.002409E+09  5.959193E+30
        6.886774E+00  2.487328E+01  7.672576E+00  0.1630793492 -7.731572E-02
        1.558347E+26 -3.999873E+00 -1.999887E+00 -3.054398E-01 -3.054398E-01
   110    13030.4406    8.70639199  5.234250E+08  1.053198E+09  5.628301E+30
        6.876254E+00  2.487347E+01  7.672707E+00  0.1967846780 -9.516802E-02
        1.330054E+26 -3.999873E+00 -1.999887E+00 -3.054398E-01 -3.054398E-01
   111    12863.5302    8.70669641  5.232416E+08  1.103344E+09  5.341672E+30
        6.866904E+00  2.487361E+01  7.672810E+00  0.2252611618 -1.108447E-01
        1.152293E+26 -3.999873E+00 -1.999887E+00 -3.054398E-01 -3.054398E-01
   112    12687.7659    8.70701270  5.230511E+08  1.156660E+09  5.051971E+30
        6.856640E+00  2.487374E+01  7.672905E+00  0.2554908849 -1.281300E-01
        9.858308E+25 -3.999873E+00 -1.999887E+00 -3.054398E-01 -3.054398E-01
   113    12522.5642    8.70730671  5.228741E+08  1.210115E+09  4.790703E+30
        6.847089E+00  2.487385E+01  7.672981E+00  0.2826415564 -1.442638E-01
        8.520670E+25 -3.999873E+00 -1.999887E+00 -3.054398E-01 -3.054398E-01
   114    12351.5954    8.70760809  5.226927E+08  1.265393E+09  4.531240E+30
        6.836916E+00  2.487395E+01  7.673056E+00  0.3155814525 -1.646782E-01
        7.299288E+25 -3.999873E+00 -1.999887E+00 -3.054398E-01 -3.054398E-01
   115    12185.5313    8.70789628  5.225193E+08  1.321791E+09  4.289577E+30
        6.827069E+00  2.487405E+01  7.673122E+00  0.3447510169 -1.835936E-01
        6.272752E+25 -3.999873E+00 -1.999887E+00 -3.054398E-01 -3.054398E-01
   116    12013.5739    8.70819665  5.223386E+08  1.382502E+09  4.049722E+30
        6.816721E+00  2.487415E+01  7.673195E+00  0.3746472369 -2.038749E-01
        5.349259E+25 -3.999873E+00 -1.999887E+00 -3.054398E-01 -3.054398E-01
   117    11844.9584    8.70849480  5.221594E+08  1.445178E+09  3.824479E+30
        6.806461E+00  2.487424E+01  7.673268E+00  0.4051405499 -2.255856E-01
        4.564389E+25 -3.999873E+00 -1.999887E+00 -3.054398E-01 -3.054398E-01
   118    11679.3839    8.70878955  5.219822E+08  1.509946E+09  3.612627E+30
        6.796247E+00  2.487434E+01  7.673339E+00  0.4309142837 -2.448223E-01
        3.905876E+25 -3.999873E+00 -1.999887E+00 -3.054398E-01 -3.054398E-01
   119    11504.6254    8.70910514  5.217926E+08  1.576949E+09  3.398738E+30
        6.785248E+00  2.487444E+01  7.673419E+00  0.4621657639 -2.693516E-01
        3.293961E+25 -3.999873E+00 -1.999887E+00 -3.054398E-01 -3.054398E-01
   120    11353.6008    8.70937855  5.216284E+08  1.642764E+09  3.221728E+30
        6.775776E+00  2.487453E+01  7.673490E+00  0.4883898559 -2.910609E-01
        2.846750E+25 -3.999873E+00 -1.999887E+00 -3.054398E-01 -3.054398E-01
   121    11201.3917    8.70965083  5.214649E+08  1.708578E+09  3.050493E+30
        6.765941E+00  2.487462E+01  7.673559E+00  0.5094337432 -3.093023E-01
        2.451845E+25 -3.999873E+00 -1.999887E+00 -3.054398E-01 -3.054398E-01
   122    11018.7748    8.70997828  5.212683E+08  1.786842E+09  2.854223E+30
        6.754004E+00  2.487474E+01  7.673646E+00  0.5410172897 -3.382037E-01
        2.037161E+25 -3.999873E+00 -1.999887E+00 -3.054398E-01 -3.054398E-01
   123    10844.7841    8.71028408  5.210848E+08  1.865105E+09  2.676286E+30
        6.742540E+00  2.487484E+01  7.673722E+00  0.5672706747 -3.637837E-01
        1.699834E+25 -3.999873E+00 -1.999887E+00 -3.054398E-01 -3.054398E-01
   124    10668.2824    8.71059273  5.208997E+08  1.947923E+09  2.504484E+30
        6.730709E+00  2.487495E+01  7.673802E+00  0.5985830845 -3.964043E-01
        1.405444E+25 -3.999873E+00 -1.999887E+00 -3.054398E-01 -3.054398E-01
   125    10488.3239    8.71090460  5.207127E+08  2.035704E+09  2.338044E+30
        6.718461E+00  2.487507E+01  7.673891E+00  0.6244290744 -4.253080E-01
        1.150992E+25 -3.999873E+00 -1.999887E+00 -3.054398E-01 -3.054398E-01
   126    10309.4382    8.71121269  5.205280E+08  2.126979E+09  2.181023E+30
        6.706091E+00  2.487519E+01  7.673984E+00  0.6499699192 -4.558946E-01
        9.394710E+24 -3.999873E+00 -1.999887E+00 -3.054398E-01 -3.054398E-01
   127    10131.3620    8.71151768  5.203453E+08  2.221966E+09  2.032762E+30
        6.693577E+00  2.487532E+01  7.674076E+00  0.6751306406 -4.882912E-01
        7.637997E+24 -3.999873E+00 -1.999887E+00 -3.054398E-01 -3.054398E-01
   128     9954.7394    8.71181994  5.201642E+08  2.320483E+09  1.893357E+30
        6.680962E+00  2.487544E+01  7.674164E+00  0.6998362599 -5.226418E-01
        6.185720E+24 -3.999873E+00 -1.999887E+00 -3.054398E-01 -3.054398E-01
   129     9779.6006    8.71211768  5.199860E+08  2.422548E+09  1.762381E+30
        6.668248E+00  2.487554E+01  7.674241E+00  0.7192226965 -5.516380E-01
        5.010881E+24 -3.999873E+00 -1.999887E+00 -3.054398E-01 -3.054398E-01
   130     9605.1930    8.71241087  5.198105E+08  2.528177E+09  1.638877E+30
        6.655443E+00  2.487562E+01  7.674302E+00  0.7429201868 -5.899320E-01
        4.036950E+24 -3.999873E+00 -1.999887E+00 -3.054398E-01 -3.054398E-01
   131     9441.2554    8.71267901  5.196500E+08  2.633805E+09  1.528878E+30
        6.643087E+00  2.487568E+01  7.674341E+00  0.7614029480 -6.223349E-01
        3.283958E+24 -3.999873E+00 -1.999887E+00 -3.054398E-01 -3.054398E-01
   132     9256.5106    8.71297102  5.194754E+08  2.748763E+09  1.411728E+30
        6.629090E+00  2.487572E+01  7.674370E+00  0.7838493789 -6.652435E-01
        2.585543E+24 -3.999873E+00 -1.999887E+00 -3.054398E-01 -3.054398E-01
   133     9091.4816    8.71322454  5.193238E+08  2.858192E+09  1.312946E+30
        6.616295E+00  2.487574E+01  7.674385E+00  0.8012341207 -7.016582E-01
        2.081305E+24 -3.999873E+00 -1.999887E+00 -3.054398E-01 -3.054398E-01
   134     8924.2919    8.71347965  5.191713E+08  2.973504E+09  1.218283E+30
        6.603134E+00  2.487576E+01  7.674400E+00  0.8180684717 -7.400920E-01
        1.667708E+24 -3.999873E+00 -1.999887E+00 -3.054398E-01 -3.054398E-01
   135     8760.0494    8.71373363  5.190195E+08  3.092024E+09  1.130383E+30
        6.589974E+00  2.487579E+01  7.674423E+00  0.8343140431 -7.807143E-01
        1.338909E+24 -3.999873E+00 -1.999887E+00 -3.054398E-01 -3.054398E-01
   136     8597.5583    8.71399127  5.188655E+08  3.214485E+09  1.048195E+30
        6.576725E+00  2.487584E+01  7.674458E+00  0.8460887416 -8.127296E-01
        1.067965E+24 -3.999873E+00 -1.999887E+00 -3.054398E-01 -3.054398E-01
   137     8437.9854    8.71425257  5.187095E+08  3.340187E+09  9.719310E+29
        6.563477E+00  2.487590E+01  7.674505E+00  0.8612115751 -8.576468E-01
        8.534142E+23 -3.999873E+00 -1.999887E+00 -3.054398E-01 -3.054398E-01
   138     8272.9811    8.71452464  5.185470E+08  3.469178E+09  8.975453E+29
        6.549616E+00  2.487598E+01  7.674556E+00  0.8756400593 -9.053195E-01
        6.744366E+23 -3.999873E+00 -1.999887E+00 -3.054398E-01 -3.054398E-01
   139     8128.2635    8.71476088  5.184060E+08  3.594552E+09  8.359169E+29
        6.537154E+00  2.487604E+01  7.674601E+00  0.8859826624 -9.430291E-01
        5.460731E+23 -3.999873E+00 -1.999887E+00 -3.054398E-01 -3.054398E-01
   140     7978.9257    8.71500461  5.182606E+08  3.729673E+09  7.757218E+29
        6.523981E+00  2.487610E+01  7.674643E+00  0.8958969048 -9.825364E-01
        4.367136E+23 -3.999873E+00 -1.999887E+00 -3.054398E-01 -3.054398E-01
   141     7825.2129    8.71525098  5.181136E+08  3.866951E+09  7.172434E+29
        6.510341E+00  2.487615E+01  7.674682E+00  0.9084215640 -1.038207E+00
        3.461682E+23 -3.999873E+00 -1.999887E+00 -3.054398E-01 -3.054398E-01
   142     7686.1178    8.71546960  5.179832E+08  3.998188E+09  6.672544E+29
        6.497670E+00  2.487619E+01  7.674710E+00  0.9143755265 -1.067402E+00
        2.793621E+23 -3.999873E+00 -1.999887E+00 -3.054398E-01 -3.054398E-01
   143     7550.6515    8.71568111  5.178571E+08  4.131260E+09  6.211400E+29
        6.485120E+00  2.487622E+01  7.674733E+00  0.9229075150 -1.112988E+00
        2.256287E+23 -3.999873E+00 -1.999887E+00 -3.054398E-01 -3.054398E-01
   144     7420.2842    8.71588325  5.177366E+08  4.263652E+09  5.790710E+29
        6.472937E+00  2.487624E+01  7.674753E+00  0.9309463616 -1.160813E+00
        1.836708E+23 -3.999873E+00 -1.999887E+00 -3.054398E-01 -3.054398E-01
   145     7300.0027    8.71607546  5.176220E+08  4.393432E+09  5.421875E+29
        6.461300E+00  2.487626E+01  7.674770E+00  0.9360236271 -1.193980E+00
        1.507678E+23 -3.999873E+00 -1.999887E+00 -3.054398E-01 -3.054398E-01
   146     7177.9708    8.71627477  5.175032E+08  4.522374E+09  5.065997E+29
        6.449523E+00  2.487627E+01  7.674787E+00  0.9432045807 -1.245687E+00
        1.237365E+23 -3.999873E+00 -1.999887E+00 -3.054398E-01 -3.054398E-01
   147     7072.4743    8.71645316  5.173970E+08  4.639630E+09  4.772712E+29
        6.439076E+00  2.487628E+01  7.674801E+00  0.9476949220 -1.281456E+00
        1.040575E+23 -3.999873E+00 -1.999887E+00 -3.054398E-01 -3.054398E-01
   148     6973.7337    8.71662599  5.172940E+08  4.753288E+09  4.509915E+29
        6.429165E+00  2.487630E+01  7.674815E+00  0.9519420959 -1.318235E+00
        8.777052E+22 -3.999873E+00 -1.999887E+00 -3.054398E-01 -3.054398E-01
   149     6880.7352    8.71679398  5.171940E+08  4.863847E+09  4.272463E+29
        6.419707E+00  2.487632E+01  7.674829E+00  0.9559413039 -1.355968E+00
        7.484390E+22 -3.999873E+00 -1.999887E+00 -3.054398E-01 -3.054398E-01
   150     6791.9664    8.71695833  5.170961E+08  4.972509E+09  4.054681E+29
        6.410565E+00  2.487634E+01  7.674843E+00  0.9596877474 -1.394563E+00
        6.410644E+22 -3.999873E+00 -1.999887E+00 -3.054398E-01 -3.054398E-01
   151     6706.7215    8.71712037  5.169997E+08  5.079779E+09  3.853485E+29
        6.401673E+00  2.487635E+01  7.674854E+00  0.9614646828 -1.414141E+00
        5.550684E+22 -3.999873E+00 -1.999887E+00 -3.054398E-01 -3.054398E-01
   152     6621.5968    8.71729022  5.168986E+08  5.184389E+09  3.660106E+29
        6.392792E+00  2.487637E+01  7.674865E+00  0.9648229820 -1.453741E+00
        4.767891E+22 -3.999873E+00 -1.999887E+00 -3.054398E-01 -3.054398E-01
   153     6550.7975    8.71743746  5.168110E+08  5.280683E+09  3.504872E+29
        6.385053E+00  2.487638E+01  7.674874E+00  0.9664031461 -1.473701E+00
        4.191147E+22 -3.999873E+00 -1.999887E+00 -3.054398E-01 -3.054398E-01
   154     6475.1432    8.71760373  5.167121E+08  5.380894E+09  3.344465E+29
        6.376785E+00  2.487639E+01  7.674883E+00  0.9693626379 -1.513749E+00
        3.641297E+22 -3.999873E+00 -1.999887E+00 -3.054398E-01 -3.054398E-01
   155     6405.8735    8.71775610  5.166214E+08  5.473852E+09  3.202508E+29
        6.369189E+00  2.487640E+01  7.674891E+00  0.9720622662 -1.553809E+00
        3.205111E+22 -3.999873E+00 -1.999887E+00 -3.054398E-01 -3.054398E-01
   156     6341.1344    8.71790233  5.165345E+08  5.565669E+09  3.073961E+29
        6.361774E+00  2.487641E+01  7.674899E+00  0.9733215202 -1.573839E+00
        2.834933E+22 -3.999873E+00 -1.999887E+00 -3.054398E-01 -3.054398E-01
   157     6280.2759    8.71804281  5.164509E+08  5.660193E+09  2.956684E+29
        6.354471E+00  2.487642E+01  7.674906E+00  0.9745240151 -1.593869E+00
        2.507715E+22 -3.999873E+00 -1.999887E+00 -3.054398E-01 -3.054398E-01
   158     6216.1379    8.71819562  5.163601E+08  5.761149E+09  2.836742E+29
        6.346715E+00  2.487644E+01  7.674914E+00  0.9767688454 -1.633929E+00
        2.206008E+22 -3.999873E+00 -1.999887E+00 -3.054398E-01 -3.054398E-01
   159     6159.1008    8.71834379  5.162720E+08  5.860603E+09  2.733118E+29
        6.339120E+00  2.487645E+01  7.674922E+00  0.9778159568 -1.653959E+00
        1.941652E+22 -3.999873E+00 -1.999887E+00 -3.054398E-01 -3.054398E-01
   160     6103.6364    8.71849678  5.161811E+08  5.963553E+09  2.635061E+29
        6.331248E+00  2.487646E+01  7.674929E+00  0.9797707155 -1.694019E+00
        1.704572E+22 -3.999873E+00 -1.999887E+00 -3.054398E-01 -3.054398E-01
   161     6051.0769    8.71865058  5.160897E+08  6.067125E+09  2.544562E+29
        6.323102E+00  2.487646E+01  7.674932E+00  0.9815532295 -1.734080E+00
        1.487072E+22 -3.999873E+00 -1.999887E+00 -3.054398E-01 -3.054398E-01
   162     6005.2444    8.71879021  5.160067E+08  6.171118E+09  2.467547E+29
        6.315078E+00  2.487646E+01  7.674934E+00  0.9823846913 -1.754110E+00
        1.300696E+22 -3.999873E+00 -1.999887E+00 -3.054398E-01 -3.054398E-01
   163     5958.7186    8.71893793  5.159190E+08  6.285007E+09  2.391148E+29
        6.306204E+00  2.487646E+01  7.674933E+00  0.9839368732 -1.794170E+00
        1.124172E+22 -3.999873E+00 -1.999887E+00 -3.054398E-01 -3.054398E-01
   164     5912.9314    8.71908971  5.158288E+08  6.407507E+09  2.317686E+29
        6.296519E+00  2.487646E+01  7.674931E+00  0.9853522836 -1.834230E+00
        9.581426E+21 -3.999873E+00 -1.999887E+00 -3.054398E-01 -3.054398E-01
   165     5850.8749    8.71931015  5.156979E+08  6.591257E+09  2.220782E+29
        6.281504E+00  2.487646E+01  7.674929E+00  0.9866429742 -1.874290E+00
        7.481502E+21 -3.999873E+00 -1.999887E+00 -3.054398E-01 -3.054398E-01
   166     5777.1494    8.71960465  5.155231E+08  6.841151E+09  2.109515E+29
        6.259966E+00  2.487647E+01  7.674936E+00  0.9872450227 -1.894320E+00
        5.249725E+21 -3.999873E+00 -1.999887E+00 -3.054398E-01 -3.054398E-01
   167     5711.6105    8.71989116  5.153531E+08  7.093658E+09  2.014077E+29
        6.237071E+00  2.487648E+01  7.674947E+00  0.9878199348 -1.914350E+00
        3.606818E+21 -3.999873E+00 -1.999887E+00 -3.054398E-01 -3.054398E-01
   168     5648.1636    8.72016773  5.151890E+08  7.347850E+09  1.924838E+29
        6.212419E+00  2.487649E+01  7.674951E+00  0.9878199348 -1.914350E+00
        2.411036E+21 -3.999873E+00 -1.999887E+00 -3.054398E-01 -3.054398E-01
   169     5586.0737    8.72042829  5.150345E+08  7.593983E+09  1.840481E+29
        6.186917E+00  2.487649E+01  7.674956E+00  0.9883689334 -1.934380E+00
        1.592220E+21 -3.999873E+00 -1.999887E+00 -3.054398E-01 -3.054398E-01
   170     5525.8007    8.72067211  5.148899E+08  7.829424E+09  1.761334E+29
        6.160937E+00  2.487651E+01  7.674969E+00  0.9883689334 -1.934380E+00
        1.043478E+21 -3.999873E+00 -1.999887E+00 -3.054398E-01 -3.054398E-01
   171     5466.2270    8.72090436  5.147523E+08  8.053336E+09  1.685696E+29
        6.134044E+00  2.487653E+01  7.674983E+00  0.9883689334 -1.934380E+00
        6.746441E+20 -3.999873E+00 -1.999887E+00 -3.054398E-01 -3.054398E-01
   172     5409.0110    8.72111988  5.146246E+08  8.259743E+09  1.615416E+29
        6.107173E+00  2.487655E+01  7.674995E+00  0.9888931867 -1.954411E+00
        4.353141E+20 -3.999873E+00 -1.999887E+00 -3.054398E-01 -3.054398E-01
   173     5352.1848    8.72132344  5.145040E+08  8.450486E+09  1.547868E+29
        6.080165E+00  2.487656E+01  7.675004E+00  0.9888931867 -1.954411E+00
        2.809411E+20 -3.999873E+00 -1.999887E+00 -3.054398E-01 -3.054398E-01
   174     5295.0741    8.72151064  5.143931E+08  8.625277E+09  1.482212E+29
        6.053646E+00  2.487657E+01  7.675011E+00  0.9888931867 -1.954411E+00
        1.833414E+20 -3.999873E+00 -1.999887E+00 -3.054398E-01 -3.054398E-01
   175     5233.5887    8.72168493  5.142899E+08  8.787542E+09  1.413990E+29
        6.026578E+00  2.487658E+01  7.675016E+00  0.9888931867 -1.954411E+00
        1.186215E+20 -3.999873E+00 -1.999887E+00 -3.054398E-01 -3.054398E-01
   176     5169.4198    8.72183769  5.141995E+08  8.932990E+09  1.345434E+29
        6.000291E+00  2.487659E+01  7.675023E+00  0.9888931867 -1.954411E+00
        7.762892E+19 -3.999873E+00 -1.999887E+00 -3.054398E-01 -3.054398E-01
   177     5101.5509    8.72197843  5.141162E+08  9.065673E+09  1.275743E+29
        5.974486E+00  2.487660E+01  7.675031E+00  0.9888931867 -1.954411E+00
        5.116416E+19 -3.999873E+00 -1.999887E+00 -3.054398E-01 -3.054398E-01
   178     5031.0430    8.72210592  5.140407E+08  9.187286E+09  1.206310E+29
        5.949112E+00  2.487661E+01  7.675037E+00  0.9893938100 -1.974441E+00
        3.389175E+19 -3.999873E+00 -1.999887E+00 -3.054398E-01 -3.054398E-01
   179     4959.4505    8.72221853  5.139741E+08  9.299154E+09  1.138803E+29
        5.924075E+00  2.487661E+01  7.675040E+00  0.9893938100 -1.974441E+00
        2.255698E+19 -3.999873E+00 -1.999887E+00 -3.054398E-01 -3.054398E-01
   180     4888.5329    8.72231901  5.139146E+08  9.402088E+09  1.074801E+29
        5.899451E+00  2.487661E+01  7.675040E+00  0.9893938100 -1.974441E+00
        1.508652E+19 -3.999873E+00 -1.999887E+00 -3.054398E-01 -3.054398E-01
   181     4821.0021    8.72240871  5.138615E+08  9.497038E+09  1.016421E+29
        5.875890E+00  2.487661E+01  7.675039E+00  0.9893938100 -1.974441E+00
        1.026095E+19 -3.999873E+00 -1.999887E+00 -3.054398E-01 -3.054398E-01
   182     4749.1698    8.72250014  5.138074E+08  9.587593E+09  9.569815E+28
        5.851190E+00  2.487661E+01  7.675040E+00  0.9893938100 -1.974441E+00
        6.834411E+18 -3.999873E+00 -1.999887E+00 -3.054398E-01 -3.054398E-01
   183     4679.5555    8.72257973  5.137604E+08  9.668244E+09  9.019274E+28
        5.827739E+00  2.487661E+01  7.675041E+00  0.9893938100 -1.974441E+00
        4.643548E+18 -3.999873E+00 -1.999887E+00 -3.054398E-01 -3.054398E-01
   184     4608.5365    8.72265228  5.137175E+08  9.743181E+09  8.482674E+28
        5.804652E+00  2.487661E+01  7.675040E+00  0.9898718684 -1.994471E+00
        3.169443E+18 -3.999873E+00 -1.999887E+00 -3.054398E-01 -3.054398E-01
   185     4536.0831    8.72271956  5.136777E+08  9.813277E+09  7.960445E+28
        5.781805E+00  2.487661E+01  7.675041E+00  0.9898718684 -1.994471E+00
        2.168531E+18 -3.999873E+00 -1.999887E+00 -3.054398E-01 -3.054398E-01
   186     4462.6821    8.72278217  5.136406E+08  9.879157E+09  7.456492E+28
        5.759121E+00  2.487661E+01  7.675041E+00  0.9898718684 -1.994471E+00
        1.486161E+18 -3.999873E+00 -1.999887E+00 -3.054398E-01 -3.054398E-01
   187     4389.6290    8.72283978  5.136066E+08  9.941272E+09  6.979180E+28
        5.736632E+00  2.487661E+01  7.675041E+00  0.9898718684 -1.994471E+00
        1.020515E+18 -3.999873E+00 -1.999887E+00 -3.054398E-01 -3.054398E-01
   188     4322.1020    8.72289099  5.135763E+08  1.000013E+10  6.558764E+28
        5.715502E+00  2.487661E+01  7.675041E+00  0.9898718684 -1.994471E+00
        7.160261E+17 -3.999873E+00 -1.999887E+00 -3.054398E-01 -3.054398E-01
   189     4246.3821    8.72294743  5.135429E+08  1.005961E+10  6.110289E+28
        5.691686E+00  2.487661E+01  7.675041E+00  0.9898718684 -1.994471E+00
        4.792607E+17 -3.999873E+00 -1.999887E+00 -3.054398E-01 -3.054398E-01
   190     4177.7753    8.72299594  5.135142E+08  1.011219E+10  5.724233E+28
        5.669475E+00  2.487661E+01  7.675042E+00  0.9898718684 -1.994471E+00
        3.291556E+17 -3.999873E+00 -1.999887E+00 -3.054398E-01 -3.054398E-01
   191     4110.3818    8.72304136  5.134874E+08  1.016198E+10  5.363153E+28
        5.647426E+00  2.487661E+01  7.675041E+00  0.9903283790 -2.014501E+00
        2.263883E+17 -3.999873E+00 -1.999887E+00 -3.054398E-01 -3.054398E-01
   192     4042.9877    8.72308458  5.134618E+08  1.020936E+10  5.019472E+28
        5.625446E+00  2.487661E+01  7.675041E+00  0.9903283790 -2.014501E+00
        1.556783E+17 -3.999873E+00 -1.999887E+00 -3.054398E-01 -3.054398E-01
   193     3980.8838    8.72312135  5.134401E+08  1.025461E+10  4.717692E+28
        5.605336E+00  2.487661E+01  7.675042E+00  0.9903283790 -2.014501E+00
        1.104168E+17 -3.999873E+00 -1.999887E+00 -3.054398E-01 -3.054398E-01
   194     3903.8428    8.72316095  5.134167E+08  1.030229E+10  4.362558E+28
        5.581244E+00  2.487661E+01  7.675042E+00  0.9903283790 -2.014501E+00
        7.297185E+16 -3.999873E+00 -1.999887E+00 -3.054398E-01 -3.054398E-01
   195     3832.6154    8.72319490  5.133966E+08  1.034405E+10  4.052462E+28
        5.559303E+00  2.487661E+01  7.675042E+00  0.9907643130 -2.034531E+00
        4.998136E+16 -3.999873E+00 -1.999887E+00 -3.054398E-01 -3.054398E-01
   196     3759.7651    8.72322784  5.133772E+08  1.038474E+10  3.752735E+28
        5.537175E+00  2.487661E+01  7.675042E+00  0.9907643130 -2.034531E+00
        3.407780E+16 -3.999873E+00 -1.999887E+00 -3.054398E-01 -3.054398E-01
   197     3694.0439    8.72325416  5.133616E+08  1.042447E+10  3.496930E+28
        5.517355E+00  2.487661E+01  7.675042E+00  0.9907643130 -2.034531E+00
        2.416645E+16 -3.999873E+00 -1.999887E+00 -3.054398E-01 -3.054398E-01
   198     3608.7730    8.72328471  5.133435E+08  1.046834E+10  3.184831E+28
        5.492122E+00  2.487661E+01  7.675042E+00  0.9907643130 -2.034531E+00
        1.555849E+16 -3.999873E+00 -1.999887E+00 -3.054398E-01 -3.054398E-01
   199     3532.3083    8.72331829  5.133237E+08  1.050651E+10  2.923136E+28
        5.469643E+00  2.487661E+01  7.675042E+00  0.9911805978 -2.054561E+00
        1.051278E+16 -3.999873E+00 -1.999887E+00 -3.054398E-01 -3.054398E-01
   200     3464.7279    8.72335151  5.133041E+08  1.054435E+10  2.705565E+28
        5.449820E+00  2.487661E+01  7.675042E+00  0.9911805978 -2.054561E+00
        7.444908E+15 -3.999873E+00 -1.999887E+00 -3.054398E-01 -3.054398E-01
   201     3374.4000    8.72338879  5.132820E+08  1.058742E+10  2.434055E+28
        5.423484E+00  2.487661E+01  7.675042E+00  0.9915781192 -2.074591E+00
        4.704669E+15 -3.999873E+00 -1.999887E+00 -3.054398E-01 -3.054398E-01
   202     3306.0959    8.72340811  5.132706E+08  1.062473E+10  2.242779E+28
        5.403590E+00  2.487661E+01  7.675042E+00  0.9919577228 -2.094621E+00
        3.332575E+15 -3.999873E+00 -1.999887E+00 -3.054398E-01 -3.054398E-01
   203     3223.9362    8.72342888  5.132583E+08  1.066816E+10  2.027915E+28
        5.379576E+00  2.487661E+01  7.675042E+00  0.9923202164 -2.114651E+00
        2.199547E+15 -3.999873E+00 -1.999887E+00 -3.054398E-01 -3.054398E-01
   204     3142.9402    8.72344689  5.132477E+08  1.071066E+10  1.831599E+28
        5.355774E+00  2.487661E+01  7.675042E+00  0.9926663710 -2.134681E+00
        1.460613E+15 -3.999873E+00 -1.999887E+00 -3.054398E-01 -3.054398E-01
   205     3072.5672    8.72346155  5.132390E+08  1.075315E+10  1.672927E+28
        5.335007E+00  2.487661E+01  7.675042E+00  0.9933125762 -2.174741E+00
        1.024422E+15 -3.999873E+00 -1.999887E+00 -3.054398E-01 -3.054398E-01
   206     2995.6506    8.72347757  5.132296E+08  1.080230E+10  1.511541E+28
        5.312038E+00  2.487661E+01  7.675042E+00  0.9939018406 -2.214801E+00
        6.748446E+14 -3.999873E+00 -1.999887E+00 -3.054398E-01 -3.054398E-01
   207     2916.6115    8.72349457  5.132195E+08  1.085412E+10  1.358165E+28
        5.288051E+00  2.487661E+01  7.675042E+00  0.9949291744 -2.294921E+00
        4.383615E+14 -3.999873E+00 -1.999887E+00 -3.054398E-01 -3.054398E-01
   208     2843.1177    8.72350745  5.132119E+08  1.090676E+10  1.226323E+28
        5.265516E+00  2.487661E+01  7.675043E+00  0.9959734913 -2.395071E+00
        2.942146E+14 -3.999873E+00 -1.999887E+00 -3.054398E-01 -3.054398E-01
   209     2759.6015    8.72352484  5.132017E+08  1.095941E+10  1.088413E+28
        5.239138E+00  2.487661E+01  7.675043E+00  0.9969468454 -2.515251E+00
        1.856848E+14 -3.999873E+00 -1.999887E+00 -3.054398E-01 -3.054398E-01
   210     2675.6645    8.72354235  5.131913E+08  1.100840E+10  9.618718E+27
        5.212114E+00  2.487661E+01  7.675043E+00  0.9976849028 -2.635431E+00
        1.172045E+14 -3.999873E+00 -1.999887E+00 -3.054398E-01 -3.054398E-01
   211     2591.2096    8.72355677  5.131828E+08  1.105250E+10  8.460310E+27
        5.184169E+00  2.487661E+01  7.675043E+00  0.9982445438 -2.755610E+00
        7.346034E+13 -3.999873E+00 -1.999887E+00 -3.054398E-01 -3.054398E-01
   212     2508.1378    8.72357477  5.131721E+08  1.109128E+10  7.426150E+27
        5.155953E+00  2.487661E+01  7.675043E+00  0.9987288948 -2.895818E+00
        4.605943E+13 -3.999873E+00 -1.999887E+00 -3.054398E-01 -3.054398E-01
   213     2426.8530    8.72359664  5.131592E+08  1.112618E+10  6.508938E+27
        5.127476E+00  2.487661E+01  7.675044E+00  0.9990361632 -3.015997E+00
        2.910648E+13 -3.999873E+00 -1.999887E+00 -3.054398E-01 -3.054398E-01
   214     2348.5839    8.72361491  5.131484E+08  1.115613E+10  5.708767E+27
        5.099272E+00  2.487661E+01  7.675044E+00  0.9993020941 -3.156203E+00
        1.865392E+13 -3.999873E+00 -1.999887E+00 -3.054398E-01 -3.054398E-01
   215     2278.0478    8.72362858  5.131404E+08  1.118199E+10  5.053074E+27
        5.073014E+00  2.487661E+01  7.675044E+00  0.9994707985 -3.276379E+00
        1.239456E+13 -3.999873E+00 -1.999887E+00 -3.054398E-01 -3.054398E-01
   216     2208.7090    8.72364061  5.131333E+08  1.120588E+10  4.465256E+27
        5.046342E+00  2.487661E+01  7.675044E+00  0.9995797810 -3.376524E+00
        8.248798E+12 -3.999873E+00 -1.999887E+00 -3.054398E-01 -3.054398E-01
   217     2141.0408    8.72364819  5.131288E+08  1.122754E+10  3.942616E+27
        5.019455E+00  2.487661E+01  7.675044E+00  0.9996813580 -3.496697E+00
        5.509111E+12 -3.999873E+00 -1.999887E+00 -3.054398E-01 -3.054398E-01
   218     2077.4047    8.72365478  5.131249E+08  1.124693E+10  3.494319E+27
        4.993244E+00  2.487661E+01  7.675044E+00  0.9997350345 -3.576811E+00
        3.737064E+12 -3.999873E+00 -1.999887E+00 -3.054398E-01 -3.054398E-01
   219     2017.9181    8.72366146  5.131209E+08  1.126466E+10  3.110896E+27
        4.967837E+00  2.487661E+01  7.675044E+00  0.9997692695 -3.636895E+00
        2.577345E+12 -3.999873E+00 -1.999887E+00 -3.054398E-01 -3.054398E-01
   220     1959.0835    8.72366575  5.131184E+08  1.128135E+10  2.763624E+27
        4.941915E+00  2.487661E+01  7.675044E+00  0.9997990808 -3.696979E+00
        1.769654E+12 -3.999873E+00 -1.999887E+00 -3.054398E-01 -3.054398E-01
   221     1903.1254    8.72367153  5.131150E+08  1.129664E+10  2.461110E+27
        4.916412E+00  2.487661E+01  7.675044E+00  0.9998250399 -3.757061E+00
        1.227719E+12 -3.999873E+00 -1.999887E+00 -3.054398E-01 -3.054398E-01
   222     1850.6509    8.72367778  5.131113E+08  1.131082E+10  2.200661E+27
        4.891642E+00  2.487661E+01  7.675044E+00  0.9998404545 -3.797115E+00
        8.629540E+11 -3.999873E+00 -1.999887E+00 -3.054398E-01 -3.054398E-01
   223     1800.2194    8.72368027  5.131098E+08  1.132430E+10  1.970400E+27
        4.867041E+00  2.487661E+01  7.675044E+00  0.9998545108 -3.837169E+00
        6.093408E+11 -3.999873E+00 -1.999887E+00 -3.054398E-01 -3.054398E-01
   224     1751.9083    8.72368228  5.131086E+08  1.133715E+10  1.767242E+27
        4.842662E+00  2.487661E+01  7.675044E+00  0.9998610674 -3.857196E+00
        4.323884E+11 -3.999873E+00 -1.999887E+00 -3.054398E-01 -3.054398E-01
   225     1703.3798    8.72368700  5.131058E+08  1.134946E+10  1.579399E+27
        4.817360E+00  2.487661E+01  7.675044E+00  0.9998733074 -3.897249E+00
        3.032628E+11 -3.999873E+00 -1.999887E+00 -3.054398E-01 -3.054398E-01
   226     1658.5715    8.72368751  5.131055E+08  1.136077E+10  1.419653E+27
        4.793167E+00  2.487661E+01  7.675044E+00  0.9998790168 -3.917275E+00
        2.161615E+11 -3.999873E+00 -1.999887E+00 -3.054398E-01 -3.054398E-01
   227     1615.5799    8.72368646  5.131062E+08  1.137160E+10  1.278086E+27
        4.769199E+00  2.487661E+01  7.675044E+00  0.9998844688 -3.937301E+00
        1.547124E+11 -3.999873E+00 -1.999887E+00 -3.054398E-01 -3.054398E-01
   228     1574.1493    8.72368792  5.131053E+08  1.138204E+10  1.151937E+27
        4.745318E+00  2.487661E+01  7.675044E+00  0.9998896751 -3.957327E+00
        1.109287E+11 -3.999873E+00 -1.999887E+00 -3.054398E-01 -3.054398E-01
   229     1534.1673    8.72368860  5.131049E+08  1.139210E+10  1.039286E+27
        4.721442E+00  2.487661E+01  7.675044E+00  0.9998946468 -3.977352E+00
        7.958093E+10 -3.999873E+00 -1.999887E+00 -3.054398E-01 -3.054398E-01
   230     1496.0197    8.72368609  5.131064E+08  1.140175E+10  9.397148E+26
        4.697852E+00  2.487661E+01  7.675044E+00  0.9998993943 -3.997378E+00
        5.733591E+10 -3.999873E+00 -1.999887E+00 -3.054398E-01 -3.054398E-01
