============================================================================
  #Mod      Teff         Log(g)           R            Age            L
           Log(Tc)       Log(Pc)      Log(rhoc)       Mx/M         Log(qx)
             Lnu        Log(H/*)      Log(He/*)     Log(C/*)      Log(O/*)
============================================================================
     1   149627.0833    9.07735554  3.725916E+08  0.000000E+00  4.958370E+34
        8.153432E+00  2.584192E+01  8.377504E+00  0.0000000000  0.000000E+00
        3.099396E+35 -9.999860E+00 -1.999885E+00 -3.053960E-01 -3.053960E-01
     2   125524.5359    9.08888863  3.676770E+08  5.000000E+04  2.391550E+34
        8.137271E+00  2.584640E+01  8.380861E+00  0.0000000000  0.000000E+00
        1.821249E+35 -9.999860E+00 -1.999885E+00 -3.053960E-01 -3.053960E-01
     3   111468.3381    9.09555830  3.648645E+08  1.000000E+05  1.464541E+34
        8.124809E+00  2.584943E+01  8.383135E+00  0.0000000000  0.000000E+00
        1.226670E+35 -9.999860E+00 -1.999885E+00 -3.053960E-01 -3.053960E-01
     4   102189.6909    9.09994818  3.630252E+08  1.500000E+05  1.024080E+34
        8.114616E+00  2.585165E+01  8.384805E+00  0.0000000000  0.000000E+00
        8.978819E+34 -9.999860E+00 -1.999885E+00 -3.053960E-01 -3.053960E-01
     5    95595.1333    9.10308233  3.617176E+08  2.000000E+05  7.786000E+33
        8.105938E+00  2.585338E+01  8.386103E+00  0.0000000000  0.000000E+00
        6.948175E+34 -9.999860E+00 -1.999885E+00 -3.053960E-01 -3.053960E-01
     6    90764.9752    9.10543537  3.607390E+08  2.500000E+05  6.293488E+33
        8.098336E+00  2.585477E+01  8.387150E+00  0.0000000000  0.000000E+00
        5.593012E+34 -9.999860E+00 -1.999885E+00 -3.053960E-01 -3.053960E-01
     7    87101.3781    9.10727092  3.599775E+08  3.000000E+05  5.314750E+33
        8.091537E+00  2.585592E+01  8.388019E+00  0.0000000000  0.000000E+00
        4.636087E+34 -9.999860E+00 -1.999885E+00 -3.053960E-01 -3.053960E-01
     8    84218.0464    9.10874877  3.593655E+08  3.500000E+05  4.629408E+33
        8.085360E+00  2.585690E+01  8.388758E+00  0.0000000000  0.000000E+00
        3.930866E+34 -9.999860E+00 -1.999885E+00 -3.053960E-01 -3.053960E-01
     9    81928.2929    9.10995648  3.588662E+08  4.000000E+05  4.134593E+33
        8.079679E+00  2.585775E+01  8.389397E+00  0.0000000000  0.000000E+00
        3.393346E+34 -9.999860E+00 -1.999885E+00 -3.053960E-01 -3.053960E-01
    10    80061.7031    9.11096317  3.584505E+08  4.500000E+05  3.761748E+33
        8.074404E+00  2.585849E+01  8.389959E+00  0.0000000000  0.000000E+00
        2.972386E+34 -9.999860E+00 -1.999885E+00 -3.053960E-01 -3.053960E-01
    11    78528.8877    9.11181304  3.581000E+08  5.000000E+05  3.475028E+33
        8.069466E+00  2.585916E+01  8.390459E+00  0.0000000000  0.000000E+00
        2.635283E+34 -9.999860E+00 -1.999885E+00 -3.053960E-01 -3.053960E-01
    12    76903.1074    9.11274244  3.577170E+08  5.664243E+05  3.189237E+33
        8.063397E+00  2.585992E+01  8.391038E+00  0.0000000000  0.000000E+00
        2.285225E+34 -9.999860E+00 -1.999885E+00 -3.053960E-01 -3.053960E-01
    13    75381.5467    9.11364394  3.573459E+08  6.457544E+05  2.938122E+33
        8.056714E+00  2.586072E+01  8.391638E+00  0.0000000000  0.000000E+00
        1.965677E+34 -9.999860E+00 -1.999885E+00 -3.053960E-01 -3.053960E-01
    14    73966.7398    9.11451802  3.569865E+08  7.416892E+05  2.718201E+33
        8.049294E+00  2.586154E+01  8.392262E+00  0.0000000000  0.000000E+00
        1.675420E+34 -9.999860E+00 -1.999885E+00 -3.053960E-01 -3.053960E-01
    15    72658.9308    9.11536522  3.566385E+08  8.591982E+05  2.526064E+33
        8.040988E+00  2.586240E+01  8.392916E+00  0.0000000000  0.000000E+00
        1.413605E+34 -9.999860E+00 -1.999885E+00 -3.053960E-01 -3.053960E-01
    16    71462.7130    9.11618882  3.563005E+08  1.004916E+06  2.359298E+33
        8.031633E+00  2.586331E+01  8.393608E+00  0.0000000000  0.000000E+00
        1.179701E+34 -9.999860E+00 -1.999885E+00 -3.053960E-01 -3.053960E-01
    17    70378.1065    9.11699188  3.559712E+08  1.187677E+06  2.215195E+33
        8.021050E+00  2.586428E+01  8.394347E+00  0.0000000000  0.000000E+00
        9.732451E+33 -9.999860E+00 -1.999885E+00 -3.053960E-01 -3.053960E-01
    18    69404.2238    9.11778111  3.556479E+08  1.419069E+06  2.091299E+33
        8.009063E+00  2.586533E+01  8.395143E+00  0.0000000000  0.000000E+00
        7.936089E+33 -9.999860E+00 -1.999885E+00 -3.053960E-01 -3.053960E-01
    19    68530.3294    9.11856294  3.553279E+08  1.713443E+06  1.984367E+33
        7.995551E+00  2.586646E+01  8.396005E+00  0.0000000000  0.000000E+00
        6.399539E+33 -9.999860E+00 -1.999885E+00 -3.053960E-01 -3.053960E-01
    20    67741.5411    9.11934751  3.550071E+08  2.087338E+06  1.891152E+33
        7.980494E+00  2.586768E+01  8.396938E+00  0.0000000000  0.000000E+00
        5.109181E+33 -9.999860E+00 -1.999885E+00 -3.053960E-01 -3.053960E-01
    21    67014.4492    9.12013755  3.546844E+08  2.556853E+06  1.807964E+33
        7.964059E+00  2.586898E+01  8.397929E+00  0.0000000000  0.000000E+00
        4.046359E+33 -9.999860E+00 -1.999885E+00 -3.053960E-01 -3.053960E-01
    22    66324.1433    9.12092864  3.543615E+08  3.134386E+06  1.731456E+33
        7.946605E+00  2.587031E+01  8.398945E+00  0.0000000000  0.000000E+00
        3.186460E+33 -9.999860E+00 -1.999885E+00 -3.053960E-01 -3.053960E-01
    23    65643.6978    9.12171414  3.540412E+08  3.826014E+06  1.658485E+33
        7.928633E+00  2.587164E+01  8.399959E+00  0.0000000000  0.000000E+00
        2.501078E+33 -9.999860E+00 -1.999885E+00 -3.053960E-01 -3.053960E-01
    24    64957.5721    9.12249544  3.537228E+08  4.633376E+06  1.587367E+33
        7.910611E+00  2.587295E+01  8.400955E+00  0.0000000000  0.000000E+00
        1.959512E+33 -9.999860E+00 -1.999885E+00 -3.053960E-01 -3.053960E-01
    25    64259.4398    9.12327800  3.534043E+08  5.555033E+06  1.517481E+33
        7.892887E+00  2.587424E+01  8.401933E+00  0.0000000000  0.000000E+00
        1.533506E+33 -9.999860E+00 -1.999885E+00 -3.053960E-01 -3.053960E-01
    26    63535.5284    9.12406097  3.530859E+08  6.588824E+06  1.447636E+33
        7.875659E+00  2.587551E+01  8.402897E+00  0.0000000000  0.000000E+00
        1.199116E+33 -9.999860E+00 -1.999885E+00 -3.053960E-01 -3.053960E-01
    27    62792.7763    9.12484519  3.527672E+08  7.732530E+06  1.378628E+33
        7.859009E+00  2.587676E+01  8.403847E+00  0.0000000000  0.000000E+00
        9.368311E+32 -9.999860E+00 -1.999885E+00 -3.053960E-01 -3.053960E-01
    28    62030.7810    9.12563635  3.524460E+08  8.984993E+06  1.310528E+33
        7.842944E+00  2.587802E+01  8.404804E+00  0.0000000000  0.000000E+00
        7.312358E+32 -9.999860E+00 -1.999885E+00 -3.053960E-01 -3.053960E-01
    29    61251.3058    9.12642579  3.521259E+08  1.034506E+07  1.243624E+33
        7.827420E+00  2.587927E+01  8.405754E+00  0.0000000000  0.000000E+00
        5.701592E+32 -9.999860E+00 -1.999885E+00 -3.053960E-01 -3.053960E-01
    30    60457.0286    9.12719963  3.518123E+08  1.180998E+07  1.178260E+33
        7.812383E+00  2.588046E+01  8.406667E+00  0.0000000000  0.000000E+00
        4.441811E+32 -9.999860E+00 -1.999885E+00 -3.053960E-01 -3.053960E-01
    31    59651.1691    9.12794349  3.515111E+08  1.337576E+07  1.114772E+33
        7.797782E+00  2.588157E+01  8.407514E+00  0.0000000000  0.000000E+00
        3.458760E+32 -9.999860E+00 -1.999885E+00 -3.053960E-01 -3.053960E-01
    32    58838.1175    9.12865609  3.512229E+08  1.503781E+07  1.053495E+33
        7.783577E+00  2.588259E+01  8.408291E+00  0.0000000000  0.000000E+00
        2.693701E+32 -9.999860E+00 -1.999885E+00 -3.053960E-01 -3.053960E-01
    33    58022.1502    9.12935068  3.509421E+08  1.679369E+07  9.946682E+32
        7.769726E+00  2.588357E+01  8.409028E+00  0.0000000000  0.000000E+00
        2.099240E+32 -9.999860E+00 -1.999885E+00 -3.053960E-01 -3.053960E-01
    34    57205.2656    9.13003506  3.506657E+08  1.864415E+07  9.383451E+32
        7.756173E+00  2.588452E+01  8.409748E+00  0.0000000000  0.000000E+00
        1.637072E+32 -9.999860E+00 -1.999885E+00 -3.053960E-01 -3.053960E-01
    35    56383.9366    9.13070662  3.503947E+08  2.058923E+07  8.842368E+32
        7.742863E+00  2.588545E+01  8.410448E+00  0.0000000000  0.000000E+00
        1.277900E+32 -9.999860E+00 -1.999885E+00 -3.053960E-01 -3.053960E-01
    36    55570.7776    9.13136565  3.501289E+08  2.262684E+07  8.330554E+32
        7.729769E+00  2.588635E+01  8.411125E+00  0.0000000000  0.000000E+00
        9.986271E+31 -9.999860E+00 -1.999885E+00 -3.053960E-01 -3.053960E-01
    37    54761.0611    9.13200981  3.498694E+08  2.475767E+07  7.843885E+32
        7.716851E+00  2.588722E+01  8.411777E+00  0.0000000000  0.000000E+00
        7.813573E+31 -9.999860E+00 -1.999885E+00 -3.053960E-01 -3.053960E-01
    38    53951.2735    9.13262895  3.496201E+08  2.697895E+07  7.379577E+32
        7.704088E+00  2.588803E+01  8.412388E+00  0.0000000000  0.000000E+00
        6.125476E+31 -9.999860E+00 -1.999885E+00 -3.053960E-01 -3.053960E-01
    39    53150.5770    9.13322484  3.493803E+08  2.928714E+07  6.941618E+32
        7.691483E+00  2.588879E+01  8.412961E+00  0.0000000000  0.000000E+00
        4.813791E+31 -9.999860E+00 -1.999885E+00 -3.053960E-01 -3.053960E-01
    40    52364.8277    9.13380174  3.491483E+08  3.168503E+07  6.531465E+32
        7.679006E+00  2.588950E+01  8.413500E+00  0.0000000000  0.000000E+00
        3.790740E+31 -9.999860E+00 -1.999885E+00 -3.053960E-01 -3.053960E-01
    41    51582.5368    9.13436230  3.489231E+08  3.417566E+07  6.141891E+32
        7.666635E+00  2.589018E+01  8.414015E+00  0.0000000000  0.000000E+00
        2.992444E+31 -9.999860E+00 -1.999885E+00 -3.053960E-01 -3.053960E-01
    42    50812.8844    9.13490840  3.487038E+08  3.675540E+07  5.776179E+32
        7.654384E+00  2.589084E+01  8.414512E+00  0.0000000000  0.000000E+00
        2.369215E+31 -9.999860E+00 -1.999885E+00 -3.053960E-01 -3.053960E-01
    43    50055.1302    9.13544399  3.484888E+08  3.943020E+07  5.432554E+32
        7.642222E+00  2.589148E+01  8.414998E+00  0.0000000000  0.000000E+00
        1.880706E+31 -9.999860E+00 -1.999885E+00 -3.053960E-01 -3.053960E-01
    44    49310.1569    9.13597633  3.482753E+08  4.220213E+07  5.110023E+32
        7.630144E+00  2.589213E+01  8.415488E+00  0.0000000000  0.000000E+00
        1.497035E+31 -9.999860E+00 -1.999885E+00 -3.053960E-01 -3.053960E-01
    45    48573.5258    9.13650762  3.480623E+08  4.507531E+07  4.805566E+32
        7.618134E+00  2.589279E+01  8.415984E+00  0.0000000000  0.000000E+00
        1.195119E+31 -9.999860E+00 -1.999885E+00 -3.053960E-01 -3.053960E-01
    46    47850.7854    9.13702878  3.478535E+08  4.805015E+07  4.520444E+32
        7.606187E+00  2.589343E+01  8.416467E+00  0.0000000000  0.000000E+00
        9.567746E+30 -9.999860E+00 -1.999885E+00 -3.053960E-01 -3.053960E-01
    47    47141.0581    9.13753790  3.476497E+08  5.113059E+07  4.253173E+32
        7.594290E+00  2.589406E+01  8.416933E+00  0.0000000000  0.000000E+00
        7.679920E+30 -9.999860E+00 -1.999885E+00 -3.053960E-01 -3.053960E-01
    48    46444.2686    9.13803378  3.474513E+08  5.431759E+07  4.002657E+32
        7.582444E+00  2.589465E+01  8.417382E+00  0.0000000000  0.000000E+00
        6.181592E+30 -9.999860E+00 -1.999885E+00 -3.053960E-01 -3.053960E-01
    49    45758.3210    9.13851492  3.472589E+08  5.761289E+07  3.767203E+32
        7.570645E+00  2.589523E+01  8.417811E+00  0.0000000000  0.000000E+00
        4.990095E+30 -9.999860E+00 -1.999885E+00 -3.053960E-01 -3.053960E-01
    50    45084.6987    9.13897910  3.470733E+08  6.101612E+07  3.546428E+32
        7.558898E+00  2.589577E+01  8.418221E+00  0.0000000000  0.000000E+00
        4.040540E+30 -9.999860E+00 -1.999885E+00 -3.053960E-01 -3.053960E-01
    51    44424.2289    9.13942680  3.468945E+08  6.453036E+07  3.339692E+32
        7.547196E+00  2.589630E+01  8.418611E+00  0.0000000000  0.000000E+00
        3.281224E+30 -9.999860E+00 -1.999885E+00 -3.053960E-01 -3.053960E-01
    52    43774.7707    9.13985729  3.467226E+08  6.815953E+07  3.145516E+32
        7.535532E+00  2.589679E+01  8.418981E+00  0.0000000000  0.000000E+00
        2.672192E+30 -9.999860E+00 -1.999885E+00 -3.053960E-01 -3.053960E-01
    53    43136.0799    9.14026549  3.465597E+08  7.190354E+07  2.963131E+32
        7.523907E+00  2.589723E+01  8.419318E+00  0.0000000000  0.000000E+00
        2.182555E+30 -9.999860E+00 -1.999885E+00 -3.053960E-01 -3.053960E-01
    54    42508.6698    9.14065625  3.464038E+08  7.576236E+07  2.791949E+32
        7.512334E+00  2.589764E+01  8.419632E+00  0.0000000000  0.000000E+00
        1.788126E+30 -9.999860E+00 -1.999885E+00 -3.053960E-01 -3.053960E-01
    55    41891.9055    9.14103534  3.462527E+08  7.974092E+07  2.631108E+32
        7.500808E+00  2.589803E+01  8.419931E+00  0.0000000000  0.000000E+00
        1.469362E+30 -9.999860E+00 -1.999885E+00 -3.053960E-01 -3.053960E-01
    56    41285.3677    9.14140855  3.461039E+08  8.384386E+07  2.479874E+32
        7.489329E+00  2.589842E+01  8.420228E+00  0.0000000000  0.000000E+00
        1.210962E+30 -9.999860E+00 -1.999885E+00 -3.053960E-01 -3.053960E-01
    57    40688.7920    9.14178147  3.459554E+08  8.807634E+07  2.337606E+32
        7.477896E+00  2.589882E+01  8.420530E+00  0.0000000000  0.000000E+00
        1.000840E+30 -9.999860E+00 -1.999885E+00 -3.053960E-01 -3.053960E-01
    58    40101.6559    9.14215450  3.458068E+08  9.244395E+07  2.203679E+32
        7.466502E+00  2.589923E+01  8.420840E+00  0.0000000000  0.000000E+00
        8.293922E+29 -9.999860E+00 -1.999885E+00 -3.053960E-01 -3.053960E-01
    59    39523.7427    9.14252612  3.456589E+08  9.695026E+07  2.077590E+32
        7.455145E+00  2.589965E+01  8.421157E+00  0.0000000000  0.000000E+00
        6.890885E+29 -9.999860E+00 -1.999885E+00 -3.053960E-01 -3.053960E-01
    60    38954.9849    9.14289738  3.455112E+08  1.015984E+08  1.958883E+32
        7.443829E+00  2.590008E+01  8.421481E+00  0.0000000000  0.000000E+00
        5.739763E+29 -9.999860E+00 -1.999885E+00 -3.053960E-01 -3.053960E-01
    61    38395.1959    9.14326565  3.453647E+08  1.063931E+08  1.847122E+32
        7.432547E+00  2.590052E+01  8.421807E+00  0.0000000000  0.000000E+00
        4.792264E+29 -9.999860E+00 -1.999885E+00 -3.053960E-01 -3.053960E-01
    62    37844.0991    9.14362834  3.452206E+08  1.113372E+08  1.741879E+32
        7.421300E+00  2.590096E+01  8.422131E+00  0.0000000000  0.000000E+00
        4.010266E+29 -9.999860E+00 -1.999885E+00 -3.053960E-01 -3.053960E-01
    63    37301.5769    9.14398324  3.450795E+08  1.164330E+08  1.642779E+32
        7.410089E+00  2.590138E+01  8.422446E+00  0.0000000000  0.000000E+00
        3.363222E+29 -9.999860E+00 -1.999885E+00 -3.053960E-01 -3.053960E-01
    64    36767.5218    9.14432903  3.449422E+08  1.216827E+08  1.549466E+32
        7.398913E+00  2.590179E+01  8.422750E+00  0.0000000000  0.000000E+00
        2.826515E+29 -9.999860E+00 -1.999885E+00 -3.053960E-01 -3.053960E-01
    65    36242.0981    9.14466584  3.448084E+08  1.270890E+08  1.461642E+32
        7.387774E+00  2.590218E+01  8.423041E+00  0.0000000000  0.000000E+00
        2.380240E+29 -9.999860E+00 -1.999885E+00 -3.053960E-01 -3.053960E-01
    66    35724.2779    9.14498407  3.446821E+08  1.326556E+08  1.378870E+32
        7.376661E+00  2.590253E+01  8.423301E+00  0.0000000000  0.000000E+00
        2.008026E+29 -9.999860E+00 -1.999885E+00 -3.053960E-01 -3.053960E-01
    67    35214.0104    9.14527686  3.445660E+08  1.383790E+08  1.300884E+32
        7.365585E+00  2.590281E+01  8.423519E+00  0.0000000000  0.000000E+00
        1.697144E+29 -9.999860E+00 -1.999885E+00 -3.053960E-01 -3.053960E-01
    68    34711.7992    9.14554851  3.444582E+08  1.442580E+08  1.227478E+32
        7.354558E+00  2.590305E+01  8.423704E+00  0.0000000000  0.000000E+00
        1.437193E+29 -9.999860E+00 -1.999885E+00 -3.053960E-01 -3.053960E-01
    69    34217.6448    9.14580429  3.443568E+08  1.502994E+08  1.158377E+32
        7.343580E+00  2.590326E+01  8.423868E+00  0.0000000000  0.000000E+00
        1.219282E+29 -9.999860E+00 -1.999885E+00 -3.053960E-01 -3.053960E-01
    70    33731.3087    9.14604939  3.442597E+08  1.565114E+08  1.093294E+32
        7.332646E+00  2.590346E+01  8.424021E+00  0.0000000000  0.000000E+00
        1.036156E+29 -9.999860E+00 -1.999885E+00 -3.053960E-01 -3.053960E-01
    71    33252.6894    9.14628928  3.441646E+08  1.629016E+08  1.031980E+32
        7.321754E+00  2.590365E+01  8.424175E+00  0.0000000000  0.000000E+00
        8.819143E+28 -9.999860E+00 -1.999885E+00 -3.053960E-01 -3.053960E-01
    72    32781.7962    9.14653075  3.440689E+08  1.694782E+08  9.742129E+31
        7.310901E+00  2.590387E+01  8.424341E+00  0.0000000000  0.000000E+00
        7.517273E+28 -9.999860E+00 -1.999885E+00 -3.053960E-01 -3.053960E-01
    73    32318.9308    9.14678624  3.439677E+08  1.762507E+08  9.198040E+31
        7.300089E+00  2.590413E+01  8.424542E+00  0.0000000000  0.000000E+00
        6.416533E+28 -9.999860E+00 -1.999885E+00 -3.053960E-01 -3.053960E-01
    74    31864.0726    9.14706630  3.438568E+08  1.832337E+08  8.685453E+31
        7.289309E+00  2.590447E+01  8.424796E+00  0.0000000000  0.000000E+00
        5.483666E+28 -9.999860E+00 -1.999885E+00 -3.053960E-01 -3.053960E-01
    75    31416.8709    9.14736580  3.437383E+08  1.904416E+08  8.202373E+31
        7.278542E+00  2.590487E+01  8.425095E+00  0.0000000000  0.000000E+00
        4.690479E+28 -9.999860E+00 -1.999885E+00 -3.053960E-01 -3.053960E-01
    76    30977.2862    9.14767530  3.436158E+08  1.978760E+08  7.747325E+31
        7.267784E+00  2.590531E+01  8.425417E+00  0.0000000000  0.000000E+00
        4.015006E+28 -9.999860E+00 -1.999885E+00 -3.053960E-01 -3.053960E-01
    77    30545.0211    9.14798496  3.434934E+08  2.055330E+08  7.318640E+31
        7.257037E+00  2.590575E+01  8.425743E+00  0.0000000000  0.000000E+00
        3.439335E+28 -9.999860E+00 -1.999885E+00 -3.053960E-01 -3.053960E-01
    78    30119.8995    9.14828479  3.433748E+08  2.134059E+08  6.914852E+31
        7.246306E+00  2.590616E+01  8.426052E+00  0.0000000000  0.000000E+00
        2.948448E+28 -9.999860E+00 -1.999885E+00 -3.053960E-01 -3.053960E-01
    79    29509.3483    9.14868533  3.432165E+08  2.254059E+08  6.365122E+31
        7.230603E+00  2.590667E+01  8.426430E+00  0.0000000000  0.000000E+00
        2.355726E+28 -9.999860E+00 -1.999885E+00 -3.053960E-01 -3.053960E-01
    80    28718.3557    9.14912150  3.430442E+08  2.421635E+08  5.703880E+31
        7.209776E+00  2.590710E+01  8.426746E+00  0.0000000000  0.000000E+00
        1.749280E+28 -9.999860E+00 -1.999885E+00 -3.053960E-01 -3.053960E-01
    81    28012.0280    9.14948091  3.429023E+08  2.596833E+08  5.158826E+31
        7.197645E+00  2.590740E+01  8.427014E+00  0.0151193292 -6.616386E-03
        1.336412E+28 -9.999860E+00 -1.999885E+00 -3.053960E-01 -3.053960E-01
    82    27326.6485    9.14984185  3.427598E+08  2.806789E+08  4.668284E+31
        7.178707E+00  2.590773E+01  8.427272E+00  0.0494010699 -2.200268E-02
        1.018809E+28 -9.999860E+00 -1.999885E+00 -3.053960E-01 -3.053960E-01
    83    26662.4017    9.15023537  3.426046E+08  3.053068E+08  4.226835E+31
        7.159308E+00  2.590818E+01  8.427616E+00  0.0939922184 -4.286807E-02
        7.706292E+27 -9.999860E+00 -1.999885E+00 -3.053960E-01 -3.053960E-01
    84    25991.6569    9.15067673  3.424305E+08  3.336406E+08  3.813403E+31
        7.138866E+00  2.590875E+01  8.428049E+00  0.1492530291 -7.019959E-02
        5.724284E+27 -9.999860E+00 -1.999885E+00 -3.053960E-01 -3.053960E-01
    85    25324.2008    9.15109083  3.422673E+08  3.645724E+08  3.433253E+31
        7.118174E+00  2.590926E+01  8.428422E+00  0.2047299177 -9.948536E-02
        4.221089E+27 -9.999860E+00 -1.999885E+00 -3.053960E-01 -3.053960E-01
    86    24688.4986    9.15145270  3.421247E+08  3.974102E+08  3.098701E+31
        7.098352E+00  2.590965E+01  8.428710E+00  0.2599405418 -1.307334E-01
        3.134173E+27 -9.999860E+00 -1.999885E+00 -3.053960E-01 -3.053960E-01
    87    24092.1177    9.15173711  3.420127E+08  4.302480E+08  2.808125E+31
        7.079310E+00  2.590986E+01  8.428867E+00  0.3107996029 -1.616545E-01
        2.351767E+27 -9.999860E+00 -1.999885E+00 -3.053960E-01 -3.053960E-01
    88    23448.3859    9.15204954  3.418897E+08  4.670274E+08  2.518001E+31
        7.058320E+00  2.591010E+01  8.429045E+00  0.3696195698 -2.003973E-01
        1.712549E+27 -9.999860E+00 -1.999885E+00 -3.053960E-01 -3.053960E-01
    89    22843.4938    9.15239141  3.417552E+08  5.040558E+08  2.266274E+31
        7.038286E+00  2.591044E+01  8.429297E+00  0.4205706279 -2.369995E-01
        1.262894E+27 -9.999860E+00 -1.999885E+00 -3.053960E-01 -3.053960E-01
    90    22266.7227    9.15273778  3.416189E+08  5.426211E+08  2.044283E+31
        7.018810E+00  2.591081E+01  8.429566E+00  0.4674002039 -2.735990E-01
        9.393911E+26 -9.999860E+00 -1.999885E+00 -3.053960E-01 -3.053960E-01
    91    21675.0155    9.15308116  3.414839E+08  5.835447E+08  1.834046E+31
        6.998310E+00  2.591115E+01  8.429821E+00  0.5146986906 -3.139885E-01
        6.853409E+26 -9.999860E+00 -1.999885E+00 -3.053960E-01 -3.053960E-01
    92    21107.5949    9.15337942  3.413667E+08  6.245029E+08  1.648273E+31
        6.978256E+00  2.591143E+01  8.430023E+00  0.5620288138 -3.585545E-01
        4.982773E+26 -9.999860E+00 -1.999885E+00 -3.053960E-01 -3.053960E-01
    93    20576.5362    9.15364876  3.412608E+08  6.659815E+08  1.487627E+31
        6.959090E+00  2.591167E+01  8.430204E+00  0.6037730951 -4.020560E-01
        3.649391E+26 -9.999860E+00 -1.999885E+00 -3.053960E-01 -3.053960E-01
    94    20052.4222    9.15391166  3.411576E+08  7.095732E+08  1.340940E+31
        6.939777E+00  2.591191E+01  8.430379E+00  0.6397949973 -4.434503E-01
        2.663273E+26 -9.999860E+00 -1.999885E+00 -3.053960E-01 -3.053960E-01
    95    19523.6154    9.15418337  3.410508E+08  7.547060E+08  1.204235E+31
        6.919788E+00  2.591216E+01  8.430563E+00  0.6751306406 -4.882912E-01
        1.915872E+26 -9.999860E+00 -1.999885E+00 -3.053960E-01 -3.053960E-01
    96    19036.6149    9.15443511  3.409520E+08  7.994325E+08  1.087871E+31
        6.900970E+00  2.591238E+01  8.430729E+00  0.7047161735 -5.297603E-01
        1.403790E+26 -9.999860E+00 -1.999885E+00 -3.053960E-01 -3.053960E-01
    97    18531.9127    9.15468127  3.408554E+08  8.462520E+08  9.764575E+30
        6.881088E+00  2.591256E+01  8.430863E+00  0.7382314927 -5.820826E-01
        1.005228E+26 -9.999860E+00 -1.999885E+00 -3.053960E-01 -3.053960E-01
    98    18071.0531    9.15487204  3.407806E+08  8.921290E+08  8.825015E+30
        6.862494E+00  2.591264E+01  8.430921E+00  0.7659526354 -6.306962E-01
        7.398528E+25 -9.999860E+00 -1.999885E+00 -3.053960E-01 -3.053960E-01
    99    17616.0129    9.15504070  3.407144E+08  9.399020E+08  7.966057E+30
        6.843750E+00  2.591268E+01  8.430948E+00  0.7882450641 -6.741665E-01
        5.392588E+25 -9.999860E+00 -1.999885E+00 -3.053960E-01 -3.053960E-01
   100    17155.7012    9.15521999  3.406441E+08  9.888001E+08  7.162548E+30
        6.824426E+00  2.591275E+01  8.431001E+00  0.8139135825 -7.302853E-01
        3.907517E+25 -9.999860E+00 -1.999885E+00 -3.053960E-01 -3.053960E-01
   101    16734.1291    9.15541476  3.405677E+08  1.036783E+09  6.481139E+30
        6.806227E+00  2.591290E+01  8.431115E+00  0.8303099477 -7.703436E-01
        2.871981E+25 -9.999860E+00 -1.999885E+00 -3.053960E-01 -3.053960E-01
   102    16319.9780    9.15563927  3.404797E+08  1.086536E+09  5.859933E+30
        6.787934E+00  2.591315E+01  8.431295E+00  0.8499324458 -8.237132E-01
        2.108992E+25 -9.999860E+00 -1.999885E+00 -3.053960E-01 -3.053960E-01
   103    15900.8809    9.15587770  3.403862E+08  1.137360E+09  5.277894E+30
        6.769075E+00  2.591342E+01  8.431500E+00  0.8685150102 -8.811238E-01
        1.542531E+25 -9.999860E+00 -1.999885E+00 -3.053960E-01 -3.053960E-01
   104    15516.5554    9.15608219  3.403061E+08  1.186959E+09  4.783576E+30
        6.751283E+00  2.591363E+01  8.431659E+00  0.8825819239 -9.302650E-01
        1.144758E+25 -9.999860E+00 -1.999885E+00 -3.053960E-01 -3.053960E-01
   105    15141.5888    9.15624795  3.402412E+08  1.237717E+09  4.336022E+30
        6.733555E+00  2.591375E+01  8.431746E+00  0.8958969048 -9.825364E-01
        8.485847E+24 -9.999860E+00 -1.999885E+00 -3.053960E-01 -3.053960E-01
   106    14785.1567    9.15639480  3.401836E+08  1.288484E+09  3.940602E+30
        6.716323E+00  2.591383E+01  8.431807E+00  0.9084215640 -1.038207E+00
        6.351626E+24 -9.999860E+00 -1.999885E+00 -3.053960E-01 -3.053960E-01
   107    14482.0987    9.15651804  3.401354E+08  1.332445E+09  3.626282E+30
        6.701436E+00  2.591389E+01  8.431852E+00  0.9172733165 -1.082354E+00
        4.949198E+24 -9.999860E+00 -1.999885E+00 -3.053960E-01 -3.053960E-01
   108    14222.7580    9.15662516  3.400934E+08  1.372262E+09  3.372591E+30
        6.688382E+00  2.591394E+01  8.431888E+00  0.9229075150 -1.112988E+00
        3.978001E+24 -9.999860E+00 -1.999885E+00 -3.053960E-01 -3.053960E-01
   109    13996.8011    9.15672229  3.400554E+08  1.406609E+09  3.162616E+30
        6.676962E+00  2.591399E+01  8.431921E+00  0.9309463616 -1.160813E+00
        3.280667E+24 -9.999860E+00 -1.999885E+00 -3.053960E-01 -3.053960E-01
   110    13800.7847    9.15680733  3.400221E+08  1.437846E+09  2.988556E+30
        6.666804E+00  2.591403E+01  8.431949E+00  0.9360236271 -1.193980E+00
        2.769922E+24 -9.999860E+00 -1.999885E+00 -3.053960E-01 -3.053960E-01
   111    13609.3231    9.15689021  3.399897E+08  1.469152E+09  2.825592E+30
        6.656775E+00  2.591406E+01  8.431975E+00  0.9408697219 -1.228190E+00
        2.341825E+24 -9.999860E+00 -1.999885E+00 -3.053960E-01 -3.053960E-01
   112    13422.7651    9.15696561  3.399602E+08  1.500439E+09  2.673351E+30
        6.646883E+00  2.591408E+01  8.431990E+00  0.9432045807 -1.245687E+00
        1.983235E+24 -9.999860E+00 -1.999885E+00 -3.053960E-01 -3.053960E-01
   113    13243.8364    9.15703480  3.399331E+08  1.531261E+09  2.533227E+30
        6.637274E+00  2.591409E+01  8.431998E+00  0.9476949220 -1.281456E+00
        1.691724E+24 -9.999860E+00 -1.999885E+00 -3.053960E-01 -3.053960E-01
   114    13053.4183    9.15710538  3.399054E+08  1.562900E+09  2.390261E+30
        6.626995E+00  2.591410E+01  8.432001E+00  0.9519420959 -1.318235E+00
        1.421644E+24 -9.999860E+00 -1.999885E+00 -3.053960E-01 -3.053960E-01
   115    12868.5197    9.15716916  3.398805E+08  1.594006E+09  2.257350E+30
        6.616968E+00  2.591409E+01  8.431998E+00  0.9559413039 -1.355968E+00
        1.200440E+24 -9.999860E+00 -1.999885E+00 -3.053960E-01 -3.053960E-01
   116    12702.8055    9.15722768  3.398576E+08  1.625222E+09  2.143012E+30
        6.607523E+00  2.591409E+01  8.431996E+00  0.9578464211 -1.375166E+00
        1.028432E+24 -9.999860E+00 -1.999885E+00 -3.053960E-01 -3.053960E-01
   117    12522.4781    9.15729504  3.398312E+08  1.659220E+09  2.023577E+30
        6.597343E+00  2.591409E+01  8.431997E+00  0.9614646828 -1.414141E+00
        8.686478E+23 -9.999860E+00 -1.999885E+00 -3.053960E-01 -3.053960E-01
   118    12349.5311    9.15736415  3.398042E+08  1.692696E+09  1.913777E+30
        6.587432E+00  2.591410E+01  8.432005E+00  0.9648229820 -1.453741E+00
        7.378576E+23 -9.999860E+00 -1.999885E+00 -3.053960E-01 -3.053960E-01
   119    12167.2955    9.15744275  3.397735E+08  1.726792E+09  1.802964E+30
        6.577022E+00  2.591412E+01  8.432021E+00  0.9679165201 -1.493719E+00
        6.185045E+23 -9.999860E+00 -1.999885E+00 -3.053960E-01 -3.053960E-01
   120    12006.1411    9.15751304  3.397460E+08  1.760002E+09  1.709048E+30
        6.567360E+00  2.591414E+01  8.432036E+00  0.9707435740 -1.533779E+00
        5.277539E+23 -9.999860E+00 -1.999885E+00 -3.053960E-01 -3.053960E-01
   121    11827.1100    9.15758875  3.397163E+08  1.796956E+09  1.609087E+30
        6.556683E+00  2.591416E+01  8.432050E+00  0.9733215202 -1.573839E+00
        4.409201E+23 -9.999860E+00 -1.999885E+00 -3.053960E-01 -3.053960E-01
   122    11648.3470    9.15766164  3.396878E+08  1.834780E+09  1.513733E+30
        6.545843E+00  2.591418E+01  8.432060E+00  0.9745240151 -1.593869E+00
        3.692208E+23 -9.999860E+00 -1.999885E+00 -3.053960E-01 -3.053960E-01
   123    11467.2490    9.15773481  3.396592E+08  1.874052E+09  1.421529E+30
        6.534683E+00  2.591419E+01  8.432070E+00  0.9778159568 -1.653959E+00
        3.061901E+23 -9.999860E+00 -1.999885E+00 -3.053960E-01 -3.053960E-01
   124    11285.5707    9.15780645  3.396312E+08  1.914500E+09  1.333341E+30
        6.523295E+00  2.591420E+01  8.432079E+00  0.9797707155 -1.694019E+00
        2.542201E+23 -9.999860E+00 -1.999885E+00 -3.053960E-01 -3.053960E-01
   125    11104.3944    9.15787730  3.396035E+08  1.955940E+09  1.249556E+30
        6.511742E+00  2.591422E+01  8.432089E+00  0.9815532295 -1.734080E+00
        2.095223E+23 -9.999860E+00 -1.999885E+00 -3.053960E-01 -3.053960E-01
   126    10928.4755    9.15794578  3.395767E+08  1.998228E+09  1.172050E+30
        6.500322E+00  2.591423E+01  8.432101E+00  0.9831786762 -1.774140E+00
        1.738902E+23 -9.999860E+00 -1.999885E+00 -3.053960E-01 -3.053960E-01
   127    10750.9067    9.15801951  3.395479E+08  2.042308E+09  1.097525E+30
        6.488524E+00  2.591426E+01  8.432121E+00  0.9846608956 -1.814200E+00
        1.427411E+23 -9.999860E+00 -1.999885E+00 -3.053960E-01 -3.053960E-01
   128    10568.5163    9.15809990  3.395165E+08  2.087170E+09  1.024731E+30
        6.476383E+00  2.591430E+01  8.432152E+00  0.9860125082 -1.854260E+00
        1.168659E+23 -9.999860E+00 -1.999885E+00 -3.053960E-01 -3.053960E-01
   129    10390.5808    9.15818110  3.394847E+08  2.131402E+09  9.572642E+29
        6.464326E+00  2.591435E+01  8.432188E+00  0.9872450227 -1.894320E+00
        9.608052E+22 -9.999860E+00 -1.999885E+00 -3.053960E-01 -3.053960E-01
   130    10218.8246    9.15825936  3.394542E+08  2.175699E+09  8.953607E+29
        6.452388E+00  2.591440E+01  8.432225E+00  0.9872450227 -1.894320E+00
        7.879646E+22 -9.999860E+00 -1.999885E+00 -3.053960E-01 -3.053960E-01
   131    10043.5774    9.15833712  3.394238E+08  2.221120E+09  8.353534E+29
        6.440084E+00  2.591445E+01  8.432259E+00  0.9878199348 -1.914350E+00
        6.451535E+22 -9.999860E+00 -1.999885E+00 -3.053960E-01 -3.053960E-01
   132     9878.7467    9.15840548  3.393971E+08  2.266501E+09  7.817278E+29
        6.428145E+00  2.591448E+01  8.432283E+00  0.9878199348 -1.914350E+00
        5.320181E+22 -9.999860E+00 -1.999885E+00 -3.053960E-01 -3.053960E-01
   133     9705.3830    9.15846990  3.393719E+08  2.314097E+09  7.281728E+29
        6.415545E+00  2.591450E+01  8.432296E+00  0.9878199348 -1.914350E+00
        4.334790E+22 -9.999860E+00 -1.999885E+00 -3.053960E-01 -3.053960E-01
   134     9539.0226    9.15852824  3.393491E+08  2.361328E+09  6.794240E+29
        6.403165E+00  2.591451E+01  8.432303E+00  0.9883689334 -1.934380E+00
        3.534220E+22 -9.999860E+00 -1.999885E+00 -3.053960E-01 -3.053960E-01
   135     9374.0216    9.15858375  3.393274E+08  2.409560E+09  6.335395E+29
        6.390668E+00  2.591451E+01  8.432308E+00  0.9883689334 -1.934380E+00
        2.887291E+22 -9.999860E+00 -1.999885E+00 -3.053960E-01 -3.053960E-01
   136     9215.5995    9.15863576  3.393071E+08  2.458622E+09  5.917145E+29
        6.378376E+00  2.591452E+01  8.432310E+00  0.9883689334 -1.934380E+00
        2.366598E+22 -9.999860E+00 -1.999885E+00 -3.053960E-01 -3.053960E-01
   137     9049.6520    9.15868952  3.392861E+08  2.509780E+09  5.501633E+29
        6.365443E+00  2.591452E+01  8.432313E+00  0.9883689334 -1.934380E+00
        1.917627E+22 -9.999860E+00 -1.999885E+00 -3.053960E-01 -3.053960E-01
   138     8891.7924    9.15874075  3.392661E+08  2.560084E+09  5.127080E+29
        6.352843E+00  2.591452E+01  8.432316E+00  0.9883689334 -1.934380E+00
        1.563535E+22 -9.999860E+00 -1.999885E+00 -3.053960E-01 -3.053960E-01
   139     8736.4288    9.15879201  3.392461E+08  2.610982E+09  4.777464E+29
        6.340215E+00  2.591453E+01  8.432322E+00  0.9883689334 -1.934380E+00
        1.270591E+22 -9.999860E+00 -1.999885E+00 -3.053960E-01 -3.053960E-01
   140     8584.1721    9.15884088  3.392270E+08  2.662214E+09  4.452525E+29
        6.327620E+00  2.591454E+01  8.432326E+00  0.9883689334 -1.934380E+00
        1.036026E+22 -9.999860E+00 -1.999885E+00 -3.053960E-01 -3.053960E-01
   141     8435.3927    9.15888619  3.392093E+08  2.713634E+09  4.151343E+29
        6.315094E+00  2.591454E+01  8.432327E+00  0.9888931867 -1.954411E+00
        8.449799E+21 -9.999860E+00 -1.999885E+00 -3.053960E-01 -3.053960E-01
   142     8290.4731    9.15892857  3.391927E+08  2.765083E+09  3.872954E+29
        6.302677E+00  2.591454E+01  8.432326E+00  0.9888931867 -1.954411E+00
        6.891499E+21 -9.999860E+00 -1.999885E+00 -3.053960E-01 -3.053960E-01
   143     8149.7388    9.15896966  3.391767E+08  2.816398E+09  3.616252E+29
        6.290403E+00  2.591453E+01  8.432324E+00  0.9888931867 -1.954411E+00
        5.646030E+21 -9.999860E+00 -1.999885E+00 -3.053960E-01 -3.053960E-01
   144     8013.6254    9.15901074  3.391606E+08  2.867340E+09  3.380329E+29
        6.278321E+00  2.591453E+01  8.432322E+00  0.9888931867 -1.954411E+00
        4.638967E+21 -9.999860E+00 -1.999885E+00 -3.053960E-01 -3.053960E-01
   145     7888.2837    9.15905112  3.391449E+08  2.917622E+09  3.173457E+29
        6.266912E+00  2.591453E+01  8.432323E+00  0.9888931867 -1.954411E+00
        3.852950E+21 -9.999860E+00 -1.999885E+00 -3.053960E-01 -3.053960E-01
   146     7756.7820    9.15909711  3.391269E+08  2.968983E+09  2.966763E+29
        6.254922E+00  2.591454E+01  8.432327E+00  0.9888931867 -1.954411E+00
        3.168743E+21 -9.999860E+00 -1.999885E+00 -3.053960E-01 -3.053960E-01
   147     7638.0282    9.15913999  3.391102E+08  3.016659E+09  2.788937E+29
        6.243837E+00  2.591454E+01  8.432329E+00  0.9888931867 -1.954411E+00
        2.647242E+21 -9.999860E+00 -1.999885E+00 -3.053960E-01 -3.053960E-01
   148     7525.4460    9.15918175  3.390939E+08  3.062867E+09  2.627852E+29
        6.233159E+00  2.591454E+01  8.432330E+00  0.9888931867 -1.954411E+00
        2.226925E+21 -9.999860E+00 -1.999885E+00 -3.053960E-01 -3.053960E-01
   149     7419.1615    9.15922205  3.390781E+08  3.107442E+09  2.482281E+29
        6.222921E+00  2.591454E+01  8.432330E+00  0.9888931867 -1.954411E+00
        1.888972E+21 -9.999860E+00 -1.999885E+00 -3.053960E-01 -3.053960E-01
   150     7317.7690    9.15926147  3.390628E+08  3.150894E+09  2.349129E+29
        6.212998E+00  2.591454E+01  8.432330E+00  0.9888931867 -1.954411E+00
        1.610106E+21 -9.999860E+00 -1.999885E+00 -3.053960E-01 -3.053960E-01
   151     7220.8682    9.15930021  3.390476E+08  3.193354E+09  2.226953E+29
        6.203353E+00  2.591454E+01  8.432330E+00  0.9888931867 -1.954411E+00
        1.376438E+21 -9.999860E+00 -1.999885E+00 -3.053960E-01 -3.053960E-01
   152     7128.0240    9.15933913  3.390324E+08  3.235044E+09  2.114419E+29
        6.193925E+00  2.591454E+01  8.432331E+00  0.9888931867 -1.954411E+00
        1.182110E+21 -9.999860E+00 -1.999885E+00 -3.053960E-01 -3.053960E-01
   153     7040.5804    9.15937882  3.390169E+08  3.275693E+09  2.012374E+29
        6.184759E+00  2.591454E+01  8.432332E+00  0.9888931867 -1.954411E+00
        1.018895E+21 -9.999860E+00 -1.999885E+00 -3.053960E-01 -3.053960E-01
   154     6962.6705    9.15941922  3.390012E+08  3.315006E+09  1.924588E+29
        6.175885E+00  2.591455E+01  8.432334E+00  0.9893938100 -1.974441E+00
        8.825720E+20 -9.999860E+00 -1.999885E+00 -3.053960E-01 -3.053960E-01
   155     6891.6613    9.15945807  3.389860E+08  3.353603E+09  1.847104E+29
        6.167141E+00  2.591455E+01  8.432336E+00  0.9893938100 -1.974441E+00
        7.659557E+20 -9.999860E+00 -1.999885E+00 -3.053960E-01 -3.053960E-01
   156     6826.0727    9.15949539  3.389715E+08  3.391924E+09  1.777632E+29
        6.158407E+00  2.591455E+01  8.432337E+00  0.9893938100 -1.974441E+00
        6.640126E+20 -9.999860E+00 -1.999885E+00 -3.053960E-01 -3.053960E-01
   157     6764.6973    9.15953120  3.389575E+08  3.430319E+09  1.714415E+29
        6.149583E+00  2.591455E+01  8.432339E+00  0.9893938100 -1.974441E+00
        5.752994E+20 -9.999860E+00 -1.999885E+00 -3.053960E-01 -3.053960E-01
   158     6706.6092    9.15956560  3.389441E+08  3.469024E+09  1.656151E+29
        6.140592E+00  2.591456E+01  8.432340E+00  0.9893938100 -1.974441E+00
        4.969978E+20 -9.999860E+00 -1.999885E+00 -3.053960E-01 -3.053960E-01
   159     6650.9978    9.15959879  3.389311E+08  3.508169E+09  1.601777E+29
        6.131381E+00  2.591456E+01  8.432341E+00  0.9893938100 -1.974441E+00
        4.277260E+20 -9.999860E+00 -1.999885E+00 -3.053960E-01 -3.053960E-01
   160     6597.5982    9.15963102  3.389185E+08  3.547727E+09  1.550837E+29
        6.121927E+00  2.591456E+01  8.432342E+00  0.9893938100 -1.974441E+00
        3.664685E+20 -9.999860E+00 -1.999885E+00 -3.053960E-01 -3.053960E-01
   161     6546.3279    9.15966259  3.389062E+08  3.587576E+09  1.503080E+29
        6.112229E+00  2.591456E+01  8.432344E+00  0.9893938100 -1.974441E+00
        3.127661E+20 -9.999860E+00 -1.999885E+00 -3.053960E-01 -3.053960E-01
   162     6502.2545    9.15969066  3.388953E+08  3.627455E+09  1.462914E+29
        6.103180E+00  2.591456E+01  8.432345E+00  0.9893938100 -1.974441E+00
        2.695759E+20 -9.999860E+00 -1.999885E+00 -3.053960E-01 -3.053960E-01
   163     6450.8502    9.15972467  3.388820E+08  3.671320E+09  1.417088E+29
        6.092041E+00  2.591456E+01  8.432346E+00  0.9893938100 -1.974441E+00
        2.245306E+20 -9.999860E+00 -1.999885E+00 -3.053960E-01 -3.053960E-01
   164     6401.0296    9.15975846  3.388688E+08  3.716320E+09  1.373708E+29
        6.080220E+00  2.591457E+01  8.432347E+00  0.9893938100 -1.974441E+00
        1.849252E+20 -9.999860E+00 -1.999885E+00 -3.053960E-01 -3.053960E-01
   165     6328.6702    9.15980789  3.388495E+08  3.783820E+09  1.312489E+29
        6.061586E+00  2.591457E+01  8.432348E+00  0.9893938100 -1.974441E+00
        1.360654E+20 -9.999860E+00 -1.999885E+00 -3.053960E-01 -3.053960E-01
   166     6248.7897    9.15986084  3.388289E+08  3.858485E+09  1.247316E+29
        6.039697E+00  2.591457E+01  8.432348E+00  0.9893938100 -1.974441E+00
        9.475010E+19 -9.999860E+00 -1.999885E+00 -3.053960E-01 -3.053960E-01
   167     6170.2094    9.15991146  3.388091E+08  3.930159E+09  1.185610E+29
        6.017264E+00  2.591457E+01  8.432350E+00  0.9898718684 -1.994471E+00
        6.535041E+19 -9.999860E+00 -1.999885E+00 -3.053960E-01 -3.053960E-01
   168     6093.9592    9.15995924  3.387905E+08  3.998106E+09  1.127957E+29
        5.994512E+00  2.591457E+01  8.432352E+00  0.9898718684 -1.994471E+00
        4.476880E+19 -9.999860E+00 -1.999885E+00 -3.053960E-01 -3.053960E-01
   169     6021.2399    9.16000415  3.387730E+08  4.061823E+09  1.074962E+29
        5.971713E+00  2.591457E+01  8.432353E+00  0.9898718684 -1.994471E+00
        3.059327E+19 -9.999860E+00 -1.999885E+00 -3.053960E-01 -3.053960E-01
   170     5951.0839    9.16004589  3.387567E+08  4.121295E+09  1.025633E+29
        5.948959E+00  2.591458E+01  8.432355E+00  0.9898718684 -1.994471E+00
        2.090042E+19 -9.999860E+00 -1.999885E+00 -3.053960E-01 -3.053960E-01
   171     5887.1923    9.16008077  3.387431E+08  4.176684E+09  9.822131E+28
        5.928144E+00  2.591458E+01  8.432356E+00  0.9898718684 -1.994471E+00
        1.473676E+19 -9.999860E+00 -1.999885E+00 -3.053960E-01 -3.053960E-01
   172     5817.8650    9.16011372  3.387302E+08  4.227299E+09  9.366869E+28
        5.906173E+00  2.591458E+01  8.432356E+00  0.9898718684 -1.994471E+00
        1.016925E+19 -9.999860E+00 -1.999885E+00 -3.053960E-01 -3.053960E-01
   173     5747.6717    9.16014417  3.387184E+08  4.275428E+09  8.922309E+28
        5.883959E+00  2.591458E+01  8.432356E+00  0.9898718684 -1.994471E+00
        6.982374E+18 -9.999860E+00 -1.999885E+00 -3.053960E-01 -3.053960E-01
   174     5678.6171    9.16017369  3.387068E+08  4.320398E+09  8.500613E+28
        5.861903E+00  2.591458E+01  8.432356E+00  0.9903283790 -2.014501E+00
        4.799412E+18 -9.999860E+00 -1.999885E+00 -3.053960E-01 -3.053960E-01
   175     5610.4790    9.16019987  3.386966E+08  4.362348E+09  8.099412E+28
        5.840086E+00  2.591458E+01  8.432356E+00  0.9903283790 -2.014501E+00
        3.308412E+18 -9.999860E+00 -1.999885E+00 -3.053960E-01 -3.053960E-01
   176     5542.1778    9.16022182  3.386881E+08  4.401523E+09  7.711762E+28
        5.818642E+00  2.591458E+01  8.432356E+00  0.9903283790 -2.014501E+00
        2.292223E+18 -9.999860E+00 -1.999885E+00 -3.053960E-01 -3.053960E-01
   177     5481.5578    9.16023949  3.386812E+08  4.438383E+09  7.379554E+28
        5.800184E+00  2.591458E+01  8.432356E+00  0.9903283790 -2.014501E+00
        1.669620E+18 -9.999860E+00 -1.999885E+00 -3.053960E-01 -3.053960E-01
   178     5406.5894    9.16026091  3.386728E+08  4.474418E+09  6.983711E+28
        5.778601E+00  2.591458E+01  8.432356E+00  0.9903283790 -2.014501E+00
        1.150722E+18 -9.999860E+00 -1.999885E+00 -3.053960E-01 -3.053960E-01
   179     5330.7332    9.16028045  3.386652E+08  4.507553E+09  6.599651E+28
        5.757917E+00  2.591458E+01  8.432356E+00  0.9907643130 -2.034531E+00
        8.047712E+17 -9.999860E+00 -1.999885E+00 -3.053960E-01 -3.053960E-01
   180     5252.8538    9.16029678  3.386588E+08  4.539240E+09  6.222116E+28
        5.737516E+00  2.591458E+01  8.432356E+00  0.9907643130 -2.034531E+00
        5.650542E+17 -9.999860E+00 -1.999885E+00 -3.053960E-01 -3.053960E-01
   181     5174.3934    9.16031198  3.386529E+08  4.569810E+09  5.858405E+28
        5.717309E+00  2.591458E+01  8.432356E+00  0.9907643130 -2.034531E+00
        3.980520E+17 -9.999860E+00 -1.999885E+00 -3.053960E-01 -3.053960E-01
   182     5109.9240    9.16032471  3.386480E+08  4.599403E+09  5.571686E+28
        5.700653E+00  2.591458E+01  8.432356E+00  0.9907643130 -2.034531E+00
        2.982812E+17 -9.999860E+00 -1.999885E+00 -3.053960E-01 -3.053960E-01
   183     5026.7557    9.16033952  3.386422E+08  4.630478E+09  5.217533E+28
        5.678876E+00  2.591458E+01  8.432356E+00  0.9911805978 -2.054561E+00
        2.044160E+17 -9.999860E+00 -1.999885E+00 -3.053960E-01 -3.053960E-01
   184     4952.2973    9.16034892  3.386385E+08  4.657921E+09  4.915091E+28
        5.659204E+00  2.591458E+01  8.432356E+00  0.9911805978 -2.054561E+00
        1.454266E+17 -9.999860E+00 -1.999885E+00 -3.053960E-01 -3.053960E-01
   185     4893.0526    9.16035580  3.386358E+08  4.684537E+09  4.684005E+28
        5.643640E+00  2.591458E+01  8.432356E+00  0.9911805978 -2.054561E+00
        1.111627E+17 -9.999860E+00 -1.999885E+00 -3.053960E-01 -3.053960E-01
   186     4808.7755    9.16036816  3.386310E+08  4.713752E+09  4.369417E+28
        5.621727E+00  2.591458E+01  8.432356E+00  0.9915781192 -2.074591E+00
        7.616372E+16 -9.999860E+00 -1.999885E+00 -3.053960E-01 -3.053960E-01
   187     4749.1225    9.16037635  3.386278E+08  4.739063E+09  4.156529E+28
        5.606539E+00  2.591458E+01  8.432356E+00  0.9915781192 -2.074591E+00
        5.868299E+16 -9.999860E+00 -1.999885E+00 -3.053960E-01 -3.053960E-01
   188     4661.8443    9.16038676  3.386238E+08  4.767486E+09  3.859206E+28
        5.584339E+00  2.591458E+01  8.432356E+00  0.9919577228 -2.094621E+00
        4.011844E+16 -9.999860E+00 -1.999885E+00 -3.053960E-01 -3.053960E-01
   189     4603.1175    9.16039229  3.386216E+08  4.791832E+09  3.668340E+28
        5.569455E+00  2.591458E+01  8.432356E+00  0.9919577228 -2.094621E+00
        3.113884E+16 -9.999860E+00 -1.999885E+00 -3.053960E-01 -3.053960E-01
   190     4522.6896    9.16040148  3.386180E+08  4.822817E+09  3.418529E+28
        5.548656E+00  2.591458E+01  8.432356E+00  0.9923202164 -2.114651E+00
        2.188734E+16 -9.999860E+00 -1.999885E+00 -3.053960E-01 -3.053960E-01
   191     4450.1939    9.16041149  3.386141E+08  4.851130E+09  3.204482E+28
        5.529393E+00  2.591458E+01  8.432357E+00  0.9929969232 -2.154711E+00
        1.582429E+16 -9.999860E+00 -1.999885E+00 -3.053960E-01 -3.053960E-01
   192     4374.5538    9.16041735  3.386118E+08  4.885130E+09  2.992067E+28
        5.508662E+00  2.591458E+01  8.432357E+00  0.9933125762 -2.174741E+00
        1.119320E+16 -9.999860E+00 -1.999885E+00 -3.053960E-01 -3.053960E-01
   193     4292.1657    9.16042518  3.386088E+08  4.924045E+09  2.772901E+28
        5.485493E+00  2.591458E+01  8.432357E+00  0.9941767057 -2.234831E+00
        7.307549E+15 -9.999860E+00 -1.999885E+00 -3.053960E-01 -3.053960E-01
   194     4193.9779    9.16043799  3.386038E+08  4.964161E+09  2.527669E+28
        5.457644E+00  2.591458E+01  8.432358E+00  0.9953759913 -2.334981E+00
        4.494628E+15 -9.999860E+00 -1.999885E+00 -3.053960E-01 -3.053960E-01
   195     4095.7510    9.16045113  3.385987E+08  5.004278E+09  2.298988E+28
        5.429668E+00  2.591458E+01  8.432358E+00  0.9964937838 -2.455161E+00
        2.790041E+15 -9.999860E+00 -1.999885E+00 -3.053960E-01 -3.053960E-01
   196     4017.7320    9.16045981  3.385953E+08  5.039183E+09  2.128716E+28
        5.407453E+00  2.591458E+01  8.432359E+00  0.9972158739 -2.555311E+00
        1.913913E+15 -9.999860E+00 -1.999885E+00 -3.053960E-01 -3.053960E-01
   197     3921.4621    9.16047008  3.385913E+08  5.070598E+09  1.931860E+28
        5.379663E+00  2.591458E+01  8.432359E+00  0.9978888969 -2.675491E+00
        1.208674E+15 -9.999860E+00 -1.999885E+00 -3.053960E-01 -3.053960E-01
   198     3823.4062    9.16047907  3.385878E+08  5.098712E+09  1.745727E+28
        5.351092E+00  2.591458E+01  8.432359E+00  0.9983992248 -2.795670E+00
        7.601218E+14 -9.999860E+00 -1.999885E+00 -3.053960E-01 -3.053960E-01
   199     3725.4037    9.16048827  3.385842E+08  5.120974E+09  1.573471E+28
        5.322283E+00  2.591458E+01  8.432359E+00  0.9988408968 -2.935878E+00
        4.784006E+14 -9.999860E+00 -1.999885E+00 -3.053960E-01 -3.053960E-01
   200     3627.8353    9.16049664  3.385809E+08  5.140791E+09  1.414970E+28
        5.293402E+00  2.591458E+01  8.432359E+00  0.9991210902 -3.056056E+00
        3.044435E+14 -9.999860E+00 -1.999885E+00 -3.053960E-01 -3.053960E-01
   201     3535.2381    9.16050168  3.385790E+08  5.156967E+09  1.275929E+28
        5.265798E+00  2.591458E+01  8.432359E+00  0.9993635883 -3.196262E+00
        1.988731E+14 -9.999860E+00 -1.999885E+00 -3.053960E-01 -3.053960E-01
   202     3438.0757    9.16050788  3.385766E+08  5.171525E+09  1.141320E+28
        5.236533E+00  2.591458E+01  8.432360E+00  0.9995391775 -3.336466E+00
        1.274452E+14 -9.999860E+00 -1.999885E+00 -3.053960E-01 -3.053960E-01
   203     3334.7174    9.16051451  3.385740E+08  5.184953E+09  1.010125E+28
        5.204968E+00  2.591458E+01  8.432360E+00  0.9996663189 -3.476668E+00
        7.960333E+13 -9.999860E+00 -1.999885E+00 -3.053960E-01 -3.053960E-01
   204     3231.5150    9.16052041  3.385717E+08  5.196591E+09  8.907543E+27
        5.173039E+00  2.591458E+01  8.432360E+00  0.9997692695 -3.636895E+00
        4.978274E+13 -9.999860E+00 -1.999885E+00 -3.053960E-01 -3.053960E-01
   205     3127.6199    9.16052704  3.385691E+08  5.206701E+09  7.815962E+27
        5.140349E+00  2.591458E+01  8.432360E+00  0.9998404545 -3.797115E+00
        3.098243E+13 -9.999860E+00 -1.999885E+00 -3.053960E-01 -3.053960E-01
   206     3026.0251    9.16053137  3.385674E+08  5.215381E+09  6.848767E+27
        5.107645E+00  2.591458E+01  8.432360E+00  0.9998896751 -3.957327E+00
        1.938288E+13 -9.999860E+00 -1.999885E+00 -3.053960E-01 -3.053960E-01
   207     2927.7205    9.16053497  3.385660E+08  5.222902E+09  6.001186E+27
        5.075106E+00  2.591458E+01  8.432360E+00  0.9999237086 -4.117525E+00
        1.219619E+13 -9.999860E+00 -1.999885E+00 -3.053960E-01 -3.053960E-01
   208     2831.1651    9.16053834  3.385647E+08  5.229491E+09  5.247785E+27
        5.042157E+00  2.591458E+01  8.432360E+00  0.9999472410 -4.277703E+00
        7.660087E+12 -9.999860E+00 -1.999885E+00 -3.053960E-01 -3.053960E-01
   209     2738.9034    9.16054042  3.385639E+08  5.235215E+09  4.596424E+27
        5.009599E+00  2.591458E+01  8.432360E+00  0.9999635124 -4.437855E+00
        4.850813E+12 -9.999860E+00 -1.999885E+00 -3.053960E-01 -3.053960E-01
   210     2649.4157    9.16054309  3.385628E+08  5.240260E+09  4.024491E+27
        4.976860E+00  2.591458E+01  8.432360E+00  0.9999747632 -4.597966E+00
        3.069363E+12 -9.999860E+00 -1.999885E+00 -3.053960E-01 -3.053960E-01
   211     2563.0908    9.16054533  3.385620E+08  5.244684E+09  3.525041E+27
        4.944024E+00  2.591458E+01  8.432360E+00  0.9999825425 -4.758019E+00
        1.941446E+12 -9.999860E+00 -1.999885E+00 -3.053960E-01 -3.053960E-01
   212     2481.5565    9.16054748  3.385611E+08  5.248550E+09  3.097439E+27
        4.911729E+00  2.591458E+01  8.432360E+00  0.9999884649 -4.937977E+00
        1.238702E+12 -9.999860E+00 -1.999885E+00 -3.053960E-01 -3.053960E-01
   213     2402.4266    9.16054958  3.385603E+08  5.251980E+09  2.720850E+27
        4.879042E+00  2.591458E+01  8.432360E+00  0.9999920165 -5.097807E+00
        7.865634E+11 -9.999860E+00 -1.999885E+00 -3.053960E-01 -3.053960E-01
   214     2328.1704    9.16055125  3.385596E+08  5.254977E+09  2.399725E+27
        4.847083E+00  2.591458E+01  8.432360E+00  0.9999944723 -5.257455E+00
        5.047978E+11 -9.999860E+00 -1.999885E+00 -3.053960E-01 -3.053960E-01
   215     2255.5978    9.16055755  3.385572E+08  5.257650E+09  2.114184E+27
        4.814498E+00  2.591458E+01  8.432360E+00  0.9999961703 -5.416840E+00
        3.212965E+11 -9.999860E+00 -1.999885E+00 -3.053960E-01 -3.053960E-01
   216     2188.1117    9.16057118  3.385519E+08  5.259977E+09  1.872235E+27
        4.782674E+00  2.591458E+01  8.432360E+00  0.9999973444 -5.575845E+00
        2.067086E+11 -9.999860E+00 -1.999885E+00 -3.053960E-01 -3.053960E-01
   217     2123.0280    9.16057837  3.385491E+08  5.262049E+09  1.659198E+27
        4.750798E+00  2.591458E+01  8.432360E+00  0.9999982383 -5.754064E+00
        1.329245E+11 -9.999860E+00 -1.999885E+00 -3.053960E-01 -3.053960E-01
   218     2060.4713    9.16057783  3.385493E+08  5.263879E+09  1.472116E+27
        4.718729E+00  2.591458E+01  8.432360E+00  0.9999987743 -5.911624E+00
        8.526510E+10 -9.999860E+00 -1.999885E+00 -3.053960E-01 -3.053960E-01
   219     2001.7840    9.16057644  3.385498E+08  5.265478E+09  1.311433E+27
        4.687208E+00  2.591458E+01  8.432360E+00  0.9999991824 -6.087461E+00
        5.511648E+10 -9.999860E+00 -1.999885E+00 -3.053960E-01 -3.053960E-01
   220     1945.7805    9.16057371  3.385509E+08  5.266892E+09  1.170726E+27
        4.655697E+00  2.591458E+01  8.432360E+00  0.9999994271 -6.241945E+00
        3.563772E+10 -9.999860E+00 -1.999885E+00 -3.053960E-01 -3.053960E-01
   221     1887.7086    9.16056844  3.385529E+08  5.268242E+09  1.037110E+27
        4.621158E+00  2.591458E+01  8.432360E+00  0.9999996298 -6.431520E+00
        2.209948E+10 -9.999860E+00 -1.999885E+00 -3.053960E-01 -3.053960E-01
   222     1826.3949    9.16056574  3.385540E+08  5.269535E+09  9.087965E+26
        4.582856E+00  2.591458E+01  8.432360E+00  0.9999997674 -6.633301E+00
        1.301080E+10 -9.999860E+00 -1.999885E+00 -3.053960E-01 -3.053960E-01
   223     1773.6669    9.16056327  3.385550E+08  5.270533E+09  8.083112E+26
        4.548818E+00  2.591458E+01  8.432360E+00  0.9999998381 -6.790705E+00
        8.126143E+09 -9.999860E+00 -1.999885E+00 -3.053960E-01 -3.053960E-01
   224     1717.1357    9.16056302  3.385551E+08  5.271491E+09  7.100829E+26
        4.511200E+00  2.591458E+01  8.432360E+00  0.9999998928 -6.969731E+00
        4.830643E+09 -9.999860E+00 -1.999885E+00 -3.053960E-01 -3.053960E-01
   225     1661.9424    9.16056338  3.385549E+08  5.272317E+09  6.230948E+26
        4.473360E+00  2.591458E+01  8.432360E+00  0.9999999257 -7.129106E+00
        2.863008E+09 -9.999860E+00 -1.999885E+00 -3.053960E-01 -3.053960E-01
   226     1609.6588    9.16056501  3.385543E+08  5.273020E+09  5.483072E+26
        4.436519E+00  2.591458E+01  8.432360E+00  0.9999999455 -7.263972E+00
        1.720561E+09 -9.999860E+00 -1.999885E+00 -3.053960E-01 -3.053960E-01
   227     1557.9003    9.16056477  3.385544E+08  5.273631E+09  4.811134E+26
        4.399660E+00  2.591458E+01  8.432360E+00  0.9999999583 -7.379866E+00
        1.033782E+09 -9.999860E+00 -1.999885E+00 -3.053960E-01 -3.053960E-01
   228     1508.5976    9.16055911  3.385566E+08  5.274153E+09  4.230465E+26
        4.364090E+00  2.591458E+01  8.432360E+00  0.9999999642 -7.445647E+00
        6.323360E+08 -9.999860E+00 -1.999885E+00 -3.053960E-01 -3.053960E-01
   229     1463.5593    9.16055053  3.385599E+08  5.274611E+09  3.747523E+26
        4.328481E+00  2.591458E+01  8.432360E+00  0.9999999652 -7.457984E+00
        3.865861E+08 -9.999860E+00 -1.999885E+00 -3.053960E-01 -3.053960E-01
