============================================================================
  #Mod      Teff         Log(g)           R            Age            L
           Log(Tc)       Log(Pc)      Log(rhoc)       Mx/M         Log(qx)
             Lnu        Log(H/*)      Log(He/*)     Log(C/*)      Log(O/*)
============================================================================
     1    22720.0755    6.84428215  1.949080E+09  0.000000E+00  7.213243E+32
        7.448190E+00  2.127660E+01  5.290459E+00  0.0000000000  0.000000E+00
        2.028852E+30 -9.999860E+00 -1.999884E+00 -3.053960E-01 -3.053960E-01
     2    17143.6701    6.88931047  1.850613E+09  5.000000E+05  2.108037E+32
        7.447690E+00  2.127774E+01  5.291174E+00  0.0000000000  0.000000E+00
        2.037878E+30 -9.999860E+00 -1.999884E+00 -3.053960E-01 -3.053960E-01
     3    15369.0404    6.90553975  1.816356E+09  1.000000E+06  1.311659E+32
        7.446966E+00  2.127846E+01  5.291638E+00  0.0000000000  0.000000E+00
        2.039821E+30 -9.999860E+00 -1.999884E+00 -3.053960E-01 -3.053960E-01
     4    14476.2556    6.91454870  1.797614E+09  1.500000E+06  1.011230E+32
        7.446224E+00  2.127903E+01  5.292008E+00  0.0000000000  0.000000E+00
        2.039543E+30 -9.999860E+00 -1.999884E+00 -3.053960E-01 -3.053960E-01
     5    13915.4237    6.92064103  1.785050E+09  2.000000E+06  8.513699E+31
        7.445492E+00  2.127952E+01  5.292326E+00  0.0000000000  0.000000E+00
        2.038165E+30 -9.999860E+00 -1.999884E+00 -3.053960E-01 -3.053960E-01
     6    13518.0898    6.92521103  1.775682E+09  2.500000E+06  7.502809E+31
        7.444777E+00  2.127996E+01  5.292613E+00  0.0000000000  0.000000E+00
        2.036106E+30 -9.999860E+00 -1.999884E+00 -3.053960E-01 -3.053960E-01
     7    13133.4391    6.92989105  1.766141E+09  3.178172E+06  6.612968E+31
        7.443846E+00  2.128049E+01  5.292963E+00  0.0000000000  0.000000E+00
        2.032570E+30 -9.999860E+00 -1.999884E+00 -3.053960E-01 -3.053960E-01
     8    12768.0701    6.93459068  1.756610E+09  4.075251E+06  5.843647E+31
        7.442690E+00  2.128112E+01  5.293381E+00  0.0000000000  0.000000E+00
        2.026847E+30 -9.999860E+00 -1.999884E+00 -3.053960E-01 -3.053960E-01
     9    12423.1193    6.93927651  1.747160E+09  5.246976E+06  5.181073E+31
        7.441310E+00  2.128186E+01  5.293874E+00  0.0000000000  0.000000E+00
        2.018166E+30 -9.999860E+00 -1.999884E+00 -3.053960E-01 -3.053960E-01
    10    12100.2003    6.94391036  1.737863E+09  6.758506E+06  4.613531E+31
        7.439734E+00  2.128274E+01  5.294449E+00  0.0000000000  0.000000E+00
        2.005369E+30 -9.999860E+00 -1.999884E+00 -3.053960E-01 -3.053960E-01
    11    11801.0645    6.94846253  1.728779E+09  8.689391E+06  4.130435E+31
        7.438002E+00  2.128376E+01  5.295118E+00  0.0000000000  0.000000E+00
        1.986860E+30 -9.999860E+00 -1.999884E+00 -3.053960E-01 -3.053960E-01
    12    11524.1576    6.95294368  1.719883E+09  1.114527E+07  3.717634E+31
        7.436136E+00  2.128495E+01  5.295896E+00  0.0000000000  0.000000E+00
        1.960198E+30 -9.999860E+00 -1.999884E+00 -3.053960E-01 -3.053960E-01
    13    11269.2753    6.95733724  1.711206E+09  1.421505E+07  3.365273E+31
        7.434117E+00  2.128632E+01  5.296792E+00  0.0000000000  0.000000E+00
        1.922864E+30 -9.999860E+00 -1.999884E+00 -3.053960E-01 -3.053960E-01
    14    11047.0761    6.96147439  1.703074E+09  1.782474E+07  3.078142E+31
        7.431922E+00  2.128784E+01  5.297778E+00  0.0000000000  0.000000E+00
        1.874679E+30 -9.999860E+00 -1.999884E+00 -3.053960E-01 -3.053960E-01
    15    10885.0779    6.96477740  1.696610E+09  2.116733E+07  2.879535E+31
        7.429903E+00  2.128917E+01  5.298648E+00  0.0000000000  0.000000E+00
        1.827327E+30 -9.999860E+00 -1.999884E+00 -3.053960E-01 -3.053960E-01
    16    10779.8865    6.96713295  1.692015E+09  2.372851E+07  2.754846E+31
        7.428323E+00  2.129016E+01  5.299293E+00  0.0000000000  0.000000E+00
        1.789913E+30 -9.999860E+00 -1.999884E+00 -3.053960E-01 -3.053960E-01
    17    10699.1428    6.96902639  1.688331E+09  2.597898E+07  2.661602E+31
        7.426890E+00  2.129101E+01  5.299848E+00  0.0000000000  0.000000E+00
        1.756379E+30 -9.999860E+00 -1.999884E+00 -3.053960E-01 -3.053960E-01
    18    10619.1659    6.97099281  1.684513E+09  2.850912E+07  2.571239E+31
        7.425208E+00  2.129194E+01  5.300458E+00  0.0000000000  0.000000E+00
        1.718060E+30 -9.999860E+00 -1.999884E+00 -3.053960E-01 -3.053960E-01
    19    10542.5956    6.97297530  1.680673E+09  3.123730E+07  2.486500E+31
        7.423306E+00  2.129291E+01  5.301103E+00  0.0000000000  0.000000E+00
        1.676350E+30 -9.999860E+00 -1.999884E+00 -3.053960E-01 -3.053960E-01
    20    10470.9606    6.97491485  1.676924E+09  3.406187E+07  2.408823E+31
        7.421242E+00  2.129390E+01  5.301758E+00  0.0000000000  0.000000E+00
        1.633076E+30 -9.999860E+00 -1.999884E+00 -3.053960E-01 -3.053960E-01
    21    10404.1410    6.97680273  1.673283E+09  3.697032E+07  2.337738E+31
        7.419022E+00  2.129490E+01  5.302419E+00  0.0000000000  0.000000E+00
        1.588648E+30 -9.999860E+00 -1.999884E+00 -3.053960E-01 -3.053960E-01
    22    10339.4064    6.97869372  1.669644E+09  4.003333E+07  2.270191E+31
        7.416591E+00  2.129592E+01  5.303102E+00  0.0000000000  0.000000E+00
        1.542270E+30 -9.999860E+00 -1.999884E+00 -3.053960E-01 -3.053960E-01
    23    10276.6659    6.98059418  1.665995E+09  4.326733E+07  2.205913E+31
        7.413936E+00  2.129698E+01  5.303809E+00  0.0000000000  0.000000E+00
        1.493996E+30 -9.999860E+00 -1.999884E+00 -3.053960E-01 -3.053960E-01
    24    10214.6153    6.98252719  1.662292E+09  4.669936E+07  2.143554E+31
        7.411036E+00  2.129807E+01  5.304543E+00  0.0000000000  0.000000E+00
        1.443758E+30 -9.999860E+00 -1.999884E+00 -3.053960E-01 -3.053960E-01
    25    10153.8757    6.98446761  1.658582E+09  5.031300E+07  2.083691E+31
        7.407910E+00  2.129919E+01  5.305300E+00  0.0000000000  0.000000E+00
        1.392148E+30 -9.999860E+00 -1.999884E+00 -3.053960E-01 -3.053960E-01
    26    10092.7410    6.98648629  1.654732E+09  5.419262E+07  2.024528E+31
        7.404492E+00  2.130037E+01  5.306094E+00  0.0000000000  0.000000E+00
        1.338364E+30 -9.999860E+00 -1.999884E+00 -3.053960E-01 -3.053960E-01
    27    10034.4672    6.98857558  1.650757E+09  5.820320E+07  1.968681E+31
        7.400911E+00  2.130155E+01  5.306895E+00  0.0000000000  0.000000E+00
        1.284643E+30 -9.999860E+00 -1.999884E+00 -3.053960E-01 -3.053960E-01
    28     9982.2674    6.99047919  1.647143E+09  6.196325E+07  1.919602E+31
        7.397526E+00  2.130263E+01  5.307629E+00  0.0000000000  0.000000E+00
        1.236066E+30 -9.999860E+00 -1.999884E+00 -3.053960E-01 -3.053960E-01
    29     9932.1788    6.99236043  1.643579E+09  6.574972E+07  1.873231E+31
        7.394100E+00  2.130369E+01  5.308352E+00  0.0000000000  0.000000E+00
        1.188891E+30 -9.999860E+00 -1.999884E+00 -3.053960E-01 -3.053960E-01
    30     9884.2301    6.99421791  1.640068E+09  6.950496E+07  1.829478E+31
        7.390694E+00  2.130472E+01  5.309052E+00  0.0000000000  0.000000E+00
        1.143839E+30 -9.999860E+00 -1.999884E+00 -3.053960E-01 -3.053960E-01
    31     9839.3676    6.99602208  1.636665E+09  7.317241E+07  1.789041E+31
        7.387367E+00  2.130571E+01  5.309722E+00  0.0000000000  0.000000E+00
        1.101484E+30 -9.999860E+00 -1.999884E+00 -3.053960E-01 -3.053960E-01
    32     9796.2912    6.99783713  1.633248E+09  7.681031E+07  1.750585E+31
        7.384071E+00  2.130666E+01  5.310372E+00  0.0000000000  0.000000E+00
        1.061047E+30 -9.999860E+00 -1.999884E+00 -3.053960E-01 -3.053960E-01
    33     9755.9745    6.99956436  1.630004E+09  8.031753E+07  1.715110E+31
        7.380901E+00  2.130756E+01  5.310986E+00  0.0000000000  0.000000E+00
        1.023509E+30 -9.999860E+00 -1.999884E+00 -3.053960E-01 -3.053960E-01
    34     9715.8765    7.00131648  1.626719E+09  8.394020E+07  1.680293E+31
        7.377639E+00  2.130847E+01  5.311606E+00  0.0000000000  0.000000E+00
        9.861968E+29 -9.999860E+00 -1.999884E+00 -3.053960E-01 -3.053960E-01
    35     9675.2662    7.00310603  1.623371E+09  8.771230E+07  1.645581E+31
        7.374260E+00  2.130939E+01  5.312239E+00  0.0000000000  0.000000E+00
        9.488761E+29 -9.999860E+00 -1.999884E+00 -3.053960E-01 -3.053960E-01
    36     9633.5960    7.00494007  1.619947E+09  9.165193E+07  1.610598E+31
        7.370751E+00  2.131034E+01  5.312885E+00  0.0000000000  0.000000E+00
        9.115114E+29 -9.999860E+00 -1.999884E+00 -3.053960E-01 -3.053960E-01
    37     9591.4334    7.00679996  1.616482E+09  9.576448E+07  1.575824E+31
        7.367113E+00  2.131130E+01  5.313543E+00  0.0000000000  0.000000E+00
        8.741937E+29 -9.999860E+00 -1.999884E+00 -3.053960E-01 -3.053960E-01
    38     9547.6151    7.00872192  1.612909E+09  1.001147E+08  1.540392E+31
        7.363295E+00  2.131230E+01  5.314223E+00  0.0000000000  0.000000E+00
        8.365107E+29 -9.999860E+00 -1.999884E+00 -3.053960E-01 -3.053960E-01
    39     9503.1045    7.01065385  1.609325E+09  1.046613E+08  1.505157E+31
        7.359338E+00  2.131331E+01  5.314916E+00  0.0000000000  0.000000E+00
        7.990058E+29 -9.999860E+00 -1.999884E+00 -3.053960E-01 -3.053960E-01
    40     9456.6341    7.01265783  1.605617E+09  1.095314E+08  1.469136E+31
        7.355141E+00  2.131437E+01  5.315639E+00  0.0000000000  0.000000E+00
        7.608598E+29 -9.999860E+00 -1.999884E+00 -3.053960E-01 -3.053960E-01
    41     9408.5064    7.01470324  1.601840E+09  1.146605E+08  1.432693E+31
        7.350766E+00  2.131545E+01  5.316380E+00  0.0000000000  0.000000E+00
        7.228237E+29 -9.999860E+00 -1.999884E+00 -3.053960E-01 -3.053960E-01
    42     9358.8571    7.01678130  1.598012E+09  1.200405E+08  1.395994E+31
        7.346227E+00  2.131656E+01  5.317136E+00  0.0000000000  0.000000E+00
        6.851444E+29 -9.999860E+00 -1.999884E+00 -3.053960E-01 -3.053960E-01
    43     9307.7397    7.01888124  1.594154E+09  1.256742E+08  1.359156E+31
        7.341529E+00  2.131768E+01  5.317904E+00  0.0000000000  0.000000E+00
        6.479709E+29 -9.999860E+00 -1.999884E+00 -3.053960E-01 -3.053960E-01
    44     9255.0308    7.02101727  1.590238E+09  1.315929E+08  1.322111E+31
        7.336651E+00  2.131883E+01  5.318687E+00  0.0000000000  0.000000E+00
        6.112707E+29 -9.999860E+00 -1.999884E+00 -3.053960E-01 -3.053960E-01
    45     9201.1691    7.02316729  1.586307E+09  1.377567E+08  1.285223E+31
        7.331634E+00  2.131999E+01  5.319479E+00  0.0000000000  0.000000E+00
        5.754439E+29 -9.999860E+00 -1.999884E+00 -3.053960E-01 -3.053960E-01
    46     9145.9557    7.02535409  1.582318E+09  1.442075E+08  1.248349E+31
        7.326450E+00  2.132116E+01  5.320281E+00  0.0000000000  0.000000E+00
        5.403697E+29 -9.999860E+00 -1.999884E+00 -3.053960E-01 -3.053960E-01
    47     9090.0222    7.02754453  1.578333E+09  1.508931E+08  1.211962E+31
        7.321146E+00  2.132234E+01  5.321087E+00  0.0000000000  0.000000E+00
        5.064463E+29 -9.999860E+00 -1.999884E+00 -3.053960E-01 -3.053960E-01
    48     9032.7799    7.02976786  1.574298E+09  1.578752E+08  1.175686E+31
        7.315679E+00  2.132353E+01  5.321901E+00  0.0000000000  0.000000E+00
        4.734624E+29 -9.999860E+00 -1.999884E+00 -3.053960E-01 -3.053960E-01
    49     8974.9189    7.03198546  1.570284E+09  1.650850E+08  1.140014E+31
        7.310109E+00  2.132472E+01  5.322715E+00  0.0000000000  0.000000E+00
        4.418195E+29 -9.999860E+00 -1.999884E+00 -3.053960E-01 -3.053960E-01
    50     8915.9147    7.03421515  1.566258E+09  1.725919E+08  1.104643E+31
        7.304387E+00  2.132592E+01  5.323536E+00  0.0000000000  0.000000E+00
        4.112785E+29 -9.999860E+00 -1.999884E+00 -3.053960E-01 -3.053960E-01
    51     8855.8856    7.03644389  1.562244E+09  1.803828E+08  1.069689E+31
        7.298530E+00  2.132712E+01  5.324359E+00  0.0000000000  0.000000E+00
        3.819693E+29 -9.999860E+00 -1.999884E+00 -3.053960E-01 -3.053960E-01
    52     8794.7917    7.03866677  1.558251E+09  1.884742E+08  1.035164E+31
        7.292532E+00  2.132833E+01  5.325185E+00  0.0000000000  0.000000E+00
        3.538933E+29 -9.999860E+00 -1.999884E+00 -3.053960E-01 -3.053960E-01
    53     8732.5316    7.04089021  1.554267E+09  1.968890E+08  1.001023E+31
        7.286383E+00  2.132954E+01  5.326013E+00  0.0000000000  0.000000E+00
        3.270259E+29 -9.999860E+00 -1.999884E+00 -3.053960E-01 -3.053960E-01
    54     8669.2709    7.04309851  1.550321E+09  2.056072E+08  9.673985E+30
        7.280104E+00  2.133074E+01  5.326841E+00  0.0000000000  0.000000E+00
        3.014813E+29 -9.999860E+00 -1.999884E+00 -3.053960E-01 -3.053960E-01
    55     8604.6482    7.04531125  1.546376E+09  2.146943E+08  9.341032E+30
        7.273657E+00  2.133196E+01  5.327671E+00  0.0000000000  0.000000E+00
        2.771150E+29 -9.999860E+00 -1.999884E+00 -3.053960E-01 -3.053960E-01
    56     8538.9385    7.04751775  1.542453E+09  2.241222E+08  9.013042E+30
        7.267069E+00  2.133317E+01  5.328500E+00  0.0000000000  0.000000E+00
        2.540460E+29 -9.999860E+00 -1.999884E+00 -3.053960E-01 -3.053960E-01
    57     8472.3863    7.04971336  1.538559E+09  2.338923E+08  8.691270E+30
        7.260347E+00  2.133437E+01  5.329325E+00  0.0000000000  0.000000E+00
        2.322887E+29 -9.999860E+00 -1.999884E+00 -3.053960E-01 -3.053960E-01
    58     8404.9678    7.05189892  1.534692E+09  2.440202E+08  8.375657E+30
        7.253485E+00  2.133557E+01  5.330147E+00  0.0000000000  0.000000E+00
        2.118185E+29 -9.999860E+00 -1.999884E+00 -3.053960E-01 -3.053960E-01
    59     8336.8303    7.05407193  1.530858E+09  2.544990E+08  8.066879E+30
        7.246497E+00  2.133676E+01  5.330963E+00  0.0000000000  0.000000E+00
        1.926468E+29 -9.999860E+00 -1.999884E+00 -3.053960E-01 -3.053960E-01
    60     8268.1913    7.05622843  1.527062E+09  2.653165E+08  7.765819E+30
        7.239396E+00  2.133794E+01  5.331770E+00  0.0000000000  0.000000E+00
        1.747753E+29 -9.999860E+00 -1.999884E+00 -3.053960E-01 -3.053960E-01
    61     8199.1440    7.05836634  1.523308E+09  2.764619E+08  7.472765E+30
        7.232195E+00  2.133910E+01  5.332567E+00  0.0000000000  0.000000E+00
        1.581892E+29 -9.999860E+00 -1.999884E+00 -3.053960E-01 -3.053960E-01
    62     8129.7820    7.06048205  1.519602E+09  2.879155E+08  7.187985E+30
        7.224912E+00  2.134024E+01  5.333351E+00  0.0000000000  0.000000E+00
        1.428713E+29 -9.999860E+00 -1.999884E+00 -3.053960E-01 -3.053960E-01
    63     8060.4125    7.06256738  1.515958E+09  2.996580E+08  6.912502E+30
        7.217563E+00  2.134136E+01  5.334121E+00  0.0000000000  0.000000E+00
        1.287887E+29 -9.999860E+00 -1.999884E+00 -3.053960E-01 -3.053960E-01
    64     7990.8557    7.06462606  1.512369E+09  3.117076E+08  6.645393E+30
        7.210146E+00  2.134246E+01  5.334878E+00  0.0000000000  0.000000E+00
        1.158592E+29 -9.999860E+00 -1.999884E+00 -3.053960E-01 -3.053960E-01
    65     7921.2294    7.06664915  1.508851E+09  3.240554E+08  6.386969E+30
        7.202670E+00  2.134354E+01  5.335622E+00  0.0000000000  0.000000E+00
        1.040307E+29 -9.999860E+00 -1.999884E+00 -3.053960E-01 -3.053960E-01
    66     7851.3474    7.06865012  1.505379E+09  3.367459E+08  6.136211E+30
        7.195117E+00  2.134461E+01  5.336355E+00  0.0000000000  0.000000E+00
        9.320215E+28 -9.999860E+00 -1.999884E+00 -3.053960E-01 -3.053960E-01
    67     7781.6358    7.07061573  1.501976E+09  3.497071E+08  5.894425E+30
        7.187534E+00  2.134565E+01  5.337073E+00  0.0000000000  0.000000E+00
        8.337005E+28 -9.999860E+00 -1.999884E+00 -3.053960E-01 -3.053960E-01
    68     7712.0272    7.07255012  1.498635E+09  3.629634E+08  5.661059E+30
        7.179910E+00  2.134668E+01  5.337778E+00  0.0000000000  0.000000E+00
        7.444672E+28 -9.999860E+00 -1.999884E+00 -3.053960E-01 -3.053960E-01
    69     7642.6383    7.07445469  1.495352E+09  3.765041E+08  5.436159E+30
        7.172257E+00  2.134768E+01  5.338469E+00  0.0000000000  0.000000E+00
        6.637285E+28 -9.999860E+00 -1.999884E+00 -3.053960E-01 -3.053960E-01
    70     7573.5906    7.07633170  1.492124E+09  3.903143E+08  5.219744E+30
        7.164586E+00  2.134867E+01  5.339147E+00  0.0000000000  0.000000E+00
        5.909064E+28 -9.999860E+00 -1.999884E+00 -3.053960E-01 -3.053960E-01
    71     7505.0089    7.07818105  1.488951E+09  4.043768E+08  5.011842E+30
        7.156910E+00  2.134963E+01  5.339810E+00  0.0000000000  0.000000E+00
        5.254222E+28 -9.999860E+00 -1.999884E+00 -3.053960E-01 -3.053960E-01
    72     7436.9910    7.08000411  1.485829E+09  4.186789E+08  4.812365E+30
        7.149236E+00  2.135057E+01  5.340458E+00  0.0000000000  0.000000E+00
        4.666827E+28 -9.999860E+00 -1.999884E+00 -3.053960E-01 -3.053960E-01
    73     7369.6352    7.08180080  1.482758E+09  4.332058E+08  4.621221E+30
        7.141576E+00  2.135149E+01  5.341090E+00  0.0000000000  0.000000E+00
        4.141275E+28 -9.999860E+00 -1.999884E+00 -3.053960E-01 -3.053960E-01
    74     7302.9920    7.08356767  1.479745E+09  4.479469E+08  4.438224E+30
        7.133938E+00  2.135239E+01  5.341709E+00  0.0000000000  0.000000E+00
        3.671911E+28 -9.999860E+00 -1.999884E+00 -3.053960E-01 -3.053960E-01
    75     7236.9827    7.08531157  1.476777E+09  4.629282E+08  4.262773E+30
        7.126311E+00  2.135328E+01  5.342314E+00  0.0000000000  0.000000E+00
        3.252577E+28 -9.999860E+00 -1.999884E+00 -3.053960E-01 -3.053960E-01
    76     7171.8264    7.08702077  1.473874E+09  4.780937E+08  4.095170E+30
        7.118725E+00  2.135413E+01  5.342904E+00  0.0000000000  0.000000E+00
        2.879698E+28 -9.999860E+00 -1.999884E+00 -3.053960E-01 -3.053960E-01
    77     7107.3816    7.08869531  1.471036E+09  4.934738E+08  3.934747E+30
        7.111167E+00  2.135497E+01  5.343478E+00  0.0000000000  0.000000E+00
        2.547742E+28 -9.999860E+00 -1.999884E+00 -3.053960E-01 -3.053960E-01
    78     7043.6060    7.09033189  1.468266E+09  5.090760E+08  3.781133E+30
        7.103633E+00  2.135578E+01  5.344036E+00  0.0000000000  0.000000E+00
        2.252358E+28 -9.999860E+00 -1.999884E+00 -3.053960E-01 -3.053960E-01
    79     6980.4215    7.09192671  1.465573E+09  5.249138E+08  3.633904E+30
        7.096118E+00  2.135657E+01  5.344579E+00  0.0000000000  0.000000E+00
        1.989566E+28 -9.999860E+00 -1.999884E+00 -3.053960E-01 -3.053960E-01
    80     6917.7820    7.09348568  1.462945E+09  5.410133E+08  3.492653E+30
        7.088611E+00  2.135734E+01  5.345107E+00  0.0000000000  0.000000E+00
        1.755669E+28 -9.999860E+00 -1.999884E+00 -3.053960E-01 -3.053960E-01
    81     6855.8704    7.09500061  1.460396E+09  5.573221E+08  3.357557E+30
        7.081138E+00  2.135808E+01  5.345617E+00  0.0000000000  0.000000E+00
        1.548386E+28 -9.999860E+00 -1.999884E+00 -3.053960E-01 -3.053960E-01
    82     6794.6619    7.09647231  1.457923E+09  5.738521E+08  3.228291E+30
        7.073692E+00  2.135879E+01  5.346111E+00  0.0000000000  0.000000E+00
        1.364726E+28 -9.999860E+00 -1.999884E+00 -3.053960E-01 -3.053960E-01
    83     6734.1891    7.09790775  1.455516E+09  5.906120E+08  3.104610E+30
        7.066272E+00  2.135949E+01  5.346589E+00  0.0000000000  0.000000E+00
        1.202072E+28 -9.999860E+00 -1.999884E+00 -3.053960E-01 -3.053960E-01
    84     6674.6853    7.09930460  1.453177E+09  6.075429E+08  2.986704E+30
        7.058904E+00  2.136015E+01  5.347051E+00  0.0000000000  0.000000E+00
        1.058630E+28 -9.999860E+00 -1.999884E+00 -3.053960E-01 -3.053960E-01
    85     6616.1309    7.10066525  1.450902E+09  6.246468E+08  2.874251E+30
        7.051590E+00  2.136080E+01  5.347498E+00  0.0000000000  0.000000E+00
        9.321879E+27 -9.999860E+00 -1.999884E+00 -3.053960E-01 -3.053960E-01
    86     6558.6144    7.10199622  1.448681E+09  6.419152E+08  2.767106E+30
        7.044333E+00  2.136143E+01  5.347932E+00  0.0000000000  0.000000E+00
        8.208275E+27 -9.999860E+00 -1.999884E+00 -3.053960E-01 -3.053960E-01
    87     6502.3685    7.10329471  1.446517E+09  6.592839E+08  2.665417E+30
        7.037161E+00  2.136204E+01  5.348352E+00  0.0000000000  0.000000E+00
        7.231037E+27 -9.999860E+00 -1.999884E+00 -3.053960E-01 -3.053960E-01
    88     6447.3420    7.10456832  1.444397E+09  6.767720E+08  2.568787E+30
        7.030064E+00  2.136262E+01  5.348758E+00  0.0000000000  0.000000E+00
        6.372275E+27 -9.999860E+00 -1.999884E+00 -3.053960E-01 -3.053960E-01
    89     6393.7568    7.10581405  1.442327E+09  6.943063E+08  2.477331E+30
        7.023069E+00  2.136319E+01  5.349150E+00  0.0000000000  0.000000E+00
        5.620345E+27 -9.999860E+00 -1.999884E+00 -3.053960E-01 -3.053960E-01
    90     6341.6617    7.10703814  1.440296E+09  7.118800E+08  2.390825E+30
        7.016177E+00  2.136374E+01  5.349529E+00  0.0000000000  0.000000E+00
        4.961549E+27 -9.999860E+00 -1.999884E+00 -3.053960E-01 -3.053960E-01
    91     6291.2237    7.10823832  1.438307E+09  7.294239E+08  2.309276E+30
        7.009410E+00  2.136427E+01  5.349895E+00  0.0000000000  0.000000E+00
        4.385901E+27 -9.999860E+00 -1.999884E+00 -3.053960E-01 -3.053960E-01
    92     6242.4890    7.10941840  1.436354E+09  7.469221E+08  2.232474E+30
        7.002770E+00  2.136477E+01  5.350246E+00  0.0000000000  0.000000E+00
        3.882578E+27 -9.999860E+00 -1.999884E+00 -3.053960E-01 -3.053960E-01
    93     6195.6015    7.11058003  1.434435E+09  7.643286E+08  2.160367E+30
        6.996268E+00  2.136526E+01  5.350585E+00  0.0000000000  0.000000E+00
        3.442825E+27 -9.999860E+00 -1.999884E+00 -3.053960E-01 -3.053960E-01
    94     6150.6721    7.11172397  1.432547E+09  7.815991E+08  2.092859E+30
        6.989916E+00  2.136573E+01  5.350910E+00  0.0000000000  0.000000E+00
        3.058797E+27 -9.999860E+00 -1.999884E+00 -3.053960E-01 -3.053960E-01
    95     6107.7599    7.11285071  1.430690E+09  7.986963E+08  2.029788E+30
        6.983720E+00  2.136619E+01  5.351222E+00  0.0000000000  0.000000E+00
        2.723403E+27 -9.999860E+00 -1.999884E+00 -3.053960E-01 -3.053960E-01
    96     6066.9438    7.11396201  1.428860E+09  8.155944E+08  1.971022E+30
        6.977684E+00  2.136662E+01  5.351521E+00  0.0000000000  0.000000E+00
        2.430182E+27 -9.999860E+00 -1.999884E+00 -3.053960E-01 -3.053960E-01
    97     6028.2499    7.11505777  1.427059E+09  8.322702E+08  1.916376E+30
        6.971809E+00  2.136704E+01  5.351810E+00  0.0000000000  0.000000E+00
        2.173607E+27 -9.999860E+00 -1.999884E+00 -3.053960E-01 -3.053960E-01
    98     5991.6910    7.11614052  1.425281E+09  8.487253E+08  1.865652E+30
        6.966090E+00  2.136744E+01  5.352087E+00  0.0000000000  0.000000E+00
        1.948408E+27 -9.999860E+00 -1.999884E+00 -3.053960E-01 -3.053960E-01
    99     5955.7666    7.11726415  1.423439E+09  8.657253E+08  1.816603E+30
        6.960260E+00  2.136784E+01  5.352367E+00  0.0000000000  0.000000E+00
        1.741504E+27 -9.999860E+00 -1.999884E+00 -3.053960E-01 -3.053960E-01
   100     5904.9866    7.11894616  1.420685E+09  8.912253E+08  1.748651E+30
        6.951680E+00  2.136842E+01  5.352772E+00  0.0000000000  0.000000E+00
        1.474054E+27 -9.999860E+00 -1.999884E+00 -3.053960E-01 -3.053960E-01
   101     5835.0112    7.12140231  1.416673E+09  9.294753E+08  1.657823E+30
        6.939137E+00  2.136926E+01  5.353352E+00  0.0000000000  0.000000E+00
        1.151228E+27 -9.999860E+00 -1.999884E+00 -3.053960E-01 -3.053960E-01
   102     5754.5444    7.12417599  1.412156E+09  9.765863E+08  1.558265E+30
        6.924101E+00  2.137022E+01  5.354022E+00  0.0000000000  0.000000E+00
        8.515523E+26 -9.999860E+00 -1.999884E+00 -3.053960E-01 -3.053960E-01
   103     5675.7814    7.12675613  1.407968E+09  1.025351E+09  1.465953E+30
        6.908907E+00  2.137115E+01  5.354667E+00  0.0000000000  0.000000E+00
        6.244521E+26 -9.999860E+00 -1.999884E+00 -3.053960E-01 -3.053960E-01
   104     5599.5272    7.12923427  1.403957E+09  1.076479E+09  1.380844E+30
        6.893314E+00  2.137206E+01  5.355294E+00  0.0000000000  0.000000E+00
        4.516756E+26 -9.999860E+00 -1.999884E+00 -3.053960E-01 -3.053960E-01
   105     5525.5050    7.13160825  1.400125E+09  1.129866E+09  1.302127E+30
        6.877348E+00  2.137294E+01  5.355899E+00  0.0000000000  0.000000E+00
        3.223166E+26 -9.999860E+00 -1.999884E+00 -3.053960E-01 -3.053960E-01
   106     5451.6689    7.13387449  1.396476E+09  1.185784E+09  1.227487E+30
        6.860920E+00  2.137380E+01  5.356491E+00  0.0000000000  0.000000E+00
        2.264146E+26 -9.999860E+00 -1.999884E+00 -3.053960E-01 -3.053960E-01
   107     5376.6288    7.13603969  1.393000E+09  1.244560E+09  1.155511E+30
        6.843931E+00  2.137465E+01  5.357077E+00  0.0000000000  0.000000E+00
        1.562525E+26 -9.999860E+00 -1.999884E+00 -3.053960E-01 -3.053960E-01
   108     5301.9341    7.13813092  1.389650E+09  1.306139E+09  1.087377E+30
        6.826396E+00  2.137550E+01  5.357661E+00  0.0000000000  0.000000E+00
        1.059424E+26 -9.999860E+00 -1.999884E+00 -3.053960E-01 -3.053960E-01
   109     5227.4380    7.14011863  1.386473E+09  1.369789E+09  1.022847E+30
        6.808521E+00  2.137634E+01  5.358238E+00  0.0000000000  0.000000E+00
        7.094844E+25 -9.999860E+00 -1.999884E+00 -3.053960E-01 -3.053960E-01
   110     5151.8104    7.14196552  1.383528E+09  1.435044E+09  9.608322E+29
        6.790446E+00  2.137714E+01  5.358799E+00  0.0000000000  0.000000E+00
        4.710289E+25 -9.999860E+00 -1.999884E+00 -3.053960E-01 -3.053960E-01
   111     5075.7840    7.14369835  1.380771E+09  1.502196E+09  9.017534E+29
        6.772102E+00  2.137792E+01  5.359342E+00  0.0000000000  0.000000E+00
        3.099277E+25 -9.999860E+00 -1.999884E+00 -3.053960E-01 -3.053960E-01
   112     5000.1223    7.14532512  1.378187E+09  1.570935E+09  8.460013E+29
        6.753586E+00  2.137867E+01  5.359860E+00  0.0000000000  0.000000E+00
        2.027299E+25 -9.999860E+00 -1.999884E+00 -3.053960E-01 -3.053960E-01
   113     4924.7264    7.14684310  1.375781E+09  1.641002E+09  7.933392E+29
        6.734982E+00  2.137937E+01  5.360348E+00  0.0000000000  0.000000E+00
        1.323351E+25 -9.999860E+00 -1.999884E+00 -3.053960E-01 -3.053960E-01
   114     4849.6016    7.14825724  1.373543E+09  1.712444E+09  7.436021E+29
        6.716299E+00  2.138002E+01  5.360803E+00  0.0000000000  0.000000E+00
        8.638215E+24 -9.999860E+00 -1.999884E+00 -3.053960E-01 -3.053960E-01
   115     4774.5807    7.14957421  1.371462E+09  1.785282E+09  6.965308E+29
        6.697556E+00  2.138064E+01  5.361231E+00  0.0000000000  0.000000E+00
        5.653573E+24 -9.999860E+00 -1.999884E+00 -3.053960E-01 -3.053960E-01
   116     4699.7012    7.15080226  1.369524E+09  1.859581E+09  6.520071E+29
        6.678756E+00  2.138123E+01  5.361642E+00  0.0000000000  0.000000E+00
        3.718855E+24 -9.999860E+00 -1.999884E+00 -3.053960E-01 -3.053960E-01
   117     4624.6854    7.15194013  1.367731E+09  1.935312E+09  6.097647E+29
        6.659925E+00  2.138180E+01  5.362037E+00  0.0000000000  0.000000E+00
        2.467327E+24 -9.999860E+00 -1.999884E+00 -3.053960E-01 -3.053960E-01
   118     4549.0885    7.15298524  1.366086E+09  2.012611E+09  5.694897E+29
        6.641054E+00  2.138234E+01  5.362409E+00  0.0000000000  0.000000E+00
        1.655882E+24 -9.999860E+00 -1.999884E+00 -3.053960E-01 -3.053960E-01
   119     4472.7050    7.15394552  1.364577E+09  2.091840E+09  5.310178E+29
        6.622095E+00  2.138284E+01  5.362757E+00  0.0000000000  0.000000E+00
        1.124983E+24 -9.999860E+00 -1.999884E+00 -3.053960E-01 -3.053960E-01
   120     4395.5576    7.15483247  1.363184E+09  2.173418E+09  4.943073E+29
        6.602993E+00  2.138332E+01  5.363093E+00  0.0000000000  0.000000E+00
        7.740547E+23 -9.999860E+00 -1.999884E+00 -3.053960E-01 -3.053960E-01
   121     4317.6974    7.15565956  1.361887E+09  2.257845E+09  4.593279E+29
        6.583678E+00  2.138380E+01  5.363422E+00  0.0000000000  0.000000E+00
        5.391292E+23 -9.999860E+00 -1.999884E+00 -3.053960E-01 -3.053960E-01
   122     4239.8468    7.15643791  1.360667E+09  2.345363E+09  4.263206E+29
        6.564148E+00  2.138426E+01  5.363748E+00  0.0000000000  0.000000E+00
        3.800021E+23 -9.999860E+00 -1.999884E+00 -3.053960E-01 -3.053960E-01
   123     4162.4668    7.15717524  1.359512E+09  2.436055E+09  3.953680E+29
        6.544437E+00  2.138471E+01  5.364068E+00  0.0000000000  0.000000E+00
        2.709804E+23 -9.999860E+00 -1.999884E+00 -3.053960E-01 -3.053960E-01
   124     4086.0652    7.15787282  1.358421E+09  2.529738E+09  3.665405E+29
        6.524625E+00  2.138515E+01  5.364377E+00  0.0000000000  0.000000E+00
        1.954839E+23 -9.999860E+00 -1.999884E+00 -3.053960E-01 -3.053960E-01
   125     4010.4927    7.15853010  1.357393E+09  2.626512E+09  3.396522E+29
        6.504720E+00  2.138556E+01  5.364670E+00  0.0000000000  0.000000E+00
        1.424560E+23 -9.999860E+00 -1.999884E+00 -3.053960E-01 -3.053960E-01
   126     3935.5973    7.15915036  1.356425E+09  2.726644E+09  3.145327E+29
        6.484708E+00  2.138597E+01  5.364951E+00  0.0000000000  0.000000E+00
        1.046678E+23 -9.999860E+00 -1.999884E+00 -3.053960E-01 -3.053960E-01
   127     3860.6988    7.15973026  1.355519E+09  2.830687E+09  2.908754E+29
        6.464525E+00  2.138636E+01  5.365221E+00  0.0000000000  0.000000E+00
        7.733638E+22 -9.999860E+00 -1.999884E+00 -3.053960E-01 -3.053960E-01
   128     3785.1248    7.16026916  1.354678E+09  2.939694E+09  2.684264E+29
        6.444025E+00  2.138672E+01  5.365478E+00  0.0000000000  0.000000E+00
        5.725872E+22 -9.999860E+00 -1.999884E+00 -3.053960E-01 -3.053960E-01
   129     3708.3763    7.16076819  1.353900E+09  3.054794E+09  2.470248E+29
        6.423072E+00  2.138707E+01  5.365718E+00  0.0000000000  0.000000E+00
        4.234777E+22 -9.999860E+00 -1.999884E+00 -3.053960E-01 -3.053960E-01
   130     3630.5557    7.16123294  1.353176E+09  3.176966E+09  2.266904E+29
        6.401589E+00  2.138738E+01  5.365941E+00  0.0000000000  0.000000E+00
        3.122025E+22 -9.999860E+00 -1.999884E+00 -3.053960E-01 -3.053960E-01
   131     3551.8098    7.16167342  1.352490E+09  3.306954E+09  2.074431E+29
        6.379571E+00  2.138768E+01  5.366155E+00  0.0000000000  0.000000E+00
        2.292018E+22 -9.999860E+00 -1.999884E+00 -3.053960E-01 -3.053960E-01
   132     3472.5790    7.16209999  1.351826E+09  3.445350E+09  1.893573E+29
        6.357039E+00  2.138799E+01  5.366371E+00  0.0000000000  0.000000E+00
        1.674874E+22 -9.999860E+00 -1.999884E+00 -3.053960E-01 -3.053960E-01
   133     3393.2524    7.16251751  1.351176E+09  3.592410E+09  1.724729E+29
        6.334069E+00  2.138831E+01  5.366595E+00  0.0000000000  0.000000E+00
        1.218828E+22 -9.999860E+00 -1.999884E+00 -3.053960E-01 -3.053960E-01
   134     3313.9801    7.16291664  1.350556E+09  3.748676E+09  1.567677E+29
        6.310691E+00  2.138862E+01  5.366808E+00  0.0000000000  0.000000E+00
        8.832203E+21 -9.999860E+00 -1.999884E+00 -3.053960E-01 -3.053960E-01
   135     3234.6914    7.16328925  1.349976E+09  3.914925E+09  1.421726E+29
        6.286907E+00  2.138890E+01  5.367005E+00  0.0000000000  0.000000E+00
        6.371161E+21 -9.999860E+00 -1.999884E+00 -3.053960E-01 -3.053960E-01
   136     3155.4785    7.16362925  1.349448E+09  4.092121E+09  1.286487E+29
        6.262698E+00  2.138916E+01  5.367185E+00  0.0000000000  0.000000E+00
        4.572805E+21 -9.999860E+00 -1.999884E+00 -3.053960E-01 -3.053960E-01
   137     3076.7253    7.16394579  1.348956E+09  4.280752E+09  1.161937E+29
        6.238134E+00  2.138942E+01  5.367368E+00  0.0000000000  0.000000E+00
        3.268171E+21 -9.999860E+00 -1.999884E+00 -3.053960E-01 -3.053960E-01
   138     2998.5423    7.16425352  1.348479E+09  4.481764E+09  1.047516E+29
        6.213231E+00  2.138968E+01  5.367563E+00  0.0000000000  0.000000E+00
        2.326042E+21 -9.999860E+00 -1.999884E+00 -3.053960E-01 -3.053960E-01
   139     2913.4635    7.16458856  1.347959E+09  4.721764E+09  9.328748E+28
        6.190946E+00  2.138998E+01  5.367774E+00  0.0000000000  0.000000E+00
        1.593424E+21 -9.999860E+00 -1.999884E+00 -3.053960E-01 -3.053960E-01
   140     2872.6465    7.16474286  1.347719E+09  4.841764E+09  8.813725E+28
        6.175655E+00  2.139009E+01  5.367892E+00  0.0397607390 -1.795013E-02
        1.286228E+21 -9.999860E+00 -1.999884E+00 -3.053960E-01 -3.053960E-01
   141     2834.8060    7.16488829  1.347493E+09  4.961764E+09  8.355621E+28
        6.161483E+00  2.139021E+01  5.368014E+00  0.0867652504 -3.941757E-02
        1.055633E+21 -9.999860E+00 -1.999884E+00 -3.053960E-01 -3.053960E-01
   142     2772.4168    7.16514460  1.347096E+09  5.201764E+09  7.639468E+28
        6.146124E+00  2.139054E+01  5.368227E+00  0.1459143918 -6.849860E-02
        8.016814E+20 -9.999860E+00 -1.999884E+00 -3.053960E-01 -3.053960E-01
   143     2722.8953    7.16533926  1.346794E+09  5.441764E+09  7.104902E+28
        6.130111E+00  2.139075E+01  5.368367E+00  0.2169371242 -1.062034E-01
        6.257687E+20 -9.999860E+00 -1.999884E+00 -3.053960E-01 -3.053960E-01
   144     2682.1114    7.16550894  1.346531E+09  5.681764E+09  6.686085E+28
        6.114703E+00  2.139095E+01  5.368500E+00  0.2780429889 -1.414887E-01
        5.007493E+20 -9.999860E+00 -1.999884E+00 -3.053960E-01 -3.053960E-01
   145     2643.8092    7.16566598  1.346288E+09  5.921764E+09  6.309981E+28
        6.098715E+00  2.139112E+01  5.368616E+00  0.3496867570 -1.868774E-01
        3.950646E+20 -9.999860E+00 -1.999884E+00 -3.053960E-01 -3.053960E-01
   146     2608.0705    7.16581123  1.346062E+09  6.161764E+09  5.973649E+28
        6.083752E+00  2.139127E+01  5.368718E+00  0.4051405499 -2.255856E-01
        3.182050E+20 -9.999860E+00 -1.999884E+00 -3.053960E-01 -3.053960E-01
   147     2572.0299    7.16595087  1.345846E+09  6.401764E+09  5.648418E+28
        6.068558E+00  2.139141E+01  5.368811E+00  0.4674002039 -2.735990E-01
        2.530452E+20 -9.999860E+00 -1.999884E+00 -3.053960E-01 -3.053960E-01
   148     2535.5874    7.16609019  1.345630E+09  6.641764E+09  5.333322E+28
        6.053299E+00  2.139154E+01  5.368900E+00  0.5252291573 -3.235160E-01
        2.011457E+20 -9.999860E+00 -1.999884E+00 -3.053960E-01 -3.053960E-01
   149     2500.1029    7.16621804  1.345432E+09  6.881764E+09  5.039496E+28
        6.038517E+00  2.139165E+01  5.368977E+00  0.5725069279 -3.690709E-01
        1.608396E+20 -9.999860E+00 -1.999884E+00 -3.053960E-01 -3.053960E-01
   150     2464.3193    7.16634822  1.345230E+09  7.121764E+09  4.755688E+28
        6.023700E+00  2.139177E+01  5.369055E+00  0.6244290744 -4.253080E-01
        1.286615E+20 -9.999860E+00 -1.999884E+00 -3.053960E-01 -3.053960E-01
   151     2429.3296    7.16647094  1.345040E+09  7.361764E+09  4.490021E+28
        6.009123E+00  2.139187E+01  5.369126E+00  0.6651167655 -4.751066E-01
        1.033726E+20 -9.999860E+00 -1.999884E+00 -3.053960E-01 -3.053960E-01
   152     2393.6463    7.16659342  1.344851E+09  7.601764E+09  4.230777E+28
        5.994459E+00  2.139196E+01  5.369194E+00  0.7047161735 -5.297603E-01
        8.258629E+19 -9.999860E+00 -1.999884E+00 -3.053960E-01 -3.053960E-01
   153     2358.7489    7.16670910  1.344672E+09  7.841764E+09  3.988332E+28
        5.979917E+00  2.139205E+01  5.369255E+00  0.7382314927 -5.820826E-01
        6.582122E+19 -9.999860E+00 -1.999884E+00 -3.053960E-01 -3.053960E-01
   154     2304.7840    7.16688630  1.344397E+09  8.201764E+09  3.634195E+28
        5.957878E+00  2.139218E+01  5.369346E+00  0.7882450641 -6.741665E-01
        4.527676E+19 -9.999860E+00 -1.999884E+00 -3.053960E-01 -3.053960E-01
   155     2241.1754    7.16709849  1.344069E+09  8.644583E+09  3.247720E+28
        5.931119E+00  2.139233E+01  5.369453E+00  0.8382789404 -7.912334E-01
        2.840024E+19 -9.999860E+00 -1.999884E+00 -3.053960E-01 -3.053960E-01
   156     2177.8995    7.16730388  1.343751E+09  9.094465E+09  2.894817E+28
        5.904232E+00  2.139248E+01  5.369544E+00  0.8756400593 -9.053195E-01
        1.755485E+19 -9.999860E+00 -1.999884E+00 -3.053960E-01 -3.053960E-01
   157     2115.1279    7.16750177  1.343445E+09  9.541945E+09  2.574058E+28
        5.877531E+00  2.139260E+01  5.369623E+00  0.9084215640 -1.038207E+00
        1.088018E+19 -9.999860E+00 -1.999884E+00 -3.053960E-01 -3.053960E-01
   158     2057.2152    7.16767723  1.343174E+09  9.980937E+09  2.302583E+28
        5.851855E+00  2.139271E+01  5.369698E+00  0.9309463616 -1.160813E+00
        6.887785E+18 -9.999860E+00 -1.999884E+00 -3.053960E-01 -3.053960E-01
   159     1998.8361    7.16785316  1.342902E+09  1.043156E+10  2.051300E+28
        5.825943E+00  2.139284E+01  5.369788E+00  0.9498492048 -1.299722E+00
        4.364279E+18 -9.999860E+00 -1.999884E+00 -3.053960E-01 -3.053960E-01
   160     1942.9585    7.16801719  1.342648E+09  1.088030E+10  1.830672E+28
        5.800649E+00  2.139296E+01  5.369874E+00  0.9631766276 -1.433876E+00
        2.799589E+18 -9.999860E+00 -1.999884E+00 -3.053960E-01 -3.053960E-01
   161     1894.4172    7.16818447  1.342390E+09  1.133318E+10  1.653833E+28
        5.775648E+00  2.139305E+01  5.369938E+00  0.9745240151 -1.593869E+00
        1.835923E+18 -9.999860E+00 -1.999884E+00 -3.053960E-01 -3.053960E-01
   162     1866.2629    7.16834637  1.342139E+09  1.170580E+10  1.557107E+28
        5.755218E+00  2.139309E+01  5.369965E+00  0.9823846913 -1.754110E+00
        1.295895E+18 -9.999860E+00 -1.999884E+00 -3.053960E-01 -3.053960E-01
   163     1848.8221    7.16849004  1.341917E+09  1.199340E+10  1.499215E+28
        5.739277E+00  2.139311E+01  5.369979E+00  0.9860125082 -1.854260E+00
        9.870710E+17 -9.999860E+00 -1.999884E+00 -3.053960E-01 -3.053960E-01
