============================================================================
  #Mod      Teff         Log(g)           R            Age            L
           Log(Tc)       Log(Pc)      Log(rhoc)       Mx/M         Log(qx)
             Lnu        Log(H/*)      Log(He/*)     Log(C/*)      Log(O/*)
============================================================================
     1    36669.3457    7.15725321  1.664906E+09  0.000000E+00  3.571283E+33
        7.686723E+00  2.188522E+01  5.665025E+00  0.0000000000  0.000000E+00
        1.194731E+32 -9.999860E+00 -1.999885E+00 -3.053960E-01 -3.053960E-01
     2    29285.8228    7.19419163  1.595588E+09  2.500000E+05  1.334452E+33
        7.685983E+00  2.188691E+01  5.666109E+00  0.0000000000  0.000000E+00
        1.198380E+32 -9.999860E+00 -1.999885E+00 -3.053960E-01 -3.053960E-01
     3    26836.3660    7.20857687  1.569380E+09  5.000000E+05  9.102964E+32
        7.685258E+00  2.188814E+01  5.666903E+00  0.0000000000  0.000000E+00
        1.197605E+32 -9.999860E+00 -1.999885E+00 -3.053960E-01 -3.053960E-01
     4    25533.7533    7.21708327  1.554085E+09  7.500000E+05  7.315436E+32
        7.684561E+00  2.188917E+01  5.667571E+00  0.0000000000  0.000000E+00
        1.195068E+32 -9.999860E+00 -1.999885E+00 -3.053960E-01 -3.053960E-01
     5    24677.8398    7.22308982  1.543375E+09  1.000000E+06  6.295114E+32
        7.683883E+00  2.189009E+01  5.668167E+00  0.0000000000  0.000000E+00
        1.191502E+32 -9.999860E+00 -1.999885E+00 -3.053960E-01 -3.053960E-01
     6    24053.5556    7.22772653  1.535158E+09  1.250000E+06  5.621542E+32
        7.683220E+00  2.189094E+01  5.668716E+00  0.0000000000  0.000000E+00
        1.187235E+32 -9.999860E+00 -1.999885E+00 -3.053960E-01 -3.053960E-01
     7    23382.0125    7.23303433  1.525806E+09  1.625000E+06  4.958589E+32
        7.682254E+00  2.189210E+01  5.669472E+00  0.0000000000  0.000000E+00
        1.179768E+32 -9.999860E+00 -1.999885E+00 -3.053960E-01 -3.053960E-01
     8    22700.3945    7.23877563  1.515754E+09  2.156823E+06  4.347332E+32
        7.680937E+00  2.189361E+01  5.670451E+00  0.0000000000  0.000000E+00
        1.167675E+32 -9.999860E+00 -1.999885E+00 -3.053960E-01 -3.053960E-01
     9    22042.3875    7.24468108  1.505483E+09  2.867048E+06  3.812574E+32
        7.679251E+00  2.189544E+01  5.671649E+00  0.0000000000  0.000000E+00
        1.149628E+32 -9.999860E+00 -1.999885E+00 -3.053960E-01 -3.053960E-01
    10    21410.6287    7.25072032  1.495052E+09  3.799996E+06  3.347050E+32
        7.677118E+00  2.189766E+01  5.673094E+00  0.0000000000  0.000000E+00
        1.123653E+32 -9.999860E+00 -1.999885E+00 -3.053960E-01 -3.053960E-01
    11    20809.0814    7.25685484  1.484530E+09  5.003469E+06  2.944568E+32
        7.674408E+00  2.190028E+01  5.674807E+00  0.0000000000  0.000000E+00
        1.087718E+32 -9.999860E+00 -1.999885E+00 -3.053960E-01 -3.053960E-01
    12    20237.8150    7.26305877  1.473965E+09  6.527181E+06  2.596932E+32
        7.670904E+00  2.190332E+01  5.676803E+00  0.0000000000  0.000000E+00
        1.040166E+32 -9.999860E+00 -1.999885E+00 -3.053960E-01 -3.053960E-01
    13    19698.3726    7.26927323  1.463457E+09  8.407275E+06  2.297804E+32
        7.666336E+00  2.190676E+01  5.679071E+00  0.0000000000  0.000000E+00
        9.806972E+31 -9.999860E+00 -1.999885E+00 -3.053960E-01 -3.053960E-01
    14    19192.0110    7.27542849  1.453122E+09  1.066110E+07  2.041354E+32
        7.660469E+00  2.191052E+01  5.681572E+00  0.0000000000  0.000000E+00
        9.108481E+31 -9.999860E+00 -1.999885E+00 -3.053960E-01 -3.053960E-01
    15    18717.0784    7.28146325  1.443061E+09  1.328705E+07  1.821184E+32
        7.653202E+00  2.191452E+01  5.684241E+00  0.0000000000  0.000000E+00
        8.337618E+31 -9.999860E+00 -1.999885E+00 -3.053960E-01 -3.053960E-01
    16    18272.6783    7.28731831  1.433367E+09  1.626414E+07  1.632132E+32
        7.644619E+00  2.191862E+01  5.687002E+00  0.0000000000  0.000000E+00
        7.534786E+31 -9.999860E+00 -1.999885E+00 -3.053960E-01 -3.053960E-01
    17    17854.5269    7.29296691  1.424075E+09  1.957173E+07  1.468559E+32
        7.634911E+00  2.192275E+01  5.689790E+00  0.0000000000  0.000000E+00
        6.736131E+31 -9.999860E+00 -1.999885E+00 -3.053960E-01 -3.053960E-01
    18    17459.1534    7.29838669  1.415217E+09  2.318509E+07  1.326084E+32
        7.624333E+00  2.192681E+01  5.692546E+00  0.0000000000  0.000000E+00
        5.970352E+31 -9.999860E+00 -1.999885E+00 -3.053960E-01 -3.053960E-01
    19    17084.8481    7.30356407  1.406807E+09  2.708458E+07  1.201560E+32
        7.613121E+00  2.193075E+01  5.695228E+00  0.0000000000  0.000000E+00
        5.255832E+31 -9.999860E+00 -1.999885E+00 -3.053960E-01 -3.053960E-01
    20    16730.1717    7.30851027  1.398818E+09  3.126535E+07  1.092336E+32
        7.601458E+00  2.193454E+01  5.697819E+00  0.0000000000  0.000000E+00
        4.601423E+31 -9.999860E+00 -1.999885E+00 -3.053960E-01 -3.053960E-01
    21    16389.2872    7.31325148  1.391204E+09  3.573624E+07  9.950700E+31
        7.589456E+00  2.193819E+01  5.700314E+00  0.0000000000  0.000000E+00
        4.008904E+31 -9.999860E+00 -1.999885E+00 -3.053960E-01 -3.053960E-01
    22    16065.2328    7.31777146  1.383983E+09  4.048114E+07  9.091625E+31
        7.577262E+00  2.194166E+01  5.702697E+00  0.0000000000  0.000000E+00
        3.479823E+31 -9.999860E+00 -1.999885E+00 -3.053960E-01 -3.053960E-01
    23    15752.6904    7.32210656  1.377093E+09  4.552771E+07  8.321033E+31
        7.564884E+00  2.194499E+01  5.704978E+00  0.0000000000  0.000000E+00
        3.008643E+31 -9.999860E+00 -1.999885E+00 -3.053960E-01 -3.053960E-01
    24    15451.3468    7.32624864  1.370541E+09  5.086306E+07  7.629245E+31
        7.552409E+00  2.194815E+01  5.707151E+00  0.0000000000  0.000000E+00
        2.593000E+31 -9.999860E+00 -1.999885E+00 -3.053960E-01 -3.053960E-01
    25    15161.0728    7.33020077  1.364319E+09  5.648747E+07  7.007834E+31
        7.539873E+00  2.195116E+01  5.709217E+00  0.0000000000  0.000000E+00
        2.228318E+31 -9.999860E+00 -1.999885E+00 -3.053960E-01 -3.053960E-01
    26    14880.9838    7.33396870  1.358414E+09  6.240904E+07  6.447966E+31
        7.527287E+00  2.195399E+01  5.711169E+00  0.0000000000  0.000000E+00
        1.909404E+31 -9.999860E+00 -1.999885E+00 -3.053960E-01 -3.053960E-01
    27    14610.5697    7.33756026  1.352808E+09  6.863082E+07  5.942555E+31
        7.514675E+00  2.195667E+01  5.713012E+00  0.0000000000  0.000000E+00
        1.631714E+31 -9.999860E+00 -1.999885E+00 -3.053960E-01 -3.053960E-01
    28    14349.2927    7.34098643  1.347483E+09  7.515727E+07  5.485300E+31
        7.502051E+00  2.195920E+01  5.714758E+00  0.0000000000  0.000000E+00
        1.390797E+31 -9.999860E+00 -1.999885E+00 -3.053960E-01 -3.053960E-01
    29    14096.6261    7.34425732  1.342418E+09  8.199158E+07  5.070704E+31
        7.489424E+00  2.196160E+01  5.716418E+00  0.0000000000  0.000000E+00
        1.182478E+31 -9.999860E+00 -1.999885E+00 -3.053960E-01 -3.053960E-01
    30    13852.1850    7.34738205  1.337597E+09  8.913355E+07  4.694139E+31
        7.476807E+00  2.196390E+01  5.718003E+00  0.0000000000  0.000000E+00
        1.002962E+31 -9.999860E+00 -1.999885E+00 -3.053960E-01 -3.053960E-01
    31    13615.6435    7.35036921  1.333005E+09  9.658080E+07  4.351594E+31
        7.464208E+00  2.196610E+01  5.719523E+00  0.0000000000  0.000000E+00
        8.487980E+30 -9.999860E+00 -1.999885E+00 -3.053960E-01 -3.053960E-01
    32    13387.3680    7.35322106  1.328636E+09  1.043290E+08  4.040402E+31
        7.451639E+00  2.196820E+01  5.720980E+00  0.0000000000  0.000000E+00
        7.168419E+30 -9.999860E+00 -1.999885E+00 -3.053960E-01 -3.053960E-01
    33    13164.8255    7.35594821  1.324471E+09  1.123818E+08  3.754716E+31
        7.439102E+00  2.197021E+01  5.722369E+00  0.0000000000  0.000000E+00
        6.041277E+30 -9.999860E+00 -1.999885E+00 -3.053960E-01 -3.053960E-01
    34    12949.4989    7.35853935  1.320525E+09  1.206983E+08  3.494116E+31
        7.426661E+00  2.197212E+01  5.723685E+00  0.0000000000  0.000000E+00
        5.085104E+30 -9.999860E+00 -1.999885E+00 -3.053960E-01 -3.053960E-01
    35    12740.7071    7.36100257  1.316786E+09  1.292803E+08  3.255640E+31
        7.414311E+00  2.197392E+01  5.724933E+00  0.0000000000  0.000000E+00
        4.274753E+30 -9.999860E+00 -1.999885E+00 -3.053960E-01 -3.053960E-01
    36    12538.7675    7.36333981  1.313247E+09  1.381143E+08  3.037697E+31
        7.402065E+00  2.197563E+01  5.726114E+00  0.0000000000  0.000000E+00
        3.589712E+30 -9.999860E+00 -1.999885E+00 -3.053960E-01 -3.053960E-01
    37    12342.4403    7.36556078  1.309894E+09  1.471971E+08  2.837319E+31
        7.389922E+00  2.197724E+01  5.727231E+00  0.0000000000  0.000000E+00
        3.011296E+30 -9.999860E+00 -1.999885E+00 -3.053960E-01 -3.053960E-01
    38    12152.1298    7.36766758  1.306720E+09  1.564916E+08  2.653425E+31
        7.377924E+00  2.197876E+01  5.728284E+00  0.0000000000  0.000000E+00
        2.525229E+30 -9.999860E+00 -1.999885E+00 -3.053960E-01 -3.053960E-01
    39    11968.0392    7.36966752  1.303715E+09  1.659497E+08  2.484788E+31
        7.366129E+00  2.198019E+01  5.729282E+00  0.0000000000  0.000000E+00
        2.118886E+30 -9.999860E+00 -1.999885E+00 -3.053960E-01 -3.053960E-01
    40    11792.1609    7.37155429  1.300886E+09  1.754576E+08  2.331762E+31
        7.354665E+00  2.198152E+01  5.730218E+00  0.0000000000  0.000000E+00
        1.782533E+30 -9.999860E+00 -1.999885E+00 -3.053960E-01 -3.053960E-01
    41    11627.7495    7.37331018  1.298259E+09  1.847902E+08  2.195520E+31
        7.343764E+00  2.198275E+01  5.731079E+00  0.0000000000  0.000000E+00
        1.509115E+30 -9.999860E+00 -1.999885E+00 -3.053960E-01 -3.053960E-01
    42    11496.6208    7.37472810  1.296141E+09  1.925633E+08  2.091306E+31
        7.334913E+00  2.198372E+01  5.731756E+00  0.0000000000  0.000000E+00
        1.316213E+30 -9.999860E+00 -1.999885E+00 -3.053960E-01 -3.053960E-01
    43    11392.5219    7.37588857  1.294411E+09  1.989453E+08  2.011202E+31
        7.327793E+00  2.198447E+01  5.732287E+00  0.0000000000  0.000000E+00
        1.177873E+30 -9.999860E+00 -1.999885E+00 -3.053960E-01 -3.053960E-01
    44    11304.1649    7.37688695  1.292924E+09  2.045270E+08  1.945055E+31
        7.321673E+00  2.198511E+01  5.732734E+00  0.0000000000  0.000000E+00
        1.069867E+30 -9.999860E+00 -1.999885E+00 -3.053960E-01 -3.053960E-01
    45    11221.1055    7.37783682  1.291511E+09  2.099174E+08  1.884389E+31
        7.315860E+00  2.198570E+01  5.733150E+00  0.0000000000  0.000000E+00
        9.758426E+29 -9.999860E+00 -1.999885E+00 -3.053960E-01 -3.053960E-01
    46    11142.0480    7.37875636  1.290144E+09  2.151825E+08  1.827968E+31
        7.310271E+00  2.198626E+01  5.733542E+00  0.0000000000  0.000000E+00
        8.927265E+29 -9.999860E+00 -1.999885E+00 -3.053960E-01 -3.053960E-01
    47    11067.9664    7.37963346  1.288842E+09  2.202368E+08  1.776244E+31
        7.304985E+00  2.198678E+01  5.733906E+00  0.0000000000  0.000000E+00
        8.202133E+29 -9.999860E+00 -1.999885E+00 -3.053960E-01 -3.053960E-01
    48    10998.0245    7.38047500  1.287594E+09  2.251238E+08  1.728417E+31
        7.299946E+00  2.198727E+01  5.734246E+00  0.0000000000  0.000000E+00
        7.562167E+29 -9.999860E+00 -1.999885E+00 -3.053960E-01 -3.053960E-01
    49    10930.5042    7.38129830  1.286374E+09  2.299406E+08  1.683168E+31
        7.295048E+00  2.198773E+01  5.734571E+00  0.0000000000  0.000000E+00
        6.984846E+29 -9.999860E+00 -1.999885E+00 -3.053960E-01 -3.053960E-01
    50    10864.7105    7.38211286  1.285168E+09  2.347462E+08  1.639927E+31
        7.290227E+00  2.198819E+01  5.734886E+00  0.0000000000  0.000000E+00
        6.456901E+29 -9.999860E+00 -1.999885E+00 -3.053960E-01 -3.053960E-01
    51    10800.0606    7.38292492  1.283967E+09  2.395735E+08  1.598250E+31
        7.285449E+00  2.198863E+01  5.735194E+00  0.0000000000  0.000000E+00
        5.970503E+29 -9.999860E+00 -1.999885E+00 -3.053960E-01 -3.053960E-01
    52    10736.2976    7.38373295  1.282773E+09  2.444338E+08  1.557938E+31
        7.280703E+00  2.198906E+01  5.735496E+00  0.0000000000  0.000000E+00
        5.521231E+29 -9.999860E+00 -1.999885E+00 -3.053960E-01 -3.053960E-01
    53    10672.4144    7.38454561  1.281574E+09  2.494027E+08  1.518343E+31
        7.275916E+00  2.198949E+01  5.735796E+00  0.0000000000  0.000000E+00
        5.100110E+29 -9.999860E+00 -1.999885E+00 -3.053960E-01 -3.053960E-01
    54    10607.5192    7.38537457  1.280351E+09  2.545443E+08  1.478923E+31
        7.271031E+00  2.198992E+01  5.736097E+00  0.0000000000  0.000000E+00
        4.701292E+29 -9.999860E+00 -1.999885E+00 -3.053960E-01 -3.053960E-01
    55    10542.4133    7.38621497  1.279113E+09  2.598207E+08  1.440158E+31
        7.266087E+00  2.199036E+01  5.736398E+00  0.0000000000  0.000000E+00
        4.327393E+29 -9.999860E+00 -1.999885E+00 -3.053960E-01 -3.053960E-01
    56    10477.7653    7.38705884  1.277871E+09  2.651723E+08  1.402428E+31
        7.261141E+00  2.199078E+01  5.736693E+00  0.0000000000  0.000000E+00
        3.981256E+29 -9.999860E+00 -1.999885E+00 -3.053960E-01 -3.053960E-01
    57    10413.7918    7.38789837  1.276636E+09  2.705758E+08  1.365847E+31
        7.256215E+00  2.199120E+01  5.736983E+00  0.0000000000  0.000000E+00
        3.662337E+29 -9.999860E+00 -1.999885E+00 -3.053960E-01 -3.053960E-01
    58    10349.6239    7.38873994  1.275400E+09  2.761029E+08  1.329913E+31
        7.251246E+00  2.199161E+01  5.737271E+00  0.0000000000  0.000000E+00
        3.364880E+29 -9.999860E+00 -1.999885E+00 -3.053960E-01 -3.053960E-01
    59    10284.6853    7.38962149  1.274106E+09  2.818310E+08  1.294218E+31
        7.246169E+00  2.199203E+01  5.737561E+00  0.0000000000  0.000000E+00
        3.084331E+29 -9.999860E+00 -1.999885E+00 -3.053960E-01 -3.053960E-01
    60    10222.0082    7.39049294  1.272829E+09  2.874718E+08  1.260424E+31
        7.241236E+00  2.199242E+01  5.737838E+00  0.0000000000  0.000000E+00
        2.832860E+29 -9.999860E+00 -1.999885E+00 -3.053960E-01 -3.053960E-01
    61    10161.7421    7.39131735  1.271621E+09  2.929897E+08  1.228627E+31
        7.236474E+00  2.199280E+01  5.738101E+00  0.0000000000  0.000000E+00
        2.608382E+29 -9.999860E+00 -1.999885E+00 -3.053960E-01 -3.053960E-01
    62    10100.2509    7.39215316  1.270398E+09  2.987245E+08  1.196852E+31
        7.231590E+00  2.199318E+01  5.738367E+00  0.0000000000  0.000000E+00
        2.395572E+29 -9.999860E+00 -1.999885E+00 -3.053960E-01 -3.053960E-01
    63    10038.5825    7.39299195  1.269172E+09  3.045939E+08  1.165635E+31
        7.226659E+00  2.199356E+01  5.738631E+00  0.0000000000  0.000000E+00
        2.197292E+29 -9.999860E+00 -1.999885E+00 -3.053960E-01 -3.053960E-01
    64     9977.2115    7.39383242  1.267944E+09  3.105469E+08  1.135192E+31
        7.221725E+00  2.199393E+01  5.738891E+00  0.0000000000  0.000000E+00
        2.014382E+29 -9.999860E+00 -1.999885E+00 -3.053960E-01 -3.053960E-01
    65     9916.8850    7.39466695  1.266727E+09  3.165191E+08  1.105857E+31
        7.216840E+00  2.199429E+01  5.739144E+00  0.0000000000  0.000000E+00
        1.847482E+29 -9.999860E+00 -1.999885E+00 -3.053960E-01 -3.053960E-01
    66     9857.5628    7.39549880  1.265514E+09  3.225058E+08  1.077567E+31
        7.212008E+00  2.199464E+01  5.739390E+00  0.0000000000  0.000000E+00
        1.695240E+29 -9.999860E+00 -1.999885E+00 -3.053960E-01 -3.053960E-01
    67     9799.5179    7.39632491  1.264311E+09  3.284828E+08  1.050410E+31
        7.207246E+00  2.199498E+01  5.739627E+00  0.0000000000  0.000000E+00
        1.556832E+29 -9.999860E+00 -1.999885E+00 -3.053960E-01 -3.053960E-01
    68     9742.5068    7.39714605  1.263117E+09  3.344678E+08  1.024240E+31
        7.202540E+00  2.199531E+01  5.739857E+00  0.0000000000  0.000000E+00
        1.430538E+29 -9.999860E+00 -1.999885E+00 -3.053960E-01 -3.053960E-01
    69     9686.0772    7.39796875  1.261921E+09  3.405054E+08  9.988214E+30
        7.197855E+00  2.199563E+01  5.740082E+00  0.0000000000  0.000000E+00
        1.314418E+29 -9.999860E+00 -1.999885E+00 -3.053960E-01 -3.053960E-01
    70     9630.1496    7.39878818  1.260731E+09  3.466003E+08  9.741118E+30
        7.193186E+00  2.199595E+01  5.740304E+00  0.0000000000  0.000000E+00
        1.207589E+29 -9.999860E+00 -1.999885E+00 -3.053960E-01 -3.053960E-01
    71     9574.0280    7.39961371  1.259533E+09  3.528303E+08  9.497951E+30
        7.188475E+00  2.199627E+01  5.740523E+00  0.0000000000  0.000000E+00
        1.108155E+29 -9.999860E+00 -1.999885E+00 -3.053960E-01 -3.053960E-01
    72     9517.6485    7.40043951  1.258336E+09  3.592033E+08  9.258572E+30
        7.183721E+00  2.199658E+01  5.740742E+00  0.0000000000  0.000000E+00
        1.015657E+29 -9.999860E+00 -1.999885E+00 -3.053960E-01 -3.053960E-01
    73     9460.3245    7.40127340  1.257129E+09  3.658041E+08  9.020188E+30
        7.178863E+00  2.199690E+01  5.740962E+00  0.0000000000  0.000000E+00
        9.287135E+28 -9.999860E+00 -1.999885E+00 -3.053960E-01 -3.053960E-01
    74     9401.9182    7.40211525  1.255911E+09  3.726567E+08  8.782446E+30
        7.173890E+00  2.199722E+01  5.741185E+00  0.0000000000  0.000000E+00
        8.470250E+28 -9.999860E+00 -1.999885E+00 -3.053960E-01 -3.053960E-01
    75     9342.3390    7.40296032  1.254690E+09  3.797793E+08  8.545294E+30
        7.168794E+00  2.199754E+01  5.741411E+00  0.0000000000  0.000000E+00
        7.704082E+28 -9.999860E+00 -1.999885E+00 -3.053960E-01 -3.053960E-01
    76     9281.0438    7.40381607  1.253454E+09  3.872515E+08  8.306845E+30
        7.163526E+00  2.199787E+01  5.741642E+00  0.0000000000  0.000000E+00
        6.981380E+28 -9.999860E+00 -1.999885E+00 -3.053960E-01 -3.053960E-01
    77     9218.1411    7.40468118  1.252206E+09  3.950774E+08  8.067836E+30
        7.158093E+00  2.199821E+01  5.741879E+00  0.0000000000  0.000000E+00
        6.303588E+28 -9.999860E+00 -1.999885E+00 -3.053960E-01 -3.053960E-01
    78     9153.7198    7.40555718  1.250944E+09  4.032652E+08  7.828853E+30
        7.152496E+00  2.199855E+01  5.742120E+00  0.0000000000  0.000000E+00
        5.671107E+28 -9.999860E+00 -1.999885E+00 -3.053960E-01 -3.053960E-01
    79     9087.9903    7.40644253  1.249670E+09  4.118061E+08  7.590908E+30
        7.146752E+00  2.199891E+01  5.742366E+00  0.0000000000  0.000000E+00
        5.084949E+28 -9.999860E+00 -1.999885E+00 -3.053960E-01 -3.053960E-01
    80     9021.1276    7.40733273  1.248389E+09  4.206915E+08  7.354877E+30
        7.140873E+00  2.199926E+01  5.742616E+00  0.0000000000  0.000000E+00
        4.545107E+28 -9.999860E+00 -1.999885E+00 -3.053960E-01 -3.053960E-01
    81     8953.2154    7.40822346  1.247110E+09  4.299239E+08  7.121271E+30
        7.134865E+00  2.199962E+01  5.742868E+00  0.0000000000  0.000000E+00
        4.050237E+28 -9.999860E+00 -1.999885E+00 -3.053960E-01 -3.053960E-01
    82     8884.2891    7.40911236  1.245834E+09  4.395139E+08  6.890381E+30
        7.128731E+00  2.199998E+01  5.743122E+00  0.0000000000  0.000000E+00
        3.598289E+28 -9.999860E+00 -1.999885E+00 -3.053960E-01 -3.053960E-01
    83     8814.3912    7.40999800  1.244565E+09  4.494725E+08  6.662484E+30
        7.122473E+00  2.200035E+01  5.743378E+00  0.0000000000  0.000000E+00
        3.187078E+28 -9.999860E+00 -1.999885E+00 -3.053960E-01 -3.053960E-01
    84     8743.5959    7.41087957  1.243302E+09  4.598073E+08  6.437921E+30
        7.116094E+00  2.200071E+01  5.743635E+00  0.0000000000  0.000000E+00
        2.814448E+28 -9.999860E+00 -1.999885E+00 -3.053960E-01 -3.053960E-01
    85     8672.0166    7.41175591  1.242048E+09  4.705200E+08  6.217122E+30
        7.109602E+00  2.200108E+01  5.743893E+00  0.0000000000  0.000000E+00
        2.478284E+28 -9.999860E+00 -1.999885E+00 -3.053960E-01 -3.053960E-01
    86     8599.7793    7.41262671  1.240804E+09  4.816108E+08  6.000499E+30
        7.103005E+00  2.200144E+01  5.744150E+00  0.0000000000  0.000000E+00
        2.176352E+28 -9.999860E+00 -1.999885E+00 -3.053960E-01 -3.053960E-01
    87     8527.0434    7.41349139  1.239569E+09  4.930735E+08  5.788518E+30
        7.096314E+00  2.200180E+01  5.744405E+00  0.0000000000  0.000000E+00
        1.906433E+28 -9.999860E+00 -1.999885E+00 -3.053960E-01 -3.053960E-01
    88     8453.9640    7.41434950  1.238345E+09  5.049013E+08  5.581577E+30
        7.089542E+00  2.200216E+01  5.744659E+00  0.0000000000  0.000000E+00
        1.666185E+28 -9.999860E+00 -1.999885E+00 -3.053960E-01 -3.053960E-01
    89     8380.6807    7.41519973  1.237134E+09  5.170875E+08  5.380000E+30
        7.082698E+00  2.200251E+01  5.744909E+00  0.0000000000  0.000000E+00
        1.453211E+28 -9.999860E+00 -1.999885E+00 -3.053960E-01 -3.053960E-01
    90     8307.1958    7.41604650  1.235928E+09  5.296509E+08  5.183656E+30
        7.075779E+00  2.200286E+01  5.745157E+00  0.0000000000  0.000000E+00
        1.264754E+28 -9.999860E+00 -1.999885E+00 -3.053960E-01 -3.053960E-01
    91     8233.9774    7.41688412  1.234737E+09  5.425237E+08  4.993665E+30
        7.068827E+00  2.200321E+01  5.745401E+00  0.0000000000  0.000000E+00
        1.099353E+28 -9.999860E+00 -1.999885E+00 -3.053960E-01 -3.053960E-01
    92     8160.9852    7.41771471  1.233557E+09  5.557250E+08  4.809728E+30
        7.061838E+00  2.200355E+01  5.745640E+00  0.0000000000  0.000000E+00
        9.543018E+27 -9.999860E+00 -1.999885E+00 -3.053960E-01 -3.053960E-01
    93     8088.3478    7.41853814  1.232388E+09  5.692425E+08  4.631973E+30
        7.054823E+00  2.200388E+01  5.745875E+00  0.0000000000  0.000000E+00
        8.274886E+27 -9.999860E+00 -1.999885E+00 -3.053960E-01 -3.053960E-01
    94     8016.1801    7.41935424  1.231230E+09  5.830638E+08  4.460469E+30
        7.047793E+00  2.200421E+01  5.746106E+00  0.0000000000  0.000000E+00
        7.169241E+27 -9.999860E+00 -1.999885E+00 -3.053960E-01 -3.053960E-01
    95     7944.5923    7.42016173  1.230086E+09  5.971745E+08  4.295261E+30
        7.040759E+00  2.200453E+01  5.746332E+00  0.0000000000  0.000000E+00
        6.207666E+27 -9.999860E+00 -1.999885E+00 -3.053960E-01 -3.053960E-01
    96     7873.5513    7.42096352  1.228951E+09  6.115894E+08  4.136033E+30
        7.033719E+00  2.200485E+01  5.746553E+00  0.0000000000  0.000000E+00
        5.371627E+27 -9.999860E+00 -1.999885E+00 -3.053960E-01 -3.053960E-01
    97     7803.3421    7.42175480  1.227832E+09  6.262521E+08  3.983205E+30
        7.026701E+00  2.200516E+01  5.746770E+00  0.0000000000  0.000000E+00
        4.648225E+27 -9.999860E+00 -1.999885E+00 -3.053960E-01 -3.053960E-01
    98     7733.7992    7.42253703  1.226727E+09  6.411995E+08  3.836184E+30
        7.019690E+00  2.200547E+01  5.746982E+00  0.0000000000  0.000000E+00
        4.021131E+27 -9.999860E+00 -1.999885E+00 -3.053960E-01 -3.053960E-01
    99     7664.9074    7.42330917  1.225637E+09  6.564369E+08  3.694735E+30
        7.012688E+00  2.200577E+01  5.747190E+00  0.0000000000  0.000000E+00
        3.477788E+27 -9.999860E+00 -1.999885E+00 -3.053960E-01 -3.053960E-01
   100     7596.6177    7.42407037  1.224563E+09  6.719778E+08  3.558571E+30
        7.005689E+00  2.200606E+01  5.747394E+00  0.0000000000  0.000000E+00
        3.006997E+27 -9.999860E+00 -1.999885E+00 -3.053960E-01 -3.053960E-01
   101     7528.8143    7.42482357  1.223502E+09  6.878560E+08  3.427264E+30
        6.998681E+00  2.200635E+01  5.747595E+00  0.0000000000  0.000000E+00
        2.598629E+27 -9.999860E+00 -1.999885E+00 -3.053960E-01 -3.053960E-01
   102     7461.7375    7.42556460  1.222459E+09  7.040178E+08  3.301111E+30
        6.991692E+00  2.200663E+01  5.747792E+00  0.0000000000  0.000000E+00
        2.245872E+27 -9.999860E+00 -1.999885E+00 -3.053960E-01 -3.053960E-01
   103     7395.2554    7.42629549  1.221430E+09  7.205004E+08  3.179670E+30
        6.984707E+00  2.200691E+01  5.747986E+00  0.0000000000  0.000000E+00
        1.940666E+27 -9.999860E+00 -1.999885E+00 -3.053960E-01 -3.053960E-01
   104     7329.3900    7.42701675  1.220416E+09  7.373064E+08  3.062806E+30
        6.977730E+00  2.200718E+01  5.748179E+00  0.0000000000  0.000000E+00
        1.676792E+27 -9.999860E+00 -1.999885E+00 -3.053960E-01 -3.053960E-01
   105     7264.1138    7.42773148  1.219413E+09  7.544526E+08  2.950285E+30
        6.970756E+00  2.200745E+01  5.748370E+00  0.0000000000  0.000000E+00
        1.448618E+27 -9.999860E+00 -1.999885E+00 -3.053960E-01 -3.053960E-01
   106     7199.7027    7.42843667  1.218423E+09  7.718717E+08  2.842408E+30
        6.963816E+00  2.200772E+01  5.748558E+00  0.0000000000  0.000000E+00
        1.252129E+27 -9.999860E+00 -1.999885E+00 -3.053960E-01 -3.053960E-01
   107     7136.1415    7.42913262  1.217447E+09  7.895674E+08  2.738962E+30
        6.956908E+00  2.200799E+01  5.748743E+00  0.0000000000  0.000000E+00
        1.082881E+27 -9.999860E+00 -1.999885E+00 -3.053960E-01 -3.053960E-01
   108     7073.4648    7.42982156  1.216482E+09  8.075343E+08  2.639806E+30
        6.950036E+00  2.200824E+01  5.748925E+00  0.0000000000  0.000000E+00
        9.371193E+26 -9.999860E+00 -1.999885E+00 -3.053960E-01 -3.053960E-01
   109     7011.9317    7.43050066  1.215531E+09  8.256931E+08  2.545159E+30
        6.943230E+00  2.200850E+01  5.749102E+00  0.0000000000  0.000000E+00
        8.120274E+26 -9.999860E+00 -1.999885E+00 -3.053960E-01 -3.053960E-01
   110     6951.5490    7.43116907  1.214596E+09  8.440332E+08  2.454834E+30
        6.936492E+00  2.200874E+01  5.749274E+00  0.0000000000  0.000000E+00
        7.046127E+26 -9.999860E+00 -1.999885E+00 -3.053960E-01 -3.053960E-01
   111     6892.2637    7.43182874  1.213674E+09  8.625665E+08  2.368556E+30
        6.929816E+00  2.200898E+01  5.749441E+00  0.0000000000  0.000000E+00
        6.122157E+26 -9.999860E+00 -1.999885E+00 -3.053960E-01 -3.053960E-01
   112     6834.2346    7.43247688  1.212769E+09  8.812334E+08  2.286375E+30
        6.923222E+00  2.200921E+01  5.749602E+00  0.0000000000  0.000000E+00
        5.328550E+26 -9.999860E+00 -1.999885E+00 -3.053960E-01 -3.053960E-01
   113     6777.4078    7.43311306  1.211881E+09  9.000401E+08  2.208037E+30
        6.916705E+00  2.200943E+01  5.749757E+00  0.0000000000  0.000000E+00
        4.645606E+26 -9.999860E+00 -1.999885E+00 -3.053960E-01 -3.053960E-01
   114     6721.7454    7.43373855  1.211008E+09  9.189933E+08  2.133313E+30
        6.910260E+00  2.200965E+01  5.749907E+00  0.0000000000  0.000000E+00
        4.056724E+26 -9.999860E+00 -1.999885E+00 -3.053960E-01 -3.053960E-01
   115     6667.3627    7.43435037  1.210156E+09  9.380402E+08  2.062200E+30
        6.903903E+00  2.200985E+01  5.750051E+00  0.0000000000  0.000000E+00
        3.549462E+26 -9.999860E+00 -1.999885E+00 -3.053960E-01 -3.053960E-01
   116     6614.1922    7.43495123  1.209319E+09  9.572037E+08  1.994440E+30
        6.897624E+00  2.201005E+01  5.750189E+00  0.0000000000  0.000000E+00
        3.111255E+26 -9.999860E+00 -1.999885E+00 -3.053960E-01 -3.053960E-01
   117     6562.3466    7.43553901  1.208501E+09  9.764290E+08  1.930023E+30
        6.891438E+00  2.201023E+01  5.750323E+00  0.0000000000  0.000000E+00
        2.732779E+26 -9.999860E+00 -1.999885E+00 -3.053960E-01 -3.053960E-01
   118     6511.7920    7.43611607  1.207698E+09  9.957252E+08  1.868749E+30
        6.885341E+00  2.201042E+01  5.750452E+00  0.0000000000  0.000000E+00
        2.405136E+26 -9.999860E+00 -1.999885E+00 -3.053960E-01 -3.053960E-01
   119     6462.6731    7.43668136  1.206912E+09  1.015028E+09  1.810641E+30
        6.879348E+00  2.201059E+01  5.750576E+00  0.0000000000  0.000000E+00
        2.121765E+26 -9.999860E+00 -1.999885E+00 -3.053960E-01 -3.053960E-01
   120     6413.3365    7.43725775  1.206112E+09  1.035028E+09  1.753651E+30
        6.873250E+00  2.201077E+01  5.750701E+00  0.0000000000  0.000000E+00
        1.867952E+26 -9.999860E+00 -1.999885E+00 -3.053960E-01 -3.053960E-01
   121     6342.5290    7.43810905  1.204930E+09  1.065028E+09  1.674194E+30
        6.864339E+00  2.201102E+01  5.750880E+00  0.0000000000  0.000000E+00
        1.551126E+26 -9.999860E+00 -1.999885E+00 -3.053960E-01 -3.053960E-01
   122     6243.6478    7.43937549  1.203175E+09  1.110028E+09  1.567628E+30
        6.851460E+00  2.201138E+01  5.751132E+00  0.0000000000  0.000000E+00
        1.186303E+26 -9.999860E+00 -1.999885E+00 -3.053960E-01 -3.053960E-01
   123     6133.7882    7.44098789  1.200943E+09  1.165958E+09  1.454762E+30
        6.836114E+00  2.201179E+01  5.751427E+00  0.0000000000  0.000000E+00
        8.622281E+25 -9.999860E+00 -1.999885E+00 -3.053960E-01 -3.053960E-01
   124     6043.3771    7.44256399  1.198766E+09  1.219387E+09  1.365902E+30
        6.821967E+00  2.201217E+01  5.751693E+00  0.0000000000  0.000000E+00
        6.421336E+25 -9.999860E+00 -1.999885E+00 -3.053960E-01 -3.053960E-01
   125     5967.0319    7.44402700  1.196749E+09  1.271337E+09  1.293812E+30
        6.808612E+00  2.201252E+01  5.751940E+00  0.0000000000  0.000000E+00
        4.858196E+25 -9.999860E+00 -1.999885E+00 -3.053960E-01 -3.053960E-01
   126     5896.2346    7.44542163  1.194829E+09  1.325203E+09  1.229539E+30
        6.795111E+00  2.201286E+01  5.752184E+00  0.0000000000  0.000000E+00
        3.662529E+25 -9.999860E+00 -1.999885E+00 -3.053960E-01 -3.053960E-01
   127     5829.7382    7.44677874  1.192963E+09  1.382233E+09  1.171338E+30
        6.781123E+00  2.201321E+01  5.752431E+00  0.0000000000  0.000000E+00
        2.732852E+25 -9.999860E+00 -1.999885E+00 -3.053960E-01 -3.053960E-01
   128     5767.0077    7.44810901  1.191138E+09  1.442636E+09  1.118299E+30
        6.766564E+00  2.201357E+01  5.752679E+00  0.0000000000  0.000000E+00
        2.015732E+25 -9.999860E+00 -1.999885E+00 -3.053960E-01 -3.053960E-01
   129     5707.1772    7.44939315  1.189378E+09  1.505857E+09  1.069442E+30
        6.751530E+00  2.201391E+01  5.752925E+00  0.0000000000  0.000000E+00
        1.474983E+25 -9.999860E+00 -1.999885E+00 -3.053960E-01 -3.053960E-01
   130     5648.8562    7.45062980  1.187686E+09  1.571952E+09  1.023475E+30
        6.735973E+00  2.201426E+01  5.753167E+00  0.0000000000  0.000000E+00
        1.071614E+25 -9.999860E+00 -1.999885E+00 -3.053960E-01 -3.053960E-01
   131     5590.5000    7.45180729  1.186077E+09  1.640621E+09  9.791747E+29
        6.719943E+00  2.201460E+01  5.753406E+00  0.0000000000  0.000000E+00
        7.755058E+24 -9.999860E+00 -1.999885E+00 -3.053960E-01 -3.053960E-01
   132     5531.0806    7.45292754  1.184548E+09  1.711857E+09  9.357876E+29
        6.703435E+00  2.201493E+01  5.753643E+00  0.0000000000  0.000000E+00
        5.601713E+24 -9.999860E+00 -1.999885E+00 -3.053960E-01 -3.053960E-01
   133     5471.1815    7.45399088  1.183099E+09  1.785111E+09  8.937138E+29
        6.686573E+00  2.201526E+01  5.753875E+00  0.0000000000  0.000000E+00
        4.054261E+24 -9.999860E+00 -1.999885E+00 -3.053960E-01 -3.053960E-01
   134     5410.5727    7.45498710  1.181743E+09  1.859645E+09  8.528069E+29
        6.669526E+00  2.201559E+01  5.754101E+00  0.0000000000  0.000000E+00
        2.955084E+24 -9.999860E+00 -1.999885E+00 -3.053960E-01 -3.053960E-01
   135     5347.7459    7.45589711  1.180505E+09  1.935035E+09  8.121772E+29
        6.652401E+00  2.201589E+01  5.754313E+00  0.0000000000  0.000000E+00
        2.174415E+24 -9.999860E+00 -1.999885E+00 -3.053960E-01 -3.053960E-01
   136     5282.0110    7.45672661  1.179378E+09  2.011835E+09  7.714992E+29
        6.635101E+00  2.201615E+01  5.754502E+00  0.0000000000  0.000000E+00
        1.612846E+24 -9.999860E+00 -1.999885E+00 -3.053960E-01 -3.053960E-01
   137     5214.6408    7.45749658  1.178333E+09  2.090466E+09  7.315868E+29
        6.617573E+00  2.201641E+01  5.754679E+00  0.0000000000  0.000000E+00
        1.204090E+24 -9.999860E+00 -1.999885E+00 -3.053960E-01 -3.053960E-01
   138     5146.7359    7.45822251  1.177349E+09  2.170905E+09  6.930585E+29
        6.599855E+00  2.201666E+01  5.754854E+00  0.0000000000  0.000000E+00
        9.041987E+23 -9.999860E+00 -1.999885E+00 -3.053960E-01 -3.053960E-01
   139     5078.7275    7.45891047  1.176417E+09  2.252806E+09  6.561061E+29
        6.582046E+00  2.201692E+01  5.755038E+00  0.0000000000  0.000000E+00
        6.833805E+23 -9.999860E+00 -1.999885E+00 -3.053960E-01 -3.053960E-01
   140     5010.3565    7.45956419  1.175532E+09  2.336184E+09  6.205477E+29
        6.564166E+00  2.201720E+01  5.755234E+00  0.0000000000  0.000000E+00
        5.194147E+23 -9.999860E+00 -1.999885E+00 -3.053960E-01 -3.053960E-01
   141     4940.9182    7.46017814  1.174701E+09  2.421041E+09  5.860267E+29
        6.546241E+00  2.201748E+01  5.755433E+00  0.0000000000  0.000000E+00
        3.967793E+23 -9.999860E+00 -1.999885E+00 -3.053960E-01 -3.053960E-01
   142     4870.0490    7.46074921  1.173929E+09  2.507703E+09  5.523940E+29
        6.528227E+00  2.201775E+01  5.755625E+00  0.0000000000  0.000000E+00
        3.041590E+23 -9.999860E+00 -1.999885E+00 -3.053960E-01 -3.053960E-01
   143     4798.1858    7.46127849  1.173214E+09  2.596505E+09  5.198698E+29
        6.510086E+00  2.201800E+01  5.755803E+00  0.0000000000  0.000000E+00
        2.336303E+23 -9.999860E+00 -1.999885E+00 -3.053960E-01 -3.053960E-01
   144     4726.3787    7.46177103  1.172549E+09  2.687562E+09  4.888863E+29
        6.491827E+00  2.201823E+01  5.755960E+00  0.0000000000  0.000000E+00
        1.796865E+23 -9.999860E+00 -1.999885E+00 -3.053960E-01 -3.053960E-01
   145     4655.6046    7.46223153  1.171927E+09  2.780546E+09  4.597669E+29
        6.473544E+00  2.201843E+01  5.756101E+00  0.0000000000  0.000000E+00
        1.384578E+23 -9.999860E+00 -1.999885E+00 -3.053960E-01 -3.053960E-01
   146     4586.1873    7.46266266  1.171346E+09  2.875136E+09  4.325231E+29
        6.455314E+00  2.201862E+01  5.756231E+00  0.0000000000  0.000000E+00
        1.069458E+23 -9.999860E+00 -1.999885E+00 -3.053960E-01 -3.053960E-01
   147     4517.9715    7.46306724  1.170800E+09  2.971280E+09  4.069786E+29
        6.437155E+00  2.201879E+01  5.756354E+00  0.0000000000  0.000000E+00
        8.279096E+22 -9.999860E+00 -1.999885E+00 -3.053960E-01 -3.053960E-01
   148     4450.6982    7.46344951  1.170285E+09  3.069133E+09  3.829375E+29
        6.419041E+00  2.201897E+01  5.756479E+00  0.0000000000  0.000000E+00
        6.419824E+22 -9.999860E+00 -1.999885E+00 -3.053960E-01 -3.053960E-01
   149     4384.0919    7.46381164  1.169797E+09  3.168911E+09  3.602233E+29
        6.400945E+00  2.201914E+01  5.756603E+00  0.0000000000  0.000000E+00
        4.983431E+22 -9.999860E+00 -1.999885E+00 -3.053960E-01 -3.053960E-01
   150     4317.9256    7.46415526  1.169335E+09  3.270908E+09  3.386961E+29
        6.382829E+00  2.201932E+01  5.756724E+00  0.0000000000  0.000000E+00
        3.870007E+22 -9.999860E+00 -1.999885E+00 -3.053960E-01 -3.053960E-01
   151     4251.8752    7.46448242  1.168894E+09  3.375374E+09  3.182032E+29
        6.364667E+00  2.201948E+01  5.756843E+00  0.0000000000  0.000000E+00
        3.005233E+22 -9.999860E+00 -1.999885E+00 -3.053960E-01 -3.053960E-01
   152     4185.7881    7.46479341  1.168476E+09  3.482600E+09  2.986623E+29
        6.346430E+00  2.201965E+01  5.756958E+00  0.0000000000  0.000000E+00
        2.332539E+22 -9.999860E+00 -1.999885E+00 -3.053960E-01 -3.053960E-01
   153     4080.1702    7.46525105  1.167860E+09  3.662600E+09  2.693562E+29
        6.319288E+00  2.201989E+01  5.757130E+00  0.0000000000  0.000000E+00
        1.546734E+22 -9.999860E+00 -1.999885E+00 -3.053960E-01 -3.053960E-01
   154     4027.7107    7.46545517  1.167586E+09  3.752600E+09  2.556483E+29
        6.304224E+00  2.201998E+01  5.757232E+00  0.0359030326 -1.611821E-02
        1.232609E+22 -9.999860E+00 -1.999885E+00 -3.053960E-01 -3.053960E-01
   155     3978.9323    7.46564069  1.167337E+09  3.842600E+09  2.433831E+29
        6.290919E+00  2.202009E+01  5.757342E+00  0.0799185615 -3.617373E-02
        1.000327E+22 -9.999860E+00 -1.999885E+00 -3.053960E-01 -3.053960E-01
   156     3900.3692    7.46594348  1.166930E+09  4.022600E+09  2.245661E+29
        6.274807E+00  2.202038E+01  5.757534E+00  0.1393828475 -6.519000E-02
        7.464152E+21 -9.999860E+00 -1.999885E+00 -3.053960E-01 -3.053960E-01
   157     3837.1509    7.46616395  1.166634E+09  4.202600E+09  2.102502E+29
        6.258064E+00  2.202054E+01  5.757647E+00  0.2087610068 -1.016923E-01
        5.761353E+21 -9.999860E+00 -1.999885E+00 -3.053960E-01 -3.053960E-01
   158     3780.1056    7.46636425  1.166365E+09  4.382600E+09  1.979321E+29
        6.240005E+00  2.202072E+01  5.757769E+00  0.2872681066 -1.470738E-01
        4.403384E+21 -9.999860E+00 -1.999885E+00 -3.053960E-01 -3.053960E-01
   159     3725.3562    7.46656270  1.166098E+09  4.562600E+09  1.866265E+29
        6.222114E+00  2.202091E+01  5.757908E+00  0.3596163926 -1.935598E-01
        3.383489E+21 -9.999860E+00 -1.999885E+00 -3.053960E-01 -3.053960E-01
   160     3671.9009    7.46675474  1.165840E+09  4.742600E+09  1.760654E+29
        6.204771E+00  2.202111E+01  5.758045E+00  0.4257371620 -2.408893E-01
        2.610498E+21 -9.999860E+00 -1.999885E+00 -3.053960E-01 -3.053960E-01
   161     3618.6095    7.46692813  1.165608E+09  4.922600E+09  1.659983E+29
        6.187681E+00  2.202126E+01  5.758154E+00  0.4883898559 -2.910609E-01
        2.021129E+21 -9.999860E+00 -1.999885E+00 -3.053960E-01 -3.053960E-01
   162     3564.8504    7.46708494  1.165397E+09  5.102600E+09  1.562950E+29
        6.170591E+00  2.202137E+01  5.758230E+00  0.5462755831 -3.432078E-01
        1.558043E+21 -9.999860E+00 -1.999885E+00 -3.053960E-01 -3.053960E-01
   163     3538.3186    7.46715788  1.165299E+09  5.281600E+09  1.516683E+29
        6.161868E+00  2.202142E+01  5.758258E+00  0.5725069279 -3.690709E-01
        1.369959E+21 -9.999860E+00 -1.999885E+00 -3.053960E-01 -3.053960E-01
   164     3463.1965    7.46735598  1.165034E+09  5.531671E+09  1.391289E+29
        6.138656E+00  2.202152E+01  5.758321E+00  0.6448897608 -4.496368E-01
        9.579922E+20 -9.999860E+00 -1.999885E+00 -3.053960E-01 -3.053960E-01
   165     3385.5789    7.46755131  1.164772E+09  5.782371E+09  1.270122E+29
        6.114705E+00  2.202163E+01  5.758384E+00  0.7095742840 -5.369649E-01
        6.644492E+20 -9.999860E+00 -1.999885E+00 -3.053960E-01 -3.053960E-01
   166     3311.9097    7.46772927  1.164533E+09  6.027728E+09  1.162651E+29
        6.091653E+00  2.202174E+01  5.758462E+00  0.7614029480 -6.223349E-01
        4.549734E+20 -9.999860E+00 -1.999885E+00 -3.053960E-01 -3.053960E-01
   167     3231.2979    7.46790886  1.164292E+09  6.283107E+09  1.053086E+29
        6.067080E+00  2.202186E+01  5.758546E+00  0.8097224944 -7.206126E-01
        2.960241E+20 -9.999860E+00 -1.999885E+00 -3.053960E-01 -3.053960E-01
   168     3153.8371    7.46806872  1.164078E+09  6.530282E+09  9.553295E+28
        6.043212E+00  2.202196E+01  5.758619E+00  0.8499324458 -8.237132E-01
        1.945603E+20 -9.999860E+00 -1.999885E+00 -3.053960E-01 -3.053960E-01
   169     3077.4752    7.46821984  1.163875E+09  6.780911E+09  8.658114E+28
        6.019339E+00  2.202206E+01  5.758688E+00  0.8825819239 -9.302650E-01
        1.279281E+20 -9.999860E+00 -1.999885E+00 -3.053960E-01 -3.053960E-01
   170     3000.6903    7.46837178  1.163672E+09  7.039014E+09  7.823080E+28
        5.995135E+00  2.202218E+01  5.758770E+00  0.9084215640 -1.038207E+00
        8.329811E+19 -9.999860E+00 -1.999885E+00 -3.053960E-01 -3.053960E-01
   171     2922.5020    7.46852666  1.163464E+09  7.302800E+09  7.036513E+28
        5.970615E+00  2.202231E+01  5.758863E+00  0.9309463616 -1.160813E+00
        5.412799E+19 -9.999860E+00 -1.999885E+00 -3.053960E-01 -3.053960E-01
   172     2845.6323    7.46867144  1.163271E+09  7.566881E+09  6.322787E+28
        5.946277E+00  2.202242E+01  5.758940E+00  0.9476949220 -1.281456E+00
        3.532549E+19 -9.999860E+00 -1.999885E+00 -3.053960E-01 -3.053960E-01
   173     2771.4169    7.46879453  1.163106E+09  7.833715E+09  5.686929E+28
        5.922107E+00  2.202247E+01  5.758978E+00  0.9614646828 -1.414141E+00
        2.333293E+19 -9.999860E+00 -1.999885E+00 -3.053960E-01 -3.053960E-01
   174     2697.6333    7.46890260  1.162961E+09  8.108132E+09  5.103803E+28
        5.897748E+00  2.202249E+01  5.758988E+00  0.9707435740 -1.533779E+00
        1.540860E+19 -9.999860E+00 -1.999885E+00 -3.053960E-01 -3.053960E-01
   175     2625.2236    7.46900578  1.162823E+09  8.387761E+09  4.576404E+28
        5.873470E+00  2.202251E+01  5.759000E+00  0.9788158710 -1.673989E+00
        1.023888E+19 -9.999860E+00 -1.999885E+00 -3.053960E-01 -3.053960E-01
   176     2554.7387    7.46911141  1.162681E+09  8.673112E+09  4.103358E+28
        5.849308E+00  2.202257E+01  5.759036E+00  0.9846608956 -1.814200E+00
        6.853492E+18 -9.999860E+00 -1.999885E+00 -3.053960E-01 -3.053960E-01
   177     2484.1562    7.46921315  1.162545E+09  8.965950E+09  3.667476E+28
        5.825091E+00  2.202263E+01  5.759085E+00  0.9872450227 -1.894320E+00
        4.608803E+18 -9.999860E+00 -1.999885E+00 -3.053960E-01 -3.053960E-01
   178     2416.6760    7.46930535  1.162422E+09  9.261913E+09  3.284228E+28
        5.801234E+00  2.202268E+01  5.759132E+00  0.9878199348 -1.914350E+00
        3.134950E+18 -9.999860E+00 -1.999885E+00 -3.053960E-01 -3.053960E-01
   179     2352.1267    7.46938773  1.162312E+09  9.566269E+09  2.946592E+28
        5.777421E+00  2.202273E+01  5.759166E+00  0.9878199348 -1.914350E+00
        2.143943E+18 -9.999860E+00 -1.999885E+00 -3.053960E-01 -3.053960E-01
   180     2289.4050    7.46946360  1.162210E+09  9.882658E+09  2.644185E+28
        5.753474E+00  2.202276E+01  5.759190E+00  0.9883689334 -1.934380E+00
        1.464920E+18 -9.999860E+00 -1.999885E+00 -3.053960E-01 -3.053960E-01
   181     2228.6659    7.46953614  1.162113E+09  1.021098E+10  2.374152E+28
        5.729501E+00  2.202280E+01  5.759210E+00  0.9883689334 -1.934380E+00
        1.004258E+18 -9.999860E+00 -1.999885E+00 -3.053960E-01 -3.053960E-01
   182     2167.9590    7.46961086  1.162013E+09  1.055208E+10  2.125486E+28
        5.705376E+00  2.202284E+01  5.759232E+00  0.9883689334 -1.934380E+00
        6.866569E+17 -9.999860E+00 -1.999885E+00 -3.053960E-01 -3.053960E-01
   183     2109.8474    7.46968311  1.161916E+09  1.089919E+10  1.906277E+28
        5.681577E+00  2.202287E+01  5.759256E+00  0.9883689334 -1.934380E+00
        4.722379E+17 -9.999860E+00 -1.999885E+00 -3.053960E-01 -3.053960E-01
   184     2053.1553    7.46975507  1.161820E+09  1.125692E+10  1.709216E+28
        5.657793E+00  2.202291E+01  5.759280E+00  0.9888931867 -1.954411E+00
        3.250144E+17 -9.999860E+00 -1.999885E+00 -3.053960E-01 -3.053960E-01
   185     1997.9751    7.46982295  1.161729E+09  1.162408E+10  1.532506E+28
        5.634089E+00  2.202295E+01  5.759302E+00  0.9888931867 -1.954411E+00
        2.240663E+17 -9.999860E+00 -1.999885E+00 -3.053960E-01 -3.053960E-01
   186     1945.0223    7.46988699  1.161644E+09  1.199999E+10  1.376183E+28
        5.610561E+00  2.202297E+01  5.759320E+00  0.9888931867 -1.954411E+00
        1.549342E+17 -9.999860E+00 -1.999885E+00 -3.053960E-01 -3.053960E-01
   187     1892.0450    7.46995184  1.161557E+09  1.238755E+10  1.232080E+28
        5.586896E+00  2.202300E+01  5.759334E+00  0.9888931867 -1.954411E+00
        1.069691E+17 -9.999860E+00 -1.999885E+00 -3.053960E-01 -3.053960E-01
   188     1841.5422    7.47001174  1.161477E+09  1.277824E+10  1.105554E+28
        5.563620E+00  2.202302E+01  5.759346E+00  0.9888931867 -1.954411E+00
        7.431710E+16 -9.999860E+00 -1.999885E+00 -3.053960E-01 -3.053960E-01
   189     1792.3012    7.47006475  1.161406E+09  1.317782E+10  9.918456E+27
        5.540365E+00  2.202303E+01  5.759356E+00  0.9888931867 -1.954411E+00
        5.158863E+16 -9.999860E+00 -1.999885E+00 -3.053960E-01 -3.053960E-01
   190     1744.4962    7.47011305  1.161341E+09  1.358437E+10  8.900858E+27
        5.517227E+00  2.202304E+01  5.759363E+00  0.9893938100 -1.974441E+00
        3.584704E+16 -9.999860E+00 -1.999885E+00 -3.053960E-01 -3.053960E-01
   191     1698.1305    7.47015689  1.161283E+09  1.399721E+10  7.990836E+27
        5.494224E+00  2.202305E+01  5.759365E+00  0.9893938100 -1.974441E+00
        2.491783E+16 -9.999860E+00 -1.999885E+00 -3.053960E-01 -3.053960E-01
   192     1653.1504    7.47019964  1.161226E+09  1.441615E+10  7.176532E+27
        5.471333E+00  2.202305E+01  5.759368E+00  0.9893938100 -1.974441E+00
        1.733487E+16 -9.999860E+00 -1.999885E+00 -3.053960E-01 -3.053960E-01
   193     1609.5490    7.47024340  1.161167E+09  1.484066E+10  6.448196E+27
        5.448538E+00  2.202306E+01  5.759375E+00  0.9893938100 -1.974441E+00
        1.206165E+16 -9.999860E+00 -1.999885E+00 -3.053960E-01 -3.053960E-01
   194     1568.0619    7.47028656  1.161109E+09  1.526999E+10  5.808061E+27
        5.426009E+00  2.202308E+01  5.759384E+00  0.9893938100 -1.974441E+00
        8.417857E+15 -9.999860E+00 -1.999885E+00 -3.053960E-01 -3.053960E-01
   195     1526.2393    7.47033036  1.161051E+09  1.570936E+10  5.212248E+27
        5.403172E+00  2.202309E+01  5.759392E+00  0.9893938100 -1.974441E+00
        5.834470E+15 -9.999860E+00 -1.999885E+00 -3.053960E-01 -3.053960E-01
   196     1486.7705    7.47037089  1.160997E+09  1.614441E+10  4.693207E+27
        5.380796E+00  2.202310E+01  5.759398E+00  0.9893938100 -1.974441E+00
        4.069791E+15 -9.999860E+00 -1.999885E+00 -3.053960E-01 -3.053960E-01
