============================================================================
  #Mod      Teff         Log(g)           R            Age            L
           Log(Tc)       Log(Pc)      Log(rhoc)       Mx/M         Log(qx)
             Lnu        Log(H/*)      Log(He/*)     Log(C/*)      Log(O/*)
============================================================================
     1   140907.1505    8.71497170  5.304767E+08  0.000000E+00  7.904906E+34
        8.046897E+00  2.502658E+01  7.781439E+00  0.0000000000  0.000000E+00
        3.275695E+35 -9.999860E+00 -1.999885E+00 -3.053960E-01 -3.053960E-01
     2   120950.9050    8.73119754  5.206590E+08  5.000000E+04  4.134045E+34
        8.031831E+00  2.503187E+01  7.785329E+00  0.0000000000  0.000000E+00
        2.024018E+35 -9.999860E+00 -1.999885E+00 -3.053960E-01 -3.053960E-01
     3   108624.2276    8.74116934  5.147158E+08  1.000000E+05  2.628293E+34
        8.019809E+00  2.503545E+01  7.787965E+00  0.0000000000  0.000000E+00
        1.388168E+35 -9.999860E+00 -1.999885E+00 -3.053960E-01 -3.053960E-01
     4    99824.0948    8.74807864  5.106377E+08  1.500000E+05  1.845012E+34
        8.009828E+00  2.503807E+01  7.789893E+00  0.0000000000  0.000000E+00
        1.020519E+35 -9.999860E+00 -1.999885E+00 -3.053960E-01 -3.053960E-01
     5    93136.5828    8.75319896  5.076363E+08  2.000000E+05  1.381715E+34
        8.001292E+00  2.504007E+01  7.791373E+00  0.0000000000  0.000000E+00
        7.879719E+34 -9.999860E+00 -1.999885E+00 -3.053960E-01 -3.053960E-01
     6    87826.2478    8.75717389  5.053185E+08  2.500000E+05  1.082579E+34
        7.993826E+00  2.504167E+01  7.792556E+00  0.0000000000  0.000000E+00
        6.309068E+34 -9.999860E+00 -1.999885E+00 -3.053960E-01 -3.053960E-01
     7    83512.4519    8.76036817  5.034636E+08  3.000000E+05  8.785633E+33
        7.987186E+00  2.504299E+01  7.793535E+00  0.0000000000  0.000000E+00
        5.194193E+34 -9.999860E+00 -1.999885E+00 -3.053960E-01 -3.053960E-01
     8    79922.8876    8.76300554  5.019372E+08  3.500000E+05  7.325131E+33
        7.981199E+00  2.504410E+01  7.794366E+00  0.0000000000  0.000000E+00
        4.371242E+34 -9.999860E+00 -1.999885E+00 -3.053960E-01 -3.053960E-01
     9    76923.1171    8.76521763  5.006605E+08  4.000000E+05  6.253831E+33
        7.975740E+00  2.504507E+01  7.795085E+00  0.0000000000  0.000000E+00
        3.744252E+34 -9.999860E+00 -1.999885E+00 -3.053960E-01 -3.053960E-01
    10    74386.4813    8.76710367  4.995746E+08  4.500000E+05  5.445135E+33
        7.970716E+00  2.504592E+01  7.795715E+00  0.0000000000  0.000000E+00
        3.254026E+34 -9.999860E+00 -1.999885E+00 -3.053960E-01 -3.053960E-01
    11    72211.1379    8.76873498  4.986372E+08  5.000000E+05  4.817459E+33
        7.966056E+00  2.504667E+01  7.796274E+00  0.0000000000  0.000000E+00
        2.862415E+34 -9.999860E+00 -1.999885E+00 -3.053960E-01 -3.053960E-01
    12    70427.4472    8.77008474  4.978629E+08  5.469569E+05  4.345296E+33
        7.961954E+00  2.504730E+01  7.796746E+00  0.0000000000  0.000000E+00
        2.560762E+34 -9.999860E+00 -1.999885E+00 -3.053960E-01 -3.053960E-01
    13    68705.1710    8.77139886  4.971103E+08  5.989125E+05  3.923694E+33
        7.957705E+00  2.504793E+01  7.797218E+00  0.0000000000  0.000000E+00
        2.285643E+34 -9.999860E+00 -1.999885E+00 -3.053960E-01 -3.053960E-01
    14    67055.9028    8.77266869  4.963840E+08  6.565545E+05  3.549896E+33
        7.953297E+00  2.504856E+01  7.797688E+00  0.0000000000  0.000000E+00
        2.035080E+34 -9.999860E+00 -1.999885E+00 -3.053960E-01 -3.053960E-01
    15    65468.0117    8.77390309  4.956791E+08  7.211075E+05  3.216250E+33
        7.948686E+00  2.504920E+01  7.798160E+00  0.0000000000  0.000000E+00
        1.805934E+34 -9.999860E+00 -1.999885E+00 -3.053960E-01 -3.053960E-01
    16    63947.3652    8.77509845  4.949974E+08  7.936525E+05  2.919634E+33
        7.943854E+00  2.504983E+01  7.798634E+00  0.0000000000  0.000000E+00
        1.596865E+34 -9.999860E+00 -1.999885E+00 -3.053960E-01 -3.053960E-01
    17    62489.0981    8.77625592  4.943382E+08  8.757457E+05  2.655201E+33
        7.938766E+00  2.505047E+01  7.799111E+00  0.0000000000  0.000000E+00
        1.406065E+34 -9.999860E+00 -1.999885E+00 -3.053960E-01 -3.053960E-01
    18    61090.9369    8.77737747  4.937003E+08  9.691180E+05  2.419168E+33
        7.933390E+00  2.505111E+01  7.799592E+00  0.0000000000  0.000000E+00
        1.232361E+34 -9.999860E+00 -1.999885E+00 -3.053960E-01 -3.053960E-01
    19    59752.3926    8.77846000  4.930854E+08  1.075723E+06  2.208500E+33
        7.927701E+00  2.505176E+01  7.800075E+00  0.0000000000  0.000000E+00
        1.074893E+34 -9.999860E+00 -1.999885E+00 -3.053960E-01 -3.053960E-01
    20    58478.3243    8.77950436  4.924929E+08  1.198108E+06  2.021211E+33
        7.921662E+00  2.505241E+01  7.800563E+00  0.0000000000  0.000000E+00
        9.325970E+33 -9.999860E+00 -1.999885E+00 -3.053960E-01 -3.053960E-01
    21    57267.7295    8.78050983  4.919231E+08  1.339642E+06  1.854669E+33
        7.915219E+00  2.505306E+01  7.801056E+00  0.0000000000  0.000000E+00
        8.043186E+33 -9.999860E+00 -1.999885E+00 -3.053960E-01 -3.053960E-01
    22    56120.0643    8.78147450  4.913771E+08  1.504528E+06  1.706611E+33
        7.908313E+00  2.505373E+01  7.801554E+00  0.0000000000  0.000000E+00
        6.890804E+33 -9.999860E+00 -1.999885E+00 -3.053960E-01 -3.053960E-01
    23    55040.2350    8.78240084  4.908533E+08  1.698134E+06  1.575638E+33
        7.900875E+00  2.505440E+01  7.802059E+00  0.0000000000  0.000000E+00
        5.859942E+33 -9.999860E+00 -1.999885E+00 -3.053960E-01 -3.053960E-01
    24    54025.1698    8.78328937  4.903515E+08  1.927375E+06  1.459592E+33
        7.892820E+00  2.505508E+01  7.802570E+00  0.0000000000  0.000000E+00
        4.942446E+33 -9.999860E+00 -1.999885E+00 -3.053960E-01 -3.053960E-01
    25    53075.4466    8.78414178  4.898705E+08  2.200677E+06  1.356967E+33
        7.884067E+00  2.505577E+01  7.803092E+00  0.0000000000  0.000000E+00
        4.132060E+33 -9.999860E+00 -1.999885E+00 -3.053960E-01 -3.053960E-01
    26    52186.3701    8.78496037  4.894090E+08  2.528683E+06  1.265914E+33
        7.874531E+00  2.505647E+01  7.803628E+00  0.0000000000  0.000000E+00
        3.422393E+33 -9.999860E+00 -1.999885E+00 -3.053960E-01 -3.053960E-01
    27    51361.7068    8.78575246  4.889629E+08  2.924060E+06  1.185609E+33
        7.864140E+00  2.505721E+01  7.804184E+00  0.0000000000  0.000000E+00
        2.807634E+33 -9.999860E+00 -1.999885E+00 -3.053960E-01 -3.053960E-01
    28    50591.2872    8.78652373  4.885289E+08  3.402234E+06  1.114078E+33
        7.852838E+00  2.505797E+01  7.804767E+00  0.0000000000  0.000000E+00
        2.281004E+33 -9.999860E+00 -1.999885E+00 -3.053960E-01 -3.053960E-01
    29    49868.8718    8.78727859  4.881046E+08  3.979090E+06  1.049968E+33
        7.840637E+00  2.505877E+01  7.805379E+00  0.0000000000  0.000000E+00
        1.836433E+33 -9.999860E+00 -1.999885E+00 -3.053960E-01 -3.053960E-01
    30    49185.0925    8.78802204  4.876870E+08  4.671102E+06  9.918551E+32
        7.827605E+00  2.505961E+01  7.806019E+00  0.0000000000  0.000000E+00
        1.466443E+33 -9.999860E+00 -1.999885E+00 -3.053960E-01 -3.053960E-01
    31    48529.7472    8.78875790  4.872740E+08  5.493034E+06  9.384486E+32
        7.813881E+00  2.506047E+01  7.806680E+00  0.0000000000  0.000000E+00
        1.162878E+33 -9.999860E+00 -1.999885E+00 -3.053960E-01 -3.053960E-01
    32    47892.8245    8.78948684  4.868652E+08  6.456419E+06  8.886511E+32
        7.799655E+00  2.506135E+01  7.807349E+00  0.0000000000  0.000000E+00
        9.170122E+32 -9.999860E+00 -1.999885E+00 -3.053960E-01 -3.053960E-01
    33    47265.6030    8.79020287  4.864640E+08  7.568463E+06  8.416165E+32
        7.785134E+00  2.506220E+01  7.808000E+00  0.0000000000  0.000000E+00
        7.200254E+32 -9.999860E+00 -1.999885E+00 -3.053960E-01 -3.053960E-01
    34    46642.2295    8.79090184  4.860727E+08  8.831557E+06  7.968043E+32
        7.770523E+00  2.506301E+01  7.808618E+00  0.0000000000  0.000000E+00
        5.636396E+32 -9.999860E+00 -1.999885E+00 -3.053960E-01 -3.053960E-01
    35    46014.5586    8.79158574  4.856901E+08  1.024531E+07  7.535839E+32
        7.755990E+00  2.506379E+01  7.809207E+00  0.0000000000  0.000000E+00
        4.403563E+32 -9.999860E+00 -1.999885E+00 -3.053960E-01 -3.053960E-01
    36    45392.0247    8.79226051  4.853130E+08  1.180696E+07  7.125150E+32
        7.741649E+00  2.506454E+01  7.809776E+00  0.0000000000  0.000000E+00
        3.436087E+32 -9.999860E+00 -1.999885E+00 -3.053960E-01 -3.053960E-01
    37    44766.4054    8.79292999  4.849391E+08  1.351913E+07  6.730002E+32
        7.727515E+00  2.506527E+01  7.810332E+00  0.0000000000  0.000000E+00
        2.676959E+32 -9.999860E+00 -1.999885E+00 -3.053960E-01 -3.053960E-01
    38    44134.9060    8.79359429  4.845683E+08  1.537649E+07  6.348496E+32
        7.713633E+00  2.506600E+01  7.810883E+00  0.0000000000  0.000000E+00
        2.084076E+32 -9.999860E+00 -1.999885E+00 -3.053960E-01 -3.053960E-01
    39    43510.5702    8.79425692  4.841988E+08  1.737444E+07  5.987679E+32
        7.700014E+00  2.506673E+01  7.811432E+00  0.0000000000  0.000000E+00
        1.621877E+32 -9.999860E+00 -1.999885E+00 -3.053960E-01 -3.053960E-01
    40    42880.4641    8.79491330  4.838330E+08  1.951773E+07  5.639764E+32
        7.686589E+00  2.506744E+01  7.811967E+00  0.0000000000  0.000000E+00
        1.260943E+32 -9.999860E+00 -1.999885E+00 -3.053960E-01 -3.053960E-01
    41    42255.1285    8.79555930  4.834733E+08  2.179418E+07  5.310002E+32
        7.673399E+00  2.506812E+01  7.812479E+00  0.0000000000  0.000000E+00
        9.805969E+31 -9.999860E+00 -1.999885E+00 -3.053960E-01 -3.053960E-01
    42    41634.1177    8.79619645  4.831188E+08  2.420594E+07  4.997322E+32
        7.660396E+00  2.506878E+01  7.812973E+00  0.0000000000  0.000000E+00
        7.625148E+31 -9.999860E+00 -1.999885E+00 -3.053960E-01 -3.053960E-01
    43    41018.7406    8.79682368  4.827700E+08  2.675037E+07  4.701559E+32
        7.647561E+00  2.506942E+01  7.813451E+00  0.0000000000  0.000000E+00
        5.930087E+31 -9.999860E+00 -1.999885E+00 -3.053960E-01 -3.053960E-01
    44    40409.8032    8.79743803  4.824287E+08  2.942546E+07  4.422269E+32
        7.634874E+00  2.507004E+01  7.813913E+00  0.0000000000  0.000000E+00
        4.613166E+31 -9.999860E+00 -1.999885E+00 -3.053960E-01 -3.053960E-01
    45    39804.7970    8.79803991  4.820945E+08  3.222910E+07  4.157555E+32
        7.622321E+00  2.507064E+01  7.814364E+00  0.0000000000  0.000000E+00
        3.591261E+31 -9.999860E+00 -1.999885E+00 -3.053960E-01 -3.053960E-01
    46    39213.1541    8.79863509  4.817643E+08  3.515732E+07  3.910464E+32
        7.609908E+00  2.507124E+01  7.814820E+00  0.0000000000  0.000000E+00
        2.798540E+31 -9.999860E+00 -1.999885E+00 -3.053960E-01 -3.053960E-01
    47    38623.6847    8.79922614  4.814366E+08  3.822219E+07  3.675572E+32
        7.597573E+00  2.507185E+01  7.815283E+00  0.0000000000  0.000000E+00
        2.181750E+31 -9.999860E+00 -1.999885E+00 -3.053960E-01 -3.053960E-01
    48    38047.9836    8.79980690  4.811148E+08  4.141147E+07  3.456655E+32
        7.585351E+00  2.507246E+01  7.815742E+00  0.0000000000  0.000000E+00
        1.703117E+31 -9.999860E+00 -1.999885E+00 -3.053960E-01 -3.053960E-01
    49    37478.7015    8.80037789  4.807986E+08  4.473844E+07  3.250099E+32
        7.573182E+00  2.507305E+01  7.816192E+00  0.0000000000  0.000000E+00
        1.330226E+31 -9.999860E+00 -1.999885E+00 -3.053960E-01 -3.053960E-01
    50    36918.5629    8.80093436  4.804907E+08  4.819467E+07  3.056195E+32
        7.561090E+00  2.507361E+01  7.816623E+00  0.0000000000  0.000000E+00
        1.040426E+31 -9.999860E+00 -1.999885E+00 -3.053960E-01 -3.053960E-01
    51    36367.5656    8.80147205  4.801933E+08  5.178218E+07  2.874228E+32
        7.549060E+00  2.507414E+01  7.817024E+00  0.0000000000  0.000000E+00
        8.149080E+30 -9.999860E+00 -1.999885E+00 -3.053960E-01 -3.053960E-01
    52    35825.6242    8.80198840  4.799080E+08  5.550119E+07  2.703479E+32
        7.537089E+00  2.507463E+01  7.817389E+00  0.0000000000  0.000000E+00
        6.393014E+30 -9.999860E+00 -1.999885E+00 -3.053960E-01 -3.053960E-01
    53    35292.6300    8.80248608  4.796331E+08  5.935214E+07  2.543234E+32
        7.525180E+00  2.507507E+01  7.817726E+00  0.0000000000  0.000000E+00
        5.024946E+30 -9.999860E+00 -1.999885E+00 -3.053960E-01 -3.053960E-01
    54    34768.1853    8.80296837  4.793668E+08  6.333785E+07  2.392743E+32
        7.513331E+00  2.507550E+01  7.818042E+00  0.0000000000  0.000000E+00
        3.957904E+30 -9.999860E+00 -1.999885E+00 -3.053960E-01 -3.053960E-01
    55    34252.2993    8.80343801  4.791077E+08  6.746126E+07  2.251424E+32
        7.501542E+00  2.507590E+01  7.818343E+00  0.0000000000  0.000000E+00
        3.124514E+30 -9.999860E+00 -1.999885E+00 -3.053960E-01 -3.053960E-01
    56    33744.5285    8.80389786  4.788541E+08  7.172689E+07  2.118614E+32
        7.489807E+00  2.507629E+01  7.818638E+00  0.0000000000  0.000000E+00
        2.472486E+30 -9.999860E+00 -1.999885E+00 -3.053960E-01 -3.053960E-01
    57    33244.8621    8.80435076  4.786045E+08  7.613851E+07  1.993810E+32
        7.478126E+00  2.507669E+01  7.818930E+00  0.0000000000  0.000000E+00
        1.961521E+30 -9.999860E+00 -1.999885E+00 -3.053960E-01 -3.053960E-01
    58    32753.2425    8.80479970  4.783572E+08  8.070106E+07  1.876523E+32
        7.466495E+00  2.507708E+01  7.819228E+00  0.0000000000  0.000000E+00
        1.560308E+30 -9.999860E+00 -1.999885E+00 -3.053960E-01 -3.053960E-01
    59    32269.1677    8.80523892  4.781154E+08  8.542004E+07  1.766235E+32
        7.454903E+00  2.507747E+01  7.819521E+00  0.0000000000  0.000000E+00
        1.244444E+30 -9.999860E+00 -1.999885E+00 -3.053960E-01 -3.053960E-01
    60    31792.5726    8.80566229  4.778824E+08  9.029675E+07  1.662558E+32
        7.443353E+00  2.507783E+01  7.819792E+00  0.0000000000  0.000000E+00
        9.953191E+29 -9.999860E+00 -1.999885E+00 -3.053960E-01 -3.053960E-01
    61    31323.6415    8.80607138  4.776574E+08  9.533238E+07  1.565143E+32
        7.431852E+00  2.507817E+01  7.820047E+00  0.0000000000  0.000000E+00
        7.985251E+29 -9.999860E+00 -1.999885E+00 -3.053960E-01 -3.053960E-01
    62    30862.7469    8.80646833  4.774391E+08  1.005326E+08  1.473690E+32
        7.420399E+00  2.507849E+01  7.820289E+00  0.0000000000  0.000000E+00
        6.426324E+29 -9.999860E+00 -1.999885E+00 -3.053960E-01 -3.053960E-01
    63    30409.1861    8.80685554  4.772263E+08  1.059047E+08  1.387714E+32
        7.408991E+00  2.507880E+01  7.820525E+00  0.0000000000  0.000000E+00
        5.187850E+29 -9.999860E+00 -1.999885E+00 -3.053960E-01 -3.053960E-01
    64    29963.1487    8.80723610  4.770173E+08  1.114543E+08  1.306923E+32
        7.397627E+00  2.507911E+01  7.820760E+00  0.0000000000  0.000000E+00
        4.201345E+29 -9.999860E+00 -1.999885E+00 -3.053960E-01 -3.053960E-01
    65    29524.7853    8.80761577  4.768088E+08  1.171893E+08  1.231027E+32
        7.386306E+00  2.507944E+01  7.821005E+00  0.0000000000  0.000000E+00
        3.413186E+29 -9.999860E+00 -1.999885E+00 -3.053960E-01 -3.053960E-01
    66    29093.6410    8.80800048  4.765977E+08  1.231197E+08  1.159653E+32
        7.375022E+00  2.507979E+01  7.821269E+00  0.0000000000  0.000000E+00
        2.781523E+29 -9.999860E+00 -1.999885E+00 -3.053960E-01 -3.053960E-01
    67    28669.0280    8.80838414  4.763872E+08  1.292553E+08  1.092456E+32
        7.363765E+00  2.508015E+01  7.821537E+00  0.0000000000  0.000000E+00
        2.273411E+29 -9.999860E+00 -1.999885E+00 -3.053960E-01 -3.053960E-01
    68    28250.8335    8.80876223  4.761799E+08  1.355982E+08  1.029198E+32
        7.352539E+00  2.508051E+01  7.821802E+00  0.0000000000  0.000000E+00
        1.863732E+29 -9.999860E+00 -1.999885E+00 -3.053960E-01 -3.053960E-01
    69    27839.1305    8.80913107  4.759777E+08  1.421518E+08  9.696788E+31
        7.341346E+00  2.508086E+01  7.822058E+00  0.0000000000  0.000000E+00
        1.532519E+29 -9.999860E+00 -1.999885E+00 -3.053960E-01 -3.053960E-01
    70    27433.7536    8.80948711  4.757826E+08  1.489202E+08  9.136716E+31
        7.330188E+00  2.508119E+01  7.822301E+00  0.0000000000  0.000000E+00
        1.263944E+29 -9.999860E+00 -1.999885E+00 -3.053960E-01 -3.053960E-01
    71    27034.6736    8.80982708  4.755965E+08  1.559069E+08  8.609813E+31
        7.319065E+00  2.508150E+01  7.822526E+00  0.0000000000  0.000000E+00
        1.045520E+29 -9.999860E+00 -1.999885E+00 -3.053960E-01 -3.053960E-01
    72    26641.9511    8.81014918  4.754201E+08  1.631157E+08  8.114303E+31
        7.307978E+00  2.508177E+01  7.822731E+00  0.0000000000  0.000000E+00
        8.673539E+28 -9.999860E+00 -1.999885E+00 -3.053960E-01 -3.053960E-01
    73    26255.9760    8.81045908  4.752505E+08  1.705509E+08  7.648740E+31
        7.296935E+00  2.508203E+01  7.822926E+00  0.0000000000  0.000000E+00
        7.216376E+28 -9.999860E+00 -1.999885E+00 -3.053960E-01 -3.053960E-01
    74    25877.4525    8.81076501  4.750832E+08  1.782241E+08  7.212027E+31
        7.285934E+00  2.508229E+01  7.823125E+00  0.0000000000  0.000000E+00
        6.020350E+28 -9.999860E+00 -1.999885E+00 -3.053960E-01 -3.053960E-01
    75    25505.6694    8.81106783  4.749176E+08  1.861523E+08  6.801667E+31
        7.274961E+00  2.508256E+01  7.823327E+00  0.0000000000  0.000000E+00
        5.034448E+28 -9.999860E+00 -1.999885E+00 -3.053960E-01 -3.053960E-01
    76    25140.8881    8.81136747  4.747538E+08  1.943420E+08  6.416398E+31
        7.264016E+00  2.508282E+01  7.823528E+00  0.0000000000  0.000000E+00
        4.219448E+28 -9.999860E+00 -1.999885E+00 -3.053960E-01 -3.053960E-01
    77    24782.9472    8.81166383  4.745918E+08  2.028014E+08  6.054584E+31
        7.253097E+00  2.508308E+01  7.823726E+00  0.0000000000  0.000000E+00
        3.543791E+28 -9.999860E+00 -1.999885E+00 -3.053960E-01 -3.053960E-01
    78    24431.2985    8.81195642  4.744320E+08  2.115368E+08  5.714340E+31
        7.242202E+00  2.508333E+01  7.823918E+00  0.0000000000  0.000000E+00
        2.982321E+28 -9.999860E+00 -1.999885E+00 -3.053960E-01 -3.053960E-01
    79    24085.9295    8.81224359  4.742751E+08  2.205519E+08  5.394440E+31
        7.231334E+00  2.508357E+01  7.824101E+00  0.0000000000  0.000000E+00
        2.514728E+28 -9.999860E+00 -1.999885E+00 -3.053960E-01 -3.053960E-01
    80    23746.1390    8.81252295  4.741226E+08  2.298523E+08  5.093137E+31
        7.220492E+00  2.508379E+01  7.824268E+00  0.0000000000  0.000000E+00
        2.124461E+28 -9.999860E+00 -1.999885E+00 -3.053960E-01 -3.053960E-01
    81    23412.2147    8.81279744  4.739728E+08  2.394388E+08  4.809599E+31
        7.209687E+00  2.508401E+01  7.824431E+00  0.0000000000  0.000000E+00
        1.798302E+28 -9.999860E+00 -1.999885E+00 -3.053960E-01 -3.053960E-01
    82    23083.5143    8.81307065  4.738238E+08  2.493240E+08  4.542274E+31
        7.198919E+00  2.508423E+01  7.824603E+00  0.0000000000  0.000000E+00
        1.525073E+28 -9.999860E+00 -1.999885E+00 -3.053960E-01 -3.053960E-01
    83    22759.8884    8.81334157  4.736760E+08  2.595168E+08  4.290177E+31
        7.188185E+00  2.508446E+01  7.824777E+00  0.0000000000  0.000000E+00
        1.295638E+28 -9.999860E+00 -1.999885E+00 -3.053960E-01 -3.053960E-01
    84    22441.3751    8.81360935  4.735300E+08  2.700247E+08  4.052517E+31
        7.177485E+00  2.508469E+01  7.824952E+00  0.0000000000  0.000000E+00
        1.102560E+28 -9.999860E+00 -1.999885E+00 -3.053960E-01 -3.053960E-01
    85    22128.0051    8.81387322  4.733861E+08  2.808557E+08  3.828531E+31
        7.166817E+00  2.508491E+01  7.825122E+00  0.0000000000  0.000000E+00
        9.397209E+27 -9.999860E+00 -1.999885E+00 -3.053960E-01 -3.053960E-01
    86    21819.7108    8.81413202  4.732451E+08  2.920178E+08  3.617431E+31
        7.156180E+00  2.508513E+01  7.825284E+00  0.0000000000  0.000000E+00
        8.020994E+27 -9.999860E+00 -1.999885E+00 -3.053960E-01 -3.053960E-01
    87    21516.3760    8.81438361  4.731081E+08  3.035177E+08  3.418450E+31
        7.145574E+00  2.508533E+01  7.825434E+00  0.0000000000  0.000000E+00
        6.855693E+27 -9.999860E+00 -1.999885E+00 -3.053960E-01 -3.053960E-01
    88    21217.6984    8.81462008  4.729793E+08  3.153603E+08  3.230794E+31
        7.134993E+00  2.508549E+01  7.825554E+00  0.0000000000  0.000000E+00
        5.866989E+27 -9.999860E+00 -1.999885E+00 -3.053960E-01 -3.053960E-01
    89    20923.7059    8.81483670  4.728613E+08  3.275419E+08  3.053894E+31
        7.124446E+00  2.508560E+01  7.825637E+00  0.0000000000  0.000000E+00
        5.027291E+27 -9.999860E+00 -1.999885E+00 -3.053960E-01 -3.053960E-01
    90    20634.6349    8.81503793  4.727518E+08  3.400634E+08  2.887258E+31
        7.113943E+00  2.508567E+01  7.825694E+00  0.0000000000  0.000000E+00
        4.313633E+27 -9.999860E+00 -1.999885E+00 -3.053960E-01 -3.053960E-01
    91    20350.3976    8.81522854  4.726481E+08  3.529395E+08  2.730231E+31
        7.103481E+00  2.508573E+01  7.825735E+00  0.0000000000  0.000000E+00
        3.705989E+27 -9.999860E+00 -1.999885E+00 -3.053960E-01 -3.053960E-01
    92    20070.9227    8.81541333  4.725475E+08  3.661862E+08  2.582215E+31
        7.093059E+00  2.508578E+01  7.825772E+00  0.0000000000  0.000000E+00
        3.187698E+27 -9.999860E+00 -1.999885E+00 -3.053960E-01 -3.053960E-01
    93    19796.1321    8.81559725  4.724475E+08  3.798199E+08  2.442645E+31
        7.082674E+00  2.508584E+01  7.825815E+00  0.0000000000  0.000000E+00
        2.744886E+27 -9.999860E+00 -1.999885E+00 -3.053960E-01 -3.053960E-01
    94    19525.9818    8.81578567  4.723450E+08  3.938573E+08  2.311012E+31
        7.072323E+00  2.508592E+01  7.825877E+00  0.0000000000  0.000000E+00
        2.365978E+27 -9.999860E+00 -1.999885E+00 -3.053960E-01 -3.053960E-01
    95    19260.4327    8.81598443  4.722369E+08  4.083162E+08  2.186835E+31
        7.062005E+00  2.508604E+01  7.825968E+00  0.0000000000  0.000000E+00
        2.041282E+27 -9.999860E+00 -1.999885E+00 -3.053960E-01 -3.053960E-01
    96    18999.3227    8.81619579  4.721220E+08  4.232157E+08  2.069631E+31
        7.051713E+00  2.508621E+01  7.826092E+00  0.0000000000  0.000000E+00
        1.762601E+27 -9.999860E+00 -1.999885E+00 -3.053960E-01 -3.053960E-01
    97    18676.1450    8.81647226  4.719718E+08  4.427157E+08  1.931137E+31
        7.038772E+00  2.508645E+01  7.826275E+00  0.0000000000  0.000000E+00
        1.466397E+27 -9.999860E+00 -1.999885E+00 -3.053960E-01 -3.053960E-01
    98    18227.0405    8.81687037  4.717555E+08  4.719657E+08  1.750373E+31
        7.020412E+00  2.508683E+01  7.826557E+00  0.0000000000  0.000000E+00
        1.130641E+27 -9.999860E+00 -1.999885E+00 -3.053960E-01 -3.053960E-01
    99    17765.2172    8.81727443  4.715361E+08  5.054720E+08  1.578134E+31
        7.003774E+00  2.508722E+01  7.826879E+00  0.0050435037 -2.195908E-03
        8.573651E+26 -9.999860E+00 -1.999885E+00 -3.053960E-01 -3.053960E-01
   100    17356.3500    8.81760868  4.713547E+08  5.422250E+08  1.436684E+31
        6.989427E+00  2.508751E+01  7.827091E+00  0.0301059033 -1.327568E-02
        6.697037E+26 -9.999860E+00 -1.999885E+00 -3.053960E-01 -3.053960E-01
   101    16944.6999    8.81791679  4.711875E+08  5.879149E+08  1.304233E+31
        6.970969E+00  2.508773E+01  7.827259E+00  0.0713634241 -3.215421E-02
        5.130304E+26 -9.999860E+00 -1.999885E+00 -3.053960E-01 -3.053960E-01
   102    16528.0080    8.81821479  4.710259E+08  6.406626E+08  1.179787E+31
        6.951036E+00  2.508793E+01  7.827414E+00  0.1239106943 -5.745162E-02
        3.851598E+26 -9.999860E+00 -1.999885E+00 -3.053960E-01 -3.053960E-01
   103    16120.7897    8.81850485  4.708686E+08  6.978047E+08  1.067030E+31
        6.931443E+00  2.508813E+01  7.827568E+00  0.1813787475 -8.691698E-02
        2.882194E+26 -9.999860E+00 -1.999885E+00 -3.053960E-01 -3.053960E-01
   104    15733.0434    8.81880248  4.707073E+08  7.591727E+08  9.673525E+30
        6.912710E+00  2.508837E+01  7.827749E+00  0.2380140716 -1.180530E-01
        2.175947E+26 -9.999860E+00 -1.999885E+00 -3.053960E-01 -3.053960E-01
   105    15331.2796    8.81914219  4.705232E+08  8.263782E+08  8.715809E+30
        6.892625E+00  2.508868E+01  7.827977E+00  0.2966027555 -1.527993E-01
        1.606027E+26 -9.999860E+00 -1.999885E+00 -3.053960E-01 -3.053960E-01
   106    14956.2658    8.81945886  4.703517E+08  8.944327E+08  7.888059E+30
        6.873731E+00  2.508895E+01  7.828172E+00  0.3496867570 -1.868774E-01
        1.205498E+26 -9.999860E+00 -1.999885E+00 -3.053960E-01 -3.053960E-01
   107    14583.0542    8.81975244  4.701928E+08  9.658911E+08  7.124884E+30
        6.854603E+00  2.508915E+01  7.828316E+00  0.4051405499 -2.255856E-01
        9.018859E+25 -9.999860E+00 -1.999885E+00 -3.053960E-01 -3.053960E-01
   108    14229.3717    8.82001385  4.700513E+08  1.037958E+09  6.454541E+30
        6.836064E+00  2.508930E+01  7.828423E+00  0.4569377127 -2.651504E-01
        6.785051E+25 -9.999860E+00 -1.999885E+00 -3.053960E-01 -3.053960E-01
   109    13900.4907    8.82025630  4.699201E+08  1.108654E+09  5.874901E+30
        6.818536E+00  2.508944E+01  7.828526E+00  0.4989074194 -3.000820E-01
        5.199697E+25 -9.999860E+00 -1.999885E+00 -3.053960E-01 -3.053960E-01
   110    13646.6057    8.82045859  4.698107E+08  1.163851E+09  5.454768E+30
        6.804728E+00  2.508957E+01  7.828626E+00  0.5357563877 -3.332541E-01
        4.200430E+25 -9.999860E+00 -1.999885E+00 -3.053960E-01 -3.053960E-01
   111    13438.1482    8.82063036  4.697178E+08  1.211109E+09  5.127004E+30
        6.793264E+00  2.508969E+01  7.828714E+00  0.5620288138 -3.585545E-01
        3.506543E+25 -9.999860E+00 -1.999885E+00 -3.053960E-01 -3.053960E-01
   112    13257.5748    8.82078303  4.696352E+08  1.255218E+09  4.855228E+30
        6.783212E+00  2.508979E+01  7.828793E+00  0.5829602119 -3.798225E-01
        2.989106E+25 -9.999860E+00 -1.999885E+00 -3.053960E-01 -3.053960E-01
   113    13067.7676    8.82094869  4.695456E+08  1.300106E+09  4.581347E+30
        6.772511E+00  2.508991E+01  7.828882E+00  0.6089532992 -4.077714E-01
        2.513775E+25 -9.999860E+00 -1.999885E+00 -3.053960E-01 -3.053960E-01
   114    12897.5091    8.82109734  4.694653E+08  1.342588E+09  4.345726E+30
        6.762804E+00  2.509001E+01  7.828959E+00  0.6295640543 -4.312869E-01
        2.145177E+25 -9.999860E+00 -1.999885E+00 -3.053960E-01 -3.053960E-01
   115    12728.7496    8.82124449  4.693858E+08  1.386217E+09  4.121305E+30
        6.753071E+00  2.509010E+01  7.829031E+00  0.6499699192 -4.558946E-01
        1.827946E+25 -9.999860E+00 -1.999885E+00 -3.053960E-01 -3.053960E-01
   116    12564.0269    8.82138185  4.693115E+08  1.430382E+09  3.910838E+30
        6.743458E+00  2.509018E+01  7.829091E+00  0.6651167655 -4.751066E-01
        1.558459E+25 -9.999860E+00 -1.999885E+00 -3.053960E-01 -3.053960E-01
   117    12393.5731    8.82152270  4.692354E+08  1.477130E+09  3.701687E+30
        6.733403E+00  2.509026E+01  7.829149E+00  0.6850716993 -5.017883E-01
        1.319118E+25 -9.999860E+00 -1.999885E+00 -3.053960E-01 -3.053960E-01
   118    12221.2252    8.82166813  4.691569E+08  1.525771E+09  3.498865E+30
        6.723110E+00  2.509035E+01  7.829216E+00  0.7047161735 -5.297603E-01
        1.114403E+25 -9.999860E+00 -1.999885E+00 -3.053960E-01 -3.053960E-01
   119    12049.3379    8.82181445  4.690779E+08  1.575443E+09  3.305024E+30
        6.712833E+00  2.509045E+01  7.829288E+00  0.7240117989 -5.591095E-01
        9.367524E+24 -9.999860E+00 -1.999885E+00 -3.053960E-01 -3.053960E-01
   120    11888.0601    8.82195272  4.690032E+08  1.625114E+09  3.130600E+30
        6.702839E+00  2.509054E+01  7.829352E+00  0.7382314927 -5.820826E-01
        7.935250E+24 -9.999860E+00 -1.999885E+00 -3.053960E-01 -3.053960E-01
   121    11717.1985    8.82209927  4.689241E+08  1.677673E+09  2.953467E+30
        6.692391E+00  2.509064E+01  7.829423E+00  0.7568242596 -6.140798E-01
        6.660059E+24 -9.999860E+00 -1.999885E+00 -3.053960E-01 -3.053960E-01
   122    11557.0018    8.82223597  4.688503E+08  1.730232E+09  2.794352E+30
        6.682205E+00  2.509073E+01  7.829485E+00  0.7704727221 -6.391657E-01
        5.609998E+24 -9.999860E+00 -1.999885E+00 -3.053960E-01 -3.053960E-01
   123    11372.3206    8.82239092  4.687666E+08  1.786919E+09  2.619038E+30
        6.670595E+00  2.509082E+01  7.829552E+00  0.7882450641 -6.741665E-01
        4.598620E+24 -9.999860E+00 -1.999885E+00 -3.053960E-01 -3.053960E-01
   124    11206.9666    8.82252471  4.686944E+08  1.840985E+09  2.469243E+30
        6.659801E+00  2.509089E+01  7.829601E+00  0.8012341207 -7.016582E-01
        3.839799E+24 -9.999860E+00 -1.999885E+00 -3.053960E-01 -3.053960E-01
   125    11043.4794    8.82264665  4.686286E+08  1.895052E+09  2.327627E+30
        6.649262E+00  2.509093E+01  7.829634E+00  0.8139135825 -7.302853E-01
        3.223811E+24 -9.999860E+00 -1.999885E+00 -3.053960E-01 -3.053960E-01
   126    10866.8791    8.82277297  4.685605E+08  1.955269E+09  2.181638E+30
        6.637618E+00  2.509097E+01  7.829659E+00  0.8303099477 -7.703436E-01
        2.643633E+24 -9.999860E+00 -1.999885E+00 -3.053960E-01 -3.053960E-01
   127    10699.0387    8.82288321  4.685010E+08  2.017846E+09  2.049425E+30
        6.626397E+00  2.509098E+01  7.829669E+00  0.8422040399 -8.019041E-01
        2.188327E+24 -9.999860E+00 -1.999885E+00 -3.053960E-01 -3.053960E-01
   128    10523.2348    8.82299906  4.684385E+08  2.086261E+09  1.917495E+30
        6.614292E+00  2.509100E+01  7.829679E+00  0.8537345527 -8.348583E-01
        1.784092E+24 -9.999860E+00 -1.999885E+00 -3.053960E-01 -3.053960E-01
   129    10334.0290    8.82312243  4.683720E+08  2.157108E+09  1.782759E+30
        6.601342E+00  2.509101E+01  7.829689E+00  0.8685150102 -8.811238E-01
        1.433562E+24 -9.999860E+00 -1.999885E+00 -3.053960E-01 -3.053960E-01
   130    10162.3605    8.82323796  4.683097E+08  2.224977E+09  1.666774E+30
        6.589260E+00  2.509103E+01  7.829706E+00  0.8791341896 -9.176965E-01
        1.171147E+24 -9.999860E+00 -1.999885E+00 -3.053960E-01 -3.053960E-01
   131     9989.3753    8.82336176  4.682430E+08  2.295819E+09  1.555707E+30
        6.576901E+00  2.509107E+01  7.829736E+00  0.8893358052 -9.559929E-01
        9.481712E+23 -9.999860E+00 -1.999885E+00 -3.053960E-01 -3.053960E-01
   132     9818.6214    8.82348853  4.681746E+08  2.368484E+09  1.451610E+30
        6.564488E+00  2.509112E+01  7.829772E+00  0.8991036618 -9.961246E-01
        7.692195E+23 -9.999860E+00 -1.999885E+00 -3.053960E-01 -3.053960E-01
   133     9649.4648    8.82361460  4.681067E+08  2.443220E+09  1.353738E+30
        6.551977E+00  2.509117E+01  7.829808E+00  0.9084215640 -1.038207E+00
        6.225725E+23 -9.999860E+00 -1.999885E+00 -3.053960E-01 -3.053960E-01
   134     9482.0839    8.82373773  4.680403E+08  2.519996E+09  1.261867E+30
        6.539375E+00  2.509122E+01  7.829843E+00  0.9172733165 -1.082354E+00
        5.027678E+23 -9.999860E+00 -1.999885E+00 -3.053960E-01 -3.053960E-01
   135     9316.3751    8.82385629  4.679765E+08  2.598865E+09  1.175622E+30
        6.526672E+00  2.509127E+01  7.829874E+00  0.9229075150 -1.112988E+00
        4.050761E+23 -9.999860E+00 -1.999885E+00 -3.053960E-01 -3.053960E-01
   136     9152.4152    8.82397060  4.679149E+08  2.679793E+09  1.094734E+30
        6.513873E+00  2.509131E+01  7.829904E+00  0.9309463616 -1.160813E+00
        3.281567E+23 -9.999860E+00 -1.999885E+00 -3.053960E-01 -3.053960E-01
   137     8982.5126    8.82408463  4.678535E+08  2.762761E+09  1.015414E+30
        6.500508E+00  2.509134E+01  7.829930E+00  0.9384758708 -1.210955E+00
        2.611812E+23 -9.999860E+00 -1.999885E+00 -3.053960E-01 -3.053960E-01
   138     8831.6652    8.82418488  4.677995E+08  2.843941E+09  9.486845E+29
        6.488149E+00  2.509138E+01  7.829959E+00  0.9432045807 -1.245687E+00
        2.122126E+23 -9.999860E+00 -1.999885E+00 -3.053960E-01 -3.053960E-01
   139     8672.0053    8.82429315  4.677412E+08  2.931617E+09  8.817009E+29
        6.475006E+00  2.509143E+01  7.830001E+00  0.9498492048 -1.299722E+00
        1.706852E+23 -9.999860E+00 -1.999885E+00 -3.053960E-01 -3.053960E-01
   140     8510.6978    8.82440328  4.676818E+08  3.019860E+09  8.176994E+29
        6.461603E+00  2.509149E+01  7.830049E+00  0.9559413039 -1.355968E+00
        1.355529E+23 -9.999860E+00 -1.999885E+00 -3.053960E-01 -3.053960E-01
   141     8366.2862    8.82450130  4.676291E+08  3.106079E+09  7.634241E+29
        6.449133E+00  2.509154E+01  7.830094E+00  0.9596877474 -1.394563E+00
        1.106089E+23 -9.999860E+00 -1.999885E+00 -3.053960E-01 -3.053960E-01
   142     8210.3382    8.82460595  4.675727E+08  3.197691E+09  7.079043E+29
        6.435717E+00  2.509159E+01  7.830136E+00  0.9648229820 -1.453741E+00
        8.817380E+22 -9.999860E+00 -1.999885E+00 -3.053960E-01 -3.053960E-01
   143     8068.0363    8.82469971  4.675223E+08  3.286056E+09  6.599453E+29
        6.422992E+00  2.509163E+01  7.830165E+00  0.9679165201 -1.493719E+00
        7.123782E+22 -9.999860E+00 -1.999885E+00 -3.053960E-01 -3.053960E-01
   144     7924.9677    8.82479122  4.674730E+08  3.375926E+09  6.142358E+29
        6.410241E+00  2.509165E+01  7.830181E+00  0.9707435740 -1.533779E+00
        5.765231E+22 -9.999860E+00 -1.999885E+00 -3.053960E-01 -3.053960E-01
   145     7790.8628    8.82487848  4.674261E+08  3.464150E+09  5.735880E+29
        6.397943E+00  2.509167E+01  7.830194E+00  0.9745240151 -1.593869E+00
        4.685538E+22 -9.999860E+00 -1.999885E+00 -3.053960E-01 -3.053960E-01
   146     7665.0572    8.82495999  4.673822E+08  3.552298E+09  5.373261E+29
        6.386107E+00  2.509168E+01  7.830204E+00  0.9767688454 -1.633929E+00
        3.853350E+22 -9.999860E+00 -1.999885E+00 -3.053960E-01 -3.053960E-01
   147     7536.0069    8.82504519  4.673363E+08  3.642089E+09  5.019452E+29
        6.373983E+00  2.509170E+01  7.830214E+00  0.9797707155 -1.694019E+00
        3.145957E+22 -9.999860E+00 -1.999885E+00 -3.053960E-01 -3.053960E-01
   148     7418.4436    8.82512449  4.672937E+08  3.727323E+09  4.712626E+29
        6.362641E+00  2.509171E+01  7.830223E+00  0.9815532295 -1.734080E+00
        2.616737E+22 -9.999860E+00 -1.999885E+00 -3.053960E-01 -3.053960E-01
   149     7307.8246    8.82520312  4.672514E+08  3.810844E+09  4.436961E+29
        6.351682E+00  2.509172E+01  7.830231E+00  0.9831786762 -1.774140E+00
        2.178744E+22 -9.999860E+00 -1.999885E+00 -3.053960E-01 -3.053960E-01
   150     7202.1431    8.82528095  4.672095E+08  3.891635E+09  4.185066E+29
        6.341208E+00  2.509173E+01  7.830240E+00  0.9846608956 -1.814200E+00
        1.835664E+22 -9.999860E+00 -1.999885E+00 -3.053960E-01 -3.053960E-01
   151     7103.1541    8.82535643  4.671689E+08  3.968585E+09  3.958994E+29
        6.331191E+00  2.509174E+01  7.830248E+00  0.9860125082 -1.854260E+00
        1.549828E+22 -9.999860E+00 -1.999885E+00 -3.053960E-01 -3.053960E-01
   152     7015.6314    8.82542236  4.671335E+08  4.041524E+09  3.766873E+29
        6.321955E+00  2.509175E+01  7.830251E+00  0.9866429742 -1.874290E+00
        1.330979E+22 -9.999860E+00 -1.999885E+00 -3.053960E-01 -3.053960E-01
   153     6926.8154    8.82548940  4.670974E+08  4.115554E+09  3.579162E+29
        6.312530E+00  2.509175E+01  7.830251E+00  0.9872450227 -1.894320E+00
        1.140402E+22 -9.999860E+00 -1.999885E+00 -3.053960E-01 -3.053960E-01
   154     6843.9157    8.82555338  4.670630E+08  4.186439E+09  3.410370E+29
        6.303424E+00  2.509175E+01  7.830250E+00  0.9872450227 -1.894320E+00
        9.828995E+21 -9.999860E+00 -1.999885E+00 -3.053960E-01 -3.053960E-01
   155     6768.6586    8.82561502  4.670299E+08  4.255004E+09  3.262359E+29
        6.294662E+00  2.509174E+01  7.830248E+00  0.9878199348 -1.914350E+00
        8.544370E+21 -9.999860E+00 -1.999885E+00 -3.053960E-01 -3.053960E-01
   156     6700.8443    8.82567389  4.669982E+08  4.323082E+09  3.133145E+29
        6.286172E+00  2.509174E+01  7.830247E+00  0.9878199348 -1.914350E+00
        7.436963E+21 -9.999860E+00 -1.999885E+00 -3.053960E-01 -3.053960E-01
   157     6633.8355    8.82573604  4.669648E+08  4.392639E+09  3.009255E+29
        6.277372E+00  2.509174E+01  7.830246E+00  0.9878199348 -1.914350E+00
        6.438011E+21 -9.999860E+00 -1.999885E+00 -3.053960E-01 -3.053960E-01
   158     6574.2804    8.82579470  4.669333E+08  4.459930E+09  2.902248E+29
        6.268838E+00  2.509174E+01  7.830248E+00  0.9878199348 -1.914350E+00
        5.613941E+21 -9.999860E+00 -1.999885E+00 -3.053960E-01 -3.053960E-01
   159     6517.7167    8.82585374  4.669015E+08  4.528451E+09  2.803267E+29
        6.260120E+00  2.509175E+01  7.830252E+00  0.9883689334 -1.934380E+00
        4.866474E+21 -9.999860E+00 -1.999885E+00 -3.053960E-01 -3.053960E-01
   160     6463.6686    8.82591118  4.668706E+08  4.598272E+09  2.711074E+29
        6.251187E+00  2.509176E+01  7.830256E+00  0.9883689334 -1.934380E+00
        4.204522E+21 -9.999860E+00 -1.999885E+00 -3.053960E-01 -3.053960E-01
   161     6405.4486    8.82597287  4.668375E+08  4.678272E+09  2.614337E+29
        6.240858E+00  2.509176E+01  7.830260E+00  0.9883689334 -1.934380E+00
        3.554651E+21 -9.999860E+00 -1.999885E+00 -3.053960E-01 -3.053960E-01
   162     6326.0501    8.82605785  4.667918E+08  4.798272E+09  2.486617E+29
        6.225289E+00  2.509176E+01  7.830262E+00  0.9883689334 -1.934380E+00
        2.758246E+21 -9.999860E+00 -1.999885E+00 -3.053960E-01 -3.053960E-01
   163     6235.3513    8.82616087  4.667365E+08  4.948706E+09  2.346492E+29
        6.204855E+00  2.509177E+01  7.830263E+00  0.9883689334 -1.934380E+00
        1.978285E+21 -9.999860E+00 -1.999885E+00 -3.053960E-01 -3.053960E-01
   164     6155.3580    8.82625992  4.666832E+08  5.097101E+09  2.227869E+29
        6.183782E+00  2.509177E+01  7.830267E+00  0.9883689334 -1.934380E+00
        1.405218E+21 -9.999860E+00 -1.999885E+00 -3.053960E-01 -3.053960E-01
   165     6078.6810    8.82635591  4.666317E+08  5.244203E+09  2.118448E+29
        6.161786E+00  2.509178E+01  7.830276E+00  0.9888931867 -1.954411E+00
        9.831315E+20 -9.999860E+00 -1.999885E+00 -3.053960E-01 -3.053960E-01
   166     6002.5557    8.82644482  4.665839E+08  5.387531E+09  2.013892E+29
        6.139149E+00  2.509180E+01  7.830285E+00  0.9888931867 -1.954411E+00
        6.798855E+20 -9.999860E+00 -1.999885E+00 -3.053960E-01 -3.053960E-01
   167     5928.7080    8.82652751  4.665395E+08  5.525312E+09  1.916236E+29
        6.116423E+00  2.509181E+01  7.830293E+00  0.9888931867 -1.954411E+00
        4.703837E+20 -9.999860E+00 -1.999885E+00 -3.053960E-01 -3.053960E-01
   168     5854.8679    8.82661054  4.664949E+08  5.658330E+09  1.822192E+29
        6.092705E+00  2.509182E+01  7.830301E+00  0.9888931867 -1.954411E+00
        3.208334E+20 -9.999860E+00 -1.999885E+00 -3.053960E-01 -3.053960E-01
   169     5785.4362    8.82668993  4.664522E+08  5.781012E+09  1.736964E+29
        6.069326E+00  2.509182E+01  7.830306E+00  0.9888931867 -1.954411E+00
        2.202359E+20 -9.999860E+00 -1.999885E+00 -3.053960E-01 -3.053960E-01
   170     5716.3651    8.82676425  4.664123E+08  5.895712E+09  1.655205E+29
        6.045981E+00  2.509183E+01  7.830309E+00  0.9888931867 -1.954411E+00
        1.510600E+20 -9.999860E+00 -1.999885E+00 -3.053960E-01 -3.053960E-01
   171     5645.7989    8.82683057  4.663767E+08  6.002436E+09  1.574735E+29
        6.022779E+00  2.509183E+01  7.830313E+00  0.9893938100 -1.974441E+00
        1.038868E+20 -9.999860E+00 -1.999885E+00 -3.053960E-01 -3.053960E-01
   172     5574.5223    8.82689015  4.663447E+08  6.101428E+09  1.496500E+29
        5.999803E+00  2.509184E+01  7.830317E+00  0.9893938100 -1.974441E+00
        7.155760E+19 -9.999860E+00 -1.999885E+00 -3.053960E-01 -3.053960E-01
   173     5504.7315    8.82694661  4.663144E+08  6.193297E+09  1.422769E+29
        5.977084E+00  2.509185E+01  7.830322E+00  0.9893938100 -1.974441E+00
        4.947038E+19 -9.999860E+00 -1.999885E+00 -3.053960E-01 -3.053960E-01
   174     5438.3728    8.82699688  4.662874E+08  6.278574E+09  1.355237E+29
        5.955254E+00  2.509185E+01  7.830327E+00  0.9893938100 -1.974441E+00
        3.465347E+19 -9.999860E+00 -1.999885E+00 -3.053960E-01 -3.053960E-01
   175     5366.8499    8.82704475  4.662617E+08  6.360504E+09  1.285196E+29
        5.932252E+00  2.509186E+01  7.830330E+00  0.9893938100 -1.974441E+00
        2.379158E+19 -9.999860E+00 -1.999885E+00 -3.053960E-01 -3.053960E-01
   176     5296.0988    8.82708448  4.662404E+08  6.434008E+09  1.218642E+29
        5.910298E+00  2.509186E+01  7.830330E+00  0.9893938100 -1.974441E+00
        1.659845E+19 -9.999860E+00 -1.999885E+00 -3.053960E-01 -3.053960E-01
   177     5222.1150    8.82711963  4.662215E+08  6.502778E+09  1.151867E+29
        5.888591E+00  2.509186E+01  7.830329E+00  0.9893938100 -1.974441E+00
        1.161016E+19 -9.999860E+00 -1.999885E+00 -3.053960E-01 -3.053960E-01
   178     5144.4851    8.82715244  4.662039E+08  6.567516E+09  1.084805E+29
        5.867066E+00  2.509186E+01  7.830330E+00  0.9898718684 -1.994471E+00
        8.139449E+18 -9.999860E+00 -1.999885E+00 -3.053960E-01 -3.053960E-01
   179     5064.3740    8.82718285  4.661876E+08  6.628721E+09  1.018724E+29
        5.845651E+00  2.509186E+01  7.830331E+00  0.9898718684 -1.994471E+00
        5.711271E+18 -9.999860E+00 -1.999885E+00 -3.053960E-01 -3.053960E-01
   180     4983.9314    8.82720918  4.661735E+08  6.686699E+09  9.554663E+28
        5.824399E+00  2.509186E+01  7.830331E+00  0.9898718684 -1.994471E+00
        4.011877E+18 -9.999860E+00 -1.999885E+00 -3.053960E-01 -3.053960E-01
   181     4904.5314    8.82723311  4.661606E+08  6.741635E+09  8.959696E+28
        5.803349E+00  2.509186E+01  7.830330E+00  0.9898718684 -1.994471E+00
        2.825078E+18 -9.999860E+00 -1.999885E+00 -3.053960E-01 -3.053960E-01
   182     4831.4577    8.82725489  4.661490E+08  6.793658E+09  8.437118E+28
        5.783714E+00  2.509186E+01  7.830330E+00  0.9898718684 -1.994471E+00
        2.035827E+18 -9.999860E+00 -1.999885E+00 -3.053960E-01 -3.053960E-01
   183     4747.6897    8.82727882  4.661361E+08  6.846265E+09  7.866595E+28
        5.761714E+00  2.509186E+01  7.830331E+00  0.9898718684 -1.994471E+00
        1.406652E+18 -9.999860E+00 -1.999885E+00 -3.053960E-01 -3.053960E-01
   184     4669.9045    8.82729846  4.661256E+08  6.892868E+09  7.363255E+28
        5.741391E+00  2.509186E+01  7.830331E+00  0.9898718684 -1.994471E+00
        9.992501E+17 -9.999860E+00 -1.999885E+00 -3.053960E-01 -3.053960E-01
   185     4591.7307    8.82731719  4.661155E+08  6.937644E+09  6.882160E+28
        5.721150E+00  2.509186E+01  7.830331E+00  0.9903283790 -2.014501E+00
        7.100096E+17 -9.999860E+00 -1.999885E+00 -3.053960E-01 -3.053960E-01
   186     4513.2389    8.82733479  4.661061E+08  6.980936E+09  6.423250E+28
        5.700857E+00  2.509186E+01  7.830331E+00  0.9903283790 -2.014501E+00
        5.032732E+17 -9.999860E+00 -1.999885E+00 -3.053960E-01 -3.053960E-01
   187     4435.0959    8.82735034  4.660977E+08  7.022825E+09  5.989602E+28
        5.680506E+00  2.509186E+01  7.830331E+00  0.9903283790 -2.014501E+00
        3.560787E+17 -9.999860E+00 -1.999885E+00 -3.053960E-01 -3.053960E-01
   188     4365.9484    8.82736228  4.660913E+08  7.063348E+09  5.624558E+28
        5.662066E+00  2.509186E+01  7.830331E+00  0.9903283790 -2.014501E+00
        2.600513E+17 -9.999860E+00 -1.999885E+00 -3.053960E-01 -3.053960E-01
   189     4282.2398    8.82737633  4.660838E+08  7.106914E+09  5.205278E+28
        5.639576E+00  2.509186E+01  7.830331E+00  0.9903283790 -2.014501E+00
        1.768244E+17 -9.999860E+00 -1.999885E+00 -3.053960E-01 -3.053960E-01
   190     4209.6183    8.82738992  4.660765E+08  7.144920E+09  4.860906E+28
        5.619313E+00  2.509186E+01  7.830331E+00  0.9903283790 -2.014501E+00
        1.248163E+17 -9.999860E+00 -1.999885E+00 -3.053960E-01 -3.053960E-01
   191     4137.6572    8.82740283  4.660696E+08  7.181955E+09  4.536819E+28
        5.598716E+00  2.509186E+01  7.830331E+00  0.9907643130 -2.034531E+00
        8.746276E+16 -9.999860E+00 -1.999885E+00 -3.053960E-01 -3.053960E-01
   192     4067.0754    8.82741295  4.660641E+08  7.217524E+09  4.234989E+28
        5.578332E+00  2.509186E+01  7.830331E+00  0.9907643130 -2.034531E+00
        6.144859E+16 -9.999860E+00 -1.999885E+00 -3.053960E-01 -3.053960E-01
   193     4005.2562    8.82742130  4.660596E+08  7.252339E+09  3.983237E+28
        5.560437E+00  2.509186E+01  7.830331E+00  0.9907643130 -2.034531E+00
        4.505416E+16 -9.999860E+00 -1.999885E+00 -3.053960E-01 -3.053960E-01
   194     3921.4218    8.82743402  4.660528E+08  7.291689E+09  3.659961E+28
        5.536580E+00  2.509186E+01  7.830331E+00  0.9911805978 -2.054561E+00
        2.972155E+16 -9.999860E+00 -1.999885E+00 -3.053960E-01 -3.053960E-01
   195     3848.0139    8.82744265  4.660482E+08  7.325197E+09  3.393440E+28
        5.515711E+00  2.509186E+01  7.830331E+00  0.9911805978 -2.054561E+00
        2.066388E+16 -9.999860E+00 -1.999885E+00 -3.053960E-01 -3.053960E-01
   196     3784.7932    8.82744867  4.660450E+08  7.358345E+09  3.175823E+28
        5.497742E+00  2.509186E+01  7.830331E+00  0.9911805978 -2.054561E+00
        1.511899E+16 -9.999860E+00 -1.999885E+00 -3.053960E-01 -3.053960E-01
   197     3705.4568    8.82745706  4.660405E+08  7.393183E+09  2.917738E+28
        5.475237E+00  2.509186E+01  7.830331E+00  0.9915781192 -2.074591E+00
        1.021697E+16 -9.999860E+00 -1.999885E+00 -3.053960E-01 -3.053960E-01
   198     3641.4968    8.82746432  4.660366E+08  7.425955E+09  2.721396E+28
        5.456961E+00  2.509186E+01  7.830331E+00  0.9915781192 -2.074591E+00
        7.444192E+15 -9.999860E+00 -1.999885E+00 -3.053960E-01 -3.053960E-01
   199     3550.8191    8.82747358  4.660316E+08  7.464613E+09  2.460237E+28
        5.431000E+00  2.509186E+01  7.830332E+00  0.9919577228 -2.094621E+00
        4.748922E+15 -9.999860E+00 -1.999885E+00 -3.053960E-01 -3.053960E-01
   200     3470.5519    8.82747958  4.660284E+08  7.503272E+09  2.245178E+28
        5.407786E+00  2.509186E+01  7.830331E+00  0.9923202164 -2.114651E+00
        3.186150E+15 -9.999860E+00 -1.999885E+00 -3.053960E-01 -3.053960E-01
   201     3393.2195    8.82748711  4.660243E+08  7.540304E+09  2.051620E+28
        5.385285E+00  2.509186E+01  7.830332E+00  0.9929969232 -2.154711E+00
        2.168159E+15 -9.999860E+00 -1.999885E+00 -3.053960E-01 -3.053960E-01
   202     3326.0791    8.82749322  4.660211E+08  7.577561E+09  1.893971E+28
        5.365629E+00  2.509186E+01  7.830332E+00  0.9933125762 -2.174741E+00
        1.553079E+15 -9.999860E+00 -1.999885E+00 -3.053960E-01 -3.053960E-01
   203     3250.8871    8.82749913  4.660179E+08  7.621094E+09  1.728402E+28
        5.343428E+00  2.509186E+01  7.830332E+00  0.9941767057 -2.234831E+00
        1.034027E+15 -9.999860E+00 -1.999885E+00 -3.053960E-01 -3.053960E-01
   204     3173.3549    8.82750635  4.660140E+08  7.666750E+09  1.569295E+28
        5.320310E+00  2.509186E+01  7.830332E+00  0.9951577339 -2.314951E+00
        6.831892E+14 -9.999860E+00 -1.999885E+00 -3.053960E-01 -3.053960E-01
   205     3082.0194    8.82751641  4.660086E+08  7.713393E+09  1.396244E+28
        5.292679E+00  2.509186E+01  7.830332E+00  0.9963282875 -2.435131E+00
        4.209510E+14 -9.999860E+00 -1.999885E+00 -3.053960E-01 -3.053960E-01
   206     2995.3958    8.82752288  4.660051E+08  7.755372E+09  1.245748E+28
        5.265985E+00  2.509186E+01  7.830332E+00  0.9972158739 -2.555311E+00
        2.655555E+14 -9.999860E+00 -1.999885E+00 -3.053960E-01 -3.053960E-01
   207     2915.6105    8.82752996  4.660014E+08  7.793421E+09  1.118213E+28
        5.240904E+00  2.509186E+01  7.830333E+00  0.9978888969 -2.675491E+00
        1.738534E+14 -9.999860E+00 -1.999885E+00 -3.053960E-01 -3.053960E-01
   208     2829.2984    8.82753865  4.659967E+08  7.830324E+09  9.915455E+27
        5.213092E+00  2.509186E+01  7.830333E+00  0.9983992248 -2.795670E+00
        1.097005E+14 -9.999860E+00 -1.999885E+00 -3.053960E-01 -3.053960E-01
   209     2737.5412    8.82754629  4.659926E+08  7.862721E+09  8.690258E+27
        5.182720E+00  2.509186E+01  7.830333E+00  0.9988408968 -2.935878E+00
        6.678762E+13 -9.999860E+00 -1.999885E+00 -3.053960E-01 -3.053960E-01
   210     2657.3434    8.82755437  4.659883E+08  7.888963E+09  7.715653E+27
        5.155333E+00  2.509186E+01  7.830333E+00  0.9991607047 -3.076085E+00
        4.313693E+13 -9.999860E+00 -1.999885E+00 -3.053960E-01 -3.053960E-01
   211     2582.2687    8.82756101  4.659847E+08  7.912463E+09  6.879882E+27
        5.128831E+00  2.509186E+01  7.830333E+00  0.9993635883 -3.196262E+00
        2.849647E+13 -9.999860E+00 -1.999885E+00 -3.053960E-01 -3.053960E-01
   212     2505.7179    8.82756587  4.659821E+08  7.934211E+09  6.099568E+27
        5.100954E+00  2.509186E+01  7.830333E+00  0.9995391775 -3.336466E+00
        1.855591E+13 -9.999860E+00 -1.999885E+00 -3.053960E-01 -3.053960E-01
   213     2432.6938    8.82757019  4.659798E+08  7.953292E+09  5.418959E+27
        5.073396E+00  2.509186E+01  7.830333E+00  0.9996505699 -3.456640E+00
        1.221479E+13 -9.999860E+00 -1.999885E+00 -3.053960E-01 -3.053960E-01
   214     2362.1556    8.82757457  4.659774E+08  7.970199E+09  4.817212E+27
        5.045798E+00  2.509186E+01  7.830333E+00  0.9997469763 -3.596839E+00
        8.094499E+12 -9.999860E+00 -1.999885E+00 -3.053960E-01 -3.053960E-01
   215     2293.4592    8.82757724  4.659760E+08  7.985126E+09  4.280782E+27
        5.018024E+00  2.509186E+01  7.830333E+00  0.9998167828 -3.737034E+00
        5.380092E+12 -9.999860E+00 -1.999885E+00 -3.053960E-01 -3.053960E-01
   216     2231.5971    8.82757996  4.659745E+08  7.998167E+09  3.837245E+27
        4.991966E+00  2.509186E+01  7.830333E+00  0.9998610674 -3.857196E+00
        3.684151E+12 -9.999860E+00 -1.999885E+00 -3.053960E-01 -3.053960E-01
   217     2168.9601    8.82758335  4.659727E+08  8.010304E+09  3.424201E+27
        4.964677E+00  2.509186E+01  7.830333E+00  0.9998993943 -3.997378E+00
        2.487335E+12 -9.999860E+00 -1.999885E+00 -3.053960E-01 -3.053960E-01
   218     2109.1327    8.82758596  4.659713E+08  8.021032E+09  3.061724E+27
        4.937649E+00  2.509186E+01  7.830333E+00  0.9999271463 -4.137548E+00
        1.690101E+12 -9.999860E+00 -1.999885E+00 -3.053960E-01 -3.053960E-01
   219     2053.9618    8.82758845  4.659700E+08  8.030562E+09  2.753704E+27
        4.911650E+00  2.509186E+01  7.830333E+00  0.9999447519 -4.257682E+00
        1.169190E+12 -9.999860E+00 -1.999885E+00 -3.053960E-01 -3.053960E-01
   220     1999.0303    8.82759117  4.659685E+08  8.039354E+09  2.470715E+27
        4.884870E+00  2.509186E+01  7.830333E+00  0.9999599889 -4.397820E+00
        8.015903E+11 -9.999860E+00 -1.999885E+00 -3.053960E-01 -3.053960E-01
   221     1946.9950    8.82759335  4.659673E+08  8.047186E+09  2.223321E+27
        4.858540E+00  2.509186E+01  7.830333E+00  0.9999710219 -4.537930E+00
        5.539802E+11 -9.999860E+00 -1.999885E+00 -3.053960E-01 -3.053960E-01
   222     1896.7152    8.82759614  4.659658E+08  8.054253E+09  2.002390E+27
        4.832195E+00  2.509186E+01  7.830333E+00  0.9999790106 -4.678001E+00
        3.832427E+11 -9.999860E+00 -1.999885E+00 -3.053960E-01 -3.053960E-01
   223     1848.9463    8.82760908  4.659589E+08  8.060595E+09  1.808108E+27
        4.805952E+00  2.509186E+01  7.830333E+00  0.9999840787 -4.798020E+00
        2.656887E+11 -9.999860E+00 -1.999885E+00 -3.053960E-01 -3.053960E-01
   224     1804.2438    8.82762655  4.659495E+08  8.066299E+09  1.639421E+27
        4.779999E+00  2.509186E+01  7.830333E+00  0.9999884649 -4.937977E+00
        1.850985E+11 -9.999860E+00 -1.999885E+00 -3.053960E-01 -3.053960E-01
   225     1761.4691    8.82763607  4.659444E+08  8.071466E+09  1.489362E+27
        4.753952E+00  2.509186E+01  7.830333E+00  0.9999916408 -5.077837E+00
        1.288514E+11 -9.999860E+00 -1.999885E+00 -3.053960E-01 -3.053960E-01
   226     1720.4695    8.82763600  4.659445E+08  8.076094E+09  1.355465E+27
        4.727785E+00  2.509186E+01  7.830333E+00  0.9999939405 -5.217564E+00
        8.958221E+10 -9.999860E+00 -1.999885E+00 -3.053960E-01 -3.053960E-01
   227     1681.8338    8.82763411  4.659455E+08  8.080200E+09  1.237755E+27
        4.701935E+00  2.509186E+01  7.830333E+00  0.9999956057 -5.357108E+00
        6.257604E+10 -9.999860E+00 -1.999885E+00 -3.053960E-01 -3.053960E-01
   228     1645.1496    8.82763218  4.659465E+08  8.083873E+09  1.133250E+27
        4.676286E+00  2.509186E+01  7.830333E+00  0.9999968114 -5.496399E+00
        4.384394E+10 -9.999860E+00 -1.999885E+00 -3.053960E-01 -3.053960E-01
   229     1609.8786    8.82762731  4.659491E+08  8.087169E+09  1.039158E+27
        4.650396E+00  2.509186E+01  7.830333E+00  0.9999976844 -5.635343E+00
        3.061985E+10 -9.999860E+00 -1.999885E+00 -3.053960E-01 -3.053960E-01
   230     1577.5264    8.82762089  4.659526E+08  8.090086E+09  9.581245E+26
        4.624696E+00  2.509186E+01  7.830333E+00  0.9999983166 -5.773810E+00
        2.144559E+10 -9.999860E+00 -1.999885E+00 -3.053960E-01 -3.053960E-01
   231     1546.2990    8.82761741  4.659544E+08  8.092678E+09  8.844896E+26
        4.599242E+00  2.509186E+01  7.830333E+00  0.9999987743 -5.911624E+00
        1.507335E+10 -9.999860E+00 -1.999885E+00 -3.053960E-01 -3.053960E-01
   232     1515.4981    8.82761442  4.659560E+08  8.094997E+09  8.161001E+26
        4.573646E+00  2.509186E+01  7.830333E+00  0.9999991058 -6.048547E+00
        1.057482E+10 -9.999860E+00 -1.999885E+00 -3.053960E-01 -3.053960E-01
   233     1485.5347    8.82761160  4.659576E+08  8.097051E+09  7.534526E+26
        4.548183E+00  2.509186E+01  7.830333E+00  0.9999993458 -6.184257E+00
        7.433196E+09 -9.999860E+00 -1.999885E+00 -3.053960E-01 -3.053960E-01
