============================================================================
  #Mod      Teff         Log(g)           R            Age            L
           Log(Tc)       Log(Pc)      Log(rhoc)       Mx/M         Log(qx)
             Lnu        Log(H/*)      Log(He/*)     Log(C/*)      Log(O/*)
============================================================================
     1    90123.4993    7.32540011  1.857535E+09  0.000000E+00  1.622028E+35
        7.959158E+00  2.284563E+01  6.275984E+00  0.0000000000  0.000000E+00
        6.420697E+34 -3.999873E+00 -1.999887E+00 -3.054398E-01 -3.054398E-01
     2    81961.4112    7.40180420  1.701120E+09  7.000000E+04  9.305502E+34
        7.951235E+00  2.286155E+01  6.286562E+00  0.0000000000  0.000000E+00
        6.174797E+34 -3.999873E+00 -1.999887E+00 -3.054398E-01 -3.054398E-01
     3    77604.4709    7.44460007  1.619337E+09  1.400000E+05  6.777245E+34
        7.943291E+00  2.287473E+01  6.295340E+00  0.0000000000  0.000000E+00
        5.843325E+34 -3.999873E+00 -1.999887E+00 -3.054398E-01 -3.054398E-01
     4    74488.5092    7.47533588  1.563037E+09  2.100000E+05  5.359540E+34
        7.935541E+00  2.288613E+01  6.302946E+00  0.0000000000  0.000000E+00
        5.485267E+34 -3.999873E+00 -1.999887E+00 -3.054398E-01 -3.054398E-01
     5    72008.2559    7.49961800  1.519946E+09  2.800000E+05  4.426062E+34
        7.928075E+00  2.289618E+01  6.309664E+00  0.0000000000  0.000000E+00
        5.126287E+34 -3.999873E+00 -1.999887E+00 -3.054398E-01 -3.054398E-01
     6    69917.1199    7.51979970  1.485037E+09  3.500000E+05  3.755266E+34
        7.920922E+00  2.290516E+01  6.315664E+00  0.0000000000  0.000000E+00
        4.779132E+34 -3.999873E+00 -1.999887E+00 -3.054398E-01 -3.054398E-01
     7    67891.0942    7.53903317  1.452515E+09  4.288877E+05  3.193922E+34
        7.913282E+00  2.291418E+01  6.321701E+00  0.0000000000  0.000000E+00
        4.411052E+34 -3.999873E+00 -1.999887E+00 -3.054398E-01 -3.054398E-01
     8    65886.3033    7.55769911  1.421633E+09  5.186182E+05  2.713862E+34
        7.905132E+00  2.292332E+01  6.327820E+00  0.0000000000  0.000000E+00
        4.028095E+34 -3.999873E+00 -1.999887E+00 -3.054398E-01 -3.054398E-01
     9    63923.0359    7.57554971  1.392715E+09  6.185524E+05  2.307736E+34
        7.896681E+00  2.293233E+01  6.333858E+00  0.0000000000  0.000000E+00
        3.645859E+34 -3.999873E+00 -1.999887E+00 -3.054398E-01 -3.054398E-01
    10    62016.2513    7.59240092  1.365956E+09  7.277382E+05  1.966652E+34
        7.888124E+00  2.294101E+01  6.339670E+00  0.0000000000  0.000000E+00
        3.277705E+34 -3.999873E+00 -1.999887E+00 -3.054398E-01 -3.054398E-01
    11    60181.9288    7.60811042  1.341473E+09  8.448877E+05  1.682133E+34
        7.879641E+00  2.294917E+01  6.345143E+00  0.0000000000  0.000000E+00
        2.933731E+34 -3.999873E+00 -1.999887E+00 -3.054398E-01 -3.054398E-01
    12    58432.5784    7.62261794  1.319253E+09  9.688690E+05  1.445801E+34
        7.871358E+00  2.295673E+01  6.350217E+00  0.0000000000  0.000000E+00
        2.619431E+34 -3.999873E+00 -1.999887E+00 -3.054398E-01 -3.054398E-01
    13    56777.7452    7.63596067  1.299143E+09  1.099128E+06  1.249851E+34
        7.863338E+00  2.296369E+01  6.354895E+00  0.0000000000  0.000000E+00
        2.336304E+34 -3.999873E+00 -1.999887E+00 -3.054398E-01 -3.054398E-01
    14    55220.6859    7.64827979  1.280847E+09  1.236158E+06  1.087010E+34
        7.855578E+00  2.297016E+01  6.359243E+00  0.0000000000  0.000000E+00
        2.082701E+34 -3.999873E+00 -1.999887E+00 -3.054398E-01 -3.054398E-01
    15    53716.6997    7.65987261  1.263865E+09  1.381634E+06  9.477002E+33
        7.848004E+00  2.297623E+01  6.363321E+00  0.0000000000  0.000000E+00
        1.854341E+34 -3.999873E+00 -1.999887E+00 -3.054398E-01 -3.054398E-01
    16    52267.1495    7.67071728  1.248184E+09  1.534389E+06  8.285224E+33
        7.840683E+00  2.298185E+01  6.367103E+00  0.0000000000  0.000000E+00
        1.651310E+34 -3.999873E+00 -1.999887E+00 -3.054398E-01 -3.054398E-01
    17    50874.0385    7.68083667  1.233726E+09  1.693966E+06  7.265316E+33
        7.833631E+00  2.298704E+01  6.370592E+00  0.0000000000  0.000000E+00
        1.471787E+34 -3.999873E+00 -1.999887E+00 -3.054398E-01 -3.054398E-01
    18    49534.5502    7.69030034  1.220357E+09  1.860692E+06  6.389088E+33
        7.826827E+00  2.299183E+01  6.373816E+00  0.0000000000  0.000000E+00
        1.313024E+34 -3.999873E+00 -1.999887E+00 -3.054398E-01 -3.054398E-01
    19    48245.7187    7.69918455  1.207939E+09  2.035179E+06  5.633222E+33
        7.820242E+00  2.299626E+01  6.376806E+00  0.0000000000  0.000000E+00
        1.172426E+34 -3.999873E+00 -1.999887E+00 -3.054398E-01 -3.054398E-01
    20    47002.9602    7.70756673  1.196338E+09  2.218301E+06  4.977834E+33
        7.813846E+00  2.300040E+01  6.379596E+00  0.0000000000  0.000000E+00
        1.047634E+34 -3.999873E+00 -1.999887E+00 -3.054398E-01 -3.054398E-01
    21    45795.1285    7.71552043  1.185433E+09  2.410934E+06  4.404159E+33
        7.807610E+00  2.300427E+01  6.382206E+00  0.0000000000  0.000000E+00
        9.365935E+33 -3.999873E+00 -1.999887E+00 -3.054398E-01 -3.054398E-01
    22    44636.6088    7.72301609  1.175247E+09  2.612972E+06  3.907104E+33
        7.801538E+00  2.300788E+01  6.384643E+00  0.0000000000  0.000000E+00
        8.380329E+33 -3.999873E+00 -1.999887E+00 -3.054398E-01 -3.054398E-01
    23    43507.1919    7.73017309  1.165603E+09  2.826573E+06  3.468785E+33
        7.795572E+00  2.301128E+01  6.386938E+00  0.0000000000  0.000000E+00
        7.498716E+33 -3.999873E+00 -1.999887E+00 -3.054398E-01 -3.054398E-01
    24    42421.5894    7.73695174  1.156542E+09  3.051354E+06  3.086756E+33
        7.789731E+00  2.301447E+01  6.389094E+00  0.0000000000  0.000000E+00
        6.713821E+33 -3.999873E+00 -1.999887E+00 -3.054398E-01 -3.054398E-01
    25    41367.7047    7.74344252  1.147931E+09  3.289671E+06  2.749853E+33
        7.783966E+00  2.301750E+01  6.391138E+00  0.0000000000  0.000000E+00
        6.010211E+33 -3.999873E+00 -1.999887E+00 -3.054398E-01 -3.054398E-01
    26    40353.3000    7.74963944  1.139771E+09  3.542113E+06  2.454613E+33
        7.778273E+00  2.302036E+01  6.393076E+00  0.0000000000  0.000000E+00
        5.380325E+33 -3.999873E+00 -1.999887E+00 -3.054398E-01 -3.054398E-01
    27    39373.0598    7.75559419  1.131983E+09  3.811007E+06  2.194365E+33
        7.772616E+00  2.302309E+01  6.394923E+00  0.0000000000  0.000000E+00
        4.813666E+33 -3.999873E+00 -1.999887E+00 -3.054398E-01 -3.054398E-01
    28    38420.5831    7.76133448  1.124527E+09  4.097772E+06  1.963485E+33
        7.766981E+00  2.302569E+01  6.396685E+00  0.0000000000  0.000000E+00
        4.303711E+33 -3.999873E+00 -1.999887E+00 -3.054398E-01 -3.054398E-01
    29    37495.1635    7.76684405  1.117417E+09  4.402815E+06  1.758585E+33
        7.761377E+00  2.302816E+01  6.398359E+00  0.0000000000  0.000000E+00
        3.846213E+33 -3.999873E+00 -1.999887E+00 -3.054398E-01 -3.054398E-01
    30    36601.0004    7.77211387  1.110658E+09  4.727041E+06  1.577481E+33
        7.755801E+00  2.303050E+01  6.399951E+00  0.0000000000  0.000000E+00
        3.436248E+33 -3.999873E+00 -1.999887E+00 -3.054398E-01 -3.054398E-01
    31    35733.3526    7.77716885  1.104213E+09  5.072869E+06  1.416552E+33
        7.750225E+00  2.303273E+01  6.401468E+00  0.0000000000  0.000000E+00
        3.067859E+33 -3.999873E+00 -1.999887E+00 -3.054398E-01 -3.054398E-01
    32    34896.1026    7.78200646  1.098080E+09  5.441802E+06  1.274112E+33
        7.744642E+00  2.303486E+01  6.402915E+00  0.0000000000  0.000000E+00
        2.737005E+33 -3.999873E+00 -1.999887E+00 -3.054398E-01 -3.054398E-01
    33    34084.7144    7.78665094  1.092224E+09  5.836891E+06  1.147345E+33
        7.739024E+00  2.303689E+01  6.404299E+00  0.0000000000  0.000000E+00
        2.439057E+33 -3.999873E+00 -1.999887E+00 -3.054398E-01 -3.054398E-01
    34    33297.7343    7.79110452  1.086638E+09  6.260103E+06  1.034333E+33
        7.733363E+00  2.303883E+01  6.405623E+00  0.0000000000  0.000000E+00
        2.170969E+33 -3.999873E+00 -1.999887E+00 -3.054398E-01 -3.054398E-01
    35    32541.5188    7.79536490  1.081321E+09  6.713613E+06  9.343136E+32
        7.727649E+00  2.304069E+01  6.406891E+00  0.0000000000  0.000000E+00
        1.929897E+33 -3.999873E+00 -1.999887E+00 -3.054398E-01 -3.054398E-01
    36    31807.6823    7.79946800  1.076225E+09  7.202433E+06  8.448243E+32
        7.721842E+00  2.304247E+01  6.408112E+00  0.0000000000  0.000000E+00
        1.712225E+33 -3.999873E+00 -1.999887E+00 -3.054398E-01 -3.054398E-01
    37    31094.2359    7.80341187  1.071350E+09  7.728399E+06  7.645642E+32
        7.715944E+00  2.304418E+01  6.409285E+00  0.0000000000  0.000000E+00
        1.516414E+33 -3.999873E+00 -1.999887E+00 -3.054398E-01 -3.054398E-01
    38    30410.8951    7.80718239  1.066709E+09  8.293573E+06  6.934908E+32
        7.709956E+00  2.304583E+01  6.410413E+00  0.0000000000  0.000000E+00
        1.340818E+33 -3.999873E+00 -1.999887E+00 -3.054398E-01 -3.054398E-01
    39    29746.4450    7.81082201  1.062249E+09  8.905579E+06  6.295418E+32
        7.703821E+00  2.304742E+01  6.411504E+00  0.0000000000  0.000000E+00
        1.182534E+33 -3.999873E+00 -1.999887E+00 -3.054398E-01 -3.054398E-01
    40    29098.8506    7.81432334  1.057975E+09  9.565961E+06  5.718555E+32
        7.697553E+00  2.304895E+01  6.412558E+00  0.0000000000  0.000000E+00
        1.040701E+33 -3.999873E+00 -1.999887E+00 -3.054398E-01 -3.054398E-01
    41    28476.6062    7.81767099  1.053905E+09  1.027688E+07  5.204610E+32
        7.691155E+00  2.305042E+01  6.413574E+00  0.0000000000  0.000000E+00
        9.141436E+32 -3.999873E+00 -1.999887E+00 -3.054398E-01 -3.054398E-01
    42    27880.6353    7.82087884  1.050020E+09  1.104732E+07  4.747207E+32
        7.684576E+00  2.305185E+01  6.414559E+00  0.0000000000  0.000000E+00
        8.007510E+32 -3.999873E+00 -1.999887E+00 -3.054398E-01 -3.054398E-01
    43    27294.8970    7.82399401  1.046261E+09  1.188719E+07  4.329504E+32
        7.677767E+00  2.305324E+01  6.415517E+00  0.0000000000  0.000000E+00
        6.989370E+32 -3.999873E+00 -1.999887E+00 -3.054398E-01 -3.054398E-01
    44    26738.9497    7.82695942  1.042695E+09  1.279363E+07  3.960265E+32
        7.670784E+00  2.305457E+01  6.416440E+00  0.0000000000  0.000000E+00
        6.087072E+32 -3.999873E+00 -1.999887E+00 -3.054398E-01 -3.054398E-01
    45    26192.6390    7.82984172  1.039241E+09  1.378519E+07  3.622277E+32
        7.663526E+00  2.305587E+01  6.417340E+00  0.0000000000  0.000000E+00
        5.279960E+32 -3.999873E+00 -1.999887E+00 -3.054398E-01 -3.054398E-01
    46    25669.7476    7.83259532  1.035952E+09  1.485898E+07  3.320453E+32
        7.656056E+00  2.305712E+01  6.418208E+00  0.0000000000  0.000000E+00
        4.567754E+32 -3.999873E+00 -1.999887E+00 -3.054398E-01 -3.054398E-01
    47    25166.1958    7.83524552  1.032796E+09  1.603209E+07  3.048815E+32
        7.648302E+00  2.305833E+01  6.419052E+00  0.0000000000  0.000000E+00
        3.936268E+32 -3.999873E+00 -1.999887E+00 -3.054398E-01 -3.054398E-01
    48    24681.0973    7.83779804  1.029765E+09  1.731590E+07  2.803923E+32
        7.640245E+00  2.305951E+01  6.419874E+00  0.0000000000  0.000000E+00
        3.377979E+32 -3.999873E+00 -1.999887E+00 -3.054398E-01 -3.054398E-01
    49    24214.0502    7.84025733  1.026854E+09  1.872219E+07  2.582966E+32
        7.631874E+00  2.306066E+01  6.420676E+00  0.0000000000  0.000000E+00
        2.886288E+32 -3.999873E+00 -1.999887E+00 -3.054398E-01 -3.054398E-01
    50    23761.2268    7.84263610  1.024045E+09  2.026417E+07  2.382021E+32
        7.623174E+00  2.306177E+01  6.421461E+00  0.0000000000  0.000000E+00
        2.454978E+32 -3.999873E+00 -1.999887E+00 -3.054398E-01 -3.054398E-01
    51    23330.0166    7.84491572  1.021361E+09  2.195051E+07  2.202170E+32
        7.614168E+00  2.306286E+01  6.422230E+00  0.0000000000  0.000000E+00
        2.079425E+32 -3.999873E+00 -1.999887E+00 -3.054398E-01 -3.054398E-01
    52    22910.9431    7.84713025  1.018760E+09  2.380869E+07  2.037736E+32
        7.604792E+00  2.306394E+01  6.422993E+00  0.0000000000  0.000000E+00
        1.751759E+32 -3.999873E+00 -1.999887E+00 -3.054398E-01 -3.054398E-01
    53    22508.6735    7.84926231  1.016263E+09  2.584462E+07  1.889051E+32
        7.595097E+00  2.306499E+01  6.423744E+00  0.0000000000  0.000000E+00
        1.468864E+32 -3.999873E+00 -1.999887E+00 -3.054398E-01 -3.054398E-01
    54    22119.6470    7.85132595  1.013851E+09  2.808162E+07  1.753449E+32
        7.585056E+00  2.306603E+01  6.424483E+00  0.0000000000  0.000000E+00
        1.225071E+32 -3.999873E+00 -1.999887E+00 -3.054398E-01 -3.054398E-01
    55    21742.2659    7.85332426  1.011521E+09  3.053332E+07  1.629301E+32
        7.574693E+00  2.306704E+01  6.425206E+00  0.0000000000  0.000000E+00
        1.016446E+32 -3.999873E+00 -1.999887E+00 -3.054398E-01 -3.054398E-01
    56    21376.0137    7.85525637  1.009274E+09  3.321169E+07  1.515503E+32
        7.564036E+00  2.306802E+01  6.425910E+00  0.0000000000  0.000000E+00
        8.391733E+31 -3.999873E+00 -1.999887E+00 -3.054398E-01 -3.054398E-01
    57    21020.3145    7.85712425  1.007106E+09  3.613013E+07  1.411039E+32
        7.553105E+00  2.306897E+01  6.426589E+00  0.0000000000  0.000000E+00
        6.894531E+31 -3.999873E+00 -1.999887E+00 -3.054398E-01 -3.054398E-01
    58    20674.3603    7.85893320  1.005010E+09  3.930184E+07  1.314926E+32
        7.541920E+00  2.306988E+01  6.427245E+00  0.0000000000  0.000000E+00
        5.637599E+31 -3.999873E+00 -1.999887E+00 -3.054398E-01 -3.054398E-01
    59    20337.3916    7.86068984  1.002980E+09  4.273897E+07  1.226302E+32
        7.530510E+00  2.307076E+01  6.427880E+00  0.0000000000  0.000000E+00
        4.588741E+31 -3.999873E+00 -1.999887E+00 -3.054398E-01 -3.054398E-01
    60    20008.6759    7.86239923  1.001008E+09  4.645288E+07  1.144407E+32
        7.518898E+00  2.307162E+01  6.428497E+00  0.0000000000  0.000000E+00
        3.718414E+31 -3.999873E+00 -1.999887E+00 -3.054398E-01 -3.054398E-01
    61    19687.4164    7.86406543  9.990896E+08  5.045282E+07  1.068552E+32
        7.507111E+00  2.307246E+01  6.429098E+00  0.0000000000  0.000000E+00
        3.000230E+31 -3.999873E+00 -1.999887E+00 -3.054398E-01 -3.054398E-01
    62    19373.0773    7.86569100  9.972216E+08  5.474508E+07  9.981820E+31
        7.495177E+00  2.307327E+01  6.429682E+00  0.0000000000  0.000000E+00
        2.410898E+31 -3.999873E+00 -1.999887E+00 -3.054398E-01 -3.054398E-01
    63    19065.1444    7.86727699  9.954024E+08  5.933416E+07  9.328025E+31
        7.483121E+00  2.307407E+01  6.430250E+00  0.0000000000  0.000000E+00
        1.929840E+31 -3.999873E+00 -1.999887E+00 -3.054398E-01 -3.054398E-01
    64    18763.1751    7.86882300  9.936322E+08  6.422220E+07  8.719842E+31
        7.470967E+00  2.307483E+01  6.430801E+00  0.0000000000  0.000000E+00
        1.539181E+31 -3.999873E+00 -1.999887E+00 -3.054398E-01 -3.054398E-01
    65    18466.8073    7.87033005  9.919097E+08  6.940917E+07  8.153489E+31
        7.458739E+00  2.307557E+01  6.431335E+00  0.0000000000  0.000000E+00
        1.223562E+31 -3.999873E+00 -1.999887E+00 -3.054398E-01 -3.054398E-01
    66    18176.1237    7.87179889  9.902337E+08  7.489444E+07  7.626275E+31
        7.446463E+00  2.307629E+01  6.431854E+00  0.0000000000  0.000000E+00
        9.697670E+30 -3.999873E+00 -1.999887E+00 -3.054398E-01 -3.054398E-01
    67    17890.4303    7.87323167  9.886016E+08  8.067974E+07  7.134405E+31
        7.434153E+00  2.307698E+01  6.432357E+00  0.0000000000  0.000000E+00
        7.664635E+30 -3.999873E+00 -1.999887E+00 -3.054398E-01 -3.054398E-01
    68    17609.7999    7.87462829  9.870133E+08  8.676176E+07  6.675683E+31
        7.421830E+00  2.307765E+01  6.432845E+00  0.0000000000  0.000000E+00
        6.042959E+30 -3.999873E+00 -1.999887E+00 -3.054398E-01 -3.054398E-01
    69    17334.1900    7.87599022  9.854669E+08  9.313999E+07  6.247846E+31
        7.409505E+00  2.307831E+01  6.433318E+00  0.0000000000  0.000000E+00
        4.753742E+30 -3.999873E+00 -1.999887E+00 -3.054398E-01 -3.054398E-01
    70    17063.2805    7.87732029  9.839590E+08  9.981410E+07  5.848387E+31
        7.397189E+00  2.307894E+01  6.433779E+00  0.0000000000  0.000000E+00
        3.732045E+30 -3.999873E+00 -1.999887E+00 -3.054398E-01 -3.054398E-01
    71    16796.9873    7.87861918  9.824887E+08  1.067820E+08  5.475360E+31
        7.384892E+00  2.307956E+01  6.434227E+00  0.0000000000  0.000000E+00
        2.924903E+30 -3.999873E+00 -1.999887E+00 -3.054398E-01 -3.054398E-01
    72    16535.1767    7.87988685  9.810558E+08  1.140428E+08  5.126900E+31
        7.372623E+00  2.308016E+01  6.434662E+00  0.0000000000  0.000000E+00
        2.289018E+30 -3.999873E+00 -1.999887E+00 -3.054398E-01 -3.054398E-01
    73    16277.8283    7.88112398  9.796595E+08  1.215955E+08  4.801403E+31
        7.360392E+00  2.308075E+01  6.435087E+00  0.0000000000  0.000000E+00
        1.789339E+30 -3.999873E+00 -1.999887E+00 -3.054398E-01 -3.054398E-01
    74    16024.9491    7.88233095  9.782992E+08  1.294406E+08  4.497405E+31
        7.348207E+00  2.308132E+01  6.435501E+00  0.0000000000  0.000000E+00
        1.397474E+30 -3.999873E+00 -1.999887E+00 -3.054398E-01 -3.054398E-01
    75    15776.5184    7.88350892  9.769733E+08  1.375784E+08  4.213491E+31
        7.336073E+00  2.308187E+01  6.435901E+00  0.0000000000  0.000000E+00
        1.090704E+30 -3.999873E+00 -1.999887E+00 -3.054398E-01 -3.054398E-01
    76    15532.6839    7.88465963  9.756799E+08  1.460090E+08  3.948505E+31
        7.323994E+00  2.308239E+01  6.436284E+00  0.0000000000  0.000000E+00
        8.509256E+29 -3.999873E+00 -1.999887E+00 -3.054398E-01 -3.054398E-01
    77    15293.7774    7.88578585  9.744156E+08  1.547337E+08  3.701515E+31
        7.311973E+00  2.308290E+01  6.436650E+00  0.0000000000  0.000000E+00
        6.637292E+29 -3.999873E+00 -1.999887E+00 -3.054398E-01 -3.054398E-01
    78    15060.0228    7.88689201  9.731755E+08  1.637571E+08  3.471497E+31
        7.300011E+00  2.308338E+01  6.437001E+00  0.0000000000  0.000000E+00
        5.176890E+29 -3.999873E+00 -1.999887E+00 -3.054398E-01 -3.054398E-01
    79    14831.1301    7.88798135  9.719557E+08  1.730862E+08  3.257031E+31
        7.288105E+00  2.308384E+01  6.437335E+00  0.0000000000  0.000000E+00
        4.037961E+29 -3.999873E+00 -1.999887E+00 -3.054398E-01 -3.054398E-01
    80    14607.0549    7.88905540  9.707546E+08  1.827210E+08  3.057043E+31
        7.276265E+00  2.308428E+01  6.437654E+00  0.0000000000  0.000000E+00
        3.150589E+29 -3.999873E+00 -1.999887E+00 -3.054398E-01 -3.054398E-01
    81    14388.0410    7.89011438  9.695718E+08  1.926612E+08  2.870771E+31
        7.264495E+00  2.308471E+01  6.437961E+00  0.0000000000  0.000000E+00
        2.459589E+29 -3.999873E+00 -1.999887E+00 -3.054398E-01 -3.054398E-01
    82    14173.3900    7.89115948  9.684059E+08  2.029104E+08  2.696757E+31
        7.252799E+00  2.308512E+01  6.438255E+00  0.0000000000  0.000000E+00
        1.921533E+29 -3.999873E+00 -1.999887E+00 -3.054398E-01 -3.054398E-01
    83    13963.1436    7.89218768  9.672602E+08  2.134572E+08  2.534262E+31
        7.241192E+00  2.308551E+01  6.438540E+00  0.0000000000  0.000000E+00
        1.503056E+29 -3.999873E+00 -1.999887E+00 -3.054398E-01 -3.054398E-01
    84    13757.3642    7.89319463  9.661395E+08  2.242958E+08  2.382608E+31
        7.229685E+00  2.308589E+01  6.438815E+00  0.0000000000  0.000000E+00
        1.177605E+29 -3.999873E+00 -1.999887E+00 -3.054398E-01 -3.054398E-01
    85    13555.6449    7.89417837  9.650459E+08  2.354224E+08  2.240829E+31
        7.218283E+00  2.308626E+01  6.439080E+00  0.0000000000  0.000000E+00
        9.244257E+28 -3.999873E+00 -1.999887E+00 -3.054398E-01 -3.054398E-01
    86    13358.2794    7.89513639  9.639821E+08  2.468236E+08  2.108492E+31
        7.207003E+00  2.308660E+01  6.439330E+00  0.0000000000  0.000000E+00
        7.274691E+28 -3.999873E+00 -1.999887E+00 -3.054398E-01 -3.054398E-01
    87    13165.5097    7.89606946  9.629471E+08  2.584918E+08  1.985124E+31
        7.195856E+00  2.308693E+01  6.439566E+00  0.0000000000  0.000000E+00
        5.740817E+28 -3.999873E+00 -1.999887E+00 -3.054398E-01 -3.054398E-01
    88    12977.4973    7.89697883  9.619395E+08  2.704154E+08  1.870214E+31
        7.184854E+00  2.308724E+01  6.439792E+00  0.0000000000  0.000000E+00
        4.544809E+28 -3.999873E+00 -1.999887E+00 -3.054398E-01 -3.054398E-01
    89    12794.6997    7.89786395  9.609597E+08  2.825540E+08  1.763448E+31
        7.174033E+00  2.308755E+01  6.440008E+00  0.0000000000  0.000000E+00
        3.612531E+28 -3.999873E+00 -1.999887E+00 -3.054398E-01 -3.054398E-01
    90    12618.3596    7.89872008  9.600130E+08  2.948043E+08  1.664937E+31
        7.163474E+00  2.308784E+01  6.440217E+00  0.0000000000  0.000000E+00
        2.888470E+28 -3.999873E+00 -1.999887E+00 -3.054398E-01 -3.054398E-01
    91    12451.3133    7.89953533  9.591124E+08  3.069245E+08  1.575548E+31
        7.153361E+00  2.308811E+01  6.440417E+00  0.0000000000  0.000000E+00
        2.332405E+28 -3.999873E+00 -1.999887E+00 -3.054398E-01 -3.054398E-01
    92    12315.0276    7.90020890  9.583689E+08  3.171852E+08  1.505355E+31
        7.145026E+00  2.308834E+01  6.440582E+00  0.0000000000  0.000000E+00
        1.956327E+28 -3.999873E+00 -1.999887E+00 -3.054398E-01 -3.054398E-01
    93    12189.8384    7.90083826  9.576747E+08  3.269349E+08  1.442978E+31
        7.137301E+00  2.308855E+01  6.440736E+00  0.0000000000  0.000000E+00
        1.662785E+28 -3.999873E+00 -1.999887E+00 -3.054398E-01 -3.054398E-01
    94    12085.7567    7.90136891  9.570898E+08  3.352772E+08  1.392620E+31
        7.130827E+00  2.308873E+01  6.440865E+00  0.0000000000  0.000000E+00
        1.451490E+28 -3.999873E+00 -1.999887E+00 -3.054398E-01 -3.054398E-01
    95    11992.9911    7.90184743  9.565627E+08  3.429051E+08  1.348866E+31
        7.125019E+00  2.308889E+01  6.440980E+00  0.0000000000  0.000000E+00
        1.285209E+28 -3.999873E+00 -1.999887E+00 -3.054398E-01 -3.054398E-01
    96    11907.4193    7.90229359  9.560715E+08  3.501097E+08  1.309433E+31
        7.119628E+00  2.308904E+01  6.441086E+00  0.0000000000  0.000000E+00
        1.148267E+28 -3.999873E+00 -1.999887E+00 -3.054398E-01 -3.054398E-01
    97    11827.0642    7.90271625  9.556064E+08  3.570273E+08  1.273204E+31
        7.114538E+00  2.308917E+01  6.441185E+00  0.0000000000  0.000000E+00
        1.032614E+28 -3.999873E+00 -1.999887E+00 -3.054398E-01 -3.054398E-01
    98    11750.1282    7.90312383  9.551581E+08  3.637935E+08  1.239233E+31
        7.109638E+00  2.308930E+01  6.441279E+00  0.0000000000  0.000000E+00
        9.325238E+27 -3.999873E+00 -1.999887E+00 -3.054398E-01 -3.054398E-01
    99    11675.3002    7.90352316  9.547190E+08  3.705132E+08  1.206856E+31
        7.104847E+00  2.308943E+01  6.441371E+00  0.0000000000  0.000000E+00
        8.442521E+27 -3.999873E+00 -1.999887E+00 -3.054398E-01 -3.054398E-01
   100    11602.1924    7.90391620  9.542871E+08  3.772147E+08  1.175846E+31
        7.100143E+00  2.308955E+01  6.441459E+00  0.0000000000  0.000000E+00
        7.658851E+27 -3.999873E+00 -1.999887E+00 -3.054398E-01 -3.054398E-01
   101    11530.5026    7.90430310  9.538621E+08  3.839200E+08  1.146030E+31
        7.095507E+00  2.308967E+01  6.441545E+00  0.0000000000  0.000000E+00
        6.959462E+27 -3.999873E+00 -1.999887E+00 -3.054398E-01 -3.054398E-01
   102    11459.0585    7.90468894  9.534385E+08  3.907378E+08  1.116897E+31
        7.090864E+00  2.308979E+01  6.441630E+00  0.0000000000  0.000000E+00
        6.324701E+27 -3.999873E+00 -1.999887E+00 -3.054398E-01 -3.054398E-01
   103    11387.1027    7.90507862  9.530109E+08  3.977457E+08  1.088130E+31
        7.086166E+00  2.308990E+01  6.441715E+00  0.0000000000  0.000000E+00
        5.742716E+27 -3.999873E+00 -1.999887E+00 -3.054398E-01 -3.054398E-01
   104    11315.2789    7.90546999  9.525815E+08  4.048864E+08  1.059979E+31
        7.081452E+00  2.309002E+01  6.441798E+00  0.0000000000  0.000000E+00
        5.214135E+27 -3.999873E+00 -1.999887E+00 -3.054398E-01 -3.054398E-01
   105    11244.4666    7.90585826  9.521558E+08  4.120719E+08  1.032770E+31
        7.076782E+00  2.309013E+01  6.441879E+00  0.0000000000  0.000000E+00
        4.739758E+27 -3.999873E+00 -1.999887E+00 -3.054398E-01 -3.054398E-01
   106    11174.5023    7.90624247  9.517347E+08  4.193157E+08  1.006414E+31
        7.072145E+00  2.309023E+01  6.441957E+00  0.0000000000  0.000000E+00
        4.312796E+27 -3.999873E+00 -1.999887E+00 -3.054398E-01 -3.054398E-01
   107    11104.1547    7.90662731  9.513132E+08  4.267471E+08  9.804400E+30
        7.067461E+00  2.309034E+01  6.442034E+00  0.0000000000  0.000000E+00
        3.921778E+27 -3.999873E+00 -1.999887E+00 -3.054398E-01 -3.054398E-01
   108    11032.2277    7.90701848  9.508848E+08  4.345035E+08  9.544225E+30
        7.062649E+00  2.309045E+01  6.442112E+00  0.0000000000  0.000000E+00
        3.558226E+27 -3.999873E+00 -1.999887E+00 -3.054398E-01 -3.054398E-01
   109    10958.3167    7.90741879  9.504467E+08  4.426464E+08  9.282456E+30
        7.057681E+00  2.309056E+01  6.442191E+00  0.0000000000  0.000000E+00
        3.219379E+27 -3.999873E+00 -1.999887E+00 -3.054398E-01 -3.054398E-01
   110    10882.6987    7.90782775  9.499993E+08  4.511644E+08  9.020383E+30
        7.052573E+00  2.309067E+01  6.442272E+00  0.0000000000  0.000000E+00
        2.905770E+27 -3.999873E+00 -1.999887E+00 -3.054398E-01 -3.054398E-01
   111    10805.9671    7.90824454  9.495435E+08  4.600080E+08  8.760247E+30
        7.047363E+00  2.309078E+01  6.442354E+00  0.0000000000  0.000000E+00
        2.618462E+27 -3.999873E+00 -1.999887E+00 -3.054398E-01 -3.054398E-01
   112    10729.3869    7.90866103  9.490883E+08  4.690392E+08  8.506382E+30
        7.042136E+00  2.309089E+01  6.442436E+00  0.0000000000  0.000000E+00
        2.359847E+27 -3.999873E+00 -1.999887E+00 -3.054398E-01 -3.054398E-01
   113    10652.3948    7.90908109  9.486295E+08  4.783331E+08  8.256847E+30
        7.036853E+00  2.309101E+01  6.442517E+00  0.0000000000  0.000000E+00
        2.125423E+27 -3.999873E+00 -1.999887E+00 -3.054398E-01 -3.054398E-01
   114    10575.3644    7.90950271  9.481691E+08  4.878525E+08  8.012812E+30
        7.031540E+00  2.309112E+01  6.442599E+00  0.0000000000  0.000000E+00
        1.914074E+27 -3.999873E+00 -1.999887E+00 -3.054398E-01 -3.054398E-01
   115    10498.3090    7.90992513  9.477081E+08  4.976025E+08  7.774251E+30
        7.026197E+00  2.309123E+01  6.442680E+00  0.0000000000  0.000000E+00
        1.723622E+27 -3.999873E+00 -1.999887E+00 -3.054398E-01 -3.054398E-01
   116    10420.8949    7.91035004  9.472446E+08  5.076345E+08  7.540087E+30
        7.020802E+00  2.309134E+01  6.442761E+00  0.0000000000  0.000000E+00
        1.551326E+27 -3.999873E+00 -1.999887E+00 -3.054398E-01 -3.054398E-01
   117    10343.0415    7.91077733  9.467787E+08  5.179701E+08  7.310079E+30
        7.015348E+00  2.309145E+01  6.442842E+00  0.0000000000  0.000000E+00
        1.395414E+27 -3.999873E+00 -1.999887E+00 -3.054398E-01 -3.054398E-01
   118    10264.5029    7.91120786  9.463096E+08  5.286555E+08  7.083536E+30
        7.009816E+00  2.309157E+01  6.442924E+00  0.0000000000  0.000000E+00
        1.254015E+27 -3.999873E+00 -1.999887E+00 -3.054398E-01 -3.054398E-01
   119    10185.0666    7.91164182  9.458369E+08  5.397357E+08  6.859934E+30
        7.004193E+00  2.309168E+01  6.443006E+00  0.0000000000  0.000000E+00
        1.125605E+27 -3.999873E+00 -1.999887E+00 -3.054398E-01 -3.054398E-01
   120    10104.4059    7.91208110  9.453587E+08  5.512777E+08  6.638475E+30
        6.998452E+00  2.309179E+01  6.443088E+00  0.0000000000  0.000000E+00
        1.008709E+27 -3.999873E+00 -1.999887E+00 -3.054398E-01 -3.054398E-01
   121    10022.5945    7.91252454  9.448762E+08  5.632936E+08  6.419518E+30
        6.992598E+00  2.309191E+01  6.443172E+00  0.0000000000  0.000000E+00
        9.025988E+26 -3.999873E+00 -1.999887E+00 -3.054398E-01 -3.054398E-01
   122     9939.3532    7.91297327  9.443881E+08  5.758505E+08  6.202482E+30
        6.986608E+00  2.309203E+01  6.443256E+00  0.0000000000  0.000000E+00
        8.061498E+26 -3.999873E+00 -1.999887E+00 -3.054398E-01 -3.054398E-01
   123     9854.7978    7.91342629  9.438957E+08  5.889592E+08  5.987850E+30
        6.980490E+00  2.309214E+01  6.443339E+00  0.0000000000  0.000000E+00
        7.187957E+26 -3.999873E+00 -1.999887E+00 -3.054398E-01 -3.054398E-01
   124     9769.1433    7.91388170  9.434009E+08  6.026141E+08  5.776310E+30
        6.974256E+00  2.309225E+01  6.443420E+00  0.0000000000  0.000000E+00
        6.400273E+26 -3.999873E+00 -1.999887E+00 -3.054398E-01 -3.054398E-01
   125     9682.2999    7.91434041  9.429029E+08  6.168622E+08  5.567754E+30
        6.967899E+00  2.309236E+01  6.443500E+00  0.0000000000  0.000000E+00
        5.690401E+26 -3.999873E+00 -1.999887E+00 -3.054398E-01 -3.054398E-01
   126     9594.5452    7.91480124  9.424027E+08  6.316888E+08  5.362936E+30
        6.961436E+00  2.309247E+01  6.443578E+00  0.0000000000  0.000000E+00
        5.053702E+26 -3.999873E+00 -1.999887E+00 -3.054398E-01 -3.054398E-01
   127     9506.0848    7.91526352  9.419013E+08  6.470909E+08  5.162375E+30
        6.954880E+00  2.309258E+01  6.443653E+00  0.0000000000  0.000000E+00
        4.484567E+26 -3.999873E+00 -1.999887E+00 -3.054398E-01 -3.054398E-01
   128     9417.1337    7.91572644  9.413994E+08  6.630610E+08  4.966550E+30
        6.948246E+00  2.309268E+01  6.443728E+00  0.0000000000  0.000000E+00
        3.977390E+26 -3.999873E+00 -1.999887E+00 -3.054398E-01 -3.054398E-01
   129     9327.8851    7.91618930  9.408979E+08  6.795926E+08  4.775840E+30
        6.941545E+00  2.309278E+01  6.443801E+00  0.0000000000  0.000000E+00
        3.526604E+26 -3.999873E+00 -1.999887E+00 -3.054398E-01 -3.054398E-01
   130     9238.5133    7.91665154  9.403973E+08  6.966801E+08  4.590533E+30
        6.934791E+00  2.309289E+01  6.443873E+00  0.0000000000  0.000000E+00
        3.126780E+26 -3.999873E+00 -1.999887E+00 -3.054398E-01 -3.054398E-01
   131     9149.1863    7.91711263  9.398983E+08  7.143186E+08  4.410863E+30
        6.927993E+00  2.309299E+01  6.443945E+00  0.0000000000  0.000000E+00
        2.772733E+26 -3.999873E+00 -1.999887E+00 -3.054398E-01 -3.054398E-01
   132     9060.0353    7.91757238  9.394009E+08  7.325069E+08  4.236951E+30
        6.921160E+00  2.309309E+01  6.444017E+00  0.0000000000  0.000000E+00
        2.459569E+26 -3.999873E+00 -1.999887E+00 -3.054398E-01 -3.054398E-01
   133     8971.1974    7.91803032  9.389058E+08  7.512396E+08  4.068906E+30
        6.914302E+00  2.309319E+01  6.444090E+00  0.0000000000  0.000000E+00
        2.182852E+26 -3.999873E+00 -1.999887E+00 -3.054398E-01 -3.054398E-01
   134     8882.7525    7.91848642  9.384129E+08  7.705222E+08  3.906701E+30
        6.907423E+00  2.309329E+01  6.444164E+00  0.0000000000  0.000000E+00
        1.938395E+26 -3.999873E+00 -1.999887E+00 -3.054398E-01 -3.054398E-01
   135     8794.7050    7.91894162  9.379212E+08  7.903772E+08  3.750160E+30
        6.900522E+00  2.309340E+01  6.444239E+00  0.0000000000  0.000000E+00
        1.722285E+26 -3.999873E+00 -1.999887E+00 -3.054398E-01 -3.054398E-01
   136     8707.3271    7.91939394  9.374329E+08  8.107608E+08  3.599580E+30
        6.893621E+00  2.309350E+01  6.444316E+00  0.0000000000  0.000000E+00
        1.531666E+26 -3.999873E+00 -1.999887E+00 -3.054398E-01 -3.054398E-01
   137     8620.5534    7.91984370  9.369476E+08  8.317068E+08  3.454643E+30
        6.886714E+00  2.309361E+01  6.444394E+00  0.0000000000  0.000000E+00
        1.363209E+26 -3.999873E+00 -1.999887E+00 -3.054398E-01 -3.054398E-01
   138     8534.4688    7.92029061  9.364656E+08  8.532140E+08  3.315291E+30
        6.879808E+00  2.309371E+01  6.444472E+00  0.0000000000  0.000000E+00
        1.214377E+26 -3.999873E+00 -1.999887E+00 -3.054398E-01 -3.054398E-01
   139     8449.0545    7.92073467  9.359870E+08  8.753063E+08  3.181296E+30
        6.872900E+00  2.309382E+01  6.444549E+00  0.0000000000  0.000000E+00
        1.082696E+26 -3.999873E+00 -1.999887E+00 -3.054398E-01 -3.054398E-01
   140     8364.3512    7.92117551  9.355121E+08  8.979929E+08  3.052529E+30
        6.865993E+00  2.309392E+01  6.444627E+00  0.0000000000  0.000000E+00
        9.661213E+25 -3.999873E+00 -1.999887E+00 -3.054398E-01 -3.054398E-01
   141     8280.3310    7.92161357  9.350404E+08  9.213014E+08  2.928758E+30
        6.859084E+00  2.309402E+01  6.444703E+00  0.0000000000  0.000000E+00
        8.627769E+25 -3.999873E+00 -1.999887E+00 -3.054398E-01 -3.054398E-01
   142     8197.0722    7.92204832  9.345725E+08  9.452314E+08  2.809914E+30
        6.852179E+00  2.309412E+01  6.444779E+00  0.0000000000  0.000000E+00
        7.711424E+25 -3.999873E+00 -1.999887E+00 -3.054398E-01 -3.054398E-01
   143     8114.5816    7.92247965  9.341085E+08  9.698005E+08  2.695822E+30
        6.845278E+00  2.309422E+01  6.444853E+00  0.0000000000  0.000000E+00
        6.898090E+25 -3.999873E+00 -1.999887E+00 -3.054398E-01 -3.054398E-01
   144     8032.8764    7.92290687  9.336492E+08  9.950221E+08  2.586329E+30
        6.838381E+00  2.309432E+01  6.444925E+00  0.0000000000  0.000000E+00
        6.175307E+25 -3.999873E+00 -1.999887E+00 -3.054398E-01 -3.054398E-01
   145     7951.7694    7.92333155  9.331928E+08  1.020980E+09  2.481018E+30
        6.831472E+00  2.309441E+01  6.444996E+00  0.0000000000  0.000000E+00
        5.531334E+25 -3.999873E+00 -1.999887E+00 -3.054398E-01 -3.054398E-01
   146     7871.5382    7.92375217  9.327410E+08  1.047606E+09  2.380085E+30
        6.824572E+00  2.309450E+01  6.445063E+00  0.0000000000  0.000000E+00
        4.958740E+25 -3.999873E+00 -1.999887E+00 -3.054398E-01 -3.054398E-01
   147     7792.2320    7.92416877  9.322937E+08  1.074906E+09  2.283416E+30
        6.817687E+00  2.309460E+01  6.445130E+00  0.0000000000  0.000000E+00
        4.449362E+25 -3.999873E+00 -1.999887E+00 -3.054398E-01 -3.054398E-01
   148     7713.7175    7.92458296  9.318493E+08  1.102950E+09  2.190677E+30
        6.810803E+00  2.309469E+01  6.445197E+00  0.0000000000  0.000000E+00
        3.994949E+25 -3.999873E+00 -1.999887E+00 -3.054398E-01 -3.054398E-01
   149     7636.0110    7.92499537  9.314069E+08  1.131756E+09  2.101731E+30
        6.803921E+00  2.309479E+01  6.445267E+00  0.0000000000  0.000000E+00
        3.589042E+25 -3.999873E+00 -1.999887E+00 -3.054398E-01 -3.054398E-01
   150     7559.4476    7.92540359  9.309693E+08  1.161208E+09  2.016801E+30
        6.797073E+00  2.309488E+01  6.445337E+00  0.0000000000  0.000000E+00
        3.228099E+25 -3.999873E+00 -1.999887E+00 -3.054398E-01 -3.054398E-01
   151     7483.9134    7.92580778  9.305362E+08  1.191360E+09  1.935591E+30
        6.790248E+00  2.309498E+01  6.445407E+00  0.0000000000  0.000000E+00
        2.906143E+25 -3.999873E+00 -1.999887E+00 -3.054398E-01 -3.054398E-01
   152     7409.3720    7.92620848  9.301070E+08  1.222232E+09  1.857905E+30
        6.783445E+00  2.309508E+01  6.445477E+00  0.0000000000  0.000000E+00
        2.618542E+25 -3.999873E+00 -1.999887E+00 -3.054398E-01 -3.054398E-01
   153     7336.0273    7.92660468  9.296828E+08  1.253742E+09  1.783797E+30
        6.776683E+00  2.309517E+01  6.445546E+00  0.0000000000  0.000000E+00
        2.362088E+25 -3.999873E+00 -1.999887E+00 -3.054398E-01 -3.054398E-01
   154     7264.0209    7.92699535  9.292648E+08  1.285822E+09  1.713244E+30
        6.769977E+00  2.309526E+01  6.445613E+00  0.0000000000  0.000000E+00
        2.133396E+25 -3.999873E+00 -1.999887E+00 -3.054398E-01 -3.054398E-01
   155     7193.3647    7.92738053  9.288528E+08  1.318454E+09  1.646092E+30
        6.763331E+00  2.309535E+01  6.445677E+00  0.0000000000  0.000000E+00
        1.929614E+25 -3.999873E+00 -1.999887E+00 -3.054398E-01 -3.054398E-01
   156     7124.1669    7.92775955  9.284476E+08  1.351574E+09  1.582279E+30
        6.756756E+00  2.309543E+01  6.445738E+00  0.0000000000  0.000000E+00
        1.747917E+25 -3.999873E+00 -1.999887E+00 -3.054398E-01 -3.054398E-01
   157     7056.4986    7.92813202  9.280495E+08  1.385120E+09  1.521708E+30
        6.750262E+00  2.309551E+01  6.445795E+00  0.0000000000  0.000000E+00
        1.585885E+25 -3.999873E+00 -1.999887E+00 -3.054398E-01 -3.054398E-01
   158     6990.4469    7.92849812  9.276584E+08  1.419022E+09  1.464293E+30
        6.743861E+00  2.309559E+01  6.445847E+00  0.0000000000  0.000000E+00
        1.441239E+25 -3.999873E+00 -1.999887E+00 -3.054398E-01 -3.054398E-01
   159     6926.1981    7.92885756  9.272746E+08  1.453150E+09  1.410030E+30
        6.737572E+00  2.309565E+01  6.445897E+00  0.0000000000  0.000000E+00
        1.312570E+25 -3.999873E+00 -1.999887E+00 -3.054398E-01 -3.054398E-01
   160     6863.7902    7.92921162  9.268967E+08  1.487440E+09  1.358785E+30
        6.731403E+00  2.309572E+01  6.445943E+00  0.0000000000  0.000000E+00
        1.197896E+25 -3.999873E+00 -1.999887E+00 -3.054398E-01 -3.054398E-01
   161     6803.3799    7.92955980  9.265252E+08  1.521752E+09  1.310525E+30
        6.725374E+00  2.309578E+01  6.445987E+00  0.0000000000  0.000000E+00
        1.095816E+25 -3.999873E+00 -1.999887E+00 -3.054398E-01 -3.054398E-01
   162     6745.0070    7.92990279  9.261595E+08  1.556002E+09  1.265124E+30
        6.719492E+00  2.309584E+01  6.446029E+00  0.0000000000  0.000000E+00
        1.004882E+25 -3.999873E+00 -1.999887E+00 -3.054398E-01 -3.054398E-01
   163     6688.8124    7.93024078  9.257991E+08  1.590038E+09  1.222536E+30
        6.713776E+00  2.309589E+01  6.446068E+00  0.0000000000  0.000000E+00
        9.239651E+24 -3.999873E+00 -1.999887E+00 -3.054398E-01 -3.054398E-01
   164     6634.9479    7.93057378  9.254443E+08  1.623684E+09  1.182722E+30
        6.708246E+00  2.309595E+01  6.446106E+00  0.0000000000  0.000000E+00
        8.520692E+24 -3.999873E+00 -1.999887E+00 -3.054398E-01 -3.054398E-01
   165     6583.4792    7.93090217  9.250944E+08  1.656806E+09  1.145582E+30
        6.702914E+00  2.309600E+01  6.446141E+00  0.0000000000  0.000000E+00
        7.881964E+24 -3.999873E+00 -1.999887E+00 -3.054398E-01 -3.054398E-01
   166     6534.4825    7.93122652  9.247491E+08  1.689264E+09  1.111027E+30
        6.697792E+00  2.309605E+01  6.446175E+00  0.0000000000  0.000000E+00
        7.314814E+24 -3.999873E+00 -1.999887E+00 -3.054398E-01 -3.054398E-01
   167     6487.9914    7.93154637  9.244086E+08  1.720926E+09  1.078949E+30
        6.692889E+00  2.309609E+01  6.446206E+00  0.0000000000  0.000000E+00
        6.811267E+24 -3.999873E+00 -1.999887E+00 -3.054398E-01 -3.054398E-01
   168     6442.2760    7.93187351  9.240605E+08  1.752926E+09  1.048070E+30
        6.688027E+00  2.309614E+01  6.446238E+00  0.0000000000  0.000000E+00
        6.347019E+24 -3.999873E+00 -1.999887E+00 -3.054398E-01 -3.054398E-01
   169     6376.2461    7.93236777  9.235348E+08  1.800926E+09  1.004613E+30
        6.680931E+00  2.309620E+01  6.446283E+00  0.0000000000  0.000000E+00
        5.727282E+24 -3.999873E+00 -1.999887E+00 -3.054398E-01 -3.054398E-01
   170     6282.4188    7.93310354  9.227528E+08  1.872926E+09  9.451708E+29
        6.670697E+00  2.309629E+01  6.446348E+00  0.0000000000  0.000000E+00
        4.940800E+24 -3.999873E+00 -1.999887E+00 -3.054398E-01 -3.054398E-01
   171     6174.5896    7.93399517  9.218061E+08  1.961214E+09  8.801233E+29
        6.658711E+00  2.309640E+01  6.446424E+00  0.0000000000  0.000000E+00
        4.158828E+24 -3.999873E+00 -1.999887E+00 -3.054398E-01 -3.054398E-01
   172     6072.7267    7.93491827  9.208269E+08  2.050284E+09  8.217183E+29
        6.647138E+00  2.309649E+01  6.446488E+00  0.0000000000  0.000000E+00
        3.523732E+24 -3.999873E+00 -1.999887E+00 -3.054398E-01 -3.054398E-01
   173     5978.9057    7.93585024  9.198395E+08  2.137748E+09  7.704472E+29
        6.636233E+00  2.309656E+01  6.446539E+00  0.0000000000  0.000000E+00
        3.015825E+24 -3.999873E+00 -1.999887E+00 -3.054398E-01 -3.054398E-01
   174     5891.9201    7.93675385  9.188830E+08  2.224086E+09  7.250699E+29
        6.625878E+00  2.309661E+01  6.446581E+00  0.0000000000  0.000000E+00
        2.602531E+24 -3.999873E+00 -1.999887E+00 -3.054398E-01 -3.054398E-01
   175     5808.1187    7.93763676  9.179495E+08  2.312904E+09  6.833001E+29
        6.615622E+00  2.309667E+01  6.446621E+00  0.0000000000  0.000000E+00
        2.249806E+24 -3.999873E+00 -1.999887E+00 -3.054398E-01 -3.054398E-01
   176     5725.9882    7.93855120  9.169836E+08  2.407116E+09  6.441054E+29
        6.605145E+00  2.309673E+01  6.446662E+00  0.0000000000  0.000000E+00
        1.939199E+24 -3.999873E+00 -1.999887E+00 -3.054398E-01 -3.054398E-01
   177     5648.7056    7.93950598  9.159762E+08  2.505598E+09  6.086899E+29
        6.594577E+00  2.309679E+01  6.446707E+00  0.0000000000  0.000000E+00
        1.669441E+24 -3.999873E+00 -1.999887E+00 -3.054398E-01 -3.054398E-01
   178     5578.1373    7.94044231  9.149893E+08  2.607682E+09  5.775915E+29
        6.583966E+00  2.309686E+01  6.446759E+00  0.0000000000  0.000000E+00
        1.436306E+24 -3.999873E+00 -1.999887E+00 -3.054398E-01 -3.054398E-01
   179     5511.6833    7.94136593  9.140168E+08  2.718460E+09  5.493857E+29
        6.572776E+00  2.309695E+01  6.446823E+00  0.0000000000  0.000000E+00
        1.225516E+24 -3.999873E+00 -1.999887E+00 -3.054398E-01 -3.054398E-01
   180     5449.0569    7.94229975  9.130347E+08  2.841760E+09  5.237113E+29
        6.560622E+00  2.309706E+01  6.446904E+00  0.0000000000  0.000000E+00
        1.031316E+24 -3.999873E+00 -1.999887E+00 -3.054398E-01 -3.054398E-01
   181     5359.1037    7.94381062  9.114479E+08  3.081760E+09  4.882748E+29
        6.541468E+00  2.309728E+01  6.447107E+00  0.0111407687 -4.865528E-03
        7.528325E+23 -3.999873E+00 -1.999887E+00 -3.054398E-01 -3.054398E-01
   182     5300.2965    7.94489772  9.103079E+08  3.321760E+09  4.660250E+29
        6.525195E+00  2.309745E+01  6.447218E+00  0.0510295798 -2.274732E-02
        5.774561E+23 -3.999873E+00 -1.999887E+00 -3.054398E-01 -3.054398E-01
   183     5254.4878    7.94574665  9.094186E+08  3.561760E+09  4.492429E+29
        6.508859E+00  2.309758E+01  6.447304E+00  0.1016097432 -4.653497E-02
        4.522500E+23 -3.999873E+00 -1.999887E+00 -3.054398E-01 -3.054398E-01
   184     5214.1665    7.94647995  9.086512E+08  3.801760E+09  4.348765E+29
        6.493072E+00  2.309770E+01  6.447387E+00  0.1560730346 -7.369514E-02
        3.555074E+23 -3.999873E+00 -1.999887E+00 -3.054398E-01 -3.054398E-01
   185     5176.9232    7.94714869  9.079518E+08  4.041760E+09  4.219340E+29
        6.477614E+00  2.309782E+01  6.447480E+00  0.2128302756 -1.039316E-01
        2.800561E+23 -3.999873E+00 -1.999887E+00 -3.054398E-01 -3.054398E-01
   186     5139.9746    7.94780606  9.072649E+08  4.281760E+09  4.093965E+29
        6.461243E+00  2.309795E+01  6.447582E+00  0.2734730039 -1.387482E-01
        2.172777E+23 -3.999873E+00 -1.999887E+00 -3.054398E-01 -3.054398E-01
   187     5105.4016    7.94841751  9.066265E+08  4.521760E+09  3.979316E+29
        6.445478E+00  2.309808E+01  6.447684E+00  0.3300673050 -1.739688E-01
        1.695773E+23 -3.999873E+00 -1.999887E+00 -3.054398E-01 -3.054398E-01
   188     5071.2664    7.94900893  9.060094E+08  4.761760E+09  3.868682E+29
        6.429193E+00  2.309821E+01  6.447780E+00  0.3898273545 -2.145473E-01
        1.313299E+23 -3.999873E+00 -1.999887E+00 -3.054398E-01 -3.054398E-01
   189     5037.8527    7.94956914  9.054252E+08  5.001760E+09  3.762868E+29
        6.412881E+00  2.309832E+01  6.447859E+00  0.4465031763 -2.568849E-01
        1.014515E+23 -3.999873E+00 -1.999887E+00 -3.054398E-01 -3.054398E-01
   190     5002.8002    7.95012156  9.048496E+08  5.241760E+09  3.654579E+29
        6.395644E+00  2.309842E+01  6.447928E+00  0.4989074194 -3.000820E-01
        7.741625E+22 -3.999873E+00 -1.999887E+00 -3.054398E-01 -3.054398E-01
   191     4967.1313    7.95065349  9.042956E+08  5.481760E+09  3.547116E+29
        6.378041E+00  2.309852E+01  6.447992E+00  0.5567819450 -3.533826E-01
        5.873014E+22 -3.999873E+00 -1.999887E+00 -3.054398E-01 -3.054398E-01
   192     4929.7628    7.95116237  9.037659E+08  5.721760E+09  3.437542E+29
        6.360011E+00  2.309861E+01  6.448049E+00  0.6037730951 -4.020560E-01
        4.437541E+22 -3.999873E+00 -1.999887E+00 -3.054398E-01 -3.054398E-01
   193     4890.0765    7.95165387  9.032547E+08  5.961760E+09  3.324413E+29
        6.341446E+00  2.309870E+01  6.448111E+00  0.6550348727 -4.622248E-01
        3.307466E+22 -3.999873E+00 -1.999887E+00 -3.054398E-01 -3.054398E-01
   194     4808.3171    7.95251011  9.023647E+08  6.201760E+09  3.101477E+29
        6.305959E+00  2.309887E+01  6.448227E+00  0.7335167969 -5.743302E-01
        1.821681E+22 -3.999873E+00 -1.999887E+00 -3.054398E-01 -3.054398E-01
   195     4755.8724    7.95297182  9.018852E+08  6.438602E+09  2.965209E+29
        6.284663E+00  2.309897E+01  6.448290E+00  0.7749626081 -6.477453E-01
        1.262952E+22 -3.999873E+00 -1.999887E+00 -3.054398E-01 -3.054398E-01
   196     4704.8000    7.95336994  9.014719E+08  6.657950E+09  2.837272E+29
        6.264670E+00  2.309905E+01  6.448343E+00  0.8097224944 -7.206126E-01
        8.917290E+21 -3.999873E+00 -1.999887E+00 -3.054398E-01 -3.054398E-01
   197     4652.2547    7.95374522  9.010825E+08  6.872964E+09  2.710285E+29
        6.244611E+00  2.309912E+01  6.448396E+00  0.8382789404 -7.912334E-01
        6.280059E+21 -3.999873E+00 -1.999887E+00 -3.054398E-01 -3.054398E-01
   198     4598.3214    7.95411143  9.007027E+08  7.080694E+09  2.584593E+29
        6.224353E+00  2.309919E+01  6.448450E+00  0.8648852910 -8.692974E-01
        4.397798E+21 -3.999873E+00 -1.999887E+00 -3.054398E-01 -3.054398E-01
   199     4547.1109    7.95444052  9.003615E+08  7.275370E+09  2.469494E+29
        6.204966E+00  2.309925E+01  6.448499E+00  0.8859826624 -9.430291E-01
        3.126274E+21 -3.999873E+00 -1.999887E+00 -3.054398E-01 -3.054398E-01
   200     4494.0166    7.95475758  9.000329E+08  7.465156E+09  2.354439E+29
        6.185207E+00  2.309930E+01  6.448542E+00  0.9053665913 -1.023956E+00
        2.203692E+21 -3.999873E+00 -1.999887E+00 -3.054398E-01 -3.054398E-01
   201     4441.5316    7.95503923  8.997411E+08  7.642520E+09  2.244906E+29
        6.165987E+00  2.309934E+01  6.448566E+00  0.9201175126 -1.097548E+00
        1.570601E+21 -3.999873E+00 -1.999887E+00 -3.054398E-01 -3.054398E-01
   202     4390.1867    7.95528329  8.994883E+08  7.810898E+09  2.141682E+29
        6.147356E+00  2.309934E+01  6.448567E+00  0.9335135908 -1.177267E+00
        1.137645E+21 -3.999873E+00 -1.999887E+00 -3.054398E-01 -3.054398E-01
   203     4337.2258    7.95550874  8.992548E+08  7.975696E+09  2.039134E+29
        6.128777E+00  2.309933E+01  6.448561E+00  0.9454798474 -1.263443E+00
        8.234107E+20 -3.999873E+00 -1.999887E+00 -3.054398E-01 -3.054398E-01
   204     4281.3241    7.95573026  8.990255E+08  8.136666E+09  1.935033E+29
        6.110078E+00  2.309934E+01  6.448566E+00  0.9559413039 -1.355968E+00
        5.945592E+20 -3.999873E+00 -1.999887E+00 -3.054398E-01 -3.054398E-01
   205     4227.9955    7.95593672  8.988119E+08  8.290472E+09  1.839533E+29
        6.092118E+00  2.309938E+01  6.448595E+00  0.9631766276 -1.433876E+00
        4.382052E+20 -3.999873E+00 -1.999887E+00 -3.054398E-01 -3.054398E-01
   206     4169.9577    7.95616318  8.985776E+08  8.446656E+09  1.739681E+29
        6.073445E+00  2.309948E+01  6.448661E+00  0.9707435740 -1.533779E+00
        3.177789E+20 -3.999873E+00 -1.999887E+00 -3.054398E-01 -3.054398E-01
   207     4115.6651    7.95637141  8.983622E+08  8.595150E+09  1.650042E+29
        6.055552E+00  2.309959E+01  6.448737E+00  0.9756723091 -1.613899E+00
        2.344674E+20 -3.999873E+00 -1.999887E+00 -3.054398E-01 -3.054398E-01
   208     4058.5037    7.95657856  8.981479E+08  8.745160E+09  1.559522E+29
        6.037116E+00  2.309969E+01  6.448807E+00  0.9806825217 -1.714050E+00
        1.721415E+20 -3.999873E+00 -1.999887E+00 -3.054398E-01 -3.054398E-01
   209     4005.1438    7.95675287  8.979677E+08  8.888838E+09  1.478516E+29
        6.019285E+00  2.309975E+01  6.448844E+00  0.9846608956 -1.814200E+00
        1.278985E+20 -3.999873E+00 -1.999887E+00 -3.054398E-01 -3.054398E-01
   210     3949.8962    7.95692342  8.977914E+08  9.033440E+09  1.398059E+29
        6.001048E+00  2.309979E+01  6.448875E+00  0.9866429742 -1.874290E+00
        9.437742E+19 -3.999873E+00 -1.999887E+00 -3.054398E-01 -3.054398E-01
   211     3894.8661    7.95709131  8.976179E+08  9.173352E+09  1.321250E+29
        5.983010E+00  2.309984E+01  6.448916E+00  0.9872450227 -1.894320E+00
        7.022561E+19 -3.999873E+00 -1.999887E+00 -3.054398E-01 -3.054398E-01
   212     3841.9978    7.95724649  8.974575E+08  9.308518E+09  1.250513E+29
        5.965307E+00  2.309988E+01  6.448955E+00  0.9878199348 -1.914350E+00
        5.258038E+19 -3.999873E+00 -1.999887E+00 -3.054398E-01 -3.054398E-01
   213     3789.6912    7.95738731  8.973121E+08  9.444162E+09  1.183407E+29
        5.947432E+00  2.309992E+01  6.448984E+00  0.9878199348 -1.914350E+00
        3.932865E+19 -3.999873E+00 -1.999887E+00 -3.054398E-01 -3.054398E-01
   214     3734.0170    7.95751810  8.971769E+08  9.582592E+09  1.115047E+29
        5.928996E+00  2.309993E+01  6.448995E+00  0.9883689334 -1.934380E+00
        2.917412E+19 -3.999873E+00 -1.999887E+00 -3.054398E-01 -3.054398E-01
   215     3678.2040    7.95763040  8.970610E+08  9.719090E+09  1.049589E+29
        5.910681E+00  2.309993E+01  6.448995E+00  0.9883689334 -1.934380E+00
        2.176329E+19 -3.999873E+00 -1.999887E+00 -3.054398E-01 -3.054398E-01
   216     3621.5614    7.95773134  8.969567E+08  9.857034E+09  9.861849E+28
        5.892152E+00  2.309993E+01  6.448991E+00  0.9883689334 -1.934380E+00
        1.619085E+19 -3.999873E+00 -1.999887E+00 -3.054398E-01 -3.054398E-01
   217     3561.0269    7.95783212  8.968527E+08  9.998064E+09  9.216694E+28
        5.873075E+00  2.309993E+01  6.448991E+00  0.9883689334 -1.934380E+00
        1.191925E+19 -3.999873E+00 -1.999887E+00 -3.054398E-01 -3.054398E-01
   218     3500.5728    7.95793048  8.967511E+08  1.013774E+10  8.604632E+28
        5.854097E+00  2.309994E+01  6.448999E+00  0.9883689334 -1.934380E+00
        8.815272E+18 -3.999873E+00 -1.999887E+00 -3.054398E-01 -3.054398E-01
   219     3438.5484    7.95802385  8.966547E+08  1.027962E+10  8.009087E+28
        5.834769E+00  2.309995E+01  6.449007E+00  0.9883689334 -1.934380E+00
        6.476198E+18 -3.999873E+00 -1.999887E+00 -3.054398E-01 -3.054398E-01
   220     3375.4715    7.95811148  8.965642E+08  1.042307E+10  7.435884E+28
        5.815197E+00  2.309996E+01  6.449013E+00  0.9888931867 -1.954411E+00
        4.743585E+18 -3.999873E+00 -1.999887E+00 -3.054398E-01 -3.054398E-01
   221     3311.4410    7.95819275  8.964804E+08  1.056791E+10  6.886232E+28
        5.795417E+00  2.309997E+01  6.449018E+00  0.9888931867 -1.954411E+00
        3.467111E+18 -3.999873E+00 -1.999887E+00 -3.054398E-01 -3.054398E-01
   222     3246.3654    7.95826835  8.964023E+08  1.071460E+10  6.359567E+28
        5.775367E+00  2.309998E+01  6.449024E+00  0.9888931867 -1.954411E+00
        2.524369E+18 -3.999873E+00 -1.999887E+00 -3.054398E-01 -3.054398E-01
   223     3181.7740    7.95833621  8.963323E+08  1.086312E+10  5.867423E+28
        5.755194E+00  2.309998E+01  6.449027E+00  0.9888931867 -1.954411E+00
        1.837386E+18 -3.999873E+00 -1.999887E+00 -3.054398E-01 -3.054398E-01
   224     3113.6608    7.95840203  8.962644E+08  1.101574E+10  5.380089E+28
        5.734385E+00  2.309998E+01  6.449028E+00  0.9888931867 -1.954411E+00
        1.322624E+18 -3.999873E+00 -1.999887E+00 -3.054398E-01 -3.054398E-01
   225     3047.0926    7.95846396  8.962005E+08  1.116712E+10  4.933839E+28
        5.713734E+00  2.309998E+01  6.449028E+00  0.9888931867 -1.954411E+00
        9.533625E+17 -3.999873E+00 -1.999887E+00 -3.054398E-01 -3.054398E-01
   226     2980.1304    7.95852538  8.961371E+08  1.132081E+10  4.513589E+28
        5.692761E+00  2.309999E+01  6.449033E+00  0.9888931867 -1.954411E+00
        6.834512E+17 -3.999873E+00 -1.999887E+00 -3.054398E-01 -3.054398E-01
   227     2913.2107    7.95858335  8.960773E+08  1.147593E+10  4.121075E+28
        5.671602E+00  2.309999E+01  6.449036E+00  0.9893938100 -1.974441E+00
        4.878791E+17 -3.999873E+00 -1.999887E+00 -3.054398E-01 -3.054398E-01
   228     2846.5478    7.95863742  8.960215E+08  1.163233E+10  3.756149E+28
        5.650281E+00  2.310000E+01  6.449037E+00  0.9893938100 -1.974441E+00
        3.471968E+17 -3.999873E+00 -1.999887E+00 -3.054398E-01 -3.054398E-01
   229     2780.3121    7.95868948  8.959678E+08  1.178977E+10  3.418149E+28
        5.628810E+00  2.310000E+01  6.449039E+00  0.9893938100 -1.974441E+00
        2.462019E+17 -3.999873E+00 -1.999887E+00 -3.054398E-01 -3.054398E-01
   230     2714.6766    7.95874075  8.959150E+08  1.194792E+10  3.106261E+28
        5.607202E+00  2.310000E+01  6.449042E+00  0.9893938100 -1.974441E+00
        1.739765E+17 -3.999873E+00 -1.999887E+00 -3.054398E-01 -3.054398E-01
   231     2651.4998    7.95878746  8.958668E+08  1.210651E+10  2.826736E+28
        5.585753E+00  2.310000E+01  6.449043E+00  0.9893938100 -1.974441E+00
        1.232420E+17 -3.999873E+00 -1.999887E+00 -3.054398E-01 -3.054398E-01
   232     2585.5972    7.95883340  8.958194E+08  1.226858E+10  2.555738E+28
        5.563582E+00  2.310000E+01  6.449043E+00  0.9893938100 -1.974441E+00
        8.607732E+16 -3.999873E+00 -1.999887E+00 -3.054398E-01 -3.054398E-01
   233     2522.8835    7.95887510  8.957764E+08  1.242640E+10  2.316434E+28
        5.541867E+00  2.310001E+01  6.449044E+00  0.9893938100 -1.974441E+00
        6.051173E+16 -3.999873E+00 -1.999887E+00 -3.054398E-01 -3.054398E-01
   234     2461.0757    7.95891489  8.957353E+08  1.258454E+10  2.097449E+28
        5.519993E+00  2.310001E+01  6.449046E+00  0.9893938100 -1.974441E+00
        4.239181E+16 -3.999873E+00 -1.999887E+00 -3.054398E-01 -3.054398E-01
   235     2400.4666    7.95895223  8.956968E+08  1.274199E+10  1.898177E+28
        5.498119E+00  2.310001E+01  6.449045E+00  0.9898718684 -1.994471E+00
        2.966203E+16 -3.999873E+00 -1.999887E+00 -3.054398E-01 -3.054398E-01
   236     2341.0819    7.95898806  8.956599E+08  1.289853E+10  1.717057E+28
        5.476254E+00  2.310001E+01  6.449045E+00  0.9898718684 -1.994471E+00
        2.072603E+16 -3.999873E+00 -1.999887E+00 -3.054398E-01 -3.054398E-01
   237     2282.9230    7.95902400  8.956228E+08  1.305404E+10  1.552556E+28
        5.454357E+00  2.310001E+01  6.449046E+00  0.9898718684 -1.994471E+00
        1.445808E+16 -3.999873E+00 -1.999887E+00 -3.054398E-01 -3.054398E-01
   238     2226.1520    7.95905867  8.955871E+08  1.320797E+10  1.403676E+28
        5.432507E+00  2.310001E+01  6.449047E+00  0.9898718684 -1.994471E+00
        1.008028E+16 -3.999873E+00 -1.999887E+00 -3.054398E-01 -3.054398E-01
   239     2172.9407    7.95909051  8.955543E+08  1.336027E+10  1.274111E+28
        5.411236E+00  2.310001E+01  6.449047E+00  0.9898718684 -1.994471E+00
        7.089737E+15 -3.999873E+00 -1.999887E+00 -3.054398E-01 -3.054398E-01
   240     2116.4080    7.95912413  8.955196E+08  1.351622E+10  1.146515E+28
        5.388784E+00  2.310001E+01  6.449048E+00  0.9898718684 -1.994471E+00
        4.876220E+15 -3.999873E+00 -1.999887E+00 -3.054398E-01 -3.054398E-01
   241     2063.8943    7.95915385  8.954890E+08  1.366415E+10  1.036817E+28
        5.367148E+00  2.310001E+01  6.449049E+00  0.9898718684 -1.994471E+00
        3.397108E+15 -3.999873E+00 -1.999887E+00 -3.054398E-01 -3.054398E-01
   242     2012.6885    7.95918083  8.954611E+08  1.381040E+10  9.376305E+27
        5.345511E+00  2.310001E+01  6.449049E+00  0.9903283790 -2.014501E+00
        2.362734E+15 -3.999873E+00 -1.999887E+00 -3.054398E-01 -3.054398E-01
   243     1962.8929    7.95920616  8.954350E+08  1.395459E+10  8.481770E+27
        5.323941E+00  2.310001E+01  6.449048E+00  0.9903283790 -2.014501E+00
        1.643021E+15 -3.999873E+00 -1.999887E+00 -3.054398E-01 -3.054398E-01
   244     1914.4267    7.95923196  8.954084E+08  1.409658E+10  7.674132E+27
        5.302408E+00  2.310001E+01  6.449049E+00  0.9903283790 -2.014501E+00
        1.141396E+15 -3.999873E+00 -1.999887E+00 -3.054398E-01 -3.054398E-01
   245     1869.9469    7.95925580  8.953838E+08  1.423607E+10  6.985020E+27
        5.281812E+00  2.310001E+01  6.449049E+00  0.9903283790 -2.014501E+00
        8.052651E+14 -3.999873E+00 -1.999887E+00 -3.054398E-01 -3.054398E-01
   246     1821.2184    7.95928128  8.953576E+08  1.438024E+10  6.284535E+27
        5.259411E+00  2.310001E+01  6.449049E+00  0.9903283790 -2.014501E+00
        5.490613E+14 -3.999873E+00 -1.999887E+00 -3.054398E-01 -3.054398E-01
   247     1776.9402    7.95930504  8.953331E+08  1.451390E+10  5.694983E+27
        5.238274E+00  2.310001E+01  6.449049E+00  0.9907643130 -2.034531E+00
        3.821551E+14 -3.999873E+00 -1.999887E+00 -3.054398E-01 -3.054398E-01
   248     1733.8331    7.95932794  8.953095E+08  1.464548E+10  5.161875E+27
        5.217116E+00  2.310001E+01  6.449049E+00  0.9907643130 -2.034531E+00
        2.655368E+14 -3.999873E+00 -1.999887E+00 -3.054398E-01 -3.054398E-01
   249     1695.0731    7.95934759  8.952892E+08  1.477431E+10  4.715333E+27
        5.197284E+00  2.310001E+01  6.449049E+00  0.9907643130 -2.034531E+00
        1.886851E+14 -3.999873E+00 -1.999887E+00 -3.054398E-01 -3.054398E-01
   250     1651.2757    7.95936978  8.952664E+08  1.490954E+10  4.246341E+27
        5.174981E+00  2.310001E+01  6.449049E+00  0.9911805978 -2.054561E+00
        1.279685E+14 -3.999873E+00 -1.999887E+00 -3.054398E-01 -3.054398E-01
   251     1612.1558    7.95939001  8.952455E+08  1.503271E+10  3.857841E+27
        5.154275E+00  2.310001E+01  6.449049E+00  0.9911805978 -2.054561E+00
        8.917317E+13 -3.999873E+00 -1.999887E+00 -3.054398E-01 -3.054398E-01
   252     1577.3557    7.95940853  8.952264E+08  1.515376E+10  3.535219E+27
        5.135066E+00  2.310001E+01  6.449049E+00  0.9911805978 -2.054561E+00
        6.376464E+13 -3.999873E+00 -1.999887E+00 -3.054398E-01 -3.054398E-01
   253     1536.7950    7.95942948  8.952048E+08  1.528280E+10  3.185228E+27
        5.112732E+00  2.310001E+01  6.449049E+00  0.9915781192 -2.074591E+00
        4.300453E+13 -3.999873E+00 -1.999887E+00 -3.054398E-01 -3.054398E-01
   254     1504.4915    7.95944604  8.951878E+08  1.539833E+10  2.925629E+27
        5.094046E+00  2.310001E+01  6.449049E+00  0.9915781192 -2.074591E+00
        3.095548E+13 -3.999873E+00 -1.999887E+00 -3.054398E-01 -3.054398E-01
   255     1469.4335    7.95946640  8.951668E+08  1.552322E+10  2.662193E+27
        5.073557E+00  2.310001E+01  6.449049E+00  0.9919577228 -2.094621E+00
        2.155434E+13 -3.999873E+00 -1.999887E+00 -3.054398E-01 -3.054398E-01
