============================================================================
  #Mod      Teff         Log(g)           R            Age            L
           Log(Tc)       Log(Pc)      Log(rhoc)       Mx/M         Log(qx)
             Lnu        Log(H/*)      Log(He/*)     Log(C/*)      Log(O/*)
============================================================================
     1   137026.6632    7.69741365  1.365520E+09  0.000000E+00  4.684339E+35
        8.073378E+00  2.331931E+01  6.588148E+00  0.0000000000  0.000000E+00
        8.760453E+35 -9.999860E+00 -1.999885E+00 -3.053960E-01 -3.053960E-01
     2   127533.5145    7.77908166  1.242980E+09  6.000000E+04  2.912442E+35
        8.039300E+00  2.337505E+01  6.626107E+00  0.0000000000  0.000000E+00
        6.349024E+35 -9.999860E+00 -1.999885E+00 -3.053960E-01 -3.053960E-01
     3   119579.1024    7.83544274  1.164886E+09  1.200000E+05  1.977061E+35
        8.010926E+00  2.341361E+01  6.652418E+00  0.0000000000  0.000000E+00
        4.632285E+35 -9.999860E+00 -1.999885E+00 -3.053960E-01 -3.053960E-01
     4   112592.7613    7.87691621  1.110572E+09  1.800000E+05  1.412431E+35
        7.987321E+00  2.344120E+01  6.671281E+00  0.0000000000  0.000000E+00
        3.453181E+35 -9.999860E+00 -1.999885E+00 -3.053960E-01 -3.053960E-01
     5   106442.1347    7.90882339  1.070516E+09  2.400000E+05  1.048269E+35
        7.967568E+00  2.346187E+01  6.685427E+00  0.0000000000  0.000000E+00
        2.644024E+35 -9.999860E+00 -1.999885E+00 -3.053960E-01 -3.053960E-01
     6   101007.4983    7.93403813  1.039886E+09  3.000000E+05  8.020805E+34
        7.950778E+00  2.347773E+01  6.696292E+00  0.0000000000  0.000000E+00
        2.074431E+35 -9.999860E+00 -1.999885E+00 -3.053960E-01 -3.053960E-01
     7    96200.0298    7.95439510  1.015798E+09  3.600000E+05  6.297198E+34
        7.936298E+00  2.349016E+01  6.704820E+00  0.0000000000  0.000000E+00
        1.663116E+35 -9.999860E+00 -1.999885E+00 -3.053960E-01 -3.053960E-01
     8    91948.3002    7.97122211  9.963084E+08  4.200000E+05  5.055852E+34
        7.923693E+00  2.350022E+01  6.711730E+00  0.0000000000  0.000000E+00
        1.360028E+35 -9.999860E+00 -1.999885E+00 -3.053960E-01 -3.053960E-01
     9    88173.0248    7.98535163  9.802323E+08  4.800000E+05  4.138405E+34
        7.912596E+00  2.350852E+01  6.717433E+00  0.0000000000  0.000000E+00
        1.131368E+35 -9.999860E+00 -1.999885E+00 -3.053960E-01 -3.053960E-01
    10    84800.8325    7.99735031  9.667845E+08  5.400000E+05  3.444227E+34
        7.902717E+00  2.351543E+01  6.722189E+00  0.0000000000  0.000000E+00
        9.549356E+34 -9.999860E+00 -1.999885E+00 -3.053960E-01 -3.053960E-01
    11    81773.4768    8.00765002  9.553881E+08  6.000000E+05  2.908315E+34
        7.893842E+00  2.352125E+01  6.726199E+00  0.0000000000  0.000000E+00
        8.162467E+34 -9.999860E+00 -1.999885E+00 -3.053960E-01 -3.053960E-01
    12    79067.2655    8.01659972  9.455946E+08  6.600000E+05  2.490169E+34
        7.885818E+00  2.352624E+01  6.729638E+00  0.0000000000  0.000000E+00
        7.056692E+34 -9.999860E+00 -1.999885E+00 -3.053960E-01 -3.053960E-01
    13    76619.8346    8.02448145  9.370529E+08  7.200000E+05  2.156379E+34
        7.878519E+00  2.353058E+01  6.732630E+00  0.0000000000  0.000000E+00
        6.162848E+34 -9.999860E+00 -1.999885E+00 -3.053960E-01 -3.053960E-01
    14    74403.4327    8.03145943  9.295551E+08  7.800000E+05  1.886923E+34
        7.871837E+00  2.353439E+01  6.735256E+00  0.0000000000  0.000000E+00
        5.430411E+34 -9.999860E+00 -1.999885E+00 -3.053960E-01 -3.053960E-01
    15    72371.8388    8.03769417  9.229066E+08  8.400000E+05  1.665045E+34
        7.865687E+00  2.353776E+01  6.737578E+00  0.0000000000  0.000000E+00
        4.822824E+34 -9.999860E+00 -1.999885E+00 -3.053960E-01 -3.053960E-01
    16    70506.2309    8.04329703  9.169725E+08  9.000000E+05  1.480658E+34
        7.859997E+00  2.354075E+01  6.739644E+00  0.0000000000  0.000000E+00
        4.313228E+34 -9.999860E+00 -1.999885E+00 -3.053960E-01 -3.053960E-01
    17    68734.1678    8.04848177  9.115153E+08  9.613510E+05  1.321450E+34
        7.854599E+00  2.354348E+01  6.741531E+00  0.0000000000  0.000000E+00
        3.873057E+34 -9.999860E+00 -1.999885E+00 -3.053960E-01 -3.053960E-01
    18    67024.1608    8.05341883  9.063489E+08  1.025992E+06  1.181268E+34
        7.849325E+00  2.354607E+01  6.743315E+00  0.0000000000  0.000000E+00
        3.480647E+34 -9.999860E+00 -1.999885E+00 -3.053960E-01 -3.053960E-01
    19    65347.9142    8.05817998  9.013944E+08  1.094829E+06  1.055817E+34
        7.844117E+00  2.354854E+01  6.745020E+00  0.0000000000  0.000000E+00
        3.127108E+34 -9.999860E+00 -1.999885E+00 -3.053960E-01 -3.053960E-01
    20    63708.6275    8.06275602  8.966580E+08  1.167901E+06  9.437971E+33
        7.838990E+00  2.355089E+01  6.746644E+00  0.0000000000  0.000000E+00
        2.809618E+34 -9.999860E+00 -1.999885E+00 -3.053960E-01 -3.053960E-01
    21    62098.4604    8.06715719  8.921261E+08  1.245419E+06  8.433499E+33
        7.833946E+00  2.355312E+01  6.748188E+00  0.0000000000  0.000000E+00
        2.524641E+34 -9.999860E+00 -1.999885E+00 -3.053960E-01 -3.053960E-01
    22    60544.0505    8.07135542  8.878245E+08  1.327361E+06  7.546961E+33
        7.828998E+00  2.355524E+01  6.749651E+00  0.0000000000  0.000000E+00
        2.269623E+34 -9.999860E+00 -1.999885E+00 -3.053960E-01 -3.053960E-01
    23    59024.3186    8.07540437  8.836955E+08  1.414765E+06  6.754002E+33
        7.824102E+00  2.355727E+01  6.751050E+00  0.0000000000  0.000000E+00
        2.039447E+34 -9.999860E+00 -1.999885E+00 -3.053960E-01 -3.053960E-01
    24    57542.6846    8.07930187  8.797391E+08  1.507768E+06  6.046447E+33
        7.819270E+00  2.355920E+01  6.752387E+00  0.0000000000  0.000000E+00
        1.832327E+34 -9.999860E+00 -1.999885E+00 -3.053960E-01 -3.053960E-01
    25    56099.8734    8.08305190  8.759491E+08  1.606758E+06  5.415484E+33
        7.814500E+00  2.356105E+01  6.753664E+00  0.0000000000  0.000000E+00
        1.645946E+34 -9.999860E+00 -1.999885E+00 -3.053960E-01 -3.053960E-01
    26    54695.8819    8.08665957  8.723184E+08  1.712207E+06  4.852892E+33
        7.809785E+00  2.356281E+01  6.754885E+00  0.0000000000  0.000000E+00
        1.478137E+34 -9.999860E+00 -1.999885E+00 -3.053960E-01 -3.053960E-01
    27    53331.5923    8.09012971  8.688403E+08  1.824634E+06  4.351612E+33
        7.805120E+00  2.356450E+01  6.756052E+00  0.0000000000  0.000000E+00
        1.326984E+34 -9.999860E+00 -1.999885E+00 -3.053960E-01 -3.053960E-01
    28    52009.7748    8.09346801  8.655075E+08  1.944668E+06  3.905832E+33
        7.800497E+00  2.356612E+01  6.757171E+00  0.0000000000  0.000000E+00
        1.190731E+34 -9.999860E+00 -1.999885E+00 -3.053960E-01 -3.053960E-01
    29    50726.1900    8.09669459  8.622983E+08  2.073187E+06  3.508133E+33
        7.795903E+00  2.356767E+01  6.758247E+00  0.0000000000  0.000000E+00
        1.067703E+34 -9.999860E+00 -1.999885E+00 -3.053960E-01 -3.053960E-01
    30    49483.0404    8.09981342  8.592076E+08  2.210832E+06  3.153942E+33
        7.791337E+00  2.356916E+01  6.759285E+00  0.0000000000  0.000000E+00
        9.567114E+33 -9.999860E+00 -1.999885E+00 -3.053960E-01 -3.053960E-01
    31    48277.8951    8.10283464  8.562242E+08  2.358537E+06  2.837921E+33
        7.786787E+00  2.357061E+01  6.760288E+00  0.0000000000  0.000000E+00
        8.564989E+33 -9.999860E+00 -1.999885E+00 -3.053960E-01 -3.053960E-01
    32    47107.1293    8.10576407  8.533414E+08  2.517116E+06  2.555195E+33
        7.782249E+00  2.357200E+01  6.761257E+00  0.0000000000  0.000000E+00
        7.660808E+33 -9.999860E+00 -1.999885E+00 -3.053960E-01 -3.053960E-01
    33    45964.0043    8.10859467  8.505650E+08  2.687170E+06  2.301009E+33
        7.777724E+00  2.357335E+01  6.762194E+00  0.0000000000  0.000000E+00
        6.846720E+33 -9.999860E+00 -1.999885E+00 -3.053960E-01 -3.053960E-01
    34    44858.9666    8.11131056  8.479096E+08  2.868996E+06  2.074570E+33
        7.773218E+00  2.357464E+01  6.763095E+00  0.0000000000  0.000000E+00
        6.116221E+33 -9.999860E+00 -1.999885E+00 -3.053960E-01 -3.053960E-01
    35    43789.6119    8.11392139  8.453648E+08  3.064357E+06  1.872426E+33
        7.768706E+00  2.357589E+01  6.763966E+00  0.0000000000  0.000000E+00
        5.458105E+33 -9.999860E+00 -1.999885E+00 -3.053960E-01 -3.053960E-01
    36    42752.2137    8.11643290  8.429239E+08  3.274867E+06  1.691388E+33
        7.764169E+00  2.357709E+01  6.764809E+00  0.0000000000  0.000000E+00
        4.864419E+33 -9.999860E+00 -1.999885E+00 -3.053960E-01 -3.053960E-01
    37    41749.7225    8.11884870  8.405828E+08  3.501929E+06  1.529704E+33
        7.759595E+00  2.357826E+01  6.765626E+00  0.0000000000  0.000000E+00
        4.329238E+33 -9.999860E+00 -1.999885E+00 -3.053960E-01 -3.053960E-01
    38    40778.1974    8.12117457  8.383349E+08  3.747593E+06  1.384775E+33
        7.754964E+00  2.357939E+01  6.766419E+00  0.0000000000  0.000000E+00
        3.846283E+33 -9.999860E+00 -1.999885E+00 -3.053960E-01 -3.053960E-01
    39    39835.6888    8.12340978  8.361803E+08  4.013615E+06  1.254646E+33
        7.750264E+00  2.358049E+01  6.767189E+00  0.0000000000  0.000000E+00
        3.410999E+33 -9.999860E+00 -1.999885E+00 -3.053960E-01 -3.053960E-01
    40    38928.3306    8.12555714  8.341156E+08  4.301941E+06  1.138538E+33
        7.745482E+00  2.358156E+01  6.767937E+00  0.0000000000  0.000000E+00
        3.019180E+33 -9.999860E+00 -1.999885E+00 -3.053960E-01 -3.053960E-01
    41    38044.5568    8.12762421  8.321330E+08  4.616012E+06  1.033683E+33
        7.740584E+00  2.358259E+01  6.768664E+00  0.0000000000  0.000000E+00
        2.665751E+33 -9.999860E+00 -1.999885E+00 -3.053960E-01 -3.053960E-01
    42    37196.4989    8.12960493  8.302375E+08  4.957281E+06  9.402535E+32
        7.735571E+00  2.358359E+01  6.769368E+00  0.0000000000  0.000000E+00
        2.348688E+33 -9.999860E+00 -1.999885E+00 -3.053960E-01 -3.053960E-01
    43    36369.5373    8.13151179  8.284169E+08  5.330723E+06  8.556201E+32
        7.730397E+00  2.358456E+01  6.770055E+00  0.0000000000  0.000000E+00
        2.063294E+33 -9.999860E+00 -1.999885E+00 -3.053960E-01 -3.053960E-01
    44    35579.2111    8.13333641  8.266785E+08  5.737974E+06  7.803519E+32
        7.725066E+00  2.358550E+01  6.770722E+00  0.0000000000  0.000000E+00
        1.808161E+33 -9.999860E+00 -1.999885E+00 -3.053960E-01 -3.053960E-01
    45    34807.8453    8.13509592  8.250056E+08  6.186234E+06  7.119579E+32
        7.719517E+00  2.358642E+01  6.771375E+00  0.0000000000  0.000000E+00
        1.578943E+33 -9.999860E+00 -1.999885E+00 -3.053960E-01 -3.053960E-01
    46    34073.8283    8.13677977  8.234077E+08  6.677329E+06  6.512468E+32
        7.713761E+00  2.358732E+01  6.772011E+00  0.0000000000  0.000000E+00
        1.374785E+33 -9.999860E+00 -1.999885E+00 -3.053960E-01 -3.053960E-01
    47    33356.9927    8.13840924  8.218645E+08  7.221400E+06  5.959090E+32
        7.707721E+00  2.358820E+01  6.772637E+00  0.0000000000  0.000000E+00
        1.191840E+33 -9.999860E+00 -1.999885E+00 -3.053960E-01 -3.053960E-01
    48    32677.6395    8.13996868  8.203903E+08  7.820473E+06  5.468594E+32
        7.701417E+00  2.358906E+01  6.773248E+00  0.0000000000  0.000000E+00
        1.029670E+33 -9.999860E+00 -1.999885E+00 -3.053960E-01 -3.053960E-01
    49    32013.9053    8.14147710  8.189668E+08  8.488314E+06  5.020179E+32
        7.694756E+00  2.358990E+01  6.773846E+00  0.0000000000  0.000000E+00
        8.850015E+32 -9.999860E+00 -1.999885E+00 -3.053960E-01 -3.053960E-01
    50    31380.8657    8.14291772  8.176096E+08  9.226943E+06  4.619379E+32
        7.687778E+00  2.359071E+01  6.774428E+00  0.0000000000  0.000000E+00
        7.576839E+32 -9.999860E+00 -1.999885E+00 -3.053960E-01 -3.053960E-01
    51    30773.3048    8.14430353  8.163061E+08  1.005088E+07  4.258284E+32
        7.680415E+00  2.359150E+01  6.774999E+00  0.0000000000  0.000000E+00
        6.453633E+32 -9.999860E+00 -1.999885E+00 -3.053960E-01 -3.053960E-01
    52    30191.4092    8.14563731  8.150536E+08  1.097148E+07  3.933126E+32
        7.672644E+00  2.359228E+01  6.775560E+00  0.0000000000  0.000000E+00
        5.467670E+32 -9.999860E+00 -1.999885E+00 -3.053960E-01 -3.053960E-01
    53    29633.9082    8.14692387  8.138472E+08  1.200224E+07  3.639766E+32
        7.664444E+00  2.359305E+01  6.776115E+00  0.0000000000  0.000000E+00
        4.606186E+32 -9.999860E+00 -1.999885E+00 -3.053960E-01 -3.053960E-01
    54    29099.8158    8.14816746  8.126829E+08  1.315749E+07  3.374700E+32
        7.655802E+00  2.359381E+01  6.776664E+00  0.0000000000  0.000000E+00
        3.857775E+32 -9.999860E+00 -1.999885E+00 -3.053960E-01 -3.053960E-01
    55    28587.5172    8.14937235  8.115563E+08  1.445274E+07  3.134549E+32
        7.646715E+00  2.359456E+01  6.777210E+00  0.0000000000  0.000000E+00
        3.211599E+32 -9.999860E+00 -1.999885E+00 -3.053960E-01 -3.053960E-01
    56    28095.6980    8.15054313  8.104631E+08  1.590398E+07  2.916472E+32
        7.637188E+00  2.359532E+01  6.777757E+00  0.0000000000  0.000000E+00
        2.657564E+32 -9.999860E+00 -1.999885E+00 -3.053960E-01 -3.053960E-01
    57    27619.0518    8.15168635  8.093971E+08  1.752789E+07  2.716379E+32
        7.627235E+00  2.359607E+01  6.778307E+00  0.0000000000  0.000000E+00
        2.185945E+32 -9.999860E+00 -1.999885E+00 -3.053960E-01 -3.053960E-01
    58    27161.8890    8.15279717  8.083627E+08  1.933570E+07  2.534454E+32
        7.616906E+00  2.359683E+01  6.778859E+00  0.0000000000  0.000000E+00
        1.788378E+32 -9.999860E+00 -1.999885E+00 -3.053960E-01 -3.053960E-01
    59    26720.0017    8.15388093  8.073547E+08  2.135008E+07  2.367591E+32
        7.606193E+00  2.359758E+01  6.779407E+00  0.0000000000  0.000000E+00
        1.454351E+32 -9.999860E+00 -1.999885E+00 -3.053960E-01 -3.053960E-01
    60    26290.1784    8.15493858  8.063722E+08  2.358421E+07  2.213488E+32
        7.595142E+00  2.359832E+01  6.779947E+00  0.0000000000  0.000000E+00
        1.176073E+32 -9.999860E+00 -1.999885E+00 -3.053960E-01 -3.053960E-01
    61    25873.6826    8.15596682  8.054182E+08  2.604602E+07  2.071609E+32
        7.583815E+00  2.359905E+01  6.780477E+00  0.0000000000  0.000000E+00
        9.463175E+31 -9.999860E+00 -1.999885E+00 -3.053960E-01 -3.053960E-01
    62    25467.2174    8.15696911  8.044893E+08  2.874968E+07  1.939986E+32
        7.572236E+00  2.359976E+01  6.780995E+00  0.0000000000  0.000000E+00
        7.576234E+31 -9.999860E+00 -1.999885E+00 -3.053960E-01 -3.053960E-01
    63    25070.6714    8.15794481  8.035861E+08  3.169936E+07  1.817861E+32
        7.560460E+00  2.360045E+01  6.781498E+00  0.0000000000  0.000000E+00
        6.038715E+31 -9.999860E+00 -1.999885E+00 -3.053960E-01 -3.053960E-01
    64    24682.6538    8.15889671  8.027059E+08  3.490150E+07  1.704168E+32
        7.548520E+00  2.360112E+01  6.781988E+00  0.0000000000  0.000000E+00
        4.793101E+31 -9.999860E+00 -1.999885E+00 -3.053960E-01 -3.053960E-01
    65    24301.2035    8.15982794  8.018458E+08  3.835812E+07  1.597809E+32
        7.536454E+00  2.360177E+01  6.782466E+00  0.0000000000  0.000000E+00
        3.790295E+31 -9.999860E+00 -1.999885E+00 -3.053960E-01 -3.053960E-01
    66    23926.1839    8.16073853  8.010056E+08  4.206543E+07  1.498293E+32
        7.524310E+00  2.360240E+01  6.782930E+00  0.0000000000  0.000000E+00
        2.988236E+31 -9.999860E+00 -1.999885E+00 -3.053960E-01 -3.053960E-01
    67    23557.2206    8.16162938  8.001845E+08  4.602235E+07  1.405104E+32
        7.512116E+00  2.360301E+01  6.783381E+00  0.0000000000  0.000000E+00
        2.349667E+31 -9.999860E+00 -1.999885E+00 -3.053960E-01 -3.053960E-01
    68    23194.0522    8.16250093  7.993820E+08  5.022727E+07  1.317793E+32
        7.499895E+00  2.360361E+01  6.783820E+00  0.0000000000  0.000000E+00
        1.843253E+31 -9.999860E+00 -1.999885E+00 -3.053960E-01 -3.053960E-01
    69    22836.4336    8.16335320  7.985980E+08  5.467798E+07  1.235952E+32
        7.487663E+00  2.360418E+01  6.784246E+00  0.0000000000  0.000000E+00
        1.443046E+31 -9.999860E+00 -1.999885E+00 -3.053960E-01 -3.053960E-01
    70    22484.3004    8.16418692  7.978319E+08  5.937169E+07  1.159237E+32
        7.475435E+00  2.360475E+01  6.784661E+00  0.0000000000  0.000000E+00
        1.127789E+31 -9.999860E+00 -1.999885E+00 -3.053960E-01 -3.053960E-01
    71    22137.4901    8.16500301  7.970826E+08  6.430634E+07  1.087307E+32
        7.463223E+00  2.360530E+01  6.785066E+00  0.0000000000  0.000000E+00
        8.801369E+30 -9.999860E+00 -1.999885E+00 -3.053960E-01 -3.053960E-01
    72    21796.1119    8.16580152  7.963502E+08  6.948005E+07  1.019897E+32
        7.451035E+00  2.360584E+01  6.785462E+00  0.0000000000  0.000000E+00
        6.860676E+30 -9.999860E+00 -1.999885E+00 -3.053960E-01 -3.053960E-01
    73    21459.9999    8.16658259  7.956344E+08  7.489246E+07  9.567047E+31
        7.438878E+00  2.360637E+01  6.785851E+00  0.0000000000  0.000000E+00
        5.342806E+30 -9.999860E+00 -1.999885E+00 -3.053960E-01 -3.053960E-01
    74    21129.2760    8.16734595  7.949354E+08  8.054297E+07  8.974994E+31
        7.426757E+00  2.360688E+01  6.786231E+00  0.0000000000  0.000000E+00
        4.157711E+30 -9.999860E+00 -1.999885E+00 -3.053960E-01 -3.053960E-01
    75    20803.5587    8.16809183  7.942531E+08  8.643285E+07  8.419772E+31
        7.414673E+00  2.360738E+01  6.786601E+00  0.0000000000  0.000000E+00
        3.233656E+30 -9.999860E+00 -1.999885E+00 -3.053960E-01 -3.053960E-01
    76    20483.2059    8.16881972  7.935878E+08  9.256168E+07  7.899755E+31
        7.402631E+00  2.360787E+01  6.786959E+00  0.0000000000  0.000000E+00
        2.514162E+30 -9.999860E+00 -1.999885E+00 -3.053960E-01 -3.053960E-01
    77    20167.8167    8.16952855  7.929404E+08  9.893291E+07  7.412226E+31
        7.390627E+00  2.360834E+01  6.787304E+00  0.0000000000  0.000000E+00
        1.954346E+30 -9.999860E+00 -1.999885E+00 -3.053960E-01 -3.053960E-01
    78    19857.5033    8.17021881  7.923105E+08  1.055466E+08  6.955389E+31
        7.378667E+00  2.360879E+01  6.787637E+00  0.0000000000  0.000000E+00
        1.519336E+30 -9.999860E+00 -1.999885E+00 -3.053960E-01 -3.053960E-01
    79    19552.1826    8.17089302  7.916958E+08  1.124068E+08  6.527240E+31
        7.366756E+00  2.360924E+01  6.787966E+00  0.0000000000  0.000000E+00
        1.181525E+30 -9.999860E+00 -1.999885E+00 -3.053960E-01 -3.053960E-01
    80    19251.8164    8.17155049  7.910967E+08  1.195194E+08  6.126014E+31
        7.354891E+00  2.360968E+01  6.788289E+00  0.0000000000  0.000000E+00
        9.192081E+29 -9.999860E+00 -1.999885E+00 -3.053960E-01 -3.053960E-01
    81    18956.3422    8.17219047  7.905141E+08  1.268898E+08  5.750020E+31
        7.343071E+00  2.361010E+01  6.788605E+00  0.0000000000  0.000000E+00
        7.155244E+29 -9.999860E+00 -1.999885E+00 -3.053960E-01 -3.053960E-01
    82    18665.7016    8.17281290  7.899478E+08  1.345226E+08  5.397666E+31
        7.331295E+00  2.361052E+01  6.788909E+00  0.0000000000  0.000000E+00
        5.573733E+29 -9.999860E+00 -1.999885E+00 -3.053960E-01 -3.053960E-01
    83    18380.0058    8.17341896  7.893968E+08  1.424227E+08  5.067634E+31
        7.319565E+00  2.361091E+01  6.789201E+00  0.0000000000  0.000000E+00
        4.345617E+29 -9.999860E+00 -1.999885E+00 -3.053960E-01 -3.053960E-01
    84    18099.5106    8.17401048  7.888594E+08  1.505968E+08  4.758812E+31
        7.307877E+00  2.361129E+01  6.789477E+00  0.0000000000  0.000000E+00
        3.391469E+29 -9.999860E+00 -1.999885E+00 -3.053960E-01 -3.053960E-01
    85    17824.4397    8.17458883  7.883343E+08  1.590538E+08  4.470091E+31
        7.296229E+00  2.361164E+01  6.789738E+00  0.0000000000  0.000000E+00
        2.649519E+29 -9.999860E+00 -1.999885E+00 -3.053960E-01 -3.053960E-01
    86    17554.8627    8.17515722  7.878186E+08  1.678032E+08  4.200241E+31
        7.284619E+00  2.361198E+01  6.789987E+00  0.0000000000  0.000000E+00
        2.072106E+29 -9.999860E+00 -1.999885E+00 -3.053960E-01 -3.053960E-01
    87    17290.7211    8.17571809  7.873100E+08  1.768550E+08  3.947989E+31
        7.273046E+00  2.361231E+01  6.790227E+00  0.0000000000  0.000000E+00
        1.622320E+29 -9.999860E+00 -1.999885E+00 -3.053960E-01 -3.053960E-01
    88    17031.6281    8.17627322  7.868070E+08  1.862178E+08  3.711873E+31
        7.261510E+00  2.361262E+01  6.790458E+00  0.0000000000  0.000000E+00
        1.271695E+29 -9.999860E+00 -1.999885E+00 -3.053960E-01 -3.053960E-01
    89    16777.4651    8.17682316  7.863090E+08  1.958967E+08  3.490791E+31
        7.250014E+00  2.361292E+01  6.790682E+00  0.0000000000  0.000000E+00
        9.982553E+28 -9.999860E+00 -1.999885E+00 -3.053960E-01 -3.053960E-01
    90    16528.2813    8.17736702  7.858168E+08  2.058977E+08  3.283866E+31
        7.238561E+00  2.361322E+01  6.790901E+00  0.0000000000  0.000000E+00
        7.848406E+28 -9.999860E+00 -1.999885E+00 -3.053960E-01 -3.053960E-01
    91    16283.4553    8.17790377  7.853314E+08  2.162293E+08  3.089756E+31
        7.227150E+00  2.361351E+01  6.791116E+00  0.0000000000  0.000000E+00
        6.181351E+28 -9.999860E+00 -1.999885E+00 -3.053960E-01 -3.053960E-01
    92    16042.8597    8.17842930  7.848564E+08  2.268904E+08  2.907632E+31
        7.215790E+00  2.361379E+01  6.791323E+00  0.0000000000  0.000000E+00
        4.878786E+28 -9.999860E+00 -1.999885E+00 -3.053960E-01 -3.053960E-01
    93    15806.5569    8.17894072  7.843944E+08  2.378807E+08  2.736844E+31
        7.204488E+00  2.361405E+01  6.791515E+00  0.0000000000  0.000000E+00
        3.860216E+28 -9.999860E+00 -1.999885E+00 -3.053960E-01 -3.053960E-01
    94    15574.7523    8.17943965  7.839439E+08  2.492026E+08  2.576835E+31
        7.193252E+00  2.361430E+01  6.791696E+00  0.0000000000  0.000000E+00
        3.062682E+28 -9.999860E+00 -1.999885E+00 -3.053960E-01 -3.053960E-01
    95    15347.5140    8.17992835  7.835030E+08  2.608652E+08  2.426976E+31
        7.182083E+00  2.361454E+01  6.791870E+00  0.0000000000  0.000000E+00
        2.436859E+28 -9.999860E+00 -1.999885E+00 -3.053960E-01 -3.053960E-01
    96    15124.8316    8.18040841  7.830701E+08  2.728774E+08  2.286628E+31
        7.170981E+00  2.361477E+01  6.792039E+00  0.0000000000  0.000000E+00
        1.944644E+28 -9.999860E+00 -1.999885E+00 -3.053960E-01 -3.053960E-01
    97    14906.6302    8.18088090  7.826442E+08  2.852469E+08  2.155156E+31
        7.159947E+00  2.361500E+01  6.792207E+00  0.0000000000  0.000000E+00
        1.556625E+28 -9.999860E+00 -1.999885E+00 -3.053960E-01 -3.053960E-01
    98    14692.8940    8.18134690  7.822244E+08  2.979783E+08  2.032002E+31
        7.148983E+00  2.361523E+01  6.792377E+00  0.0000000000  0.000000E+00
        1.250073E+28 -9.999860E+00 -1.999885E+00 -3.053960E-01 -3.053960E-01
    99    14483.5755    8.18180600  7.818111E+08  3.110754E+08  1.916632E+31
        7.138092E+00  2.361546E+01  6.792549E+00  0.0000000000  0.000000E+00
        1.007305E+28 -9.999860E+00 -1.999885E+00 -3.053960E-01 -3.053960E-01
   100    14278.6297    8.18225627  7.814059E+08  3.245394E+08  1.808554E+31
        7.127278E+00  2.361570E+01  6.792722E+00  0.0000000000  0.000000E+00
        8.145745E+27 -9.999860E+00 -1.999885E+00 -3.053960E-01 -3.053960E-01
   101    14078.0713    8.18269625  7.810102E+08  3.383683E+08  1.707332E+31
        7.116547E+00  2.361593E+01  6.792892E+00  0.0000000000  0.000000E+00
        6.611856E+27 -9.999860E+00 -1.999885E+00 -3.053960E-01 -3.053960E-01
   102    13881.9128    8.18312481  7.806250E+08  3.525588E+08  1.612553E+31
        7.105906E+00  2.361615E+01  6.793058E+00  0.0000000000  0.000000E+00
        5.387731E+27 -9.999860E+00 -1.999885E+00 -3.053960E-01 -3.053960E-01
   103    13690.1919    8.18354096  7.802510E+08  3.671038E+08  1.523838E+31
        7.095361E+00  2.361637E+01  6.793218E+00  0.0000000000  0.000000E+00
        4.408107E+27 -9.999860E+00 -1.999885E+00 -3.053960E-01 -3.053960E-01
   104    13503.0747    8.18394379  7.798893E+08  3.819846E+08  1.440882E+31
        7.084926E+00  2.361658E+01  6.793372E+00  0.0000000000  0.000000E+00
        3.622237E+27 -9.999860E+00 -1.999885E+00 -3.053960E-01 -3.053960E-01
   105    13320.9718    8.18433223  7.795406E+08  3.971570E+08  1.363493E+31
        7.074630E+00  2.361678E+01  6.793517E+00  0.0000000000  0.000000E+00
        2.990892E+27 -9.999860E+00 -1.999885E+00 -3.053960E-01 -3.053960E-01
   106    13144.8524    8.18470493  7.792061E+08  4.125172E+08  1.291694E+31
        7.064536E+00  2.361696E+01  6.793652E+00  0.0000000000  0.000000E+00
        2.484289E+27 -9.999860E+00 -1.999885E+00 -3.053960E-01 -3.053960E-01
   107    12976.9274    8.18506063  7.788871E+08  4.278294E+08  1.225938E+31
        7.054781E+00  2.361713E+01  6.793779E+00  0.0000000000  0.000000E+00
        2.080750E+27 -9.999860E+00 -1.999885E+00 -3.053960E-01 -3.053960E-01
   108    12822.3245    8.18539239  7.785897E+08  4.425319E+08  1.167660E+31
        7.045685E+00  2.361730E+01  6.793900E+00  0.0000000000  0.000000E+00
        1.766984E+27 -9.999860E+00 -1.999885E+00 -3.053960E-01 -3.053960E-01
   109    12688.6051    8.18568502  7.783274E+08  4.557306E+08  1.118954E+31
        7.037726E+00  2.361744E+01  6.794008E+00  0.0000000000  0.000000E+00
        1.533729E+27 -9.999860E+00 -1.999885E+00 -3.053960E-01 -3.053960E-01
   110    12575.6917    8.18593786  7.781009E+08  4.672371E+08  1.079025E+31
        7.030937E+00  2.361756E+01  6.794099E+00  0.0000000000  0.000000E+00
        1.360716E+27 -9.999860E+00 -1.999885E+00 -3.053960E-01 -3.053960E-01
   111    12477.7147    8.18616120  7.779008E+08  4.775020E+08  1.045251E+31
        7.024995E+00  2.361767E+01  6.794179E+00  0.0000000000  0.000000E+00
        1.226363E+27 -9.999860E+00 -1.999885E+00 -3.053960E-01 -3.053960E-01
   112    12387.8012    8.18636927  7.777145E+08  4.871638E+08  1.014961E+31
        7.019501E+00  2.361777E+01  6.794253E+00  0.0000000000  0.000000E+00
        1.114685E+27 -9.999860E+00 -1.999885E+00 -3.053960E-01 -3.053960E-01
   113    12303.1169    8.18656772  7.775368E+08  4.964839E+08  9.870395E+30
        7.014288E+00  2.361786E+01  6.794321E+00  0.0000000000  0.000000E+00
        1.018746E+27 -9.999860E+00 -1.999885E+00 -3.053960E-01 -3.053960E-01
   114    12221.8531    8.18676029  7.773645E+08  5.056354E+08  9.607925E+30
        7.009252E+00  2.361795E+01  6.794387E+00  0.0000000000  0.000000E+00
        9.343946E+26 -9.999860E+00 -1.999885E+00 -3.053960E-01 -3.053960E-01
   115    12142.8613    8.18694977  7.771949E+08  5.147333E+08  9.357849E+30
        7.004324E+00  2.361803E+01  6.794450E+00  0.0000000000  0.000000E+00
        8.590457E+26 -9.999860E+00 -1.999885E+00 -3.053960E-01 -3.053960E-01
   116    12065.9222    8.18713636  7.770280E+08  5.237914E+08  9.119003E+30
        6.999493E+00  2.361811E+01  6.794511E+00  0.0000000000  0.000000E+00
        7.914507E+26 -9.999860E+00 -1.999885E+00 -3.053960E-01 -3.053960E-01
   117    11990.5085    8.18732022  7.768635E+08  5.328627E+08  8.889387E+30
        6.994728E+00  2.361819E+01  6.794569E+00  0.0000000000  0.000000E+00
        7.303237E+26 -9.999860E+00 -1.999885E+00 -3.053960E-01 -3.053960E-01
   118    11915.3797    8.18750365  7.766995E+08  5.420950E+08  8.665019E+30
        6.989951E+00  2.361826E+01  6.794626E+00  0.0000000000  0.000000E+00
        6.740881E+26 -9.999860E+00 -1.999885E+00 -3.053960E-01 -3.053960E-01
   119    11840.0814    8.18768809  7.765346E+08  5.515488E+08  8.444468E+30
        6.985135E+00  2.361834E+01  6.794681E+00  0.0000000000  0.000000E+00
        6.220405E+26 -9.999860E+00 -1.999885E+00 -3.053960E-01 -3.053960E-01
   120    11765.3843    8.18787205  7.763701E+08  5.611307E+08  8.229891E+30
        6.980327E+00  2.361841E+01  6.794733E+00  0.0000000000  0.000000E+00
        5.743478E+26 -9.999860E+00 -1.999885E+00 -3.053960E-01 -3.053960E-01
   121    11691.9788    8.18805320  7.762082E+08  5.707484E+08  8.023069E+30
        6.975573E+00  2.361847E+01  6.794781E+00  0.0000000000  0.000000E+00
        5.310119E+26 -9.999860E+00 -1.999885E+00 -3.053960E-01 -3.053960E-01
   122    11619.4374    8.18823159  7.760488E+08  5.804531E+08  7.822588E+30
        6.970847E+00  2.361853E+01  6.794824E+00  0.0000000000  0.000000E+00
        4.913782E+26 -9.999860E+00 -1.999885E+00 -3.053960E-01 -3.053960E-01
   123    11546.5122    8.18840936  7.758900E+08  5.904166E+08  7.624925E+30
        6.966069E+00  2.361859E+01  6.794866E+00  0.0000000000  0.000000E+00
        4.544934E+26 -9.999860E+00 -1.999885E+00 -3.053960E-01 -3.053960E-01
   124    11472.1326    8.18858889  7.757296E+08  6.008006E+08  7.427273E+30
        6.961166E+00  2.361864E+01  6.794905E+00  0.0000000000  0.000000E+00
        4.196996E+26 -9.999860E+00 -1.999885E+00 -3.053960E-01 -3.053960E-01
   125    11396.0451    8.18877102  7.755670E+08  6.116613E+08  7.229151E+30
        6.956121E+00  2.361870E+01  6.794943E+00  0.0000000000  0.000000E+00
        3.868395E+26 -9.999860E+00 -1.999885E+00 -3.053960E-01 -3.053960E-01
   126    11318.5827    8.18895555  7.754022E+08  6.229747E+08  7.031602E+30
        6.950952E+00  2.361875E+01  6.794980E+00  0.0000000000  0.000000E+00
        3.559977E+26 -9.999860E+00 -1.999885E+00 -3.053960E-01 -3.053960E-01
   127    11240.3354    8.18914170  7.752361E+08  6.346731E+08  6.836236E+30
        6.945697E+00  2.361880E+01  6.795016E+00  0.0000000000  0.000000E+00
        3.273087E+26 -9.999860E+00 -1.999885E+00 -3.053960E-01 -3.053960E-01
   128    11161.8517    8.18932905  7.750689E+08  6.466908E+08  6.644428E+30
        6.940390E+00  2.361885E+01  6.795051E+00  0.0000000000  0.000000E+00
        3.008180E+26 -9.999860E+00 -1.999885E+00 -3.053960E-01 -3.053960E-01
   129    11083.7141    8.18951686  7.749013E+08  6.589457E+08  6.457524E+30
        6.935071E+00  2.361890E+01  6.795086E+00  0.0000000000  0.000000E+00
        2.765403E+26 -9.999860E+00 -1.999885E+00 -3.053960E-01 -3.053960E-01
   130    11006.3086    8.18970342  7.747349E+08  6.713805E+08  6.276318E+30
        6.929767E+00  2.361895E+01  6.795121E+00  0.0000000000  0.000000E+00
        2.543862E+26 -9.999860E+00 -1.999885E+00 -3.053960E-01 -3.053960E-01
   131    10928.8270    8.18989119  7.745674E+08  6.841302E+08  6.098804E+30
        6.924422E+00  2.361900E+01  6.795157E+00  0.0000000000  0.000000E+00
        2.339556E+26 -9.999860E+00 -1.999885E+00 -3.053960E-01 -3.053960E-01
   132    10851.4979    8.19007931  7.743997E+08  6.971682E+08  5.925447E+30
        6.919051E+00  2.361905E+01  6.795195E+00  0.0000000000  0.000000E+00
        2.151668E+26 -9.999860E+00 -1.999885E+00 -3.053960E-01 -3.053960E-01
   133    10773.8670    8.19026915  7.742305E+08  7.105807E+08  5.755180E+30
        6.913623E+00  2.361911E+01  6.795236E+00  0.0000000000  0.000000E+00
        1.977911E+26 -9.999860E+00 -1.999885E+00 -3.053960E-01 -3.053960E-01
   134    10695.9456    8.19046045  7.740600E+08  7.243825E+08  5.588020E+30
        6.908138E+00  2.361917E+01  6.795280E+00  0.0000000000  0.000000E+00
        1.817278E+26 -9.999860E+00 -1.999885E+00 -3.053960E-01 -3.053960E-01
   135    10617.3394    8.19065387  7.738876E+08  7.386589E+08  5.423137E+30
        6.902566E+00  2.361924E+01  6.795328E+00  0.0000000000  0.000000E+00
        1.668143E+26 -9.999860E+00 -1.999885E+00 -3.053960E-01 -3.053960E-01
   136    10537.8498    8.19084982  7.737131E+08  7.534708E+08  5.260171E+30
        6.896891E+00  2.361931E+01  6.795380E+00  0.0000000000  0.000000E+00
        1.529462E+26 -9.999860E+00 -1.999885E+00 -3.053960E-01 -3.053960E-01
   137    10457.4863    8.19104745  7.735370E+08  7.688392E+08  5.099216E+30
        6.891114E+00  2.361938E+01  6.795436E+00  0.0000000000  0.000000E+00
        1.400657E+26 -9.999860E+00 -1.999885E+00 -3.053960E-01 -3.053960E-01
   138    10375.9790    8.19124754  7.733589E+08  7.848443E+08  4.939812E+30
        6.885213E+00  2.361946E+01  6.795495E+00  0.0000000000  0.000000E+00
        1.280789E+26 -9.999860E+00 -1.999885E+00 -3.053960E-01 -3.053960E-01
   139    10293.5740    8.19144897  7.731795E+08  8.014685E+08  4.782527E+30
        6.879203E+00  2.361955E+01  6.795557E+00  0.0000000000  0.000000E+00
        1.169715E+26 -9.999860E+00 -1.999885E+00 -3.053960E-01 -3.053960E-01
   140    10210.1261    8.19165238  7.729985E+08  8.187731E+08  4.627151E+30
        6.873071E+00  2.361963E+01  6.795621E+00  0.0000000000  0.000000E+00
        1.066738E+26 -9.999860E+00 -1.999885E+00 -3.053960E-01 -3.053960E-01
   141    10125.9889    8.19185791  7.728156E+08  8.367176E+08  4.474387E+30
        6.866841E+00  2.361972E+01  6.795686E+00  0.0000000000  0.000000E+00
        9.717565E+25 -9.999860E+00 -1.999885E+00 -3.053960E-01 -3.053960E-01
   142    10041.8000    8.19206976  7.726271E+08  8.551974E+08  4.325319E+30
        6.860556E+00  2.361981E+01  6.795751E+00  0.0000000000  0.000000E+00
        8.848472E+25 -9.999860E+00 -1.999885E+00 -3.053960E-01 -3.053960E-01
   143     9959.8594    8.19227424  7.724453E+08  8.736912E+08  4.183890E+30
        6.854390E+00  2.361990E+01  6.795815E+00  0.0000000000  0.000000E+00
        8.074468E+25 -9.999860E+00 -1.999885E+00 -3.053960E-01 -3.053960E-01
   144     9877.6981    8.19247719  7.722648E+08  8.927609E+08  4.045642E+30
        6.848161E+00  2.361998E+01  6.795877E+00  0.0000000000  0.000000E+00
        7.363643E+25 -9.999860E+00 -1.999885E+00 -3.053960E-01 -3.053960E-01
   145     9795.3338    8.19267845  7.720859E+08  9.124260E+08  3.910571E+30
        6.841867E+00  2.362006E+01  6.795938E+00  0.0000000000  0.000000E+00
        6.711223E+25 -9.999860E+00 -1.999885E+00 -3.053960E-01 -3.053960E-01
   146     9712.8884    8.19287757  7.719089E+08  9.326797E+08  3.778833E+30
        6.835516E+00  2.362014E+01  6.795997E+00  0.0000000000  0.000000E+00
        6.113486E+25 -9.999860E+00 -1.999885E+00 -3.053960E-01 -3.053960E-01
   147     9630.4914    8.19307412  7.717342E+08  9.535112E+08  3.650575E+30
        6.829118E+00  2.362022E+01  6.796053E+00  0.0000000000  0.000000E+00
        5.566830E+25 -9.999860E+00 -1.999885E+00 -3.053960E-01 -3.053960E-01
   148     9548.2487    8.19326805  7.715620E+08  9.749153E+08  3.525888E+30
        6.822680E+00  2.362029E+01  6.796105E+00  0.0000000000  0.000000E+00
        5.067554E+25 -9.999860E+00 -1.999885E+00 -3.053960E-01 -3.053960E-01
   149     9466.2688    8.19346071  7.713908E+08  9.968891E+08  3.404837E+30
        6.816207E+00  2.362036E+01  6.796156E+00  0.0000000000  0.000000E+00
        4.612015E+25 -9.999860E+00 -1.999885E+00 -3.053960E-01 -3.053960E-01
   150     9384.6310    8.19365329  7.712198E+08  1.019435E+09  3.287435E+30
        6.809707E+00  2.362043E+01  6.796211E+00  0.0000000000  0.000000E+00
        4.196957E+25 -9.999860E+00 -1.999885E+00 -3.053960E-01 -3.053960E-01
   151     9303.3797    8.19384552  7.710492E+08  1.042557E+09  3.173651E+30
        6.803182E+00  2.362051E+01  6.796268E+00  0.0000000000  0.000000E+00
        3.818887E+25 -9.999860E+00 -1.999885E+00 -3.053960E-01 -3.053960E-01
   152     9222.5690    8.19403705  7.708792E+08  1.066254E+09  3.063460E+30
        6.796638E+00  2.362059E+01  6.796328E+00  0.0000000000  0.000000E+00
        3.474733E+25 -9.999860E+00 -1.999885E+00 -3.053960E-01 -3.053960E-01
   153     9142.2695    8.19422745  7.707102E+08  1.090516E+09  2.956857E+30
        6.790079E+00  2.362067E+01  6.796389E+00  0.0000000000  0.000000E+00
        3.161715E+25 -9.999860E+00 -1.999885E+00 -3.053960E-01 -3.053960E-01
   154     9062.5297    8.19441626  7.705427E+08  1.115340E+09  2.853797E+30
        6.783512E+00  2.362075E+01  6.796450E+00  0.0000000000  0.000000E+00
        2.877072E+25 -9.999860E+00 -1.999885E+00 -3.053960E-01 -3.053960E-01
   155     8983.3614    8.19460298  7.703771E+08  1.140730E+09  2.754192E+30
        6.776936E+00  2.362083E+01  6.796510E+00  0.0000000000  0.000000E+00
        2.618412E+25 -9.999860E+00 -1.999885E+00 -3.053960E-01 -3.053960E-01
   156     8904.7200    8.19478767  7.702133E+08  1.166714E+09  2.657878E+30
        6.770350E+00  2.362091E+01  6.796569E+00  0.0000000000  0.000000E+00
        2.383118E+25 -9.999860E+00 -1.999885E+00 -3.053960E-01 -3.053960E-01
   157     8826.8521    8.19496933  7.700522E+08  1.193216E+09  2.565049E+30
        6.763775E+00  2.362099E+01  6.796626E+00  0.0000000000  0.000000E+00
        2.169711E+25 -9.999860E+00 -1.999885E+00 -3.053960E-01 -3.053960E-01
   158     8749.6982    8.19514779  7.698940E+08  1.220261E+09  2.475518E+30
        6.757206E+00  2.362106E+01  6.796680E+00  0.0000000000  0.000000E+00
        1.975883E+25 -9.999860E+00 -1.999885E+00 -3.053960E-01 -3.053960E-01
   159     8673.2435    8.19532277  7.697389E+08  1.247858E+09  2.389159E+30
        6.750643E+00  2.362113E+01  6.796729E+00  0.0000000000  0.000000E+00
        1.799902E+25 -9.999860E+00 -1.999885E+00 -3.053960E-01 -3.053960E-01
   160     8597.4770    8.19549417  7.695870E+08  1.276018E+09  2.305853E+30
        6.744085E+00  2.362119E+01  6.796775E+00  0.0000000000  0.000000E+00
        1.640002E+25 -9.999860E+00 -1.999885E+00 -3.053960E-01 -3.053960E-01
   161     8522.3866    8.19566189  7.694385E+08  1.304753E+09  2.225485E+30
        6.737534E+00  2.362124E+01  6.796815E+00  0.0000000000  0.000000E+00
        1.494605E+25 -9.999860E+00 -1.999885E+00 -3.053960E-01 -3.053960E-01
   162     8447.8383    8.19582598  7.692931E+08  1.334123E+09  2.147821E+30
        6.730977E+00  2.362129E+01  6.796850E+00  0.0000000000  0.000000E+00
        1.362251E+25 -9.999860E+00 -1.999885E+00 -3.053960E-01 -3.053960E-01
   163     8373.9662    8.19598608  7.691513E+08  1.364085E+09  2.072910E+30
        6.724428E+00  2.362133E+01  6.796878E+00  0.0000000000  0.000000E+00
        1.241924E+25 -9.999860E+00 -1.999885E+00 -3.053960E-01 -3.053960E-01
   164     8300.5914    8.19614293  7.690124E+08  1.394726E+09  2.000483E+30
        6.717871E+00  2.362137E+01  6.796902E+00  0.0000000000  0.000000E+00
        1.132250E+25 -9.999860E+00 -1.999885E+00 -3.053960E-01 -3.053960E-01
   165     8227.7201    8.19629689  7.688761E+08  1.426061E+09  1.930469E+30
        6.711306E+00  2.362140E+01  6.796923E+00  0.0000000000  0.000000E+00
        1.032252E+25 -9.999860E+00 -1.999885E+00 -3.053960E-01 -3.053960E-01
   166     8155.3779    8.19644823  7.687422E+08  1.458101E+09  1.862815E+30
        6.704737E+00  2.362143E+01  6.796941E+00  0.0000000000  0.000000E+00
        9.411541E+24 -9.999860E+00 -1.999885E+00 -3.053960E-01 -3.053960E-01
   167     8083.5221    8.19659778  7.686098E+08  1.490886E+09  1.797407E+30
        6.698157E+00  2.362145E+01  6.796959E+00  0.0000000000  0.000000E+00
        8.580726E+24 -9.999860E+00 -1.999885E+00 -3.053960E-01 -3.053960E-01
   168     8012.3481    8.19674546  7.684792E+08  1.524341E+09  1.734345E+30
        6.691585E+00  2.362148E+01  6.796976E+00  0.0000000000  0.000000E+00
        7.824766E+24 -9.999860E+00 -1.999885E+00 -3.053960E-01 -3.053960E-01
   169     7941.8572    8.19689164  7.683499E+08  1.558475E+09  1.673548E+30
        6.685023E+00  2.362151E+01  6.796994E+00  0.0000000000  0.000000E+00
        7.137240E+24 -9.999860E+00 -1.999885E+00 -3.053960E-01 -3.053960E-01
   170     7842.7124    8.19709752  7.681678E+08  1.608475E+09  1.590777E+30
        6.675698E+00  2.362155E+01  6.797023E+00  0.0000000000  0.000000E+00
        6.263907E+24 -9.999860E+00 -1.999885E+00 -3.053960E-01 -3.053960E-01
   171     7703.9891    8.19738820  7.679107E+08  1.683475E+09  1.480185E+30
        6.664109E+00  2.362164E+01  6.797145E+00  0.0012483260 -5.424798E-04
        5.190465E+24 -9.999860E+00 -1.999885E+00 -3.053960E-01 -3.053960E-01
   172     7536.3655    8.19774518  7.675952E+08  1.795975E+09  1.354392E+30
        6.651534E+00  2.362179E+01  6.797252E+00  0.0246793607 -1.085259E-02
        4.125590E+24 -9.999860E+00 -1.999885E+00 -3.053960E-01 -3.053960E-01
   173     7368.4269    8.19810480  7.672774E+08  1.936695E+09  1.236619E+30
        6.634114E+00  2.362195E+01  6.797360E+00  0.0693245629 -3.120175E-02
        3.224090E+24 -9.999860E+00 -1.999885E+00 -3.053960E-01 -3.053960E-01
   174     7200.4919    8.19846309  7.669610E+08  2.101321E+09  1.126749E+30
        6.616003E+00  2.362207E+01  6.797440E+00  0.1269084374 -5.894021E-02
        2.478293E+24 -9.999860E+00 -1.999885E+00 -3.053960E-01 -3.053960E-01
   175     7036.3936    8.19881858  7.666472E+08  2.282173E+09  1.026653E+30
        6.598217E+00  2.362218E+01  6.797512E+00  0.1851681620 -8.893201E-02
        1.899529E+24 -9.999860E+00 -1.999885E+00 -3.053960E-01 -3.053960E-01
   176     6877.8495    8.19919087  7.663187E+08  2.472009E+09  9.364001E+29
        6.580694E+00  2.362231E+01  6.797607E+00  0.2466869158 -1.230245E-01
        1.458289E+24 -9.999860E+00 -1.999885E+00 -3.053960E-01 -3.053960E-01
   177     6736.2734    8.19956899  7.659851E+08  2.659633E+09  8.608975E+29
        6.564435E+00  2.362247E+01  6.797723E+00  0.3013096546 -1.557153E-01
        1.137233E+24 -9.999860E+00 -1.999885E+00 -3.053960E-01 -3.053960E-01
   178     6608.0263    8.19994919  7.656499E+08  2.841048E+09  7.964885E+29
        6.549171E+00  2.362263E+01  6.797840E+00  0.3546420822 -1.901994E-01
        9.005922E+23 -9.999860E+00 -1.999885E+00 -3.053960E-01 -3.053960E-01
   179     6497.7103    8.20029459  7.653455E+08  3.008532E+09  7.440266E+29
        6.535270E+00  2.362275E+01  6.797936E+00  0.4000223647 -2.218649E-01
        7.266233E+23 -9.999860E+00 -1.999885E+00 -3.053960E-01 -3.053960E-01
   180     6399.6359    8.20060502  7.650720E+08  3.169965E+09  6.996127E+29
        6.522112E+00  2.362285E+01  6.798015E+00  0.4412978907 -2.528197E-01
        5.927339E+23 -9.999860E+00 -1.999885E+00 -3.053960E-01 -3.053960E-01
   181     6307.5323    8.20091277  7.648010E+08  3.334221E+09  6.597309E+29
        6.508445E+00  2.362293E+01  6.798083E+00  0.4831358587 -2.866236E-01
        4.791671E+23 -9.999860E+00 -1.999885E+00 -3.053960E-01 -3.053960E-01
   182     6226.4263    8.20120601  7.645428E+08  3.497549E+09  6.260241E+29
        6.495263E+00  2.362301E+01  6.798138E+00  0.5252291573 -3.235160E-01
        3.908798E+23 -9.999860E+00 -1.999885E+00 -3.053960E-01 -3.053960E-01
   183     6156.1421    8.20149521  7.642883E+08  3.664558E+09  5.978345E+29
        6.481933E+00  2.362309E+01  6.798194E+00  0.5620288138 -3.585545E-01
        3.177973E+23 -9.999860E+00 -1.999885E+00 -3.053960E-01 -3.053960E-01
   184     6090.3931    8.20178827  7.640305E+08  3.840728E+09  5.723144E+29
        6.467709E+00  2.362318E+01  6.798256E+00  0.5985830845 -3.964043E-01
        2.548919E+23 -9.999860E+00 -1.999885E+00 -3.053960E-01 -3.053960E-01
   185     6025.9535    8.20208193  7.637722E+08  4.024670E+09  5.481038E+29
        6.452608E+00  2.362328E+01  6.798323E+00  0.6346862285 -4.373340E-01
        2.005922E+23 -9.999860E+00 -1.999885E+00 -3.053960E-01 -3.053960E-01
   186     5963.8080    8.20236131  7.635266E+08  4.212004E+09  5.255027E+29
        6.437046E+00  2.362338E+01  6.798388E+00  0.6751306406 -4.882912E-01
        1.552113E+23 -9.999860E+00 -1.999885E+00 -3.053960E-01 -3.053960E-01
   187     5902.0125    8.20263027  7.632902E+08  4.405113E+09  5.037463E+29
        6.420669E+00  2.362347E+01  6.798446E+00  0.7095742840 -5.369649E-01
        1.179269E+23 -9.999860E+00 -1.999885E+00 -3.053960E-01 -3.053960E-01
   188     5843.4361    8.20288138  7.630696E+08  4.598790E+09  4.837639E+29
        6.403937E+00  2.362352E+01  6.798488E+00  0.7429201868 -5.899320E-01
        8.874914E+22 -9.999860E+00 -1.999885E+00 -3.053960E-01 -3.053960E-01
   189     5787.5894    8.20311494  7.628644E+08  4.791510E+09  4.652834E+29
        6.386935E+00  2.362356E+01  6.798511E+00  0.7704727221 -6.391657E-01
        6.616896E+22 -9.999860E+00 -1.999885E+00 -3.053960E-01 -3.053960E-01
   190     5733.1086    8.20333685  7.626695E+08  4.982746E+09  4.477808E+29
        6.369653E+00  2.362358E+01  6.798528E+00  0.8012341207 -7.016582E-01
        4.915088E+22 -9.999860E+00 -1.999885E+00 -3.053960E-01 -3.053960E-01
   191     5678.6266    8.20354853  7.624837E+08  5.171540E+09  4.307907E+29
        6.352193E+00  2.362362E+01  6.798550E+00  0.8262672542 -7.601183E-01
        3.629872E+22 -9.999860E+00 -1.999885E+00 -3.053960E-01 -3.053960E-01
   192     5621.5138    8.20376413  7.622945E+08  5.358166E+09  4.135144E+29
        6.333942E+00  2.362367E+01  6.798588E+00  0.8499324458 -8.237132E-01
        2.641044E+22 -9.999860E+00 -1.999885E+00 -3.053960E-01 -3.053960E-01
   193     5567.3673    8.20395579  7.621263E+08  5.534241E+09  3.976357E+29
        6.316347E+00  2.362371E+01  6.798614E+00  0.8685150102 -8.811238E-01
        1.947035E+22 -9.999860E+00 -1.999885E+00 -3.053960E-01 -3.053960E-01
   194     5511.5108    8.20414410  7.619611E+08  5.707675E+09  3.817510E+29
        6.298065E+00  2.362374E+01  6.798633E+00  0.8893358052 -9.559929E-01
        1.414326E+22 -9.999860E+00 -1.999885E+00 -3.053960E-01 -3.053960E-01
   195     5459.3904    8.20431091  7.618147E+08  5.869685E+09  3.673731E+29
        6.280605E+00  2.362376E+01  6.798648E+00  0.9053665913 -1.023956E+00
        1.044470E+22 -9.999860E+00 -1.999885E+00 -3.053960E-01 -3.053960E-01
   196     5406.8150    8.20447055  7.616747E+08  6.028311E+09  3.532947E+29
        6.263075E+00  2.362379E+01  6.798671E+00  0.9201175126 -1.097548E+00
        7.691546E+21 -9.999860E+00 -1.999885E+00 -3.053960E-01 -3.053960E-01
   197     5351.8946    8.20462930  7.615356E+08  6.181917E+09  3.390335E+29
        6.245306E+00  2.362384E+01  6.798703E+00  0.9309463616 -1.160813E+00
        5.649110E+21 -9.999860E+00 -1.999885E+00 -3.053960E-01 -3.053960E-01
   198     5299.1983    8.20477748  7.614056E+08  6.326577E+09  3.257653E+29
        6.228143E+00  2.362389E+01  6.798736E+00  0.9408697219 -1.228190E+00
        4.196756E+21 -9.999860E+00 -1.999885E+00 -3.053960E-01 -3.053960E-01
   199     5247.0616    8.20492003  7.612807E+08  6.468094E+09  3.130302E+29
        6.210944E+00  2.362394E+01  6.798768E+00  0.9498492048 -1.299722E+00
        3.126020E+21 -9.999860E+00 -1.999885E+00 -3.053960E-01 -3.053960E-01
   200     5196.4685    8.20505219  7.611649E+08  6.605347E+09  3.010389E+29
        6.193836E+00  2.362398E+01  6.798796E+00  0.9578464211 -1.375166E+00
        2.329535E+21 -9.999860E+00 -1.999885E+00 -3.053960E-01 -3.053960E-01
   201     5146.9191    8.20517124  7.610606E+08  6.738141E+09  2.896408E+29
        6.176829E+00  2.362401E+01  6.798818E+00  0.9648229820 -1.453741E+00
        1.740813E+21 -9.999860E+00 -1.999885E+00 -3.053960E-01 -3.053960E-01
   202     5095.9616    8.20527945  7.609657E+08  6.866170E+09  2.782703E+29
        6.159785E+00  2.362404E+01  6.798842E+00  0.9707435740 -1.533779E+00
        1.301942E+21 -9.999860E+00 -1.999885E+00 -3.053960E-01 -3.053960E-01
   203     5045.7827    8.20537497  7.608821E+08  6.987135E+09  2.674120E+29
        6.143248E+00  2.362407E+01  6.798870E+00  0.9756723091 -1.613899E+00
        9.823602E+20 -9.999860E+00 -1.999885E+00 -3.053960E-01 -3.053960E-01
   204     4995.3372    8.20546348  7.608045E+08  7.105440E+09  2.568251E+29
        6.126854E+00  2.362410E+01  6.798897E+00  0.9797707155 -1.694019E+00
        7.471209E+20 -9.999860E+00 -1.999885E+00 -3.053960E-01 -3.053960E-01
   205     4941.9107    8.20555196  7.607270E+08  7.222933E+09  2.459627E+29
        6.110230E+00  2.362412E+01  6.798923E+00  0.9831786762 -1.774140E+00
        5.659663E+20 -9.999860E+00 -1.999885E+00 -3.053960E-01 -3.053960E-01
   206     4887.7248    8.20564000  7.606499E+08  7.336738E+09  2.353036E+29
        6.093795E+00  2.362415E+01  6.798943E+00  0.9860125082 -1.854260E+00
        4.301372E+20 -9.999860E+00 -1.999885E+00 -3.053960E-01 -3.053960E-01
   207     4830.7510    8.20573242  7.605690E+08  7.448117E+09  2.244749E+29
        6.077244E+00  2.362419E+01  6.798970E+00  0.9872450227 -1.894320E+00
        3.277763E+20 -9.999860E+00 -1.999885E+00 -3.053960E-01 -3.053960E-01
   208     4774.4200    8.20582133  7.604912E+08  7.554618E+09  2.141425E+29
        6.061069E+00  2.362424E+01  6.798999E+00  0.9878199348 -1.914350E+00
        2.507616E+20 -9.999860E+00 -1.999885E+00 -3.053960E-01 -3.053960E-01
   209     4717.8849    8.20590398  7.604188E+08  7.659497E+09  2.041395E+29
        6.044910E+00  2.362428E+01  6.799027E+00  0.9878199348 -1.914350E+00
        1.929046E+20 -9.999860E+00 -1.999885E+00 -3.053960E-01 -3.053960E-01
   210     4659.4374    8.20597818  7.603538E+08  7.763583E+09  1.941768E+29
        6.028588E+00  2.362431E+01  6.799049E+00  0.9878199348 -1.914350E+00
        1.479137E+20 -9.999860E+00 -1.999885E+00 -3.053960E-01 -3.053960E-01
   211     4602.1407    8.20604223  7.602978E+08  7.864704E+09  1.847732E+29
        6.012516E+00  2.362433E+01  6.799063E+00  0.9883689334 -1.934380E+00
        1.139950E+20 -9.999860E+00 -1.999885E+00 -3.053960E-01 -3.053960E-01
   212     4545.5001    8.20610854  7.602397E+08  7.964567E+09  1.758166E+29
        5.996567E+00  2.362437E+01  6.799088E+00  0.9883689334 -1.934380E+00
        8.835765E+19 -9.999860E+00 -1.999885E+00 -3.053960E-01 -3.053960E-01
   213     4485.6584    8.20617855  7.601785E+08  8.064896E+09  1.667124E+29
        5.980314E+00  2.362441E+01  6.799119E+00  0.9883689334 -1.934380E+00
        6.789661E+19 -9.999860E+00 -1.999885E+00 -3.053960E-01 -3.053960E-01
   214     4426.7453    8.20624322  7.601219E+08  8.162022E+09  1.581017E+29
        5.964408E+00  2.362446E+01  6.799149E+00  0.9883689334 -1.934380E+00
        5.265060E+19 -9.999860E+00 -1.999885E+00 -3.053960E-01 -3.053960E-01
   215     4366.3691    8.20630015  7.600720E+08  8.259269E+09  1.496316E+29
        5.948330E+00  2.362449E+01  6.799170E+00  0.9883689334 -1.934380E+00
        4.064975E+19 -9.999860E+00 -1.999885E+00 -3.053960E-01 -3.053960E-01
   216     4304.9236    8.20634601  7.600319E+08  8.356494E+09  1.413701E+29
        5.932107E+00  2.362450E+01  6.799178E+00  0.9888931867 -1.954411E+00
        3.132322E+19 -9.999860E+00 -1.999885E+00 -3.053960E-01 -3.053960E-01
   217     4243.1892    8.20638414  7.599985E+08  8.453626E+09  1.334219E+29
        5.915762E+00  2.362450E+01  6.799179E+00  0.9888931867 -1.954411E+00
        2.414216E+19 -9.999860E+00 -1.999885E+00 -3.053960E-01 -3.053960E-01
   218     4181.8897    8.20641841  7.599686E+08  8.550382E+09  1.258675E+29
        5.899338E+00  2.362450E+01  6.799177E+00  0.9888931867 -1.954411E+00
        1.855839E+19 -9.999860E+00 -1.999885E+00 -3.053960E-01 -3.053960E-01
   219     4122.9529    8.20645098  7.599401E+08  8.646431E+09  1.189116E+29
        5.883018E+00  2.362450E+01  6.799174E+00  0.9888931867 -1.954411E+00
        1.429854E+19 -9.999860E+00 -1.999885E+00 -3.053960E-01 -3.053960E-01
   220     4061.6716    8.20648746  7.599082E+08  8.743376E+09  1.119885E+29
        5.866264E+00  2.362450E+01  6.799175E+00  0.9888931867 -1.954411E+00
        1.094769E+19 -9.999860E+00 -1.999885E+00 -3.053960E-01 -3.053960E-01
   221     4003.1617    8.20652441  7.598758E+08  8.836777E+09  1.056647E+29
        5.849902E+00  2.362450E+01  6.799180E+00  0.9888931867 -1.954411E+00
        8.436398E+18 -9.999860E+00 -1.999885E+00 -3.053960E-01 -3.053960E-01
   222     3944.4884    8.20655907  7.598455E+08  8.930008E+09  9.959678E+28
        5.833369E+00  2.362451E+01  6.799183E+00  0.9888931867 -1.954411E+00
        6.491582E+18 -9.999860E+00 -1.999885E+00 -3.053960E-01 -3.053960E-01
   223     3885.4295    8.20659130  7.598173E+08  9.022669E+09  9.375760E+28
        5.816745E+00  2.362451E+01  6.799183E+00  0.9888931867 -1.954411E+00
        4.981750E+18 -9.999860E+00 -1.999885E+00 -3.053960E-01 -3.053960E-01
   224     3825.3276    8.20662184  7.597906E+08  9.115246E+09  8.808346E+28
        5.799944E+00  2.362451E+01  6.799184E+00  0.9888931867 -1.954411E+00
        3.812267E+18 -9.999860E+00 -1.999885E+00 -3.053960E-01 -3.053960E-01
   225     3763.8310    8.20665176  7.597644E+08  9.208104E+09  8.254872E+28
        5.782898E+00  2.362451E+01  6.799187E+00  0.9893938100 -1.974441E+00
        2.904999E+18 -9.999860E+00 -1.999885E+00 -3.053960E-01 -3.053960E-01
   226     3700.8816    8.20667994  7.597398E+08  9.301558E+09  7.715826E+28
        5.765545E+00  2.362452E+01  6.799189E+00  0.9893938100 -1.974441E+00
        2.200320E+18 -9.999860E+00 -1.999885E+00 -3.053960E-01 -3.053960E-01
   227     3636.7359    8.20670544  7.597175E+08  9.395456E+09  7.194212E+28
        5.747930E+00  2.362452E+01  6.799189E+00  0.9893938100 -1.974441E+00
        1.659554E+18 -9.999860E+00 -1.999885E+00 -3.053960E-01 -3.053960E-01
   228     3571.5869    8.20672943  7.596965E+08  9.489953E+09  6.692018E+28
        5.730030E+00  2.362452E+01  6.799189E+00  0.9893938100 -1.974441E+00
        1.244957E+18 -9.999860E+00 -1.999885E+00 -3.053960E-01 -3.053960E-01
   229     3507.7884    8.20675227  7.596765E+08  9.584911E+09  6.226198E+28
        5.712131E+00  2.362452E+01  6.799189E+00  0.9893938100 -1.974441E+00
        9.336564E+17 -9.999860E+00 -1.999885E+00 -3.053960E-01 -3.053960E-01
   230     3438.4472    8.20677707  7.596548E+08  9.682862E+09  5.747964E+28
        5.693243E+00  2.362452E+01  6.799191E+00  0.9893938100 -1.974441E+00
        6.880641E+17 -9.999860E+00 -1.999885E+00 -3.053960E-01 -3.053960E-01
   231     3371.5093    8.20679901  7.596356E+08  9.777831E+09  5.313004E+28
        5.674696E+00  2.362452E+01  6.799192E+00  0.9893938100 -1.974441E+00
        5.096584E+17 -9.999860E+00 -1.999885E+00 -3.053960E-01 -3.053960E-01
   232     3303.4533    8.20681954  7.596177E+08  9.873953E+09  4.896602E+28
        5.655744E+00  2.362452E+01  6.799192E+00  0.9893938100 -1.974441E+00
        3.748062E+17 -9.999860E+00 -1.999885E+00 -3.053960E-01 -3.053960E-01
   233     3234.6401    8.20683962  7.596001E+08  9.970807E+09  4.500968E+28
        5.636469E+00  2.362452E+01  6.799192E+00  0.9893938100 -1.974441E+00
        2.738530E+17 -9.999860E+00 -1.999885E+00 -3.053960E-01 -3.053960E-01
   234     3165.0256    8.20686047  7.595819E+08  1.006845E+10  4.125628E+28
        5.616830E+00  2.362452E+01  6.799194E+00  0.9898718684 -1.994471E+00
        1.987835E+17 -9.999860E+00 -1.999885E+00 -3.053960E-01 -3.053960E-01
   235     3094.9639    8.20688004  7.595648E+08  1.016666E+10  3.772107E+28
        5.596874E+00  2.362453E+01  6.799195E+00  0.9898718684 -1.994471E+00
        1.434215E+17 -9.999860E+00 -1.999885E+00 -3.053960E-01 -3.053960E-01
   236     3024.9263    8.20689806  7.595490E+08  1.026524E+10  3.441936E+28
        5.576662E+00  2.362453E+01  6.799194E+00  0.9898718684 -1.994471E+00
        1.029036E+17 -9.999860E+00 -1.999885E+00 -3.053960E-01 -3.053960E-01
   237     2955.1174    8.20691487  7.595343E+08  1.036399E+10  3.134915E+28
        5.556220E+00  2.362453E+01  6.799194E+00  0.9898718684 -1.994471E+00
        7.348682E+16 -9.999860E+00 -1.999885E+00 -3.053960E-01 -3.053960E-01
   238     2888.7149    8.20693019  7.595209E+08  1.046267E+10  2.862399E+28
        5.536116E+00  2.362453E+01  6.799195E+00  0.9898718684 -1.994471E+00
        5.276073E+16 -9.999860E+00 -1.999885E+00 -3.053960E-01 -3.053960E-01
   239     2816.5523    8.20694515  7.595078E+08  1.056480E+10  2.586829E+28
        5.514557E+00  2.362453E+01  6.799195E+00  0.9898718684 -1.994471E+00
        3.686768E+16 -9.999860E+00 -1.999885E+00 -3.053960E-01 -3.053960E-01
   240     2749.1396    8.20695809  7.594965E+08  1.066198E+10  2.347852E+28
        5.493761E+00  2.362453E+01  6.799195E+00  0.9898718684 -1.994471E+00
        2.608042E+16 -9.999860E+00 -1.999885E+00 -3.053960E-01 -3.053960E-01
   241     2682.5431    8.20697172  7.594846E+08  1.075893E+10  2.128417E+28
        5.472779E+00  2.362453E+01  6.799195E+00  0.9903283790 -2.014501E+00
        1.836947E+16 -9.999860E+00 -1.999885E+00 -3.053960E-01 -3.053960E-01
   242     2616.9713    8.20698579  7.594723E+08  1.085516E+10  1.927754E+28
        5.451665E+00  2.362453E+01  6.799196E+00  0.9903283790 -2.014501E+00
        1.288993E+16 -9.999860E+00 -1.999885E+00 -3.053960E-01 -3.053960E-01
   243     2552.7967    8.20699933  7.594605E+08  1.095030E+10  1.745449E+28
        5.430530E+00  2.362453E+01  6.799196E+00  0.9903283790 -2.014501E+00
        9.031074E+15 -9.999860E+00 -1.999885E+00 -3.053960E-01 -3.053960E-01
   244     2493.9521    8.20701150  7.594498E+08  1.104435E+10  1.589947E+28
        5.410355E+00  2.362453E+01  6.799196E+00  0.9903283790 -2.014501E+00
        6.426437E+15 -9.999860E+00 -1.999885E+00 -3.053960E-01 -3.053960E-01
   245     2428.5085    8.20702497  7.594380E+08  1.114273E+10  1.429471E+28
        5.388048E+00  2.362453E+01  6.799196E+00  0.9903283790 -2.014501E+00
        4.397325E+15 -9.999860E+00 -1.999885E+00 -3.053960E-01 -3.053960E-01
   246     2368.8533    8.20703635  7.594281E+08  1.123407E+10  1.294071E+28
        5.366914E+00  2.362453E+01  6.799197E+00  0.9903283790 -2.014501E+00
        3.067329E+15 -9.999860E+00 -1.999885E+00 -3.053960E-01 -3.053960E-01
   247     2310.7692    8.20704643  7.594193E+08  1.132424E+10  1.171714E+28
        5.345770E+00  2.362453E+01  6.799197E+00  0.9907643130 -2.034531E+00
        2.135727E+15 -9.999860E+00 -1.999885E+00 -3.053960E-01 -3.053960E-01
   248     2254.3268    8.20705534  7.594115E+08  1.141311E+10  1.061338E+28
        5.324688E+00  2.362453E+01  6.799196E+00  0.9907643130 -2.034531E+00
        1.486592E+15 -9.999860E+00 -1.999885E+00 -3.053960E-01 -3.053960E-01
   249     2203.7929    8.20706388  7.594040E+08  1.150079E+10  9.693060E+27
        5.305030E+00  2.362453E+01  6.799196E+00  0.9907643130 -2.034531E+00
        1.059935E+15 -9.999860E+00 -1.999885E+00 -3.053960E-01 -3.053960E-01
   250     2145.2937    8.20707338  7.593957E+08  1.159430E+10  8.703929E+27
        5.282259E+00  2.362453E+01  6.799197E+00  0.9911805978 -2.054561E+00
        7.135951E+14 -9.999860E+00 -1.999885E+00 -3.053960E-01 -3.053960E-01
   251     2093.8418    8.20708022  7.593897E+08  1.167868E+10  7.898359E+27
        5.261413E+00  2.362453E+01  6.799197E+00  0.9911805978 -2.054561E+00
        4.964296E+14 -9.999860E+00 -1.999885E+00 -3.053960E-01 -3.053960E-01
   252     2048.3832    8.20708648  7.593843E+08  1.176217E+10  7.234358E+27
        5.242251E+00  2.362453E+01  6.799196E+00  0.9911805978 -2.054561E+00
        3.554412E+14 -9.999860E+00 -1.999885E+00 -3.053960E-01 -3.053960E-01
   253     1994.1568    8.20709573  7.593762E+08  1.185249E+10  6.498052E+27
        5.219282E+00  2.362453E+01  6.799197E+00  0.9915781192 -2.074591E+00
        2.373018E+14 -9.999860E+00 -1.999885E+00 -3.053960E-01 -3.053960E-01
   254     1952.1598    8.20710166  7.593710E+08  1.193249E+10  5.967624E+27
        5.200581E+00  2.362453E+01  6.799197E+00  0.9915781192 -2.074591E+00
        1.709643E+14 -9.999860E+00 -1.999885E+00 -3.053960E-01 -3.053960E-01
   255     1905.8264    8.20710742  7.593660E+08  1.202048E+10  5.420852E+27
        5.179701E+00  2.362453E+01  6.799197E+00  0.9919577228 -2.094621E+00
        1.184006E+14 -9.999860E+00 -1.999885E+00 -3.053960E-01 -3.053960E-01
   256     1860.6695    8.20711415  7.593601E+08  1.210847E+10  4.924980E+27
        5.158682E+00  2.362453E+01  6.799197E+00  0.9923202164 -2.114651E+00
        8.186242E+13 -9.999860E+00 -1.999885E+00 -3.053960E-01 -3.053960E-01
   257     1817.8239    8.20712141  7.593537E+08  1.219311E+10  4.486705E+27
        5.138190E+00  2.362453E+01  6.799197E+00  0.9926663710 -2.134681E+00
        5.718474E+13 -9.999860E+00 -1.999885E+00 -3.053960E-01 -3.053960E-01
   258     1781.0269    8.20712713  7.593487E+08  1.227636E+10  4.134247E+27
        5.119964E+00  2.362453E+01  6.799197E+00  0.9929969232 -2.154711E+00
        4.164474E+13 -9.999860E+00 -1.999885E+00 -3.053960E-01 -3.053960E-01
   259     1738.6905    8.20713418  7.593426E+08  1.236863E+10  3.754885E+27
        5.098585E+00  2.362453E+01  6.799197E+00  0.9939018406 -2.214801E+00
        2.834848E+13 -9.999860E+00 -1.999885E+00 -3.053960E-01 -3.053960E-01
   260     1703.7103    8.20713996  7.593375E+08  1.245484E+10  3.461662E+27
        5.080256E+00  2.362453E+01  6.799197E+00  0.9944391816 -2.254861E+00
        2.018283E+13 -9.999860E+00 -1.999885E+00 -3.053960E-01 -3.053960E-01
   261     1666.1338    8.20714808  7.593304E+08  1.254898E+10  3.166161E+27
        5.060092E+00  2.362453E+01  6.799197E+00  0.9953759913 -2.334981E+00
        1.404273E+13 -9.999860E+00 -1.999885E+00 -3.053960E-01 -3.053960E-01
   262     1629.4416    8.20715419  7.593251E+08  1.264185E+10  2.896294E+27
        5.039801E+00  2.362453E+01  6.799197E+00  0.9963282875 -2.435131E+00
        9.748835E+12 -9.999860E+00 -1.999885E+00 -3.053960E-01 -3.053960E-01
   263     1589.4349    8.20715959  7.593203E+08  1.273472E+10  2.622123E+27
        5.017112E+00  2.362453E+01  6.799197E+00  0.9970844610 -2.535281E+00
        6.539604E+12 -9.999860E+00 -1.999885E+00 -3.053960E-01 -3.053960E-01
   264     1550.5935    8.20716541  7.593153E+08  1.281831E+10  2.375025E+27
        4.994321E+00  2.362453E+01  6.799197E+00  0.9977892516 -2.655461E+00
        4.381854E+12 -9.999860E+00 -1.999885E+00 -3.053960E-01 -3.053960E-01
   265     1515.9930    8.20717189  7.593096E+08  1.289014E+10  2.169994E+27
        4.973310E+00  2.362453E+01  6.799197E+00  0.9982445438 -2.755610E+00
        3.056519E+12 -9.999860E+00 -1.999885E+00 -3.053960E-01 -3.053960E-01
   266     1481.8277    8.20717730  7.593049E+08  1.295687E+10  1.980867E+27
        4.951959E+00  2.362453E+01  6.799197E+00  0.9986060699 -2.855759E+00
        2.131374E+12 -9.999860E+00 -1.999885E+00 -3.053960E-01 -3.053960E-01
