============================================================================
  #Mod      Teff         Log(g)           R            Age            L
           Log(Tc)       Log(Pc)      Log(rhoc)       Mx/M         Log(qx)
             Lnu        Log(H/*)      Log(He/*)     Log(C/*)      Log(O/*)
============================================================================
     1   142390.3082    8.82431874  4.782394E+08  0.000000E+00  6.699531E+34
        8.070593E+00  2.526470E+01  7.954321E+00  0.0000000000  0.000000E+00
        2.932283E+35 -9.999860E+00 -1.999885E+00 -3.053960E-01 -3.053960E-01
     2   121300.0061    8.83853298  4.704768E+08  5.000000E+04  3.414694E+34
        8.056442E+00  2.526926E+01  7.957698E+00  0.0000000000  0.000000E+00
        1.806220E+35 -9.999860E+00 -1.999885E+00 -3.053960E-01 -3.053960E-01
     3   108465.8042    8.84711039  4.658537E+08  1.000000E+05  2.140437E+34
        8.045083E+00  2.527236E+01  7.959999E+00  0.0000000000  0.000000E+00
        1.241996E+35 -9.999860E+00 -1.999885E+00 -3.053960E-01 -3.053960E-01
     4    99502.1849    8.85297505  4.627189E+08  1.500000E+05  1.495536E+34
        8.035597E+00  2.527463E+01  7.961690E+00  0.0000000000  0.000000E+00
        9.174214E+34 -9.999860E+00 -1.999885E+00 -3.053960E-01 -3.053960E-01
     5    92791.0598    8.85727772  4.604324E+08  2.000000E+05  1.119923E+34
        8.027434E+00  2.527638E+01  7.962995E+00  0.0000000000  0.000000E+00
        7.122270E+34 -9.999860E+00 -1.999885E+00 -3.053960E-01 -3.053960E-01
     6    87566.3741    8.86059455  4.586775E+08  2.500000E+05  8.814473E+33
        8.020254E+00  2.527779E+01  7.964044E+00  0.0000000000  0.000000E+00
        5.734297E+34 -9.999860E+00 -1.999885E+00 -3.053960E-01 -3.053960E-01
     7    83402.2412    8.86323976  4.572828E+08  3.000000E+05  7.209623E+33
        8.013831E+00  2.527896E+01  7.964913E+00  0.0000000000  0.000000E+00
        4.746118E+34 -9.999860E+00 -1.999885E+00 -3.053960E-01 -3.053960E-01
     8    80005.2069    8.86540846  4.561425E+08  3.500000E+05  6.074437E+33
        8.008008E+00  2.527995E+01  7.965652E+00  0.0000000000  0.000000E+00
        4.014032E+34 -9.999860E+00 -1.999885E+00 -3.053960E-01 -3.053960E-01
     9    77222.2961    8.86721622  4.551941E+08  4.000000E+05  5.250445E+33
        8.002672E+00  2.528081E+01  7.966292E+00  0.0000000000  0.000000E+00
        3.454192E+34 -9.999860E+00 -1.999885E+00 -3.053960E-01 -3.053960E-01
    10    74871.8786    8.86875737  4.543872E+08  4.500000E+05  4.623374E+33
        7.997737E+00  2.528156E+01  7.966855E+00  0.0000000000  0.000000E+00
        3.014879E+34 -9.999860E+00 -1.999885E+00 -3.053960E-01 -3.053960E-01
    11    72879.2172    8.87008335  4.536940E+08  5.000000E+05  4.137832E+33
        7.993141E+00  2.528224E+01  7.967356E+00  0.0000000000  0.000000E+00
        2.662668E+34 -9.999860E+00 -1.999885E+00 -3.053960E-01 -3.053960E-01
    12    71139.7975    8.87125534  4.530823E+08  5.511198E+05  3.746594E+33
        7.988741E+00  2.528285E+01  7.967815E+00  0.0000000000  0.000000E+00
        2.369565E+34 -9.999860E+00 -1.999885E+00 -3.053960E-01 -3.053960E-01
    13    69471.9336    8.87239430  4.524885E+08  6.088402E+05  3.398480E+33
        7.984100E+00  2.528348E+01  7.968280E+00  0.0000000000  0.000000E+00
        2.100544E+34 -9.999860E+00 -1.999885E+00 -3.053960E-01 -3.053960E-01
    14    67877.3737    8.87349879  4.519135E+08  6.743709E+05  3.089177E+33
        7.979186E+00  2.528411E+01  7.968751E+00  0.0000000000  0.000000E+00
        1.854060E+34 -9.999860E+00 -1.999885E+00 -3.053960E-01 -3.053960E-01
    15    66354.5417    8.87457110  4.513560E+08  7.492919E+05  2.814187E+33
        7.973957E+00  2.528475E+01  7.969230E+00  0.0000000000  0.000000E+00
        1.628488E+34 -9.999860E+00 -1.999885E+00 -3.053960E-01 -3.053960E-01
    16    64904.6860    8.87560903  4.508169E+08  8.354774E+05  2.570021E+33
        7.968374E+00  2.528540E+01  7.969718E+00  0.0000000000  0.000000E+00
        1.422649E+34 -9.999860E+00 -1.999885E+00 -3.053960E-01 -3.053960E-01
    17    63523.5783    8.87661273  4.502963E+08  9.353727E+05  2.352711E+33
        7.962380E+00  2.528607E+01  7.970216E+00  0.0000000000  0.000000E+00
        1.235314E+34 -9.999860E+00 -1.999885E+00 -3.053960E-01 -3.053960E-01
    18    62215.4810    8.87758319  4.497935E+08  1.051894E+06  2.159992E+33
        7.955926E+00  2.528675E+01  7.970727E+00  0.0000000000  0.000000E+00
        1.065660E+34 -9.999860E+00 -1.999885E+00 -3.053960E-01 -3.053960E-01
    19    60981.3257    8.87851937  4.493089E+08  1.188872E+06  1.989342E+33
        7.948943E+00  2.528745E+01  7.971252E+00  0.0000000000  0.000000E+00
        9.127191E+33 -9.999860E+00 -1.999885E+00 -3.053960E-01 -3.053960E-01
    20    59821.3126    8.87941975  4.488434E+08  1.351327E+06  1.838423E+33
        7.941348E+00  2.528817E+01  7.971794E+00  0.0000000000  0.000000E+00
        7.755180E+33 -9.999860E+00 -1.999885E+00 -3.053960E-01 -3.053960E-01
    21    58739.8211    8.88028651  4.483957E+08  1.545807E+06  1.705632E+33
        7.933042E+00  2.528891E+01  7.972354E+00  0.0000000000  0.000000E+00
        6.531498E+33 -9.999860E+00 -1.999885E+00 -3.053960E-01 -3.053960E-01
    22    57734.3278    8.88111950  4.479659E+08  1.780718E+06  1.588760E+33
        7.923920E+00  2.528967E+01  7.972930E+00  0.0000000000  0.000000E+00
        5.448354E+33 -9.999860E+00 -1.999885E+00 -3.053960E-01 -3.053960E-01
    23    56803.9116    8.88192017  4.475532E+08  2.066526E+06  1.486053E+33
        7.913878E+00  2.529045E+01  7.973524E+00  0.0000000000  0.000000E+00
        4.499217E+33 -9.999860E+00 -1.999885E+00 -3.053960E-01 -3.053960E-01
    24    55944.7247    8.88269202  4.471557E+08  2.416155E+06  1.395680E+33
        7.902827E+00  2.529125E+01  7.974138E+00  0.0000000000  0.000000E+00
        3.677292E+33 -9.999860E+00 -1.999885E+00 -3.053960E-01 -3.053960E-01
    25    55150.1194    8.88344063  4.467704E+08  2.844658E+06  1.315790E+33
        7.890716E+00  2.529209E+01  7.974774E+00  0.0000000000  0.000000E+00
        2.975439E+33 -9.999860E+00 -1.999885E+00 -3.053960E-01 -3.053960E-01
    26    54410.2982    8.88417403  4.463933E+08  3.368403E+06  1.244491E+33
        7.877565E+00  2.529296E+01  7.975438E+00  0.0000000000  0.000000E+00
        2.385352E+33 -9.999860E+00 -1.999885E+00 -3.053960E-01 -3.053960E-01
    27    53712.8370    8.88490175  4.460195E+08  4.003541E+06  1.179919E+33
        7.863482E+00  2.529388E+01  7.976136E+00  0.0000000000  0.000000E+00
        1.897078E+33 -9.999860E+00 -1.999885E+00 -3.053960E-01 -3.053960E-01
    28    53043.9076    8.88563004  4.456457E+08  4.764085E+06  1.120349E+33
        7.848668E+00  2.529483E+01  7.976865E+00  0.0000000000  0.000000E+00
        1.498992E+33 -9.999860E+00 -1.999885E+00 -3.053960E-01 -3.053960E-01
    29    52390.5190    8.88636030  4.452712E+08  5.660030E+06  1.064368E+33
        7.833383E+00  2.529582E+01  7.977612E+00  0.0000000000  0.000000E+00
        1.178585E+33 -9.999860E+00 -1.999885E+00 -3.053960E-01 -3.053960E-01
    30    51742.3965    8.88709064  4.448969E+08  6.696639E+06  1.010967E+33
        7.817897E+00  2.529681E+01  7.978362E+00  0.0000000000  0.000000E+00
        9.233491E+32 -9.999860E+00 -1.999885E+00 -3.053960E-01 -3.053960E-01
    31    51092.4247    8.88781440  4.445264E+08  7.875176E+06  9.595179E+32
        7.802438E+00  2.529778E+01  7.979096E+00  0.0000000000  0.000000E+00
        7.215357E+32 -9.999860E+00 -1.999885E+00 -3.053960E-01 -3.053960E-01
    32    50436.5655    8.88851995  4.441654E+08  9.193740E+06  9.097112E+32
        7.787165E+00  2.529869E+01  7.979788E+00  0.0000000000  0.000000E+00
        5.628001E+32 -9.999860E+00 -1.999885E+00 -3.053960E-01 -3.053960E-01
    33    49774.4687    8.88920700  4.438142E+08  1.064810E+07  8.615113E+32
        7.772192E+00  2.529955E+01  7.980440E+00  0.0000000000  0.000000E+00
        4.385198E+32 -9.999860E+00 -1.999885E+00 -3.053960E-01 -3.053960E-01
    34    49106.8188    8.88988111  4.434699E+08  1.223532E+07  8.149436E+32
        7.757563E+00  2.530037E+01  7.981066E+00  0.0000000000  0.000000E+00
        3.414371E+32 -9.999860E+00 -1.999885E+00 -3.053960E-01 -3.053960E-01
    35    48434.6013    8.89054582  4.431307E+08  1.395343E+07  7.700493E+32
        7.743274E+00  2.530116E+01  7.981672E+00  0.0000000000  0.000000E+00
        2.656810E+32 -9.999860E+00 -1.999885E+00 -3.053960E-01 -3.053960E-01
    36    47754.1558    8.89120180  4.427961E+08  1.580024E+07  7.265815E+32
        7.729304E+00  2.530194E+01  7.982263E+00  0.0000000000  0.000000E+00
        2.066665E+32 -9.999860E+00 -1.999885E+00 -3.053960E-01 -3.053960E-01
    37    47079.2405    8.89185329  4.424642E+08  1.777150E+07  6.853398E+32
        7.715638E+00  2.530270E+01  7.982843E+00  0.0000000000  0.000000E+00
        1.607499E+32 -9.999860E+00 -1.999885E+00 -3.053960E-01 -3.053960E-01
    38    46398.4403    8.89250020  4.421347E+08  1.987020E+07  6.455870E+32
        7.702207E+00  2.530345E+01  7.983413E+00  0.0000000000  0.000000E+00
        1.249956E+32 -9.999860E+00 -1.999885E+00 -3.053960E-01 -3.053960E-01
    39    45726.5295    8.89313352  4.418125E+08  2.208819E+07  6.081082E+32
        7.689012E+00  2.530416E+01  7.983953E+00  0.0000000000  0.000000E+00
        9.721846E+31 -9.999860E+00 -1.999885E+00 -3.053960E-01 -3.053960E-01
    40    45052.1364    8.89375380  4.414971E+08  2.442810E+07  5.722018E+32
        7.675999E+00  2.530485E+01  7.984469E+00  0.0000000000  0.000000E+00
        7.563014E+31 -9.999860E+00 -1.999885E+00 -3.053960E-01 -3.053960E-01
    41    44385.4014    8.89436088  4.411886E+08  2.688085E+07  5.383208E+32
        7.663188E+00  2.530550E+01  7.984964E+00  0.0000000000  0.000000E+00
        5.890464E+31 -9.999860E+00 -1.999885E+00 -3.053960E-01 -3.053960E-01
    42    43725.7186    8.89495681  4.408860E+08  2.945061E+07  5.063286E+32
        7.650530E+00  2.530613E+01  7.985443E+00  0.0000000000  0.000000E+00
        4.591401E+31 -9.999860E+00 -1.999885E+00 -3.053960E-01 -3.053960E-01
    43    43074.0980    8.89554070  4.405897E+08  3.213656E+07  4.761738E+32
        7.638005E+00  2.530675E+01  7.985907E+00  0.0000000000  0.000000E+00
        3.582279E+31 -9.999860E+00 -1.999885E+00 -3.053960E-01 -3.053960E-01
    44    42427.6487    8.89611537  4.402983E+08  3.493831E+07  4.476328E+32
        7.625603E+00  2.530735E+01  7.986365E+00  0.0000000000  0.000000E+00
        2.798863E+31 -9.999860E+00 -1.999885E+00 -3.053960E-01 -3.053960E-01
    45    41793.0900    8.89668743  4.400084E+08  3.785381E+07  4.208932E+32
        7.613326E+00  2.530797E+01  7.986829E+00  0.0000000000  0.000000E+00
        2.190591E+31 -9.999860E+00 -1.999885E+00 -3.053960E-01 -3.053960E-01
    46    41168.8278    8.89725671  4.397202E+08  4.089238E+07  3.957845E+32
        7.601127E+00  2.530860E+01  7.987298E+00  0.0000000000  0.000000E+00
        1.716391E+31 -9.999860E+00 -1.999885E+00 -3.053960E-01 -3.053960E-01
    47    40554.5213    8.89781907  4.394356E+08  4.405462E+07  3.722027E+32
        7.588998E+00  2.530922E+01  7.987762E+00  0.0000000000  0.000000E+00
        1.346523E+31 -9.999860E+00 -1.999885E+00 -3.053960E-01 -3.053960E-01
    48    39948.6428    8.89837069  4.391566E+08  4.734027E+07  3.500087E+32
        7.576933E+00  2.530982E+01  7.988214E+00  0.0000000000  0.000000E+00
        1.058047E+31 -9.999860E+00 -1.999885E+00 -3.053960E-01 -3.053960E-01
    49    39354.0112    8.89890695  4.388855E+08  5.074727E+07  3.292233E+32
        7.564936E+00  2.531040E+01  7.988648E+00  0.0000000000  0.000000E+00
        8.329360E+30 -9.999860E+00 -1.999885E+00 -3.053960E-01 -3.053960E-01
    50    38768.3982    8.89942337  4.386247E+08  5.427930E+07  3.096917E+32
        7.552988E+00  2.531095E+01  7.989053E+00  0.0000000000  0.000000E+00
        6.569469E+30 -9.999860E+00 -1.999885E+00 -3.053960E-01 -3.053960E-01
    51    38192.2699    8.89991617  4.383759E+08  5.793364E+07  2.913581E+32
        7.541098E+00  2.531144E+01  7.989424E+00  0.0000000000  0.000000E+00
        5.193382E+30 -9.999860E+00 -1.999885E+00 -3.053960E-01 -3.053960E-01
    52    37626.6413    8.90038785  4.381379E+08  6.171086E+07  2.741798E+32
        7.529271E+00  2.531189E+01  7.989766E+00  0.0000000000  0.000000E+00
        4.115936E+30 -9.999860E+00 -1.999885E+00 -3.053960E-01 -3.053960E-01
    53    37070.5073    8.90084239  4.379087E+08  6.561604E+07  2.580555E+32
        7.517498E+00  2.531232E+01  7.990086E+00  0.0000000000  0.000000E+00
        3.270359E+30 -9.999860E+00 -1.999885E+00 -3.053960E-01 -3.053960E-01
    54    36523.4768    8.90128354  4.376863E+08  6.965232E+07  2.429105E+32
        7.505779E+00  2.531272E+01  7.990390E+00  0.0000000000  0.000000E+00
        2.605594E+30 -9.999860E+00 -1.999885E+00 -3.053960E-01 -3.053960E-01
    55    35985.4100    8.90171471  4.374691E+08  7.382333E+07  2.286823E+32
        7.494115E+00  2.531311E+01  7.990684E+00  0.0000000000  0.000000E+00
        2.081914E+30 -9.999860E+00 -1.999885E+00 -3.053960E-01 -3.053960E-01
    56    35456.0242    8.90213956  4.372552E+08  7.813396E+07  2.153089E+32
        7.482502E+00  2.531350E+01  7.990977E+00  0.0000000000  0.000000E+00
        1.668393E+30 -9.999860E+00 -1.999885E+00 -3.053960E-01 -3.053960E-01
    57    34935.2075    8.90256192  4.370426E+08  8.258921E+07  2.027369E+32
        7.470939E+00  2.531389E+01  7.991275E+00  0.0000000000  0.000000E+00
        1.341058E+30 -9.999860E+00 -1.999885E+00 -3.053960E-01 -3.053960E-01
    58    34422.5069    8.90297839  4.368331E+08  8.719480E+07  1.909119E+32
        7.459415E+00  2.531429E+01  7.991573E+00  0.0000000000  0.000000E+00
        1.081148E+30 -9.999860E+00 -1.999885E+00 -3.053960E-01 -3.053960E-01
    59    33917.5958    8.90338103  4.366306E+08  9.195324E+07  1.797880E+32
        7.447928E+00  2.531466E+01  7.991855E+00  0.0000000000  0.000000E+00
        8.742313E+29 -9.999860E+00 -1.999885E+00 -3.053960E-01 -3.053960E-01
    60    33420.8903    8.90377048  4.364349E+08  9.686467E+07  1.693336E+32
        7.436487E+00  2.531501E+01  7.992123E+00  0.0000000000  0.000000E+00
        7.092017E+29 -9.999860E+00 -1.999885E+00 -3.053960E-01 -3.053960E-01
    61    32932.3029    8.90414856  4.362450E+08  1.019343E+08  1.595076E+32
        7.425094E+00  2.531535E+01  7.992382E+00  0.0000000000  0.000000E+00
        5.771834E+29 -9.999860E+00 -1.999885E+00 -3.053960E-01 -3.053960E-01
    62    32451.6976    8.90451728  4.360598E+08  1.071679E+08  1.502705E+32
        7.413745E+00  2.531568E+01  7.992633E+00  0.0000000000  0.000000E+00
        4.712396E+29 -9.999860E+00 -1.999885E+00 -3.053960E-01 -3.053960E-01
    63    31978.9537    8.90487922  4.358782E+08  1.125718E+08  1.415856E+32
        7.402438E+00  2.531601E+01  7.992881E+00  0.0000000000  0.000000E+00
        3.859509E+29 -9.999860E+00 -1.999885E+00 -3.053960E-01 -3.053960E-01
    64    31514.2228    8.90523858  4.356979E+08  1.181525E+08  1.334226E+32
        7.391172E+00  2.531634E+01  7.993133E+00  0.0000000000  0.000000E+00
        3.170710E+29 -9.999860E+00 -1.999885E+00 -3.053960E-01 -3.053960E-01
    65    31057.1660    8.90560105  4.355161E+08  1.239184E+08  1.257441E+32
        7.379944E+00  2.531669E+01  7.993396E+00  0.0000000000  0.000000E+00
        2.612646E+29 -9.999860E+00 -1.999885E+00 -3.053960E-01 -3.053960E-01
    66    30606.8332    8.90595910  4.353366E+08  1.298785E+08  1.185103E+32
        7.368740E+00  2.531703E+01  7.993653E+00  0.0000000000  0.000000E+00
        2.158720E+29 -9.999860E+00 -1.999885E+00 -3.053960E-01 -3.053960E-01
    67    30163.4167    8.90630842  4.351616E+08  1.360328E+08  1.117005E+32
        7.357569E+00  2.531736E+01  7.993899E+00  0.0000000000  0.000000E+00
        1.788682E+29 -9.999860E+00 -1.999885E+00 -3.053960E-01 -3.053960E-01
    68    29726.8117    8.90664750  4.349917E+08  1.423848E+08  1.052900E+32
        7.346435E+00  2.531768E+01  7.994133E+00  0.0000000000  0.000000E+00
        1.486216E+29 -9.999860E+00 -1.999885E+00 -3.053960E-01 -3.053960E-01
    69    29297.0096    8.90697488  4.348278E+08  1.489391E+08  9.925668E+31
        7.335339E+00  2.531797E+01  7.994354E+00  0.0000000000  0.000000E+00
        1.238245E+29 -9.999860E+00 -1.999885E+00 -3.053960E-01 -3.053960E-01
    70    28873.9318    8.90728927  4.346704E+08  1.557011E+08  9.357846E+31
        7.324279E+00  2.531825E+01  7.994562E+00  0.0000000000  0.000000E+00
        1.034331E+29 -9.999860E+00 -1.999885E+00 -3.053960E-01 -3.053960E-01
    71    28457.4410    8.90759023  4.345198E+08  1.626757E+08  8.823372E+31
        7.313256E+00  2.531852E+01  7.994759E+00  0.0000000000  0.000000E+00
        8.661633E+28 -9.999860E+00 -1.999885E+00 -3.053960E-01 -3.053960E-01
    72    28047.8937    8.90788167  4.343741E+08  1.698681E+08  8.320718E+31
        7.302274E+00  2.531877E+01  7.994950E+00  0.0000000000  0.000000E+00
        7.271089E+28 -9.999860E+00 -1.999885E+00 -3.053960E-01 -3.053960E-01
    73    27645.6931    8.90817375  4.342280E+08  1.772881E+08  7.848337E+31
        7.291334E+00  2.531905E+01  7.995156E+00  0.0000000000  0.000000E+00
        6.118112E+28 -9.999860E+00 -1.999885E+00 -3.053960E-01 -3.053960E-01
    74    27250.9407    8.90846754  4.340812E+08  1.849516E+08  7.404571E+31
        7.280424E+00  2.531934E+01  7.995378E+00  0.0000000000  0.000000E+00
        5.158146E+28 -9.999860E+00 -1.999885E+00 -3.053960E-01 -3.053960E-01
    75    26863.2786    8.90876128  4.339344E+08  1.928684E+08  6.987410E+31
        7.269536E+00  2.531964E+01  7.995608E+00  0.0000000000  0.000000E+00
        4.356492E+28 -9.999860E+00 -1.999885E+00 -3.053960E-01 -3.053960E-01
    76    26482.5290    8.90905292  4.337887E+08  2.010427E+08  6.595175E+31
        7.258671E+00  2.531994E+01  7.995839E+00  0.0000000000  0.000000E+00
        3.685626E+28 -9.999860E+00 -1.999885E+00 -3.053960E-01 -3.053960E-01
    77    26108.5057    8.90934028  4.336452E+08  2.094781E+08  6.226288E+31
        7.247830E+00  2.532023E+01  7.996063E+00  0.0000000000  0.000000E+00
        3.123105E+28 -9.999860E+00 -1.999885E+00 -3.053960E-01 -3.053960E-01
    78    25741.2521    8.90962045  4.335054E+08  2.181774E+08  5.879490E+31
        7.237013E+00  2.532050E+01  7.996273E+00  0.0000000000  0.000000E+00
        2.650505E+28 -9.999860E+00 -1.999885E+00 -3.053960E-01 -3.053960E-01
    79    25380.2944    8.90989009  4.333708E+08  2.271442E+08  5.553132E+31
        7.226220E+00  2.532075E+01  7.996461E+00  0.0000000000  0.000000E+00
        2.252707E+28 -9.999860E+00 -1.999885E+00 -3.053960E-01 -3.053960E-01
    80    25025.3089    8.91014843  4.332420E+08  2.363787E+08  5.245789E+31
        7.215458E+00  2.532097E+01  7.996626E+00  0.0000000000  0.000000E+00
        1.917478E+28 -9.999860E+00 -1.999885E+00 -3.053960E-01 -3.053960E-01
    81    24676.3741    8.91040556  4.331137E+08  2.458840E+08  4.956342E+31
        7.204740E+00  2.532119E+01  7.996789E+00  0.0000000000  0.000000E+00
        1.634801E+28 -9.999860E+00 -1.999885E+00 -3.053960E-01 -3.053960E-01
    82    24332.7602    8.91066121  4.329863E+08  2.556774E+08  4.683233E+31
        7.194054E+00  2.532141E+01  7.996951E+00  0.0000000000  0.000000E+00
        1.395742E+28 -9.999860E+00 -1.999885E+00 -3.053960E-01 -3.053960E-01
    83    23994.3540    8.91091417  4.328602E+08  2.657642E+08  4.425512E+31
        7.183401E+00  2.532163E+01  7.997111E+00  0.0000000000  0.000000E+00
        1.193245E+28 -9.999860E+00 -1.999885E+00 -3.053960E-01 -3.053960E-01
    84    23661.2592    8.91116332  4.327360E+08  2.761499E+08  4.182438E+31
        7.172782E+00  2.532185E+01  7.997267E+00  0.0000000000  0.000000E+00
        1.021434E+28 -9.999860E+00 -1.999885E+00 -3.053960E-01 -3.053960E-01
    85    23333.4766    8.91140757  4.326144E+08  2.868416E+08  3.953226E+31
        7.162194E+00  2.532206E+01  7.997418E+00  0.0000000000  0.000000E+00
        8.754051E+27 -9.999860E+00 -1.999885E+00 -3.053960E-01 -3.053960E-01
    86    23010.9133    8.91164540  4.324959E+08  2.978457E+08  3.737072E+31
        7.151637E+00  2.532226E+01  7.997562E+00  0.0000000000  0.000000E+00
        7.510883E+27 -9.999860E+00 -1.999885E+00 -3.053960E-01 -3.053960E-01
    87    22693.3669    8.91187261  4.323828E+08  3.091669E+08  3.533170E+31
        7.141108E+00  2.532243E+01  7.997693E+00  0.0000000000  0.000000E+00
        6.450909E+27 -9.999860E+00 -1.999885E+00 -3.053960E-01 -3.053960E-01
    88    22380.6280    8.91208162  4.322788E+08  3.208060E+08  3.340788E+31
        7.130607E+00  2.532257E+01  7.997799E+00  0.0000000000  0.000000E+00
        5.545939E+27 -9.999860E+00 -1.999885E+00 -3.053960E-01 -3.053960E-01
    89    22072.9881    8.91227509  4.321825E+08  3.327584E+08  3.159446E+31
        7.120146E+00  2.532268E+01  7.997887E+00  0.0000000000  0.000000E+00
        4.773204E+27 -9.999860E+00 -1.999885E+00 -3.053960E-01 -3.053960E-01
    90    21770.4029    8.91245730  4.320919E+08  3.450344E+08  2.988478E+31
        7.109725E+00  2.532277E+01  7.997964E+00  0.0000000000  0.000000E+00
        4.112500E+27 -9.999860E+00 -1.999885E+00 -3.053960E-01 -3.053960E-01
    91    21472.7800    8.91263237  4.320048E+08  3.576467E+08  2.827237E+31
        7.099343E+00  2.532285E+01  7.998034E+00  0.0000000000  0.000000E+00
        3.546760E+27 -9.999860E+00 -1.999885E+00 -3.053960E-01 -3.053960E-01
    92    21135.9168    8.91283072  4.319061E+08  3.726467E+08  2.652742E+31
        7.087425E+00  2.532294E+01  7.998117E+00  0.0000000000  0.000000E+00
        2.994134E+27 -9.999860E+00 -1.999885E+00 -3.053960E-01 -3.053960E-01
    93    20664.5063    8.91312185  4.317614E+08  3.951467E+08  2.422254E+31
        7.070430E+00  2.532311E+01  7.998254E+00  0.0000000000  0.000000E+00
        2.352859E+27 -9.999860E+00 -1.999885E+00 -3.053960E-01 -3.053960E-01
    94    20158.3254    8.91347040  4.315882E+08  4.231775E+08  2.191739E+31
        7.056909E+00  2.532338E+01  7.998455E+00  0.0117483492 -5.132452E-03
        1.802885E+27 -9.999860E+00 -1.999885E+00 -3.053960E-01 -3.053960E-01
    95    19684.0522    8.91383208  4.314085E+08  4.560201E+08  1.990982E+31
        7.039868E+00  2.532372E+01  7.998714E+00  0.0432334304 -1.919401E-02
        1.394941E+27 -9.999860E+00 -1.999885E+00 -3.053960E-01 -3.053960E-01
    96    19210.5500    8.91422389  4.312139E+08  4.957518E+08  1.804583E+31
        7.020753E+00  2.532416E+01  7.999043E+00  0.0891314789 -4.054431E-02
        1.059006E+27 -9.999860E+00 -1.999885E+00 -3.053960E-01 -3.053960E-01
    97    18735.1162    8.91461292  4.310208E+08  5.411614E+08  1.631001E+31
        7.000806E+00  2.532459E+01  7.999365E+00  0.1426241314 -6.682874E-02
        7.929510E+26 -9.999860E+00 -1.999885E+00 -3.053960E-01 -3.053960E-01
    98    18267.5178    8.91495551  4.308509E+08  5.907241E+08  1.473005E+31
        6.980953E+00  2.532491E+01  7.999605E+00  0.2007376082 -9.731062E-02
        5.904650E+26 -9.999860E+00 -1.999885E+00 -3.053960E-01 -3.053960E-01
    99    17803.9473    8.91526613  4.306968E+08  6.440099E+08  1.328130E+31
        6.960911E+00  2.532517E+01  7.999799E+00  0.2554908849 -1.281300E-01
        4.374858E+26 -9.999860E+00 -1.999885E+00 -3.053960E-01 -3.053960E-01
   100    17357.5367    8.91556222  4.305500E+08  6.999644E+08  1.199034E+31
        6.941377E+00  2.532542E+01  7.999996E+00  0.3155814525 -1.646782E-01
        3.254720E+26 -9.999860E+00 -1.999885E+00 -3.053960E-01 -3.053960E-01
   101    16914.7316    8.91586457  4.304002E+08  7.592988E+08  1.080531E+31
        6.921578E+00  2.532569E+01  8.000203E+00  0.3696195698 -2.003973E-01
        2.409606E+26 -9.999860E+00 -1.999885E+00 -3.053960E-01 -3.053960E-01
   102    16484.9423    8.91617532  4.302462E+08  8.206305E+08  9.741276E+30
        6.901943E+00  2.532597E+01  8.000417E+00  0.4205706279 -2.369995E-01
        1.782651E+26 -9.999860E+00 -1.999885E+00 -3.053960E-01 -3.053960E-01
   103    16064.0895    8.91648379  4.300935E+08  8.837436E+08  8.777728E+30
        6.882356E+00  2.532624E+01  8.000612E+00  0.4726404329 -2.778932E-01
        1.324658E+26 -9.999860E+00 -1.999885E+00 -3.053960E-01 -3.053960E-01
   104    15653.7911    8.91675948  4.299570E+08  9.480318E+08  7.909702E+30
        6.862903E+00  2.532642E+01  8.000744E+00  0.5199640286 -3.187262E-01
        9.841531E+25 -9.999860E+00 -1.999885E+00 -3.053960E-01 -3.053960E-01
   105    15255.4421    8.91700472  4.298356E+08  1.012968E+09  7.130762E+30
        6.843657E+00  2.532654E+01  8.000833E+00  0.5672706747 -3.637837E-01
        7.264497E+25 -9.999860E+00 -1.999885E+00 -3.053960E-01 -3.053960E-01
   106    14886.5305    8.91722491  4.297266E+08  1.078134E+09  6.462350E+30
        6.825475E+00  2.532665E+01  8.000912E+00  0.6037730951 -4.020560E-01
        5.408593E+25 -9.999860E+00 -1.999885E+00 -3.053960E-01 -3.053960E-01
   107    14511.7985    8.91746701  4.296069E+08  1.145923E+09  5.832562E+30
        6.806599E+00  2.532682E+01  8.001033E+00  0.6448897608 -4.496368E-01
        3.974915E+25 -9.999860E+00 -1.999885E+00 -3.053960E-01 -3.053960E-01
   108    14182.4692    8.91768966  4.294968E+08  1.210889E+09  5.318133E+30
        6.789626E+00  2.532698E+01  8.001154E+00  0.6751306406 -4.882912E-01
        2.997272E+25 -9.999860E+00 -1.999885E+00 -3.053960E-01 -3.053960E-01
   109    13925.8234    8.91787331  4.294060E+08  1.260410E+09  4.941419E+30
        6.776107E+00  2.532712E+01  8.001254E+00  0.6998362599 -5.226418E-01
        2.399468E+25 -9.999860E+00 -1.999885E+00 -3.053960E-01 -3.053960E-01
   110    13699.1179    8.91803797  4.293246E+08  1.306376E+09  4.625662E+30
        6.764102E+00  2.532724E+01  8.001343E+00  0.7192226965 -5.516380E-01
        1.957239E+25 -9.999860E+00 -1.999885E+00 -3.053960E-01 -3.053960E-01
   111    13509.8914    8.91817626  4.292562E+08  1.347680E+09  4.373938E+30
        6.753939E+00  2.532734E+01  8.001415E+00  0.7382314927 -5.820826E-01
        1.657993E+25 -9.999860E+00 -1.999885E+00 -3.053960E-01 -3.053960E-01
   112    13331.7006    8.91830236  4.291939E+08  1.388984E+09  4.146496E+30
        6.744082E+00  2.532742E+01  8.001472E+00  0.7522171700 -6.059288E-01
        1.407813E+25 -9.999860E+00 -1.999885E+00 -3.053960E-01 -3.053960E-01
   113    13131.5616    8.91844144  4.291252E+08  1.432359E+09  3.901805E+30
        6.733115E+00  2.532750E+01  8.001530E+00  0.7704727221 -6.391657E-01
        1.165780E+25 -9.999860E+00 -1.999885E+00 -3.053960E-01 -3.053960E-01
   114    12960.4837    8.91856228  4.290655E+08  1.471708E+09  3.701383E+30
        6.723511E+00  2.532757E+01  8.001583E+00  0.7838493789 -6.652435E-01
        9.938714E+24 -9.999860E+00 -1.999885E+00 -3.053960E-01 -3.053960E-01
   115    12790.6275    8.91868273  4.290060E+08  1.511980E+09  3.510154E+30
        6.713881E+00  2.532765E+01  8.001637E+00  0.7969380348 -6.923714E-01
        8.464677E+24 -9.999860E+00 -1.999885E+00 -3.053960E-01 -3.053960E-01
   116    12618.3961    8.91880401  4.289461E+08  1.553859E+09  3.323947E+30
        6.704010E+00  2.532772E+01  8.001692E+00  0.8097224944 -7.206126E-01
        7.171481E+24 -9.999860E+00 -1.999885E+00 -3.053960E-01 -3.053960E-01
   117    12442.6026    8.91892780  4.288850E+08  1.597674E+09  3.141656E+30
        6.693818E+00  2.532780E+01  8.001747E+00  0.8221865622 -7.500354E-01
        6.042350E+24 -9.999860E+00 -1.999885E+00 -3.053960E-01 -3.053960E-01
   118    12268.4895    8.91904993  4.288247E+08  1.642435E+09  2.968629E+30
        6.683584E+00  2.532787E+01  8.001799E+00  0.8303099477 -7.703436E-01
        5.084092E+24 -9.999860E+00 -1.999885E+00 -3.053960E-01 -3.053960E-01
   119    12098.2765    8.91917150  4.287647E+08  1.687663E+09  2.806493E+30
        6.673443E+00  2.532794E+01  8.001848E+00  0.8422040399 -8.019041E-01
        4.279880E+24 -9.999860E+00 -1.999885E+00 -3.053960E-01 -3.053960E-01
   120    11919.8122    8.91929830  4.287021E+08  1.733532E+09  2.643753E+30
        6.662690E+00  2.532800E+01  8.001894E+00  0.8537345527 -8.348583E-01
        3.561957E+24 -9.999860E+00 -1.999885E+00 -3.053960E-01 -3.053960E-01
   121    11743.5514    8.91941547  4.286442E+08  1.779401E+09  2.490140E+30
        6.652076E+00  2.532804E+01  8.001927E+00  0.8648852910 -8.692974E-01
        2.983654E+24 -9.999860E+00 -1.999885E+00 -3.053960E-01 -3.053960E-01
   122    11592.2246    8.91950943  4.285979E+08  1.824371E+09  2.363737E+30
        6.642533E+00  2.532807E+01  8.001945E+00  0.8721001329 -8.931299E-01
        2.540964E+24 -9.999860E+00 -1.999885E+00 -3.053960E-01 -3.053960E-01
   123    11404.8751    8.91962079  4.285429E+08  1.876731E+09  2.214026E+30
        6.630836E+00  2.532809E+01  8.001959E+00  0.8825819239 -9.302650E-01
        2.080372E+24 -9.999860E+00 -1.999885E+00 -3.053960E-01 -3.053960E-01
   124    11227.8983    8.91971691  4.284955E+08  1.927228E+09  2.079306E+30
        6.619739E+00  2.532809E+01  8.001962E+00  0.8926407527 -9.691605E-01
        1.726398E+24 -9.999860E+00 -1.999885E+00 -3.053960E-01 -3.053960E-01
   125    11064.5820    8.91980474  4.284522E+08  1.979556E+09  1.960545E+30
        6.609046E+00  2.532810E+01  8.001964E+00  0.8991036618 -9.961246E-01
        1.442494E+24 -9.999860E+00 -1.999885E+00 -3.053960E-01 -3.053960E-01
   126    10881.9211    8.91990554  4.284025E+08  2.038501E+09  1.833826E+30
        6.597118E+00  2.532811E+01  8.001971E+00  0.9084215640 -1.038207E+00
        1.185287E+24 -9.999860E+00 -1.999885E+00 -3.053960E-01 -3.053960E-01
   127    10693.4648    8.92001547  4.283483E+08  2.098031E+09  1.709621E+30
        6.584736E+00  2.532813E+01  8.001989E+00  0.9172733165 -1.082354E+00
        9.584424E+23 -9.999860E+00 -1.999885E+00 -3.053960E-01 -3.053960E-01
   128    10528.5076    8.92011770  4.282978E+08  2.156138E+09  1.606168E+30
        6.573420E+00  2.532817E+01  8.002015E+00  0.9229075150 -1.112988E+00
        7.947493E+23 -9.999860E+00 -1.999885E+00 -3.053960E-01 -3.053960E-01
   129    10339.7586    8.92023685  4.282391E+08  2.220035E+09  1.493641E+30
        6.560614E+00  2.532821E+01  8.002046E+00  0.9309463616 -1.160813E+00
        6.376888E+23 -9.999860E+00 -1.999885E+00 -3.053960E-01 -3.053960E-01
   130    10177.4136    8.92033814  4.281892E+08  2.281204E+09  1.401693E+30
        6.549096E+00  2.532824E+01  8.002071E+00  0.9360236271 -1.193980E+00
        5.288081E+23 -9.999860E+00 -1.999885E+00 -3.053960E-01 -3.053960E-01
   131     9993.2838    8.92045147  4.281333E+08  2.348184E+09  1.302635E+30
        6.536158E+00  2.532828E+01  8.002097E+00  0.9432045807 -1.245687E+00
        4.229918E+23 -9.999860E+00 -1.999885E+00 -3.053960E-01 -3.053960E-01
   132     9833.2795    8.92054763  4.280859E+08  2.412580E+09  1.220920E+30
        6.524407E+00  2.532831E+01  8.002118E+00  0.9476949220 -1.281456E+00
        3.491640E+23 -9.999860E+00 -1.999885E+00 -3.053960E-01 -3.053960E-01
   133     9653.8026    8.92065308  4.280339E+08  2.482653E+09  1.133919E+30
        6.511332E+00  2.532834E+01  8.002141E+00  0.9539729956 -1.336987E+00
        2.797615E+23 -9.999860E+00 -1.999885E+00 -3.053960E-01 -3.053960E-01
   134     9488.5160    8.92074768  4.279873E+08  2.550331E+09  1.058003E+30
        6.498916E+00  2.532837E+01  8.002161E+00  0.9578464211 -1.375166E+00
        2.271942E+23 -9.999860E+00 -1.999885E+00 -3.053960E-01 -3.053960E-01
   135     9329.9481    8.92084226  4.279407E+08  2.620407E+09  9.888174E+29
        6.486666E+00  2.532841E+01  8.002192E+00  0.9614646828 -1.414141E+00
        1.850065E+23 -9.999860E+00 -1.999885E+00 -3.053960E-01 -3.053960E-01
   136     9157.7880    8.92095100  4.278871E+08  2.695017E+09  9.175987E+29
        6.473414E+00  2.532848E+01  8.002241E+00  0.9664031461 -1.473701E+00
        1.484309E+23 -9.999860E+00 -1.999885E+00 -3.053960E-01 -3.053960E-01
   137     9002.9946    8.92105128  4.278377E+08  2.767724E+09  8.569157E+29
        6.461036E+00  2.532855E+01  8.002293E+00  0.9693626379 -1.513749E+00
        1.205489E+23 -9.999860E+00 -1.999885E+00 -3.053960E-01 -3.053960E-01
   138     8835.9866    8.92115892  4.277847E+08  2.845068E+09  7.948821E+29
        6.447705E+00  2.532862E+01  8.002349E+00  0.9733215202 -1.573839E+00
        9.660058E+22 -9.999860E+00 -1.999885E+00 -3.053960E-01 -3.053960E-01
   139     8680.0035    8.92125532  4.277372E+08  2.920449E+09  7.400579E+29
        6.434905E+00  2.532869E+01  8.002395E+00  0.9756723091 -1.613899E+00
        7.824295E+22 -9.999860E+00 -1.999885E+00 -3.053960E-01 -3.053960E-01
   140     8529.9646    8.92134131  4.276949E+08  2.997473E+09  6.900635E+29
        6.422278E+00  2.532873E+01  8.002424E+00  0.9778159568 -1.653959E+00
        6.342786E+22 -9.999860E+00 -1.999885E+00 -3.053960E-01 -3.053960E-01
   141     8376.0925    8.92142206  4.276551E+08  3.077475E+09  6.414832E+29
        6.409317E+00  2.532875E+01  8.002438E+00  0.9806825217 -1.714050E+00
        5.122269E+22 -9.999860E+00 -1.999885E+00 -3.053960E-01 -3.053960E-01
   142     8229.8656    8.92149754  4.276180E+08  3.157225E+09  5.977435E+29
        6.396579E+00  2.532876E+01  8.002448E+00  0.9823846913 -1.754110E+00
        4.143058E+22 -9.999860E+00 -1.999885E+00 -3.053960E-01 -3.053960E-01
   143     8082.6603    8.92157293  4.275809E+08  3.237976E+09  5.560141E+29
        6.383632E+00  2.532877E+01  8.002456E+00  0.9846608956 -1.814200E+00
        3.344229E+22 -9.999860E+00 -1.999885E+00 -3.053960E-01 -3.053960E-01
   144     7941.8338    8.92164331  4.275462E+08  3.317041E+09  5.181808E+29
        6.371122E+00  2.532878E+01  8.002463E+00  0.9860125082 -1.854260E+00
        2.714158E+22 -9.999860E+00 -1.999885E+00 -3.053960E-01 -3.053960E-01
   145     7804.2529    8.92171351  4.275117E+08  3.395833E+09  4.831181E+29
        6.358669E+00  2.532879E+01  8.002470E+00  0.9872450227 -1.894320E+00
        2.219794E+22 -9.999860E+00 -1.999885E+00 -3.053960E-01 -3.053960E-01
   146     7674.7696    8.92178087  4.274785E+08  3.472832E+09  4.517748E+29
        6.346674E+00  2.532880E+01  8.002477E+00  0.9872450227 -1.894320E+00
        1.820279E+22 -9.999860E+00 -1.999885E+00 -3.053960E-01 -3.053960E-01
   147     7548.1633    8.92185102  4.274440E+08  3.548929E+09  4.226254E+29
        6.334815E+00  2.532881E+01  8.002485E+00  0.9878199348 -1.914350E+00
        1.501766E+22 -9.999860E+00 -1.999885E+00 -3.053960E-01 -3.053960E-01
   148     7434.7407    8.92191514  4.274124E+08  3.621367E+09  3.977312E+29
        6.323842E+00  2.532882E+01  8.002489E+00  0.9878199348 -1.914350E+00
        1.257760E+22 -9.999860E+00 -1.999885E+00 -3.053960E-01 -3.053960E-01
   149     7323.1256    8.92197928  4.273809E+08  3.692737E+09  3.743244E+29
        6.313002E+00  2.532882E+01  8.002490E+00  0.9878199348 -1.914350E+00
        1.050731E+22 -9.999860E+00 -1.999885E+00 -3.053960E-01 -3.053960E-01
   150     7222.4232    8.92203835  4.273518E+08  3.759540E+09  3.541073E+29
        6.302955E+00  2.532882E+01  8.002488E+00  0.9878199348 -1.914350E+00
        8.948613E+21 -9.999860E+00 -1.999885E+00 -3.053960E-01 -3.053960E-01
   151     7127.5960    8.92209564  4.273236E+08  3.824500E+09  3.358289E+29
        6.293284E+00  2.532881E+01  8.002486E+00  0.9883689334 -1.934380E+00
        7.642891E+21 -9.999860E+00 -1.999885E+00 -3.053960E-01 -3.053960E-01
   152     7037.8882    8.92215066  4.272966E+08  3.888007E+09  3.191981E+29
        6.283915E+00  2.532881E+01  8.002485E+00  0.9883689334 -1.934380E+00
        6.558602E+21 -9.999860E+00 -1.999885E+00 -3.053960E-01 -3.053960E-01
   153     6955.2670    8.92220348  4.272706E+08  3.950813E+09  3.044340E+29
        6.274938E+00  2.532881E+01  8.002485E+00  0.9883689334 -1.934380E+00
        5.664473E+21 -9.999860E+00 -1.999885E+00 -3.053960E-01 -3.053960E-01
   154     6871.1043    8.92226137  4.272421E+08  4.014908E+09  2.899254E+29
        6.265636E+00  2.532881E+01  8.002487E+00  0.9883689334 -1.934380E+00
        4.877168E+21 -9.999860E+00 -1.999885E+00 -3.053960E-01 -3.053960E-01
   155     6796.6752    8.92231729  4.272146E+08  4.075327E+09  2.775302E+29
        6.256881E+00  2.532882E+01  8.002491E+00  0.9883689334 -1.934380E+00
        4.225733E+21 -9.999860E+00 -1.999885E+00 -3.053960E-01 -3.053960E-01
   156     6727.8397    8.92237183  4.271878E+08  4.135067E+09  2.664233E+29
        6.248233E+00  2.532882E+01  8.002494E+00  0.9883689334 -1.934380E+00
        3.668088E+21 -9.999860E+00 -1.999885E+00 -3.053960E-01 -3.053960E-01
   157     6664.3152    8.92242403  4.271621E+08  4.194351E+09  2.564718E+29
        6.239640E+00  2.532883E+01  8.002496E+00  0.9883689334 -1.934380E+00
        3.195965E+21 -9.999860E+00 -1.999885E+00 -3.053960E-01 -3.053960E-01
   158     6605.0035    8.92247400  4.271375E+08  4.253864E+09  2.474342E+29
        6.230979E+00  2.532883E+01  8.002497E+00  0.9883689334 -1.934380E+00
        2.773838E+21 -9.999860E+00 -1.999885E+00 -3.053960E-01 -3.053960E-01
   159     6548.8310    8.92252203  4.271139E+08  4.314149E+09  2.390972E+29
        6.222150E+00  2.532883E+01  8.002497E+00  0.9883689334 -1.934380E+00
        2.401339E+21 -9.999860E+00 -1.999885E+00 -3.053960E-01 -3.053960E-01
   160     6495.0674    8.92256883  4.270909E+08  4.375482E+09  2.313168E+29
        6.213087E+00  2.532883E+01  8.002497E+00  0.9888931867 -1.954411E+00
        2.076218E+21 -9.999860E+00 -1.999885E+00 -3.053960E-01 -3.053960E-01
   161     6445.2516    8.92261238  4.270695E+08  4.435482E+09  2.242790E+29
        6.204124E+00  2.532883E+01  8.002497E+00  0.9888931867 -1.954411E+00
        1.792424E+21 -9.999860E+00 -1.999885E+00 -3.053960E-01 -3.053960E-01
   162     6375.0540    8.92267582  4.270383E+08  4.525482E+09  2.146353E+29
        6.190398E+00  2.532883E+01  8.002499E+00  0.9888931867 -1.954411E+00
        1.432858E+21 -9.999860E+00 -1.999885E+00 -3.053960E-01 -3.053960E-01
   163     6284.6568    8.92276474  4.269946E+08  4.653234E+09  2.026763E+29
        6.170114E+00  2.532884E+01  8.002505E+00  0.9888931867 -1.954411E+00
        1.030074E+21 -9.999860E+00 -1.999885E+00 -3.053960E-01 -3.053960E-01
   164     6205.1379    8.92284707  4.269541E+08  4.779858E+09  1.925751E+29
        6.149369E+00  2.532885E+01  8.002512E+00  0.9888931867 -1.954411E+00
        7.358140E+20 -9.999860E+00 -1.999885E+00 -3.053960E-01 -3.053960E-01
   165     6125.8233    8.92292785  4.269144E+08  4.906738E+09  1.828822E+29
        6.127003E+00  2.532886E+01  8.002518E+00  0.9888931867 -1.954411E+00
        5.127297E+20 -9.999860E+00 -1.999885E+00 -3.053960E-01 -3.053960E-01
   166     6048.8414    8.92300315  4.268774E+08  5.027261E+09  1.738309E+29
        6.104414E+00  2.532886E+01  8.002523E+00  0.9888931867 -1.954411E+00
        3.566805E+20 -9.999860E+00 -1.999885E+00 -3.053960E-01 -3.053960E-01
   167     5973.0898    8.92307659  4.268413E+08  5.142573E+09  1.652574E+29
        6.081337E+00  2.532887E+01  8.002528E+00  0.9888931867 -1.954411E+00
        2.455186E+20 -9.999860E+00 -1.999885E+00 -3.053960E-01 -3.053960E-01
   168     5900.6295    8.92314749  4.268065E+08  5.251206E+09  1.573575E+29
        6.058086E+00  2.532887E+01  8.002531E+00  0.9893938100 -1.974441E+00
        1.684278E+20 -9.999860E+00 -1.999885E+00 -3.053960E-01 -3.053960E-01
   169     5830.9899    8.92321321  4.267742E+08  5.352851E+09  1.500367E+29
        6.034760E+00  2.532888E+01  8.002533E+00  0.9893938100 -1.974441E+00
        1.153710E+20 -9.999860E+00 -1.999885E+00 -3.053960E-01 -3.053960E-01
   170     5761.5160    8.92327235  4.267451E+08  5.447398E+09  1.429935E+29
        6.011431E+00  2.532888E+01  8.002536E+00  0.9893938100 -1.974441E+00
        7.890978E+19 -9.999860E+00 -1.999885E+00 -3.053960E-01 -3.053960E-01
   171     5693.2062    8.92332542  4.267190E+08  5.534792E+09  1.363150E+29
        5.989061E+00  2.532889E+01  8.002540E+00  0.9893938100 -1.974441E+00
        5.474084E+19 -9.999860E+00 -1.999885E+00 -3.053960E-01 -3.053960E-01
   172     5619.3176    8.92337830  4.266931E+08  5.618530E+09  1.293592E+29
        5.965435E+00  2.532889E+01  8.002543E+00  0.9893938100 -1.974441E+00
        3.716081E+19 -9.999860E+00 -1.999885E+00 -3.053960E-01 -3.053960E-01
   173     5549.6061    8.92342482  4.266702E+08  5.693332E+09  1.230454E+29
        5.942836E+00  2.532889E+01  8.002546E+00  0.9893938100 -1.974441E+00
        2.563361E+19 -9.999860E+00 -1.999885E+00 -3.053960E-01 -3.053960E-01
   174     5480.7603    8.92346640  4.266498E+08  5.762592E+09  1.170411E+29
        5.920440E+00  2.532890E+01  8.002547E+00  0.9893938100 -1.974441E+00
        1.770944E+19 -9.999860E+00 -1.999885E+00 -3.053960E-01 -3.053960E-01
   175     5411.7277    8.92350376  4.266314E+08  5.826690E+09  1.112452E+29
        5.898362E+00  2.532890E+01  8.002547E+00  0.9898718684 -1.994471E+00
        1.228903E+19 -9.999860E+00 -1.999885E+00 -3.053960E-01 -3.053960E-01
   176     5340.7617    8.92353739  4.266149E+08  5.886323E+09  1.055156E+29
        5.876563E+00  2.532890E+01  8.002547E+00  0.9898718684 -1.994471E+00
        8.554473E+18 -9.999860E+00 -1.999885E+00 -3.053960E-01 -3.053960E-01
   177     5266.4618    8.92356863  4.265996E+08  5.942070E+09  9.975819E+28
        5.854970E+00  2.532890E+01  8.002548E+00  0.9898718684 -1.994471E+00
        5.969906E+18 -9.999860E+00 -1.999885E+00 -3.053960E-01 -3.053960E-01
   178     5194.1543    8.92359337  4.265874E+08  5.994412E+09  9.438598E+28
        5.834935E+00  2.532890E+01  8.002548E+00  0.9898718684 -1.994471E+00
        4.273224E+18 -9.999860E+00 -1.999885E+00 -3.053960E-01 -3.053960E-01
   179     5108.5713    8.92361795  4.265754E+08  6.047442E+09  8.831233E+28
        5.812289E+00  2.532890E+01  8.002548E+00  0.9898718684 -1.994471E+00
        2.921215E+18 -9.999860E+00 -1.999885E+00 -3.053960E-01 -3.053960E-01
   180     5029.0536    8.92363965  4.265647E+08  6.094320E+09  8.293672E+28
        5.791301E+00  2.532890E+01  8.002547E+00  0.9898718684 -1.994471E+00
        2.051864E+18 -9.999860E+00 -1.999885E+00 -3.053960E-01 -3.053960E-01
   181     4950.5656    8.92366229  4.265536E+08  6.138907E+09  7.787507E+28
        5.770389E+00  2.532890E+01  8.002548E+00  0.9903283790 -2.014501E+00
        1.441481E+18 -9.999860E+00 -1.999885E+00 -3.053960E-01 -3.053960E-01
   182     4873.7268    8.92368225  4.265438E+08  6.181061E+09  7.314825E+28
        5.749760E+00  2.532890E+01  8.002548E+00  0.9903283790 -2.014501E+00
        1.015963E+18 -9.999860E+00 -1.999885E+00 -3.053960E-01 -3.053960E-01
   183     4797.4558    8.92370021  4.265350E+08  6.221071E+09  6.867286E+28
        5.729420E+00  2.532890E+01  8.002548E+00  0.9903283790 -2.014501E+00
        7.188163E+17 -9.999860E+00 -1.999885E+00 -3.053960E-01 -3.053960E-01
   184     4720.5613    8.92371706  4.265267E+08  6.259265E+09  6.437229E+28
        5.709302E+00  2.532890E+01  8.002548E+00  0.9903283790 -2.014501E+00
        5.099434E+17 -9.999860E+00 -1.999885E+00 -3.053960E-01 -3.053960E-01
   185     4651.4453    8.92373121  4.265197E+08  6.296028E+09  6.068228E+28
        5.691406E+00  2.532890E+01  8.002548E+00  0.9903283790 -2.014501E+00
        3.754263E+17 -9.999860E+00 -1.999885E+00 -3.053960E-01 -3.053960E-01
   186     4563.1478    8.92374589  4.265125E+08  6.336032E+09  5.620225E+28
        5.668902E+00  2.532890E+01  8.002548E+00  0.9903283790 -2.014501E+00
        2.549089E+17 -9.999860E+00 -1.999885E+00 -3.053960E-01 -3.053960E-01
   187     4485.6702    8.92375787  4.265066E+08  6.370377E+09  5.247989E+28
        5.648904E+00  2.532890E+01  8.002548E+00  0.9907643130 -2.034531E+00
        1.805370E+17 -9.999860E+00 -1.999885E+00 -3.053960E-01 -3.053960E-01
   188     4410.0285    8.92376953  4.265009E+08  6.403780E+09  4.902725E+28
        5.628983E+00  2.532890E+01  8.002548E+00  0.9907643130 -2.034531E+00
        1.278506E+17 -9.999860E+00 -1.999885E+00 -3.053960E-01 -3.053960E-01
   189     4346.2136    8.92378015  4.264957E+08  6.436424E+09  4.624934E+28
        5.611746E+00  2.532890E+01  8.002548E+00  0.9907643130 -2.034531E+00
        9.483566E+16 -9.999860E+00 -1.999885E+00 -3.053960E-01 -3.053960E-01
   190     4269.5189    8.92379076  4.264905E+08  6.469788E+09  4.306916E+28
        5.590735E+00  2.532890E+01  8.002548E+00  0.9907643130 -2.034531E+00
        6.577830E+16 -9.999860E+00 -1.999885E+00 -3.053960E-01 -3.053960E-01
   191     4198.2200    8.92380008  4.264859E+08  6.500697E+09  4.026263E+28
        5.570748E+00  2.532890E+01  8.002548E+00  0.9911805978 -2.054561E+00
        4.645952E+16 -9.999860E+00 -1.999885E+00 -3.053960E-01 -3.053960E-01
   192     4127.8443    8.92380894  4.264816E+08  6.530974E+09  3.762927E+28
        5.550755E+00  2.532890E+01  8.002548E+00  0.9911805978 -2.054561E+00
        3.281762E+16 -9.999860E+00 -1.999885E+00 -3.053960E-01 -3.053960E-01
   193     4069.0728    8.92381698  4.264776E+08  6.560805E+09  3.553091E+28
        5.533946E+00  2.532890E+01  8.002548E+00  0.9911805978 -2.054561E+00
        2.451528E+16 -9.999860E+00 -1.999885E+00 -3.053960E-01 -3.053960E-01
   194     3992.1768    8.92382536  4.264735E+08  6.592545E+09  3.291965E+28
        5.511992E+00  2.532890E+01  8.002548E+00  0.9915781192 -2.074591E+00
        1.674746E+16 -9.999860E+00 -1.999885E+00 -3.053960E-01 -3.053960E-01
   195     3933.3007    8.92382994  4.264713E+08  6.621493E+09  3.101988E+28
        5.495191E+00  2.532890E+01  8.002548E+00  0.9915781192 -2.074591E+00
        1.252976E+16 -9.999860E+00 -1.999885E+00 -3.053960E-01 -3.053960E-01
   196     3858.1109    8.92383717  4.264677E+08  6.656276E+09  2.871462E+28
        5.473746E+00  2.532890E+01  8.002548E+00  0.9919577228 -2.094621E+00
        8.656292E+15 -9.999860E+00 -1.999885E+00 -3.053960E-01 -3.053960E-01
   197     3772.1403    8.92384729  4.264627E+08  6.689357E+09  2.623889E+28
        5.449285E+00  2.532890E+01  8.002548E+00  0.9923202164 -2.114651E+00
        5.689471E+15 -9.999860E+00 -1.999885E+00 -3.053960E-01 -3.053960E-01
   198     3697.5050    8.92385394  4.264595E+08  6.722439E+09  2.422270E+28
        5.427820E+00  2.532890E+01  8.002548E+00  0.9926663710 -2.134681E+00
        3.947499E+15 -9.999860E+00 -1.999885E+00 -3.053960E-01 -3.053960E-01
   199     3636.4415    8.92385959  4.264567E+08  6.754677E+09  2.266148E+28
        5.410360E+00  2.532890E+01  8.002549E+00  0.9933125762 -2.174741E+00
        2.938174E+15 -9.999860E+00 -1.999885E+00 -3.053960E-01 -3.053960E-01
   200     3574.2782    8.92386631  4.264534E+08  6.786915E+09  2.115088E+28
        5.392325E+00  2.532890E+01  8.002549E+00  0.9939018406 -2.214801E+00
        2.116424E+15 -9.999860E+00 -1.999885E+00 -3.053960E-01 -3.053960E-01
   201     3512.7699    8.92387354  4.264498E+08  6.825669E+09  1.973180E+28
        5.374483E+00  2.532890E+01  8.002549E+00  0.9946898268 -2.274891E+00
        1.532946E+15 -9.999860E+00 -1.999885E+00 -3.053960E-01 -3.053960E-01
   202     3453.4916    8.92387946  4.264469E+08  6.864423E+09  1.843298E+28
        5.357181E+00  2.532890E+01  8.002549E+00  0.9953759913 -2.334981E+00
        1.127915E+15 -9.999860E+00 -1.999885E+00 -3.053960E-01 -3.053960E-01
   203     3383.9889    8.92388589  4.264438E+08  6.903177E+09  1.699305E+28
        5.336523E+00  2.532890E+01  8.002550E+00  0.9961549795 -2.415101E+00
        7.899259E+14 -9.999860E+00 -1.999885E+00 -3.053960E-01 -3.053960E-01
   204     3298.9646    8.92389557  4.264390E+08  6.941196E+09  1.534817E+28
        5.311148E+00  2.532890E+01  8.002550E+00  0.9970844610 -2.535281E+00
        5.097420E+14 -9.999860E+00 -1.999885E+00 -3.053960E-01 -3.053960E-01
   205     3219.8722    8.92390301  4.264354E+08  6.975350E+09  1.392814E+28
        5.287322E+00  2.532890E+01  8.002550E+00  0.9976849028 -2.635431E+00
        3.415237E+14 -9.999860E+00 -1.999885E+00 -3.053960E-01 -3.053960E-01
   206     3139.5380    8.92390801  4.264329E+08  7.005186E+09  1.258915E+28
        5.262918E+00  2.532890E+01  8.002550E+00  0.9982445438 -2.755610E+00
        2.276643E+14 -9.999860E+00 -1.999885E+00 -3.053960E-01 -3.053960E-01
   207     3034.4632    8.92391670  4.264287E+08  7.038338E+09  1.098632E+28
        5.230458E+00  2.532890E+01  8.002550E+00  0.9987288948 -2.895818E+00
        1.340076E+14 -9.999860E+00 -1.999885E+00 -3.053960E-01 -3.053960E-01
   208     2946.2958    8.92392420  4.264250E+08  7.062505E+09  9.763884E+27
        5.202601E+00  2.532890E+01  8.002550E+00  0.9990796058 -3.036026E+00
        8.588377E+13 -9.999860E+00 -1.999885E+00 -3.053960E-01 -3.053960E-01
   209     2864.0317    8.92393018  4.264220E+08  7.083181E+09  8.718114E+27
        5.176007E+00  2.532890E+01  8.002551E+00  0.9993020941 -3.156203E+00
        5.663877E+13 -9.999860E+00 -1.999885E+00 -3.053960E-01 -3.053960E-01
   210     2786.1000    8.92393700  4.264187E+08  7.101790E+09  7.807127E+27
        5.150119E+00  2.532890E+01  8.002551E+00  0.9994707985 -3.276379E+00
        3.801473E+13 -9.999860E+00 -1.999885E+00 -3.053960E-01 -3.053960E-01
   211     2711.7492    8.92394240  4.264160E+08  7.117328E+09  7.006436E+27
        5.124831E+00  2.532890E+01  8.002551E+00  0.9995987207 -3.396553E+00
        2.586441E+13 -9.999860E+00 -1.999885E+00 -3.053960E-01 -3.053960E-01
   212     2634.1078    8.92394648  4.264140E+08  7.132089E+09  6.237767E+27
        5.097611E+00  2.532890E+01  8.002551E+00  0.9997094332 -3.536754E+00
        1.721140E+13 -9.999860E+00 -1.999885E+00 -3.053960E-01 -3.053960E-01
   213     2563.1000    8.92395019  4.264122E+08  7.145117E+09  5.591824E+27
        5.071810E+00  2.532890E+01  8.002551E+00  0.9997796683 -3.656923E+00
        1.176216E+13 -9.999860E+00 -1.999885E+00 -3.053960E-01 -3.053960E-01
   214     2487.9219    8.92395399  4.264103E+08  7.157269E+09  4.964030E+27
        5.043745E+00  2.532890E+01  8.002551E+00  0.9998404545 -3.797115E+00
        7.810599E+12 -9.999860E+00 -1.999885E+00 -3.053960E-01 -3.053960E-01
   215     2421.8055    8.92395609  4.264093E+08  7.167647E+09  4.456997E+27
        5.018042E+00  2.532890E+01  8.002551E+00  0.9998790168 -3.917275E+00
        5.389883E+12 -9.999860E+00 -1.999885E+00 -3.053960E-01 -3.053960E-01
   216     2354.7286    8.92395870  4.264080E+08  7.177333E+09  3.983329E+27
        4.991200E+00  2.532890E+01  8.002551E+00  0.9999123912 -4.057452E+00
        3.668015E+12 -9.999860E+00 -1.999885E+00 -3.053960E-01 -3.053960E-01
   217     2289.5069    8.92396165  4.264066E+08  7.185949E+09  3.559980E+27
        4.964160E+00  2.532890E+01  8.002551E+00  0.9999365571 -4.197617E+00
        2.497996E+12 -9.999860E+00 -1.999885E+00 -3.053960E-01 -3.053960E-01
   218     2229.7864    8.92396378  4.264055E+08  7.193534E+09  3.202807E+27
        4.938365E+00  2.532890E+01  8.002551E+00  0.9999518877 -4.317744E+00
        1.735462E+12 -9.999860E+00 -1.999885E+00 -3.053960E-01 -3.053960E-01
   219     2170.7947    8.92396609  4.264044E+08  7.200530E+09  2.877070E+27
        4.912045E+00  2.532890E+01  8.002551E+00  0.9999651559 -4.457871E+00
        1.198861E+12 -9.999860E+00 -1.999885E+00 -3.053960E-01 -3.053960E-01
   220     2114.1221    8.92396846  4.264032E+08  7.206822E+09  2.588173E+27
        4.885789E+00  2.532890E+01  8.002551E+00  0.9999747632 -4.597966E+00
        8.300162E+11 -9.999860E+00 -1.999885E+00 -3.053960E-01 -3.053960E-01
   221     2059.8170    8.92397032  4.264023E+08  7.212476E+09  2.332307E+27
        4.859719E+00  2.532890E+01  8.002551E+00  0.9999808580 -4.718012E+00
        5.766998E+11 -9.999860E+00 -1.999885E+00 -3.053960E-01 -3.053960E-01
   222     2007.4246    8.92397260  4.264012E+08  7.217573E+09  2.103904E+27
        4.833695E+00  2.532890E+01  8.002551E+00  0.9999861328 -4.858012E+00
        4.011573E+11 -9.999860E+00 -1.999885E+00 -3.053960E-01 -3.053960E-01
   223     1957.3168    8.92398320  4.263960E+08  7.222154E+09  1.901528E+27
        4.807742E+00  2.532890E+01  8.002551E+00  0.9999894791 -4.977948E+00
        2.795687E+11 -9.999860E+00 -1.999885E+00 -3.053960E-01 -3.053960E-01
   224     1909.2685    8.92399863  4.263884E+08  7.226278E+09  1.721515E+27
        4.781930E+00  2.532890E+01  8.002551E+00  0.9999923753 -5.117775E+00
        1.952999E+11 -9.999860E+00 -1.999885E+00 -3.053960E-01 -3.053960E-01
   225     1863.4858    8.92400768  4.263840E+08  7.229998E+09  1.562205E+27
        4.756454E+00  2.532890E+01  8.002551E+00  0.9999944723 -5.257455E+00
        1.371163E+11 -9.999860E+00 -1.999885E+00 -3.053960E-01 -3.053960E-01
   226     1819.2487    8.92400803  4.263838E+08  7.233382E+09  1.419063E+27
        4.730584E+00  2.532890E+01  8.002551E+00  0.9999959907 -5.396935E+00
        9.576875E+10 -9.999860E+00 -1.999885E+00 -3.053960E-01 -3.053960E-01
   227     1778.0359    8.92400645  4.263846E+08  7.236396E+09  1.294783E+27
        4.704994E+00  2.532890E+01  8.002551E+00  0.9999969540 -5.516272E+00
        6.716321E+10 -9.999860E+00 -1.999885E+00 -3.053960E-01 -3.053960E-01
   228     1739.3134    8.92400491  4.263854E+08  7.239096E+09  1.185626E+27
        4.679659E+00  2.532890E+01  8.002551E+00  0.9999977877 -5.655157E+00
        4.727169E+10 -9.999860E+00 -1.999885E+00 -3.053960E-01 -3.053960E-01
   229     1702.7848    8.92400128  4.263871E+08  7.241527E+09  1.089129E+27
        4.654068E+00  2.532890E+01  8.002551E+00  0.9999983914 -5.793543E+00
        3.316125E+10 -9.999860E+00 -1.999885E+00 -3.053960E-01 -3.053960E-01
   230     1668.5608    8.92399568  4.263899E+08  7.243686E+09  1.004185E+27
        4.628601E+00  2.532890E+01  8.002551E+00  0.9999988285 -5.931246E+00
        2.330492E+10 -9.999860E+00 -1.999885E+00 -3.053960E-01 -3.053960E-01
   231     1635.5161    8.92399230  4.263915E+08  7.245606E+09  9.269760E+26
        4.603469E+00  2.532890E+01  8.002551E+00  0.9999991450 -6.068017E+00
        1.645620E+10 -9.999860E+00 -1.999885E+00 -3.053960E-01 -3.053960E-01
   232     1602.9522    8.92398995  4.263927E+08  7.247330E+09  8.553303E+26
        4.578232E+00  2.532890E+01  8.002551E+00  0.9999993741 -6.203521E+00
        1.160409E+10 -9.999860E+00 -1.999885E+00 -3.053960E-01 -3.053960E-01
   233     1571.2034    8.92398736  4.263940E+08  7.248865E+09  7.895573E+26
        4.553079E+00  2.532890E+01  8.002551E+00  0.9999995597 -6.356257E+00
        8.192904E+09 -9.999860E+00 -1.999885E+00 -3.053960E-01 -3.053960E-01
   234     1540.6667    8.92398655  4.263944E+08  7.250230E+09  7.299442E+26
        4.528299E+00  2.532890E+01  8.002551E+00  0.9999996744 -6.487375E+00
        5.814586E+09 -9.999860E+00 -1.999885E+00 -3.053960E-01 -3.053960E-01
   235     1510.8902    8.92398665  4.263943E+08  7.251459E+09  6.751284E+26
        4.503538E+00  2.532890E+01  8.002551E+00  0.9999997575 -6.615333E+00
        4.128166E+09 -9.999860E+00 -1.999885E+00 -3.053960E-01 -3.053960E-01
   236     1481.8473    8.92398687  4.263942E+08  7.252562E+09  6.246956E+26
        4.478618E+00  2.532890E+01  8.002551E+00  0.9999998248 -6.756461E+00
        2.924564E+09 -9.999860E+00 -1.999885E+00 -3.053960E-01 -3.053960E-01
