============================================================================
  #Mod      Teff         Log(g)           R            Age            L
           Log(Tc)       Log(Pc)      Log(rhoc)       Mx/M         Log(qx)
             Lnu        Log(H/*)      Log(He/*)     Log(C/*)      Log(O/*)
============================================================================
     1   135294.0438    8.75025883  5.208052E+08  0.000000E+00  6.475858E+34
        8.069754E+00  2.526493E+01  7.954489E+00  0.0000000000  0.000000E+00
        2.851665E+35 -3.999873E+00 -1.999887E+00 -3.054398E-01 -3.054398E-01
     2   116339.0095    8.77301681  5.073368E+08  5.000000E+04  3.359898E+34
        8.055784E+00  2.526939E+01  7.957796E+00  0.0000000000  0.000000E+00
        1.768781E+35 -3.999873E+00 -1.999887E+00 -3.054398E-01 -3.054398E-01
     3   104502.8573    8.78666482  4.994274E+08  1.000000E+05  2.119773E+34
        8.044543E+00  2.527244E+01  7.960062E+00  0.0000000000  0.000000E+00
        1.221586E+35 -3.999873E+00 -1.999887E+00 -3.054398E-01 -3.054398E-01
     4    96144.5227    8.79598523  4.940969E+08  1.500000E+05  1.486464E+34
        8.035138E+00  2.527469E+01  7.961731E+00  0.0000000000  0.000000E+00
        9.050311E+34 -3.999873E+00 -1.999887E+00 -3.054398E-01 -3.054398E-01
     5    89841.9782    8.80282787  4.902197E+08  2.000000E+05  1.115657E+34
        8.027035E+00  2.527642E+01  7.963023E+00  0.0000000000  0.000000E+00
        7.041099E+34 -3.999873E+00 -1.999887E+00 -3.054398E-01 -3.054398E-01
     6    84909.3736    8.80809574  4.872556E+08  2.500000E+05  8.793631E+33
        8.019900E+00  2.527781E+01  7.964062E+00  0.0000000000  0.000000E+00
        5.678016E+34 -3.999873E+00 -1.999887E+00 -3.054398E-01 -3.054398E-01
     7    80959.6461    8.81228159  4.849131E+08  3.000000E+05  7.198372E+33
        8.013512E+00  2.527897E+01  7.964924E+00  0.0000000000  0.000000E+00
        4.705359E+34 -3.999873E+00 -1.999887E+00 -3.054398E-01 -3.054398E-01
     8    77721.2597    8.81569894  4.830090E+08  3.500000E+05  6.065992E+33
        8.007717E+00  2.527996E+01  7.965658E+00  0.0000000000  0.000000E+00
        3.983485E+34 -3.999873E+00 -1.999887E+00 -3.054398E-01 -3.054398E-01
     9    75055.2236    8.81852276  4.814413E+08  4.000000E+05  5.241341E+33
        8.002404E+00  2.528081E+01  7.966295E+00  0.0000000000  0.000000E+00
        3.430664E+34 -3.999873E+00 -1.999887E+00 -3.054398E-01 -3.054398E-01
    10    72796.9956    8.82091308  4.801182E+08  4.500000E+05  4.612987E+33
        7.997488E+00  2.528156E+01  7.966854E+00  0.0000000000  0.000000E+00
        2.996350E+34 -3.999873E+00 -1.999887E+00 -3.054398E-01 -3.054398E-01
    11    70878.2365    8.82295182  4.789926E+08  5.000000E+05  4.126114E+33
        7.992908E+00  2.528223E+01  7.967352E+00  0.0000000000  0.000000E+00
        2.647811E+34 -3.999873E+00 -1.999887E+00 -3.054398E-01 -3.054398E-01
    12    69191.6626    8.82475455  4.779995E+08  5.514984E+05  3.731659E+33
        7.988492E+00  2.528285E+01  7.967813E+00  0.0000000000  0.000000E+00
        2.355665E+34 -3.999873E+00 -1.999887E+00 -3.054398E-01 -3.054398E-01
    13    67572.2013    8.82649725  4.770414E+08  6.097120E+05  3.380777E+33
        7.983830E+00  2.528347E+01  7.968279E+00  0.0000000000  0.000000E+00
        2.087415E+34 -3.999873E+00 -1.999887E+00 -3.054398E-01 -3.054398E-01
    14    66022.7949    8.82817800  4.761192E+08  6.758376E+05  3.069298E+33
        7.978891E+00  2.528411E+01  7.968751E+00  0.0000000000  0.000000E+00
        1.841710E+34 -3.999873E+00 -1.999887E+00 -3.054398E-01 -3.054398E-01
    15    64541.1665    8.82979931  4.752313E+08  7.514647E+05  2.792476E+33
        7.973636E+00  2.528475E+01  7.969231E+00  0.0000000000  0.000000E+00
        1.616970E+34 -3.999873E+00 -1.999887E+00 -3.054398E-01 -3.054398E-01
    16    63129.4889    8.83135889  4.743788E+08  8.384896E+05  2.546899E+33
        7.968023E+00  2.528541E+01  7.969720E+00  0.0000000000  0.000000E+00
        1.412012E+34 -3.999873E+00 -1.999887E+00 -3.054398E-01 -3.054398E-01
    17    61784.8557    8.83285933  4.735601E+08  9.393940E+05  2.328682E+33
        7.961999E+00  2.528607E+01  7.970220E+00  0.0000000000  0.000000E+00
        1.225588E+34 -3.999873E+00 -1.999887E+00 -3.054398E-01 -3.054398E-01
    18    60509.4531    8.83429942  4.727756E+08  1.057129E+06  2.135182E+33
        7.955510E+00  2.528676E+01  7.970731E+00  0.0000000000  0.000000E+00
        1.056871E+34 -3.999873E+00 -1.999887E+00 -3.054398E-01 -3.054398E-01
    19    59305.8285    8.83567816  4.720257E+08  1.195582E+06  1.964051E+33
        7.948489E+00  2.528746E+01  7.971258E+00  0.0000000000  0.000000E+00
        9.048755E+33 -3.999873E+00 -1.999887E+00 -3.054398E-01 -3.054398E-01
    20    58175.6503    8.83699513  4.713106E+08  1.359887E+06  1.813056E+33
        7.940850E+00  2.528817E+01  7.971801E+00  0.0000000000  0.000000E+00
        7.685863E+33 -3.999873E+00 -1.999887E+00 -3.054398E-01 -3.054398E-01
    21    57119.8718    8.83825000  4.706301E+08  1.556695E+06  1.680120E+33
        7.932493E+00  2.528891E+01  7.972361E+00  0.0000000000  0.000000E+00
        6.471029E+33 -3.999873E+00 -1.999887E+00 -3.054398E-01 -3.054398E-01
    22    56138.7909    8.83944349  4.699839E+08  1.794514E+06  1.563328E+33
        7.923315E+00  2.528968E+01  7.972939E+00  0.0000000000  0.000000E+00
        5.396562E+33 -3.999873E+00 -1.999887E+00 -3.054398E-01 -3.054398E-01
    23    55230.8949    8.84057812  4.693704E+08  2.084083E+06  1.460803E+33
        7.913208E+00  2.529046E+01  7.973533E+00  0.0000000000  0.000000E+00
        4.455497E+33 -3.999873E+00 -1.999887E+00 -3.054398E-01 -3.054398E-01
    24    54392.6743    8.84165880  4.687868E+08  2.438509E+06  1.370706E+33
        7.902085E+00  2.529127E+01  7.974148E+00  0.0000000000  0.000000E+00
        3.641145E+33 -3.999873E+00 -1.999887E+00 -3.054398E-01 -3.054398E-01
    25    53617.3794    8.84269381  4.682285E+08  2.873079E+06  1.291130E+33
        7.889898E+00  2.529210E+01  7.974786E+00  0.0000000000  0.000000E+00
        2.946274E+33 -3.999873E+00 -1.999887E+00 -3.054398E-01 -3.054398E-01
    26    52895.4093    8.84369489  4.676891E+08  3.404336E+06  1.220165E+33
        7.876671E+00  2.529297E+01  7.975451E+00  0.0000000000  0.000000E+00
        2.362511E+33 -3.999873E+00 -1.999887E+00 -3.054398E-01 -3.054398E-01
    27    52214.3388    8.84467618  4.671611E+08  4.048580E+06  1.155911E+33
        7.862520E+00  2.529389E+01  7.976151E+00  0.0000000000  0.000000E+00
        1.879776E+33 -3.999873E+00 -1.999887E+00 -3.054398E-01 -3.054398E-01
    28    51560.8257    8.84564869  4.666383E+08  4.819879E+06  1.096661E+33
        7.847651E+00  2.529485E+01  7.976881E+00  0.0000000000  0.000000E+00
        1.486377E+33 -3.999873E+00 -1.999887E+00 -3.054398E-01 -3.054398E-01
    29    50922.2544    8.84661850  4.661176E+08  5.728299E+06  1.041006E+33
        7.832328E+00  2.529584E+01  7.977628E+00  0.0000000000  0.000000E+00
        1.169775E+33 -3.999873E+00 -1.999887E+00 -3.054398E-01 -3.054398E-01
    30    50287.9275    8.84758675  4.655983E+08  6.779196E+06  9.878924E+32
        7.816821E+00  2.529682E+01  7.978377E+00  0.0000000000  0.000000E+00
        9.175238E+32 -3.999873E+00 -1.999887E+00 -3.054398E-01 -3.054398E-01
    31    49650.8095    8.84854838  4.650831E+08  7.973880E+06  9.366954E+32
        7.801358E+00  2.529779E+01  7.979108E+00  0.0000000000  0.000000E+00
        7.179993E+32 -3.999873E+00 -1.999887E+00 -3.054398E-01 -3.054398E-01
    32    49007.1178    8.84949321  4.645775E+08  9.310738E+06  8.871251E+32
        7.786093E+00  2.529870E+01  7.979796E+00  0.0000000000  0.000000E+00
        5.609693E+32 -3.999873E+00 -1.999887E+00 -3.054398E-01 -3.054398E-01
    33    48357.5088    8.85042248  4.640807E+08  1.078606E+07  8.392177E+32
        7.771138E+00  2.529955E+01  7.980446E+00  0.0000000000  0.000000E+00
        4.379100E+32 -3.999873E+00 -1.999887E+00 -3.054398E-01 -3.054398E-01
    34    47700.5792    8.85134088  4.635902E+08  1.239790E+07  7.928576E+32
        7.756529E+00  2.530037E+01  7.981070E+00  0.0000000000  0.000000E+00
        3.416545E+32 -3.999873E+00 -1.999887E+00 -3.054398E-01 -3.054398E-01
    35    47038.3462    8.85225142  4.631045E+08  1.414427E+07  7.481664E+32
        7.742266E+00  2.530116E+01  7.981674E+00  0.0000000000  0.000000E+00
        2.664634E+32 -3.999873E+00 -1.999887E+00 -3.054398E-01 -3.054398E-01
    36    46371.9415    8.85315579  4.626226E+08  1.602400E+07  7.051910E+32
        7.728324E+00  2.530193E+01  7.982263E+00  0.0000000000  0.000000E+00
        2.077713E+32 -3.999873E+00 -1.999887E+00 -3.054398E-01 -3.054398E-01
    37    45700.5702    8.85405560  4.621436E+08  1.803542E+07  6.638536E+32
        7.714674E+00  2.530269E+01  7.982841E+00  0.0000000000  0.000000E+00
        1.620210E+32 -3.999873E+00 -1.999887E+00 -3.054398E-01 -3.054398E-01
    38    45030.7400    8.85494976  4.616681E+08  2.017619E+07  6.244936E+32
        7.701288E+00  2.530344E+01  7.983407E+00  0.0000000000  0.000000E+00
        1.263850E+32 -3.999873E+00 -1.999887E+00 -3.054398E-01 -3.054398E-01
    39    44359.9864    8.85583040  4.612002E+08  2.244737E+07  5.869170E+32
        7.688112E+00  2.530415E+01  7.983944E+00  0.0000000000  0.000000E+00
        9.860612E+31 -3.999873E+00 -1.999887E+00 -3.054398E-01 -3.054398E-01
    40    43691.0794    8.85669627  4.607407E+08  2.484383E+07  5.512090E+32
        7.675147E+00  2.530483E+01  7.984456E+00  0.0000000000  0.000000E+00
        7.700306E+31 -3.999873E+00 -1.999887E+00 -3.054398E-01 -3.054398E-01
    41    43025.2459    8.85754859  4.602888E+08  2.736532E+07  5.173522E+32
        7.662366E+00  2.530548E+01  7.984948E+00  0.0000000000  0.000000E+00
        6.020095E+31 -3.999873E+00 -1.999887E+00 -3.054398E-01 -3.054398E-01
    42    42358.3738    8.85838860  4.598439E+08  3.001220E+07  4.850762E+32
        7.649749E+00  2.530610E+01  7.985423E+00  0.0000000000  0.000000E+00
        4.713931E+31 -3.999873E+00 -1.999887E+00 -3.054398E-01 -3.054398E-01
    43    41703.1425    8.85921197  4.594082E+08  3.278096E+07  4.548881E+32
        7.637294E+00  2.530671E+01  7.985883E+00  0.0000000000  0.000000E+00
        3.697767E+31 -3.999873E+00 -1.999887E+00 -3.054398E-01 -3.054398E-01
    44    41047.1867    8.86002737  4.589771E+08  3.568217E+07  4.261355E+32
        7.624948E+00  2.530731E+01  7.986337E+00  0.0000000000  0.000000E+00
        2.905146E+31 -3.999873E+00 -1.999887E+00 -3.054398E-01 -3.054398E-01
    45    40401.2226    8.86083658  4.585497E+08  3.870730E+07  3.991930E+32
        7.612749E+00  2.530793E+01  7.986798E+00  0.0000000000  0.000000E+00
        2.288209E+31 -3.999873E+00 -1.999887E+00 -3.054398E-01 -3.054398E-01
    46    39759.8946    8.86164167  4.581249E+08  4.186956E+07  3.737496E+32
        7.600642E+00  2.530854E+01  7.987261E+00  0.0000000000  0.000000E+00
        1.805732E+31 -3.999873E+00 -1.999887E+00 -3.054398E-01 -3.054398E-01
    47    39134.3102    8.86243407  4.577072E+08  4.516713E+07  3.501371E+32
        7.588634E+00  2.530916E+01  7.987719E+00  0.0000000000  0.000000E+00
        1.427611E+31 -3.999873E+00 -1.999887E+00 -3.054398E-01 -3.054398E-01
    48    38513.3597    8.86321676  4.572949E+08  4.861500E+07  3.278463E+32
        7.576673E+00  2.530976E+01  7.988166E+00  0.0000000000  0.000000E+00
        1.130175E+31 -3.999873E+00 -1.999887E+00 -3.054398E-01 -3.054398E-01
    49    37902.0217    8.86398190  4.568922E+08  5.220234E+07  3.069793E+32
        7.564799E+00  2.531033E+01  7.988593E+00  0.0000000000  0.000000E+00
        8.968240E+30 -3.999873E+00 -1.999887E+00 -3.054398E-01 -3.054398E-01
    50    37302.4661    8.86472428  4.565019E+08  5.593505E+07  2.875195E+32
        7.552994E+00  2.531086E+01  7.988993E+00  0.0000000000  0.000000E+00
        7.131059E+30 -3.999873E+00 -1.999887E+00 -3.054398E-01 -3.054398E-01
    51    36712.2939    8.86544226  4.561247E+08  5.981945E+07  2.693055E+32
        7.541241E+00  2.531135E+01  7.989360E+00  0.0000000000  0.000000E+00
        5.681268E+30 -3.999873E+00 -1.999887E+00 -3.054398E-01 -3.054398E-01
    52    36132.9145    8.86613707  4.557600E+08  6.385437E+07  2.522995E+32
        7.529556E+00  2.531180E+01  7.989699E+00  0.0000000000  0.000000E+00
        4.536763E+30 -3.999873E+00 -1.999887E+00 -3.054398E-01 -3.054398E-01
    53    35563.8124    8.86681260  4.554057E+08  6.804636E+07  2.364080E+32
        7.517931E+00  2.531222E+01  7.990015E+00  0.0000000000  0.000000E+00
        3.631177E+30 -3.999873E+00 -1.999887E+00 -3.054398E-01 -3.054398E-01
    54    35005.2211    8.86747220  4.550600E+08  7.240123E+07  2.215647E+32
        7.506365E+00  2.531262E+01  7.990314E+00  0.0000000000  0.000000E+00
        2.913104E+30 -3.999873E+00 -1.999887E+00 -3.054398E-01 -3.054398E-01
    55    34456.1277    8.86811994  4.547207E+08  7.692667E+07  2.076765E+32
        7.494850E+00  2.531300E+01  7.990605E+00  0.0000000000  0.000000E+00
        2.342471E+30 -3.999873E+00 -1.999887E+00 -3.054398E-01 -3.054398E-01
    56    33916.5627    8.86875890  4.543864E+08  8.162795E+07  1.946838E+32
        7.483388E+00  2.531338E+01  7.990893E+00  0.0000000000  0.000000E+00
        1.888230E+30 -3.999873E+00 -1.999887E+00 -3.054398E-01 -3.054398E-01
    57    33386.4589    8.86939298  4.540548E+08  8.651250E+07  1.825282E+32
        7.471975E+00  2.531377E+01  7.991185E+00  0.0000000000  0.000000E+00
        1.525845E+30 -3.999873E+00 -1.999887E+00 -3.054398E-01 -3.054398E-01
    58    32865.7922    8.87002125  4.537265E+08  9.158834E+07  1.711578E+32
        7.460604E+00  2.531416E+01  7.991479E+00  0.0000000000  0.000000E+00
        1.235974E+30 -3.999873E+00 -1.999887E+00 -3.054398E-01 -3.054398E-01
    59    32353.5083    8.87063546  4.534057E+08  9.686178E+07  1.605061E+32
        7.449266E+00  2.531453E+01  7.991760E+00  0.0000000000  0.000000E+00
        1.003535E+30 -3.999873E+00 -1.999887E+00 -3.054398E-01 -3.054398E-01
    60    31849.7412    8.87123495  4.530929E+08  1.023326E+08  1.505325E+32
        7.437974E+00  2.531488E+01  7.992028E+00  0.0000000000  0.000000E+00
        8.170053E+29 -3.999873E+00 -1.999887E+00 -3.054398E-01 -3.054398E-01
    61    31354.7025    8.87182137  4.527871E+08  1.080066E+08  1.411987E+32
        7.426731E+00  2.531522E+01  7.992284E+00  0.0000000000  0.000000E+00
        6.669851E+29 -3.999873E+00 -1.999887E+00 -3.054398E-01 -3.054398E-01
    62    30868.5427    8.87239667  4.524873E+08  1.138927E+08  1.324675E+32
        7.415535E+00  2.531555E+01  7.992534E+00  0.0000000000  0.000000E+00
        5.459799E+29 -3.999873E+00 -1.999887E+00 -3.054398E-01 -3.054398E-01
    63    30390.5971    8.87296313  4.521923E+08  1.200000E+08  1.242897E+32
        7.404381E+00  2.531587E+01  7.992779E+00  0.0000000000  0.000000E+00
        4.481174E+29 -3.999873E+00 -1.999887E+00 -3.054398E-01 -3.054398E-01
    64    29920.8536    8.87352377  4.519005E+08  1.263363E+08  1.166309E+32
        7.393269E+00  2.531619E+01  7.993024E+00  0.0000000000  0.000000E+00
        3.687823E+29 -3.999873E+00 -1.999887E+00 -3.054398E-01 -3.054398E-01
    65    29459.5749    8.87408476  4.516088E+08  1.329114E+08  1.094618E+32
        7.382201E+00  2.531653E+01  7.993278E+00  0.0000000000  0.000000E+00
        3.042982E+29 -3.999873E+00 -1.999887E+00 -3.054398E-01 -3.054398E-01
    66    29005.9752    8.87464317  4.513185E+08  1.397393E+08  1.027420E+32
        7.371162E+00  2.531687E+01  7.993533E+00  0.0000000000  0.000000E+00
        2.516983E+29 -3.999873E+00 -1.999887E+00 -3.054398E-01 -3.054398E-01
    67    28559.9833    8.87519311  4.510329E+08  1.468255E+08  9.644509E+31
        7.360155E+00  2.531720E+01  7.993778E+00  0.0000000000  0.000000E+00
        2.086897E+29 -3.999873E+00 -1.999887E+00 -3.054398E-01 -3.054398E-01
    68    28122.0667    8.87573282  4.507527E+08  1.541745E+08  9.055190E+31
        7.349183E+00  2.531751E+01  7.994011E+00  0.0000000000  0.000000E+00
        1.734483E+29 -3.999873E+00 -1.999887E+00 -3.054398E-01 -3.054398E-01
    69    27691.9370    8.87626110  4.504786E+08  1.617958E+08  8.503421E+31
        7.338246E+00  2.531781E+01  7.994234E+00  0.0000000000  0.000000E+00
        1.444930E+29 -3.999873E+00 -1.999887E+00 -3.054398E-01 -3.054398E-01
    70    27269.8221    8.87677639  4.502114E+08  1.696969E+08  7.987195E+31
        7.327343E+00  2.531810E+01  7.994446E+00  0.0000000000  0.000000E+00
        1.206419E+29 -3.999873E+00 -1.999887E+00 -3.054398E-01 -3.054398E-01
    71    26855.4641    8.87727735  4.499519E+08  1.778872E+08  7.504033E+31
        7.316470E+00  2.531837E+01  7.994647E+00  0.0000000000  0.000000E+00
        1.009436E+29 -3.999873E+00 -1.999887E+00 -3.054398E-01 -3.054398E-01
    72    26449.0855    8.87776371  4.497000E+08  1.863739E+08  7.052131E+31
        7.305629E+00  2.531862E+01  7.994838E+00  0.0000000000  0.000000E+00
        8.463728E+28 -3.999873E+00 -1.999887E+00 -3.054398E-01 -3.054398E-01
    73    26050.8526    8.87824347  4.494517E+08  1.951676E+08  6.629576E+31
        7.294823E+00  2.531888E+01  7.995036E+00  0.0000000000  0.000000E+00
        7.111237E+28 -3.999873E+00 -1.999887E+00 -3.054398E-01 -3.054398E-01
    74    25660.1522    8.87872061  4.492048E+08  2.042866E+08  6.233870E+31
        7.284046E+00  2.531917E+01  7.995251E+00  0.0000000000  0.000000E+00
        5.986183E+28 -3.999873E+00 -1.999887E+00 -3.054398E-01 -3.054398E-01
    75    25276.4271    8.87919237  4.489609E+08  2.137444E+08  5.862891E+31
        7.273290E+00  2.531946E+01  7.995477E+00  0.0000000000  0.000000E+00
        5.047892E+28 -3.999873E+00 -1.999887E+00 -3.054398E-01 -3.054398E-01
    76    24899.3098    8.87965533  4.487217E+08  2.235476E+08  5.514871E+31
        7.262558E+00  2.531976E+01  7.995706E+00  0.0000000000  0.000000E+00
        4.263990E+28 -3.999873E+00 -1.999887E+00 -3.054398E-01 -3.054398E-01
    77    24528.4057    8.88010594  4.484890E+08  2.337013E+08  5.188153E+31
        7.251852E+00  2.532005E+01  7.995932E+00  0.0000000000  0.000000E+00
        3.608016E+28 -3.999873E+00 -1.999887E+00 -3.054398E-01 -3.054398E-01
    78    24163.4118    8.88054084  4.482645E+08  2.442095E+08  4.881279E+31
        7.241178E+00  2.532033E+01  7.996146E+00  0.0000000000  0.000000E+00
        3.058238E+28 -3.999873E+00 -1.999887E+00 -3.054398E-01 -3.054398E-01
    79    23804.1899    8.88095692  4.480498E+08  2.550766E+08  4.593018E+31
        7.230537E+00  2.532059E+01  7.996343E+00  0.0000000000  0.000000E+00
        2.596685E+28 -3.999873E+00 -1.999887E+00 -3.054398E-01 -3.054398E-01
    80    23450.8359    8.88135216  4.478460E+08  2.663074E+08  4.322377E+31
        7.219933E+00  2.532082E+01  7.996513E+00  0.0000000000  0.000000E+00
        2.208471E+28 -3.999873E+00 -1.999887E+00 -3.054398E-01 -3.054398E-01
    81    23104.0214    8.88173675  4.476477E+08  2.779091E+08  4.068694E+31
        7.209375E+00  2.532103E+01  7.996674E+00  0.0000000000  0.000000E+00
        1.881553E+28 -3.999873E+00 -1.999887E+00 -3.054398E-01 -3.054398E-01
    82    22763.7218    8.88211798  4.474513E+08  2.899086E+08  3.830862E+31
        7.198853E+00  2.532125E+01  7.996835E+00  0.0000000000  0.000000E+00
        1.605398E+28 -3.999873E+00 -1.999887E+00 -3.054398E-01 -3.054398E-01
    83    22430.1306    8.88249790  4.472556E+08  3.023287E+08  3.608035E+31
        7.188354E+00  2.532147E+01  7.996994E+00  0.0000000000  0.000000E+00
        1.371442E+28 -3.999873E+00 -1.999887E+00 -3.054398E-01 -3.054398E-01
    84    22103.1692    8.88287834  4.470597E+08  3.151874E+08  3.399236E+31
        7.177871E+00  2.532169E+01  7.997151E+00  0.0000000000  0.000000E+00
        1.172802E+28 -3.999873E+00 -1.999887E+00 -3.054398E-01 -3.054398E-01
    85    21782.6491    8.88326045  4.468631E+08  3.284980E+08  3.203493E+31
        7.167401E+00  2.532190E+01  7.997303E+00  0.0000000000  0.000000E+00
        1.003877E+28 -3.999873E+00 -1.999887E+00 -3.054398E-01 -3.054398E-01
    86    21468.0383    8.88364440  4.466656E+08  3.422702E+08  3.019719E+31
        7.156942E+00  2.532210E+01  7.997450E+00  0.0000000000  0.000000E+00
        8.600539E+27 -3.999873E+00 -1.999887E+00 -3.054398E-01 -3.054398E-01
    87    21159.1326    8.88402769  4.464686E+08  3.565077E+08  2.847116E+31
        7.146497E+00  2.532229E+01  7.997589E+00  0.0000000000  0.000000E+00
        7.375088E+27 -3.999873E+00 -1.999887E+00 -3.054398E-01 -3.054398E-01
    88    20855.4261    8.88440094  4.462768E+08  3.712147E+08  2.684830E+31
        7.136066E+00  2.532246E+01  7.997711E+00  0.0000000000  0.000000E+00
        6.329746E+27 -3.999873E+00 -1.999887E+00 -3.054398E-01 -3.054398E-01
    89    20556.6424    8.88475613  4.460943E+08  3.863846E+08  2.532177E+31
        7.125657E+00  2.532258E+01  7.997810E+00  0.0000000000  0.000000E+00
        5.437849E+27 -3.999873E+00 -1.999887E+00 -3.054398E-01 -3.054398E-01
    90    20263.0518    8.88509568  4.459199E+08  4.020127E+08  2.388720E+31
        7.115285E+00  2.532268E+01  7.997894E+00  0.0000000000  0.000000E+00
        4.676915E+27 -3.999873E+00 -1.999887E+00 -3.054398E-01 -3.054398E-01
    91    19974.6327    8.88542380  4.457515E+08  4.181149E+08  2.253891E+31
        7.104948E+00  2.532277E+01  7.997967E+00  0.0000000000  0.000000E+00
        4.026793E+27 -3.999873E+00 -1.999887E+00 -3.054398E-01 -3.054398E-01
    92    19734.1348    8.88569616  4.456118E+08  4.321149E+08  2.145940E+31
        7.096212E+00  2.532284E+01  7.998027E+00  0.0000000000  0.000000E+00
        3.549763E+27 -3.999873E+00 -1.999887E+00 -3.054398E-01 -3.054398E-01
    93    19393.0645    8.88608544  4.454121E+08  4.531149E+08  1.999594E+31
        7.083632E+00  2.532294E+01  7.998116E+00  0.0000000000  0.000000E+00
        2.962153E+27 -3.999873E+00 -1.999887E+00 -3.054398E-01 -3.054398E-01
    94    18920.9380    8.88664458  4.451255E+08  4.846149E+08  1.809537E+31
        7.065935E+00  2.532313E+01  7.998269E+00  0.0000323561 -1.405229E-05
        2.290413E+27 -3.999873E+00 -1.999887E+00 -3.054398E-01 -3.054398E-01
    95    18461.5256    8.88722642  4.448274E+08  5.219256E+08  1.637892E+31
        7.053038E+00  2.532340E+01  7.998469E+00  0.0174220827 -7.633001E-03
        1.773415E+27 -3.999873E+00 -1.999887E+00 -3.054398E-01 -3.054398E-01
    96    18017.1752    8.88783056  4.445181E+08  5.679014E+08  1.483740E+31
        7.035098E+00  2.532377E+01  7.998749E+00  0.0526934911 -2.350948E-02
        1.367884E+27 -3.999873E+00 -1.999887E+00 -3.054398E-01 -3.054398E-01
    97    17561.8813    8.88847379  4.441890E+08  6.233383E+08  1.337371E+31
        7.015606E+00  2.532422E+01  7.999088E+00  0.1016097432 -4.653497E-02
        1.028783E+27 -3.999873E+00 -1.999887E+00 -3.054398E-01 -3.054398E-01
    98    17110.3305    8.88910178  4.438680E+08  6.851743E+08  1.203298E+31
        6.995840E+00  2.532463E+01  7.999399E+00  0.1560730346 -7.369514E-02
        7.667125E+26 -3.999873E+00 -1.999887E+00 -3.054398E-01 -3.054398E-01
    99    16665.1041    8.88967983  4.435727E+08  7.521624E+08  1.081418E+31
        6.976047E+00  2.532494E+01  7.999627E+00  0.2128302756 -1.039316E-01
        5.692982E+26 -3.999873E+00 -1.999887E+00 -3.054398E-01 -3.054398E-01
   100    16241.9832    8.89020899  4.433026E+08  8.232660E+08  9.745153E+30
        6.956974E+00  2.532519E+01  7.999818E+00  0.2689322012 -1.360423E-01
        4.252811E+26 -3.999873E+00 -1.999887E+00 -3.054398E-01 -3.054398E-01
   101    15804.9747    8.89075413  4.430244E+08  9.001305E+08  8.726951E+30
        6.936693E+00  2.532545E+01  8.000020E+00  0.3252159034 -1.708352E-01
        3.120353E+26 -3.999873E+00 -1.999887E+00 -3.054398E-01 -3.054398E-01
   102    15401.1619    8.89126916  4.427618E+08  9.775237E+08  7.859343E+30
        6.917637E+00  2.532572E+01  8.000224E+00  0.3796914899 -2.073923E-01
        2.333543E+26 -3.999873E+00 -1.999887E+00 -3.054398E-01 -3.054398E-01
   103    15015.7311    8.89177853  4.425022E+08  1.058807E+09  7.093308E+30
        6.899084E+00  2.532599E+01  8.000430E+00  0.4309142837 -2.448223E-01
        1.753264E+26 -3.999873E+00 -1.999887E+00 -3.054398E-01 -3.054398E-01
   104    14625.6048    8.89229169  4.422409E+08  1.144842E+09  6.376834E+30
        6.879808E+00  2.532623E+01  8.000609E+00  0.4778858512 -2.822345E-01
        1.305582E+26 -3.999873E+00 -1.999887E+00 -3.054398E-01 -3.054398E-01
   105    14260.1604    8.89275470  4.420052E+08  1.230069E+09  5.756843E+30
        6.861387E+00  2.532640E+01  8.000731E+00  0.5252291573 -3.235160E-01
        9.851064E+25 -3.999873E+00 -1.999887E+00 -3.054398E-01 -3.054398E-01
   106    13962.0664    8.89312218  4.418182E+08  1.302725E+09  5.285889E+30
        6.846040E+00  2.532650E+01  8.000803E+00  0.5620288138 -3.585545E-01
        7.711376E+25 -3.999873E+00 -1.999887E+00 -3.054398E-01 -3.054398E-01
   107    13721.6553    8.89341862  4.416675E+08  1.362055E+09  4.927752E+30
        6.833455E+00  2.532658E+01  8.000856E+00  0.5881760430 -3.852884E-01
        6.297378E+25 -3.999873E+00 -1.999887E+00 -3.054398E-01 -3.054398E-01
   108    13523.2320    8.89366837  4.415405E+08  1.415532E+09  4.646170E+30
        6.822929E+00  2.532665E+01  8.000908E+00  0.6089532992 -4.077714E-01
        5.297345E+25 -3.999873E+00 -1.999887E+00 -3.054398E-01 -3.054398E-01
   109    13318.8824    8.89393679  4.414041E+08  1.469225E+09  4.368937E+30
        6.811940E+00  2.532674E+01  8.000979E+00  0.6346862285 -4.373340E-01
        4.424832E+25 -3.999873E+00 -1.999887E+00 -3.054398E-01 -3.054398E-01
   110    13141.1460    8.89417256  4.412843E+08  1.519076E+09  4.138108E+30
        6.802248E+00  2.532683E+01  8.001043E+00  0.6499699192 -4.558946E-01
        3.770476E+25 -3.999873E+00 -1.999887E+00 -3.054398E-01 -3.054398E-01
   111    12960.4106    8.89441949  4.411588E+08  1.571374E+09  3.912884E+30
        6.792266E+00  2.532693E+01  8.001116E+00  0.6701325051 -4.816605E-01
        3.201532E+25 -3.999873E+00 -1.999887E+00 -3.054398E-01 -3.054398E-01
   112    12774.1085    8.89467756  4.410278E+08  1.623320E+09  3.690509E+30
        6.781872E+00  2.532704E+01  8.001195E+00  0.6900134230 -5.086571E-01
        2.689403E+25 -3.999873E+00 -1.999887E+00 -3.054398E-01 -3.054398E-01
   113    12618.2476    8.89489324  4.409183E+08  1.673233E+09  3.511918E+30
        6.772984E+00  2.532713E+01  8.001261E+00  0.7047161735 -5.297603E-01
        2.325767E+25 -3.999873E+00 -1.999887E+00 -3.054398E-01 -3.054398E-01
   114    12432.9265    8.89515162  4.407871E+08  1.731947E+09  3.308135E+30
        6.762385E+00  2.532724E+01  8.001341E+00  0.7240117989 -5.591095E-01
        1.942178E+25 -3.999873E+00 -1.999887E+00 -3.054398E-01 -3.054398E-01
   115    12256.4131    8.89539290  4.406647E+08  1.790662E+09  3.122498E+30
        6.752068E+00  2.532733E+01  8.001407E+00  0.7382314927 -5.820826E-01
        1.639269E+25 -3.999873E+00 -1.999887E+00 -3.054398E-01 -3.054398E-01
   116    12064.9299    8.89565272  4.405329E+08  1.851415E+09  2.930137E+30
        6.740821E+00  2.532742E+01  8.001473E+00  0.7568242596 -6.140798E-01
        1.353997E+25 -3.999873E+00 -1.999887E+00 -3.054398E-01 -3.054398E-01
   117    11899.2363    8.89587451  4.404205E+08  1.907398E+09  2.771043E+30
        6.730845E+00  2.532749E+01  8.001524E+00  0.7704727221 -6.391657E-01
        1.145672E+25 -3.999873E+00 -1.999887E+00 -3.054398E-01 -3.054398E-01
   118    11738.5048    8.89609115  4.403106E+08  1.963381E+09  2.623019E+30
        6.721117E+00  2.532757E+01  8.001579E+00  0.7838493789 -6.652435E-01
        9.715214E+24 -3.999873E+00 -1.999887E+00 -3.054398E-01 -3.054398E-01
   119    11568.7412    8.89631852  4.401954E+08  2.023940E+09  2.473246E+30
        6.710695E+00  2.532765E+01  8.001637E+00  0.7969380348 -6.923714E-01
        8.168712E+24 -3.999873E+00 -1.999887E+00 -3.054398E-01 -3.054398E-01
   120    11393.7742    8.89655212  4.400770E+08  2.088123E+09  2.325732E+30
        6.699802E+00  2.532773E+01  8.001699E+00  0.8139135825 -7.302853E-01
        6.796004E+24 -3.999873E+00 -1.999887E+00 -3.054398E-01 -3.054398E-01
   121    11215.3637    8.89678660  4.399582E+08  2.155633E+09  2.182269E+30
        6.688534E+00  2.532782E+01  8.001759E+00  0.8262672542 -7.601183E-01
        5.617152E+24 -3.999873E+00 -1.999887E+00 -3.054398E-01 -3.054398E-01
   122    11034.2389    8.89702293  4.398385E+08  2.226461E+09  2.043563E+30
        6.676923E+00  2.532789E+01  8.001817E+00  0.8382789404 -7.912334E-01
        4.612940E+24 -3.999873E+00 -1.999887E+00 -3.054398E-01 -3.054398E-01
   123    10852.6818    8.89725776  4.397196E+08  2.300304E+09  1.911314E+30
        6.665048E+00  2.532797E+01  8.001869E+00  0.8499324458 -8.237132E-01
        3.771155E+24 -3.999873E+00 -1.999887E+00 -3.054398E-01 -3.054398E-01
   124    10676.4417    8.89747901  4.396076E+08  2.374146E+09  1.789240E+30
        6.653442E+00  2.532802E+01  8.001908E+00  0.8612115751 -8.576468E-01
        3.102778E+24 -3.999873E+00 -1.999887E+00 -3.054398E-01 -3.054398E-01
   125    10495.5861    8.89769764  4.394970E+08  2.452549E+09  1.670208E+30
        6.641316E+00  2.532805E+01  8.001932E+00  0.8721001329 -8.931299E-01
        2.530924E+24 -3.999873E+00 -1.999887E+00 -3.054398E-01 -3.054398E-01
   126    10315.1864    8.89790784  4.393907E+08  2.533615E+09  1.557550E+30
        6.629027E+00  2.532807E+01  8.001944E+00  0.8825819239 -9.302650E-01
        2.049959E+24 -3.999873E+00 -1.999887E+00 -3.054398E-01 -3.054398E-01
   127    10136.5782    8.89811079  4.392880E+08  2.616907E+09  1.451764E+30
        6.616664E+00  2.532807E+01  8.001948E+00  0.8926407527 -9.691605E-01
        1.663257E+24 -3.999873E+00 -1.999887E+00 -3.054398E-01 -3.054398E-01
   128     9959.5750    8.89831077  4.391869E+08  2.702549E+09  1.352365E+30
        6.604214E+00  2.532808E+01  8.001952E+00  0.9022604239 -1.009930E+00
        1.346582E+24 -3.999873E+00 -1.999887E+00 -3.054398E-01 -3.054398E-01
   129     9783.2064    8.89851192  4.390852E+08  2.790592E+09  1.258503E+30
        6.591683E+00  2.532809E+01  8.001962E+00  0.9114247424 -1.052688E+00
        1.096344E+24 -3.999873E+00 -1.999887E+00 -3.054398E-01 -3.054398E-01
   130     9612.3488    8.89871676  4.389816E+08  2.880478E+09  1.172311E+30
        6.579182E+00  2.532813E+01  8.001987E+00  0.9201175126 -1.097548E+00
        8.854679E+23 -3.999873E+00 -1.999887E+00 -3.054398E-01 -3.054398E-01
   131     9438.0685    8.89892757  4.388751E+08  2.974695E+09  1.089046E+30
        6.566301E+00  2.532817E+01  8.002018E+00  0.9256427239 -1.128677E+00
        7.136173E+23 -3.999873E+00 -1.999887E+00 -3.054398E-01 -3.054398E-01
   132     9267.5095    8.89913463  4.387705E+08  3.070474E+09  1.011950E+30
        6.553465E+00  2.532821E+01  8.002047E+00  0.9335135908 -1.177267E+00
        5.746278E+23 -3.999873E+00 -1.999887E+00 -3.054398E-01 -3.054398E-01
   133     9090.5045    8.89934690  4.386633E+08  3.168909E+09  9.363679E+29
        6.540009E+00  2.532825E+01  8.002075E+00  0.9408697219 -1.228190E+00
        4.582768E+23 -3.999873E+00 -1.999887E+00 -3.054398E-01 -3.054398E-01
   134     8932.6801    8.89953338  4.385691E+08  3.265477E+09  8.726402E+29
        6.527590E+00  2.532828E+01  8.002099E+00  0.9454798474 -1.263443E+00
        3.726944E+23 -3.999873E+00 -1.999887E+00 -3.054398E-01 -3.054398E-01
   135     8759.2541    8.89973572  4.384670E+08  3.369729E+09  8.064440E+29
        6.513916E+00  2.532831E+01  8.002123E+00  0.9519420959 -1.318235E+00
        2.959587E+23 -3.999873E+00 -1.999887E+00 -3.054398E-01 -3.054398E-01
   136     8605.5534    8.89991259  4.383777E+08  3.470918E+09  7.510072E+29
        6.501365E+00  2.532834E+01  8.002143E+00  0.9559413039 -1.355968E+00
        2.399304E+23 -3.999873E+00 -1.999887E+00 -3.054398E-01 -3.054398E-01
   137     8439.0054    8.90010749  4.382793E+08  3.579058E+09  6.942231E+29
        6.487728E+00  2.532839E+01  8.002175E+00  0.9614646828 -1.414141E+00
        1.904958E+23 -3.999873E+00 -1.999887E+00 -3.054398E-01 -3.054398E-01
   138     8290.9354    8.90028729  4.381886E+08  3.683681E+09  6.464996E+29
        6.475188E+00  2.532845E+01  8.002220E+00  0.9648229820 -1.453741E+00
        1.543080E+23 -3.999873E+00 -1.999887E+00 -3.054398E-01 -3.054398E-01
   139     8132.7615    8.90048333  4.380897E+08  3.794310E+09  5.982880E+29
        6.461751E+00  2.532853E+01  8.002277E+00  0.9693626379 -1.513749E+00
        1.234206E+23 -3.999873E+00 -1.999887E+00 -3.054398E-01 -3.054398E-01
   140     7987.3242    8.90066481  4.379982E+08  3.901233E+09  5.563933E+29
        6.449000E+00  2.532860E+01  8.002330E+00  0.9720622662 -1.553809E+00
        9.955279E+22 -3.999873E+00 -1.999887E+00 -3.054398E-01 -3.054398E-01
   141     7843.0032    8.90084109  4.379093E+08  4.009502E+09  5.170469E+29
        6.436288E+00  2.532866E+01  8.002377E+00  0.9745240151 -1.593869E+00
        8.052923E+22 -3.999873E+00 -1.999887E+00 -3.054398E-01 -3.054398E-01
   142     7706.3499    8.90100464  4.378269E+08  4.116325E+09  4.817611E+29
        6.423965E+00  2.532871E+01  8.002408E+00  0.9778159568 -1.653959E+00
        6.565795E+22 -3.999873E+00 -1.999887E+00 -3.054398E-01 -3.054398E-01
   143     7578.3964    8.90115263  4.377523E+08  4.222443E+09  4.503997E+29
        6.412170E+00  2.532872E+01  8.002422E+00  0.9797707155 -1.694019E+00
        5.396775E+22 -3.999873E+00 -1.999887E+00 -3.054398E-01 -3.054398E-01
   144     7449.5352    8.90130231  4.376768E+08  4.329091E+09  4.203934E+29
        6.400249E+00  2.532874E+01  8.002433E+00  0.9815532295 -1.734080E+00
        4.436917E+22 -3.999873E+00 -1.999887E+00 -3.054398E-01 -3.054398E-01
   145     7332.8777    8.90144086  4.376070E+08  4.429367E+09  3.945466E+29
        6.389216E+00  2.532875E+01  8.002440E+00  0.9839368732 -1.794170E+00
        3.687578E+22 -3.999873E+00 -1.999887E+00 -3.054398E-01 -3.054398E-01
   146     7223.3809    8.90157337  4.375403E+08  4.526343E+09  3.713899E+29
        6.378709E+00  2.532876E+01  8.002446E+00  0.9853522836 -1.834230E+00
        3.103346E+22 -3.999873E+00 -1.999887E+00 -3.054398E-01 -3.054398E-01
   147     7121.0499    8.90169918  4.374769E+08  4.619599E+09  3.506860E+29
        6.368751E+00  2.532876E+01  8.002451E+00  0.9860125082 -1.854260E+00
        2.633446E+22 -3.999873E+00 -1.999887E+00 -3.054398E-01 -3.054398E-01
   148     7021.5047    8.90182409  4.374140E+08  4.710505E+09  3.313890E+29
        6.358999E+00  2.532877E+01  8.002457E+00  0.9866429742 -1.874290E+00
        2.244074E+22 -3.999873E+00 -1.999887E+00 -3.054398E-01 -3.054398E-01
   149     6929.3578    8.90194283  4.373542E+08  4.797509E+09  3.142466E+29
        6.349783E+00  2.532878E+01  8.002462E+00  0.9872450227 -1.894320E+00
        1.928384E+22 -3.999873E+00 -1.999887E+00 -3.054398E-01 -3.054398E-01
   150     6838.4161    8.90206457  4.372929E+08  4.883352E+09  2.979881E+29
        6.340631E+00  2.532879E+01  8.002469E+00  0.9872450227 -1.894320E+00
        1.660241E+22 -3.999873E+00 -1.999887E+00 -3.054398E-01 -3.054398E-01
   151     6755.1834    8.90218107  4.372343E+08  4.964519E+09  2.836671E+29
        6.332064E+00  2.532880E+01  8.002474E+00  0.9878199348 -1.914350E+00
        1.440885E+22 -3.999873E+00 -1.999887E+00 -3.054398E-01 -3.054398E-01
   152     6676.7157    8.90229379  4.371775E+08  5.043209E+09  2.706445E+29
        6.323848E+00  2.532880E+01  8.002477E+00  0.9878199348 -1.914350E+00
        1.263892E+22 -3.999873E+00 -1.999887E+00 -3.054398E-01 -3.054398E-01
   153     6605.1615    8.90239951  4.371243E+08  5.119765E+09  2.591646E+29
        6.316128E+00  2.532880E+01  8.002477E+00  0.9878199348 -1.914350E+00
        1.112767E+22 -3.999873E+00 -1.999887E+00 -3.054398E-01 -3.054398E-01
   154     6531.8898    8.90251000  4.370687E+08  5.197447E+09  2.477918E+29
        6.308191E+00  2.532880E+01  8.002477E+00  0.9878199348 -1.914350E+00
        9.798594E+21 -3.999873E+00 -1.999887E+00 -3.054398E-01 -3.054398E-01
   155     6464.5956    8.90261302  4.370169E+08  5.272096E+09  2.376807E+29
        6.300611E+00  2.532880E+01  8.002475E+00  0.9878199348 -1.914350E+00
        8.634955E+21 -3.999873E+00 -1.999887E+00 -3.054398E-01 -3.054398E-01
   156     6399.9766    8.90271425  4.369660E+08  5.347096E+09  2.282657E+29
        6.293049E+00  2.532880E+01  8.002474E+00  0.9878199348 -1.914350E+00
        7.648154E+21 -3.999873E+00 -1.999887E+00 -3.054398E-01 -3.054398E-01
   157     6309.9524    8.90286492  4.368902E+08  5.459596E+09  2.156159E+29
        6.281785E+00  2.532879E+01  8.002472E+00  0.9883689334 -1.934380E+00
        6.370430E+21 -3.999873E+00 -1.999887E+00 -3.054398E-01 -3.054398E-01
   158     6200.6376    8.90307447  4.367848E+08  5.617163E+09  2.009613E+29
        6.266001E+00  2.532880E+01  8.002474E+00  0.9883689334 -1.934380E+00
        4.926934E+21 -3.999873E+00 -1.999887E+00 -3.054398E-01 -3.054398E-01
   159     6108.5457    8.90327827  4.366823E+08  5.779787E+09  1.891971E+29
        6.249737E+00  2.532881E+01  8.002481E+00  0.9883689334 -1.934380E+00
        3.779442E+21 -3.999873E+00 -1.999887E+00 -3.054398E-01 -3.054398E-01
   160     6021.5177    8.90348696  4.365774E+08  5.957420E+09  1.785576E+29
        6.231200E+00  2.532881E+01  8.002484E+00  0.9883689334 -1.934380E+00
        2.791354E+21 -3.999873E+00 -1.999887E+00 -3.054398E-01 -3.054398E-01
   161     5943.3061    8.90369220  4.364743E+08  6.143708E+09  1.693798E+29
        6.210934E+00  2.532881E+01  8.002485E+00  0.9883689334 -1.934380E+00
        2.006905E+21 -3.999873E+00 -1.999887E+00 -3.054398E-01 -3.054398E-01
   162     5872.2096    8.90389905  4.363703E+08  6.336567E+09  1.613424E+29
        6.188749E+00  2.532881E+01  8.002487E+00  0.9888931867 -1.954411E+00
        1.398746E+21 -3.999873E+00 -1.999887E+00 -3.054398E-01 -3.054398E-01
   163     5806.5194    8.90410379  4.362675E+08  6.529461E+09  1.541705E+29
        6.164973E+00  2.532882E+01  8.002495E+00  0.9888931867 -1.954411E+00
        9.490679E+20 -3.999873E+00 -1.999887E+00 -3.054398E-01 -3.054398E-01
   164     5743.2603    8.90429815  4.361699E+08  6.716943E+09  1.474950E+29
        6.140044E+00  2.532883E+01  8.002502E+00  0.9888931867 -1.954411E+00
        6.340683E+20 -3.999873E+00 -1.999887E+00 -3.054398E-01 -3.054398E-01
   165     5681.9406    8.90447810  4.360795E+08  6.895224E+09  1.412375E+29
        6.114800E+00  2.532884E+01  8.002509E+00  0.9888931867 -1.954411E+00
        4.221456E+20 -3.999873E+00 -1.999887E+00 -3.054398E-01 -3.054398E-01
   166     5619.2460    8.90465669  4.359899E+08  7.065202E+09  1.350507E+29
        6.088060E+00  2.532885E+01  8.002515E+00  0.9888931867 -1.954411E+00
        2.741081E+20 -3.999873E+00 -1.999887E+00 -3.054398E-01 -3.054398E-01
   167     5560.0911    8.90482244  4.359067E+08  7.218877E+09  1.294037E+29
        6.061616E+00  2.532886E+01  8.002518E+00  0.9888931867 -1.954411E+00
        1.787173E+20 -3.999873E+00 -1.999887E+00 -3.054398E-01 -3.054398E-01
   168     5502.5599    8.90497699  4.358291E+08  7.359969E+09  1.240862E+29
        6.035009E+00  2.532886E+01  8.002521E+00  0.9893938100 -1.974441E+00
        1.159686E+20 -3.999873E+00 -1.999887E+00 -3.054398E-01 -3.054398E-01
   169     5445.0890    8.90511765  4.357585E+08  7.488680E+09  1.189443E+29
        6.008311E+00  2.532887E+01  8.002524E+00  0.9893938100 -1.974441E+00
        7.507201E+19 -3.999873E+00 -1.999887E+00 -3.054398E-01 -3.054398E-01
   170     5386.8248    8.90524759  4.356934E+08  7.605163E+09  1.139004E+29
        5.981826E+00  2.532887E+01  8.002529E+00  0.9893938100 -1.974441E+00
        4.866591E+19 -3.999873E+00 -1.999887E+00 -3.054398E-01 -3.054398E-01
   171     5328.2723    8.90536191  4.356360E+08  7.710416E+09  1.089997E+29
        5.956572E+00  2.532888E+01  8.002532E+00  0.9893938100 -1.974441E+00
        3.216193E+19 -3.999873E+00 -1.999887E+00 -3.054398E-01 -3.054398E-01
   172     5261.5816    8.90547271  4.355805E+08  7.809264E+09  1.036177E+29
        5.929833E+00  2.532888E+01  8.002535E+00  0.9893938100 -1.974441E+00
        2.070651E+19 -3.999873E+00 -1.999887E+00 -3.054398E-01 -3.054398E-01
   173     5194.0005    8.90556699  4.355332E+08  7.895420E+09  9.837447E+28
        5.904589E+00  2.532888E+01  8.002535E+00  0.9893938100 -1.974441E+00
        1.363638E+19 -3.999873E+00 -1.999887E+00 -3.054398E-01 -3.054398E-01
   174     5123.8826    8.90565250  4.354903E+08  7.974035E+09  9.315059E+28
        5.879822E+00  2.532888E+01  8.002535E+00  0.9898718684 -1.994471E+00
        9.040888E+18 -3.999873E+00 -1.999887E+00 -3.054398E-01 -3.054398E-01
   175     5052.6254    8.90573163  4.354506E+08  8.046275E+09  8.805991E+28
        5.855365E+00  2.532888E+01  8.002536E+00  0.9898718684 -1.994471E+00
        6.014113E+18 -3.999873E+00 -1.999887E+00 -3.054398E-01 -3.054398E-01
   176     4981.8643    8.90580229  4.354152E+08  8.112695E+09  8.321598E+28
        5.831286E+00  2.532888E+01  8.002536E+00  0.9898718684 -1.994471E+00
        4.020865E+18 -3.999873E+00 -1.999887E+00 -3.054398E-01 -3.054398E-01
   177     4912.4128    8.90586624  4.353831E+08  8.173933E+09  7.866012E+28
        5.807625E+00  2.532888E+01  8.002536E+00  0.9898718684 -1.994471E+00
        2.702360E+18 -3.999873E+00 -1.999887E+00 -3.054398E-01 -3.054398E-01
   178     4848.6258    8.90592252  4.353549E+08  8.230560E+09  7.464377E+28
        5.785929E+00  2.532888E+01  8.002535E+00  0.9898718684 -1.994471E+00
        1.875571E+18 -3.999873E+00 -1.999887E+00 -3.054398E-01 -3.054398E-01
   179     4773.5079    8.90598460  4.353238E+08  8.287132E+09  7.011443E+28
        5.761186E+00  2.532888E+01  8.002536E+00  0.9898718684 -1.994471E+00
        1.233929E+18 -3.999873E+00 -1.999887E+00 -3.054398E-01 -3.054398E-01
   180     4703.0856    8.90603624  4.352979E+08  8.335743E+09  6.605972E+28
        5.738713E+00  2.532888E+01  8.002536E+00  0.9903283790 -2.014501E+00
        8.423218E+17 -3.999873E+00 -1.999887E+00 -3.054398E-01 -3.054398E-01
   181     4631.6018    8.90608365  4.352742E+08  8.381350E+09  6.212733E+28
        5.716593E+00  2.532888E+01  8.002536E+00  0.9903283790 -2.014501E+00
        5.777143E+17 -3.999873E+00 -1.999887E+00 -3.054398E-01 -3.054398E-01
   182     4559.1202    8.90612871  4.352516E+08  8.424474E+09  5.832260E+28
        5.694670E+00  2.532888E+01  8.002536E+00  0.9903283790 -2.014501E+00
        3.970337E+17 -3.999873E+00 -1.999887E+00 -3.054398E-01 -3.054398E-01
   183     4494.8417    8.90616500  4.352334E+08  8.465414E+09  5.509777E+28
        5.675252E+00  2.532888E+01  8.002536E+00  0.9903283790 -2.014501E+00
        2.844959E+17 -3.999873E+00 -1.999887E+00 -3.054398E-01 -3.054398E-01
   184     4422.4907    8.90620279  4.352145E+08  8.504895E+09  5.163050E+28
        5.653447E+00  2.532888E+01  8.002536E+00  0.9903283790 -2.014501E+00
        1.952894E+17 -3.999873E+00 -1.999887E+00 -3.054398E-01 -3.054398E-01
   185     4353.0332    8.90623886  4.351964E+08  8.542210E+09  4.845856E+28
        5.632033E+00  2.532888E+01  8.002536E+00  0.9907643130 -2.034531E+00
        1.347992E+17 -3.999873E+00 -1.999887E+00 -3.054398E-01 -3.054398E-01
   186     4284.9436    8.90627383  4.351789E+08  8.578093E+09  4.549336E+28
        5.610639E+00  2.532888E+01  8.002536E+00  0.9907643130 -2.034531E+00
        9.298557E+16 -3.999873E+00 -1.999887E+00 -3.054398E-01 -3.054398E-01
   187     4227.3234    8.90630112  4.351652E+08  8.612537E+09  4.309255E+28
        5.592277E+00  2.532888E+01  8.002536E+00  0.9907643130 -2.034531E+00
        6.760353E+16 -3.999873E+00 -1.999887E+00 -3.054398E-01 -3.054398E-01
   188     4158.2428    8.90633211  4.351497E+08  8.647178E+09  4.034119E+28
        5.570156E+00  2.532888E+01  8.002536E+00  0.9907643130 -2.034531E+00
        4.598182E+16 -3.999873E+00 -1.999887E+00 -3.054398E-01 -3.054398E-01
   189     4091.9722    8.90636191  4.351348E+08  8.679167E+09  3.782773E+28
        5.549058E+00  2.532888E+01  8.002536E+00  0.9911805978 -2.054561E+00
        3.186214E+16 -3.999873E+00 -1.999887E+00 -3.054398E-01 -3.054398E-01
   190     4035.3678    8.90638600  4.351227E+08  8.710236E+09  3.577569E+28
        5.531325E+00  2.532888E+01  8.002536E+00  0.9911805978 -2.054561E+00
        2.342656E+16 -3.999873E+00 -1.999887E+00 -3.054398E-01 -3.054398E-01
   191     3962.1028    8.90641283  4.351092E+08  8.742630E+09  3.324540E+28
        5.508707E+00  2.532888E+01  8.002536E+00  0.9915781192 -2.074591E+00
        1.582069E+16 -3.999873E+00 -1.999887E+00 -3.054398E-01 -3.054398E-01
   192     3904.4533    8.90643112  4.351001E+08  8.772145E+09  3.135099E+28
        5.491252E+00  2.532888E+01  8.002536E+00  0.9915781192 -2.074591E+00
        1.170511E+16 -3.999873E+00 -1.999887E+00 -3.054398E-01 -3.054398E-01
   193     3831.5390    8.90645914  4.350861E+08  8.806961E+09  2.907203E+28
        5.469383E+00  2.532888E+01  8.002536E+00  0.9919577228 -2.094621E+00
        8.030593E+15 -3.999873E+00 -1.999887E+00 -3.054398E-01 -3.054398E-01
   194     3759.9518    8.90649122  4.350700E+08  8.839975E+09  2.695748E+28
        5.448165E+00  2.532888E+01  8.002536E+00  0.9923202164 -2.114651E+00
        5.583056E+15 -3.999873E+00 -1.999887E+00 -3.054398E-01 -3.054398E-01
   195     3686.8610    8.90651956  4.350558E+08  8.872528E+09  2.492005E+28
        5.426697E+00  2.532888E+01  8.002537E+00  0.9926663710 -2.134681E+00
        3.873406E+15 -3.999873E+00 -1.999887E+00 -3.054398E-01 -3.054398E-01
   196     3613.0789    8.90654180  4.350447E+08  8.904596E+09  2.298314E+28
        5.405106E+00  2.532888E+01  8.002537E+00  0.9933125762 -2.174741E+00
        2.688590E+15 -3.999873E+00 -1.999887E+00 -3.054398E-01 -3.054398E-01
   197     3547.1614    8.90655898  4.350360E+08  8.936664E+09  2.135041E+28
        5.385946E+00  2.532888E+01  8.002537E+00  0.9941767057 -2.234831E+00
        1.878306E+15 -3.999873E+00 -1.999887E+00 -3.054398E-01 -3.054398E-01
   198     3487.6015    8.90657345  4.350288E+08  8.972869E+09  1.995149E+28
        5.368704E+00  2.532888E+01  8.002537E+00  0.9949291744 -2.294921E+00
        1.386056E+15 -3.999873E+00 -1.999887E+00 -3.054398E-01 -3.054398E-01
   199     3408.9766    8.90659080  4.350201E+08  9.009074E+09  1.821154E+28
        5.345660E+00  2.532888E+01  8.002538E+00  0.9957834366 -2.375041E+00
        9.241958E+14 -3.999873E+00 -1.999887E+00 -3.054398E-01 -3.054398E-01
   200     3333.9833    8.90660713  4.350119E+08  9.045280E+09  1.666050E+28
        5.323720E+00  2.532888E+01  8.002538E+00  0.9966518206 -2.475191E+00
        6.313112E+14 -3.999873E+00 -1.999887E+00 -3.054398E-01 -3.054398E-01
   201     3246.6617    8.90662585  4.350026E+08  9.082385E+09  1.498179E+28
        5.298129E+00  2.532888E+01  8.002538E+00  0.9974611967 -2.595371E+00
        4.086527E+14 -3.999873E+00 -1.999887E+00 -3.054398E-01 -3.054398E-01
   202     3157.7586    8.90663972  4.349956E+08  9.115779E+09  1.340656E+28
        5.271870E+00  2.532888E+01  8.002538E+00  0.9980749159 -2.715550E+00
        2.636339E+14 -3.999873E+00 -1.999887E+00 -3.054398E-01 -3.054398E-01
   203     3068.8992    8.90665280  4.349891E+08  9.145103E+09  1.195967E+28
        5.245444E+00  2.532888E+01  8.002538E+00  0.9985402759 -2.835729E+00
        1.704460E+14 -3.999873E+00 -1.999887E+00 -3.054398E-01 -3.054398E-01
   204     2981.1890    8.90666797  4.349815E+08  9.170955E+09  1.064956E+28
        5.218997E+00  2.532888E+01  8.002538E+00  0.9988931407 -2.955908E+00
        1.113056E+14 -3.999873E+00 -1.999887E+00 -3.054398E-01 -3.054398E-01
   205     2895.0171    8.90667981  4.349755E+08  9.193888E+09  9.470353E+27
        5.192593E+00  2.532888E+01  8.002539E+00  0.9991607047 -3.076085E+00
        7.327866E+13 -3.999873E+00 -1.999887E+00 -3.054398E-01 -3.054398E-01
   206     2811.2771    8.90669157  4.349696E+08  9.214354E+09  8.421016E+27
        5.166417E+00  2.532888E+01  8.002539E+00  0.9993635883 -3.196262E+00
        4.876017E+13 -3.999873E+00 -1.999887E+00 -3.054398E-01 -3.054398E-01
   207     2729.3737    8.90670767  4.349616E+08  9.232820E+09  7.481450E+27
        5.140260E+00  2.532889E+01  8.002539E+00  0.9994946504 -3.296408E+00
        3.261078E+13 -3.999873E+00 -1.999887E+00 -3.054398E-01 -3.054398E-01
   208     2646.7741    8.90672241  4.349542E+08  9.249516E+09  6.615864E+27
        5.113292E+00  2.532889E+01  8.002539E+00  0.9996168067 -3.416582E+00
        2.171478E+13 -3.999873E+00 -1.999887E+00 -3.054398E-01 -3.054398E-01
   209     2571.9230    8.90673213  4.349493E+08  9.264144E+09  5.898494E+27
        5.088206E+00  2.532889E+01  8.002539E+00  0.9996813580 -3.496697E+00
        1.495016E+13 -3.999873E+00 -1.999887E+00 -3.054398E-01 -3.054398E-01
   210     2495.7177    8.90674243  4.349442E+08  9.277914E+09  5.229749E+27
        5.061995E+00  2.532889E+01  8.002539E+00  0.9997469763 -3.596839E+00
        1.017125E+13 -3.999873E+00 -1.999887E+00 -3.054398E-01 -3.054398E-01
   211     2425.6036    8.90674911  4.349408E+08  9.290293E+09  4.666289E+27
        5.037133E+00  2.532889E+01  8.002539E+00  0.9997796683 -3.656923E+00
        7.087019E+12 -3.999873E+00 -1.999887E+00 -3.054398E-01 -3.054398E-01
   212     2356.0546    8.90675305  4.349389E+08  9.302021E+09  4.153649E+27
        5.011699E+00  2.532889E+01  8.002539E+00  0.9998081359 -3.717006E+00
        4.910549E+12 -3.999873E+00 -1.999887E+00 -3.054398E-01 -3.054398E-01
   213     2291.2399    8.90675780  4.349365E+08  9.312843E+09  3.715061E+27
        4.987217E+00  2.532889E+01  8.002539E+00  0.9998250399 -3.757061E+00
        3.461845E+12 -3.999873E+00 -1.999887E+00 -3.054398E-01 -3.054398E-01
   214     2225.6956    8.90676187  4.349344E+08  9.323208E+09  3.307826E+27
        4.961708E+00  2.532889E+01  8.002539E+00  0.9998404545 -3.797115E+00
        2.410635E+12 -3.999873E+00 -1.999887E+00 -3.054398E-01 -3.054398E-01
   215     2163.2390    8.90676283  4.349340E+08  9.332697E+09  2.951866E+27
        4.936627E+00  2.532889E+01  8.002539E+00  0.9998545108 -3.837169E+00
        1.692293E+12 -3.999873E+00 -1.999887E+00 -3.054398E-01 -3.054398E-01
   216     2107.8989    8.90676531  4.349327E+08  9.341495E+09  2.661186E+27
        4.913661E+00  2.532889E+01  8.002539E+00  0.9998610674 -3.857196E+00
        1.225794E+12 -3.999873E+00 -1.999887E+00 -3.054398E-01 -3.054398E-01
   217     2048.6947    8.90676998  4.349304E+08  9.350381E+09  2.374545E+27
        4.888380E+00  2.532889E+01  8.002539E+00  0.9998733074 -3.897249E+00
        8.604164E+11 -3.999873E+00 -1.999887E+00 -3.054398E-01 -3.054398E-01
   218     1994.9760    8.90676983  4.349305E+08  9.358483E+09  2.135120E+27
        4.864675E+00  2.532889E+01  8.002539E+00  0.9998790168 -3.917275E+00
        6.177134E+11 -3.999873E+00 -1.999887E+00 -3.054398E-01 -3.054398E-01
   219     1943.2787    8.90676970  4.349305E+08  9.366338E+09  1.922260E+27
        4.841118E+00  2.532889E+01  8.002539E+00  0.9998844688 -3.937301E+00
        4.447901E+11 -3.999873E+00 -1.999887E+00 -3.054398E-01 -3.054398E-01
   220     1893.2233    8.90677280  4.349290E+08  9.373975E+09  1.731714E+27
        4.817569E+00  2.532889E+01  8.002539E+00  0.9998896751 -3.957327E+00
        3.204601E+11 -3.999873E+00 -1.999887E+00 -3.054398E-01 -3.054398E-01
   221     1844.9833    8.90677199  4.349294E+08  9.381379E+09  1.561850E+27
        4.794147E+00  2.532889E+01  8.002539E+00  0.9998946468 -3.977352E+00
        2.313966E+11 -3.999873E+00 -1.999887E+00 -3.054398E-01 -3.054398E-01
   222     1798.7222    8.90676875  4.349310E+08  9.388571E+09  1.411007E+27
        4.770991E+00  2.532889E+01  8.002539E+00  0.9998993943 -3.997378E+00
        1.677491E+11 -3.999873E+00 -1.999887E+00 -3.054398E-01 -3.054398E-01
   223     1754.1077    8.90676727  4.349317E+08  9.395610E+09  1.276142E+27
        4.747942E+00  2.532889E+01  8.002539E+00  0.9998993943 -3.997378E+00
        1.218246E+11 -3.999873E+00 -1.999887E+00 -3.054398E-01 -3.054398E-01
   224     1710.9880    8.90676799  4.349314E+08  9.402508E+09  1.155211E+27
        4.724901E+00  2.532889E+01  8.002539E+00  0.9999039279 -4.017403E+00
        8.848784E+10 -3.999873E+00 -1.999887E+00 -3.054398E-01 -3.054398E-01
   225     1665.9592    8.90676296  4.349339E+08  9.409249E+09  1.038331E+27
        4.699965E+00  2.532889E+01  8.002539E+00  0.9999082571 -4.037428E+00
        6.262517E+10 -3.999873E+00 -1.999887E+00 -3.054398E-01 -3.054398E-01
   226     1630.3882    8.90675838  4.349362E+08  9.415316E+09  9.524610E+26
        4.679691E+00  2.532889E+01  8.002539E+00  0.9999082571 -4.037428E+00
        4.728455E+10 -3.999873E+00 -1.999887E+00 -3.054398E-01 -3.054398E-01
   227     1591.4629    8.90675957  4.349356E+08  9.422010E+09  8.647051E+26
        4.656799E+00  2.532889E+01  8.002539E+00  0.9999123912 -4.057452E+00
        3.443399E+10 -3.999873E+00 -1.999887E+00 -3.054398E-01 -3.054398E-01
   228     1549.9938    8.90675595  4.349374E+08  9.428527E+09  7.780460E+26
        4.631636E+00  2.532889E+01  8.002539E+00  0.9999163389 -4.077477E+00
        2.430118E+10 -3.999873E+00 -1.999887E+00 -3.054398E-01 -3.054398E-01
   229     1519.0472    8.90674880  4.349410E+08  9.434275E+09  7.177575E+26
        4.612410E+00  2.532889E+01  8.002539E+00  0.9999163389 -4.077477E+00
        1.862179E+10 -3.999873E+00 -1.999887E+00 -3.054398E-01 -3.054398E-01
   230     1483.7663    8.90674513  4.349428E+08  9.440869E+09  6.533687E+26
        4.589811E+00  2.532889E+01  8.002539E+00  0.9999201087 -4.097501E+00
        1.361934E+10 -3.999873E+00 -1.999887E+00 -3.054398E-01 -3.054398E-01
