============================================================================
  #Mod      Teff         Log(g)           R            Age            L
           Log(Tc)       Log(Pc)      Log(rhoc)       Mx/M         Log(qx)
             Lnu        Log(H/*)      Log(He/*)     Log(C/*)      Log(O/*)
============================================================================
     1   146261.3226    8.60377912  5.890619E+08  0.000000E+00  1.131545E+35
        8.037000E+00  2.480498E+01  7.621723E+00  0.0000000000  0.000000E+00
        4.491708E+35 -9.999860E+00 -1.999885E+00 -3.053960E-01 -3.053960E-01
     2   122550.3726    8.62776774  5.730158E+08  6.000000E+04  5.277445E+34
        8.016205E+00  2.481333E+01  7.627808E+00  0.0000000000  0.000000E+00
        2.474014E+35 -9.999860E+00 -1.999885E+00 -3.053960E-01 -3.053960E-01
     3   108462.2659    8.64161832  5.639509E+08  1.200000E+05  3.136384E+34
        8.000534E+00  2.481852E+01  7.631604E+00  0.0000000000  0.000000E+00
        1.574672E+35 -9.999860E+00 -1.999885E+00 -3.053960E-01 -3.053960E-01
     4    98757.8832    8.65081887  5.580088E+08  1.800000E+05  2.110577E+34
        7.988038E+00  2.482210E+01  7.634220E+00  0.0000000000  0.000000E+00
        1.098493E+35 -9.999860E+00 -1.999885E+00 -3.053960E-01 -3.053960E-01
     5    91506.8165    8.65744556  5.537678E+08  2.400000E+05  1.532149E+34
        7.977662E+00  2.482472E+01  7.636143E+00  0.0000000000  0.000000E+00
        8.157375E+34 -9.999860E+00 -1.999885E+00 -3.053960E-01 -3.053960E-01
     6    85823.5849    8.66248533  5.505640E+08  3.000000E+05  1.171856E+34
        7.968795E+00  2.482674E+01  7.637632E+00  0.0000000000  0.000000E+00
        6.337285E+34 -9.999860E+00 -1.999885E+00 -3.053960E-01 -3.053960E-01
     7    81242.2385    8.66646984  5.480441E+08  3.600000E+05  9.323749E+33
        7.961052E+00  2.482838E+01  7.638836E+00  0.0000000000  0.000000E+00
        5.093016E+34 -9.999860E+00 -1.999885E+00 -3.053960E-01 -3.053960E-01
     8    77424.4457    8.66972841  5.459920E+08  4.200000E+05  7.633381E+33
        7.954173E+00  2.482974E+01  7.639839E+00  0.0000000000  0.000000E+00
        4.202170E+34 -9.999860E+00 -1.999885E+00 -3.053960E-01 -3.053960E-01
     9    74255.0461    8.67243419  5.442938E+08  4.800000E+05  6.418043E+33
        7.947978E+00  2.483090E+01  7.640693E+00  0.0000000000  0.000000E+00
        3.540386E+34 -9.999860E+00 -1.999885E+00 -3.053960E-01 -3.053960E-01
    10    71587.6568    8.67472138  5.428624E+08  5.400000E+05  5.515236E+33
        7.942334E+00  2.483190E+01  7.641432E+00  0.0000000000  0.000000E+00
        3.033815E+34 -9.999860E+00 -1.999885E+00 -3.053960E-01 -3.053960E-01
    11    69310.2377    8.67668593  5.416360E+08  6.000000E+05  4.824325E+33
        7.937146E+00  2.483277E+01  7.642078E+00  0.0000000000  0.000000E+00
        2.636417E+34 -9.999860E+00 -1.999885E+00 -3.053960E-01 -3.053960E-01
    12    67592.3482    8.67817483  5.407083E+08  6.513538E+05  4.348588E+33
        7.932990E+00  2.483344E+01  7.642576E+00  0.0000000000  0.000000E+00
        2.358293E+34 -9.999860E+00 -1.999885E+00 -3.053960E-01 -3.053960E-01
    13    65937.4979    8.67962057  5.398091E+08  7.076887E+05  3.925023E+33
        7.928727E+00  2.483411E+01  7.643067E+00  0.0000000000  0.000000E+00
        2.105969E+34 -9.999860E+00 -1.999885E+00 -3.053960E-01 -3.053960E-01
    14    64336.4081    8.68102464  5.389372E+08  7.698059E+05  3.545974E+33
        7.924335E+00  2.483476E+01  7.643555E+00  0.0000000000  0.000000E+00
        1.876657E+34 -9.999860E+00 -1.999885E+00 -3.053960E-01 -3.053960E-01
    15    62795.9620    8.68238291  5.380951E+08  8.384621E+05  3.208314E+33
        7.919804E+00  2.483542E+01  7.644038E+00  0.0000000000  0.000000E+00
        1.668530E+34 -9.999860E+00 -1.999885E+00 -3.053960E-01 -3.053960E-01
    16    61314.8663    8.68369694  5.372816E+08  9.148250E+05  2.907362E+33
        7.915107E+00  2.483606E+01  7.644519E+00  0.0000000000  0.000000E+00
        1.479258E+34 -9.999860E+00 -1.999885E+00 -3.053960E-01 -3.053960E-01
    17    59889.9587    8.68496993  5.364948E+08  1.000239E+06  2.638633E+33
        7.910216E+00  2.483671E+01  7.644998E+00  0.0000000000  0.000000E+00
        1.307062E+34 -9.999860E+00 -1.999885E+00 -3.053960E-01 -3.053960E-01
    18    58518.1752    8.68620308  5.357336E+08  1.096135E+06  2.398242E+33
        7.905113E+00  2.483735E+01  7.645476E+00  0.0000000000  0.000000E+00
        1.150736E+34 -9.999860E+00 -1.999885E+00 -3.053960E-01 -3.053960E-01
    19    57195.9707    8.68739301  5.350002E+08  1.204124E+06  2.182738E+33
        7.899781E+00  2.483799E+01  7.645952E+00  0.0000000000  0.000000E+00
        1.009258E+34 -9.999860E+00 -1.999885E+00 -3.053960E-01 -3.053960E-01
    20    55933.5240    8.68853929  5.342946E+08  1.326141E+06  1.991051E+33
        7.894199E+00  2.483862E+01  7.646426E+00  0.0000000000  0.000000E+00
        8.816096E+33 -9.999860E+00 -1.999885E+00 -3.053960E-01 -3.053960E-01
    21    54723.5956    8.68964208  5.336167E+08  1.465069E+06  1.819656E+33
        7.888321E+00  2.483925E+01  7.646899E+00  0.0000000000  0.000000E+00
        7.664099E+33 -9.999860E+00 -1.999885E+00 -3.053960E-01 -3.053960E-01
    22    53572.6243    8.69070228  5.329658E+08  1.624045E+06  1.667256E+33
        7.882112E+00  2.483988E+01  7.647370E+00  0.0000000000  0.000000E+00
        6.627830E+33 -9.999860E+00 -1.999885E+00 -3.053960E-01 -3.053960E-01
    23    52477.4417    8.69172038  5.323414E+08  1.807321E+06  1.531451E+33
        7.875515E+00  2.484051E+01  7.647842E+00  0.0000000000  0.000000E+00
        5.697430E+33 -9.999860E+00 -1.999885E+00 -3.053960E-01 -3.053960E-01
    24    51436.8587    8.69269538  5.317442E+08  2.019913E+06  1.410377E+33
        7.868480E+00  2.484114E+01  7.648314E+00  0.0000000000  0.000000E+00
        4.865622E+33 -9.999860E+00 -1.999885E+00 -3.053960E-01 -3.053960E-01
    25    50457.1274    8.69363236  5.311709E+08  2.268151E+06  1.303139E+33
        7.860942E+00  2.484177E+01  7.648791E+00  0.0000000000  0.000000E+00
        4.125506E+33 -9.999860E+00 -1.999885E+00 -3.053960E-01 -3.053960E-01
    26    49532.8394    8.69453498  5.306192E+08  2.560375E+06  1.207733E+33
        7.852824E+00  2.484242E+01  7.649278E+00  0.0000000000  0.000000E+00
        3.469929E+33 -9.999860E+00 -1.999885E+00 -3.053960E-01 -3.053960E-01
    27    48660.7077    8.69540331  5.300890E+08  2.906153E+06  1.122647E+33
        7.844059E+00  2.484308E+01  7.649778E+00  0.0000000000  0.000000E+00
        2.893915E+33 -9.999860E+00 -1.999885E+00 -3.053960E-01 -3.053960E-01
    28    47846.8471    8.69624243  5.295772E+08  3.317063E+06  1.047379E+33
        7.834583E+00  2.484376E+01  7.650293E+00  0.0000000000  0.000000E+00
        2.392372E+33 -9.999860E+00 -1.999885E+00 -3.053960E-01 -3.053960E-01
    29    47081.4159    8.69705648  5.290811E+08  3.807840E+06  9.801093E+32
        7.824324E+00  2.484446E+01  7.650827E+00  0.0000000000  0.000000E+00
        1.959345E+33 -9.999860E+00 -1.999885E+00 -3.053960E-01 -3.053960E-01
    30    46361.3036    8.69784803  5.285991E+08  4.393282E+06  9.198297E+32
        7.813272E+00  2.484519E+01  7.651380E+00  0.0000000000  0.000000E+00
        1.590470E+33 -9.999860E+00 -1.999885E+00 -3.053960E-01 -3.053960E-01
    31    45680.0182    8.69862144  5.281287E+08  5.089875E+06  8.653993E+32
        7.801445E+00  2.484594E+01  7.651952E+00  0.0000000000  0.000000E+00
        1.280173E+33 -9.999860E+00 -1.999885E+00 -3.053960E-01 -3.053960E-01
    32    45025.3088    8.69937777  5.276690E+08  5.913600E+06  8.154211E+32
        7.788913E+00  2.484671E+01  7.652539E+00  0.0000000000  0.000000E+00
        1.022606E+33 -9.999860E+00 -1.999885E+00 -3.053960E-01 -3.053960E-01
    33    44400.1365    8.70011705  5.272201E+08  6.877090E+06  7.697560E+32
        7.775812E+00  2.484748E+01  7.653124E+00  0.0000000000  0.000000E+00
        8.117533E+32 -9.999860E+00 -1.999885E+00 -3.053960E-01 -3.053960E-01
    34    43789.3850    8.70084077  5.267810E+08  7.993794E+06  7.270554E+32
        7.762267E+00  2.484824E+01  7.653698E+00  0.0000000000  0.000000E+00
        6.407309E+32 -9.999860E+00 -1.999885E+00 -3.053960E-01 -3.053960E-01
    35    43189.1545    8.70155060  5.263507E+08  9.268260E+06  6.868804E+32
        7.748484E+00  2.484898E+01  7.654258E+00  0.0000000000  0.000000E+00
        5.037441E+32 -9.999860E+00 -1.999885E+00 -3.053960E-01 -3.053960E-01
    36    42589.7495    8.70224966  5.259272E+08  1.070472E+07  6.484905E+32
        7.734611E+00  2.484971E+01  7.654807E+00  0.0000000000  0.000000E+00
        3.948570E+32 -9.999860E+00 -1.999885E+00 -3.053960E-01 -3.053960E-01
    37    42000.9725    8.70294086  5.255088E+08  1.230198E+07  6.123919E+32
        7.720781E+00  2.485042E+01  7.655348E+00  0.0000000000  0.000000E+00
        3.088874E+32 -9.999860E+00 -1.999885E+00 -3.053960E-01 -3.053960E-01
    38    41407.3225    8.70362789  5.250933E+08  1.406587E+07  5.775820E+32
        7.707024E+00  2.485114E+01  7.655886E+00  0.0000000000  0.000000E+00
        2.410847E+32 -9.999860E+00 -1.999885E+00 -3.053960E-01 -3.053960E-01
    39    40822.8398    8.70431089  5.246806E+08  1.598696E+07  5.447972E+32
        7.693444E+00  2.485185E+01  7.656423E+00  0.0000000000  0.000000E+00
        1.879918E+32 -9.999860E+00 -1.999885E+00 -3.053960E-01 -3.053960E-01
    40    40233.6435    8.70499112  5.242699E+08  1.807173E+07  5.132149E+32
        7.680004E+00  2.485255E+01  7.656952E+00  0.0000000000  0.000000E+00
        1.463538E+32 -9.999860E+00 -1.999885E+00 -3.053960E-01 -3.053960E-01
    41    39649.5094    8.70566470  5.238635E+08  2.030773E+07  4.833030E+32
        7.666767E+00  2.485324E+01  7.657470E+00  0.0000000000  0.000000E+00
        1.139090E+32 -9.999860E+00 -1.999885E+00 -3.053960E-01 -3.053960E-01
    42    39069.3283    8.70633205  5.234611E+08  2.269775E+07  4.549301E+32
        7.653692E+00  2.485392E+01  7.657976E+00  0.0000000000  0.000000E+00
        8.859219E+31 -9.999860E+00 -1.999885E+00 -3.053960E-01 -3.053960E-01
    43    38493.9594    8.70698985  5.230649E+08  2.523807E+07  4.280686E+32
        7.640772E+00  2.485457E+01  7.658466E+00  0.0000000000  0.000000E+00
        6.886947E+31 -9.999860E+00 -1.999885E+00 -3.053960E-01 -3.053960E-01
    44    37920.4978    8.70763277  5.226778E+08  2.792521E+07  4.025281E+32
        7.627993E+00  2.485519E+01  7.658934E+00  0.0000000000  0.000000E+00
        5.353077E+31 -9.999860E+00 -1.999885E+00 -3.053960E-01 -3.053960E-01
    45    37358.6099    8.70826021  5.223004E+08  3.075138E+07  3.786479E+32
        7.615366E+00  2.485579E+01  7.659385E+00  0.0000000000  0.000000E+00
        4.162369E+31 -9.999860E+00 -1.999885E+00 -3.053960E-01 -3.053960E-01
    46    36799.9510    8.70887898  5.219285E+08  3.372554E+07  3.559942E+32
        7.602838E+00  2.485638E+01  7.659831E+00  0.0000000000  0.000000E+00
        3.235825E+31 -9.999860E+00 -1.999885E+00 -3.053960E-01 -3.053960E-01
    47    36248.5764    8.70948624  5.215637E+08  3.683776E+07  3.346652E+32
        7.590432E+00  2.485696E+01  7.660269E+00  0.0000000000  0.000000E+00
        2.517349E+31 -9.999860E+00 -1.999885E+00 -3.053960E-01 -3.053960E-01
    48    35706.7081    8.71008172  5.212062E+08  4.009034E+07  3.146664E+32
        7.578125E+00  2.485752E+01  7.660698E+00  0.0000000000  0.000000E+00
        1.959412E+31 -9.999860E+00 -1.999885E+00 -3.053960E-01 -3.053960E-01
    49    35172.1257    8.71066608  5.208557E+08  4.348709E+07  2.958430E+32
        7.565890E+00  2.485807E+01  7.661114E+00  0.0000000000  0.000000E+00
        1.525725E+31 -9.999860E+00 -1.999885E+00 -3.053960E-01 -3.053960E-01
    50    34646.5959    8.71123713  5.205134E+08  4.702479E+07  2.781878E+32
        7.553731E+00  2.485859E+01  7.661514E+00  0.0000000000  0.000000E+00
        1.188909E+31 -9.999860E+00 -1.999885E+00 -3.053960E-01 -3.053960E-01
    51    34128.3000    8.71179248  5.201807E+08  5.070569E+07  2.615767E+32
        7.541631E+00  2.485909E+01  7.661890E+00  0.0000000000  0.000000E+00
        9.271996E+30 -9.999860E+00 -1.999885E+00 -3.053960E-01 -3.053960E-01
    52    33618.5334    8.71233121  5.198581E+08  5.452628E+07  2.459896E+32
        7.529601E+00  2.485956E+01  7.662243E+00  0.0000000000  0.000000E+00
        7.240225E+30 -9.999860E+00 -1.999885E+00 -3.053960E-01 -3.053960E-01
    53    33116.5700    8.71285518  5.195446E+08  5.848967E+07  2.313445E+32
        7.517633E+00  2.486001E+01  7.662578E+00  0.0000000000  0.000000E+00
        5.661447E+30 -9.999860E+00 -1.999885E+00 -3.053960E-01 -3.053960E-01
    54    32622.4193    8.71336605  5.192392E+08  6.259726E+07  2.175863E+32
        7.505727E+00  2.486044E+01  7.662900E+00  0.0000000000  0.000000E+00
        4.434059E+30 -9.999860E+00 -1.999885E+00 -3.053960E-01 -3.053960E-01
    55    32135.9445    8.71386562  5.189406E+08  6.685177E+07  2.046593E+32
        7.493881E+00  2.486085E+01  7.663211E+00  0.0000000000  0.000000E+00
        3.478976E+30 -9.999860E+00 -1.999885E+00 -3.053960E-01 -3.053960E-01
    56    31656.9905    8.71435554  5.186480E+08  7.125658E+07  1.925111E+32
        7.482091E+00  2.486126E+01  7.663516E+00  0.0000000000  0.000000E+00
        2.734954E+30 -9.999860E+00 -1.999885E+00 -3.053960E-01 -3.053960E-01
    57    31185.5698    8.71483809  5.183599E+08  7.581525E+07  1.810963E+32
        7.470356E+00  2.486167E+01  7.663820E+00  0.0000000000  0.000000E+00
        2.154655E+30 -9.999860E+00 -1.999885E+00 -3.053960E-01 -3.053960E-01
    58    30721.6349    8.71531312  5.180765E+08  8.053252E+07  1.703716E+32
        7.458670E+00  2.486208E+01  7.664124E+00  0.0000000000  0.000000E+00
        1.701283E+30 -9.999860E+00 -1.999885E+00 -3.053960E-01 -3.053960E-01
    59    30264.7509    8.71577358  5.178019E+08  8.541272E+07  1.602905E+32
        7.447024E+00  2.486245E+01  7.664408E+00  0.0000000000  0.000000E+00
        1.346360E+30 -9.999860E+00 -1.999885E+00 -3.053960E-01 -3.053960E-01
    60    29815.2453    8.71621927  5.175363E+08  9.045625E+07  1.508229E+32
        7.435428E+00  2.486281E+01  7.664672E+00  0.0000000000  0.000000E+00
        1.068246E+30 -9.999860E+00 -1.999885E+00 -3.053960E-01 -3.053960E-01
    61    29373.0912    8.71665167  5.172787E+08  9.566792E+07  1.419318E+32
        7.423882E+00  2.486314E+01  7.664922E+00  0.0000000000  0.000000E+00
        8.498891E+29 -9.999860E+00 -1.999885E+00 -3.053960E-01 -3.053960E-01
    62    28938.1701    8.71707224  5.170283E+08  1.010538E+08  1.335811E+32
        7.412383E+00  2.486346E+01  7.665162E+00  0.0000000000  0.000000E+00
        6.780612E+29 -9.999860E+00 -1.999885E+00 -3.053960E-01 -3.053960E-01
    63    28510.5804    8.71748308  5.167838E+08  1.066199E+08  1.257402E+32
        7.400930E+00  2.486377E+01  7.665397E+00  0.0000000000  0.000000E+00
        5.425258E+29 -9.999860E+00 -1.999885E+00 -3.053960E-01 -3.053960E-01
    64    28089.8498    8.71788785  5.165431E+08  1.123738E+08  1.183703E+32
        7.389519E+00  2.486409E+01  7.665635E+00  0.0000000000  0.000000E+00
        4.353654E+29 -9.999860E+00 -1.999885E+00 -3.053960E-01 -3.053960E-01
    65    27676.6671    8.71829456  5.163013E+08  1.183223E+08  1.114534E+32
        7.378153E+00  2.486443E+01  7.665893E+00  0.0000000000  0.000000E+00
        3.504450E+29 -9.999860E+00 -1.999885E+00 -3.053960E-01 -3.053960E-01
    66    27269.7830    8.71870544  5.160571E+08  1.244794E+08  1.049432E+32
        7.366822E+00  2.486481E+01  7.666172E+00  0.0000000000  0.000000E+00
        2.829209E+29 -9.999860E+00 -1.999885E+00 -3.053960E-01 -3.053960E-01
    67    26869.2493    8.71911506  5.158138E+08  1.308514E+08  9.881889E+31
        7.355520E+00  2.486520E+01  7.666461E+00  0.0000000000  0.000000E+00
        2.290838E+29 -9.999860E+00 -1.999885E+00 -3.053960E-01 -3.053960E-01
    68    26474.8715    8.71951826  5.155744E+08  1.374428E+08  9.305722E+31
        7.344248E+00  2.486559E+01  7.666750E+00  0.0000000000  0.000000E+00
        1.860485E+29 -9.999860E+00 -1.999885E+00 -3.053960E-01 -3.053960E-01
    69    26086.4809    8.71991012  5.153418E+08  1.442567E+08  8.763645E+31
        7.333007E+00  2.486597E+01  7.667029E+00  0.0000000000  0.000000E+00
        1.515635E+29 -9.999860E+00 -1.999885E+00 -3.053960E-01 -3.053960E-01
    70    25704.1338    8.72028571  5.151190E+08  1.512956E+08  8.253898E+31
        7.321799E+00  2.486632E+01  7.667289E+00  0.0000000000  0.000000E+00
        1.238568E+29 -9.999860E+00 -1.999885E+00 -3.053960E-01 -3.053960E-01
    71    25327.8197    8.72064116  5.149083E+08  1.585622E+08  7.774688E+31
        7.310626E+00  2.486664E+01  7.667521E+00  0.0000000000  0.000000E+00
        1.015328E+29 -9.999860E+00 -1.999885E+00 -3.053960E-01 -3.053960E-01
    72    24957.7752    8.72097669  5.147094E+08  1.660593E+08  7.324529E+31
        7.299491E+00  2.486691E+01  7.667724E+00  0.0000000000  0.000000E+00
        8.349635E+28 -9.999860E+00 -1.999885E+00 -3.053960E-01 -3.053960E-01
    73    24594.8609    8.72130224  5.145165E+08  1.737933E+08  6.902528E+31
        7.288404E+00  2.486716E+01  7.667916E+00  0.0000000000  0.000000E+00
        6.888251E+28 -9.999860E+00 -1.999885E+00 -3.053960E-01 -3.053960E-01
    74    24238.8913    8.72162184  5.143273E+08  1.817826E+08  6.506719E+31
        7.277352E+00  2.486741E+01  7.668105E+00  0.0000000000  0.000000E+00
        5.698699E+28 -9.999860E+00 -1.999885E+00 -3.053960E-01 -3.053960E-01
    75    23889.4902    8.72193679  5.141408E+08  1.900388E+08  6.135128E+31
        7.266328E+00  2.486765E+01  7.668291E+00  0.0000000000  0.000000E+00
        4.727036E+28 -9.999860E+00 -1.999885E+00 -3.053960E-01 -3.053960E-01
    76    23546.4939    8.72224799  5.139566E+08  1.985695E+08  5.786153E+31
        7.255334E+00  2.486789E+01  7.668472E+00  0.0000000000  0.000000E+00
        3.931111E+28 -9.999860E+00 -1.999885E+00 -3.053960E-01 -3.053960E-01
    77    23210.2088    8.72255615  5.137743E+08  2.073824E+08  5.458747E+31
        7.244366E+00  2.486812E+01  7.668650E+00  0.0000000000  0.000000E+00
        3.277205E+28 -9.999860E+00 -1.999885E+00 -3.053960E-01 -3.053960E-01
    78    22879.3787    8.72286112  5.135940E+08  2.164879E+08  5.150492E+31
        7.233423E+00  2.486835E+01  7.668824E+00  0.0000000000  0.000000E+00
        2.738516E+28 -9.999860E+00 -1.999885E+00 -3.053960E-01 -3.053960E-01
    79    22554.5446    8.72316131  5.134165E+08  2.258865E+08  4.860801E+31
        7.222511E+00  2.486857E+01  7.668990E+00  0.0000000000  0.000000E+00
        2.293837E+28 -9.999860E+00 -1.999885E+00 -3.053960E-01 -3.053960E-01
    80    22234.7885    8.72345421  5.132434E+08  2.355881E+08  4.587866E+31
        7.211625E+00  2.486878E+01  7.669148E+00  0.0000000000  0.000000E+00
        1.925729E+28 -9.999860E+00 -1.999885E+00 -3.053960E-01 -3.053960E-01
    81    21920.0960    8.72374123  5.130738E+08  2.455933E+08  4.330734E+31
        7.200778E+00  2.486898E+01  7.669305E+00  0.0000000000  0.000000E+00
        1.620533E+28 -9.999860E+00 -1.999885E+00 -3.053960E-01 -3.053960E-01
    82    21610.3971    8.72402295  5.129074E+08  2.559109E+08  4.088471E+31
        7.189969E+00  2.486918E+01  7.669460E+00  0.0000000000  0.000000E+00
        1.366813E+28 -9.999860E+00 -1.999885E+00 -3.053960E-01 -3.053960E-01
    83    21305.7300    8.72430016  5.127438E+08  2.665509E+08  3.860277E+31
        7.179198E+00  2.486938E+01  7.669614E+00  0.0000000000  0.000000E+00
        1.155304E+28 -9.999860E+00 -1.999885E+00 -3.053960E-01 -3.053960E-01
    84    21006.1055    8.72457374  5.125823E+08  2.775243E+08  3.645368E+31
        7.168462E+00  2.486958E+01  7.669766E+00  0.0000000000  0.000000E+00
        9.784919E+27 -9.999860E+00 -1.999885E+00 -3.053960E-01 -3.053960E-01
    85    20711.4586    8.72484421  5.124227E+08  2.888422E+08  3.442956E+31
        7.157759E+00  2.486977E+01  7.669914E+00  0.0000000000  0.000000E+00
        8.302919E+27 -9.999860E+00 -1.999885E+00 -3.053960E-01 -3.053960E-01
    86    20421.6669    8.72511128  5.122652E+08  3.005150E+08  3.252268E+31
        7.147088E+00  2.486996E+01  7.670057E+00  0.0000000000  0.000000E+00
        7.057717E+27 -9.999860E+00 -1.999885E+00 -3.053960E-01 -3.053960E-01
    87    20136.4964    8.72537019  5.121125E+08  3.125513E+08  3.072546E+31
        7.136445E+00  2.487013E+01  7.670187E+00  0.0000000000  0.000000E+00
        6.008934E+27 -9.999860E+00 -1.999885E+00 -3.053960E-01 -3.053960E-01
    88    19855.7876    8.72561386  5.119688E+08  3.249532E+08  2.903137E+31
        7.125830E+00  2.487026E+01  7.670286E+00  0.0000000000  0.000000E+00
        5.123878E+27 -9.999860E+00 -1.999885E+00 -3.053960E-01 -3.053960E-01
    89    19579.7792    8.72584441  5.118330E+08  3.377184E+08  2.743593E+31
        7.115256E+00  2.487037E+01  7.670361E+00  0.0000000000  0.000000E+00
        4.376307E+27 -9.999860E+00 -1.999885E+00 -3.053960E-01 -3.053960E-01
    90    19308.4259    8.72606500  5.117030E+08  3.508595E+08  2.593316E+31
        7.104724E+00  2.487046E+01  7.670422E+00  0.0000000000  0.000000E+00
        3.743596E+27 -9.999860E+00 -1.999885E+00 -3.053960E-01 -3.053960E-01
    91    19041.6676    8.72627887  5.115770E+08  3.643905E+08  2.451737E+31
        7.094231E+00  2.487054E+01  7.670478E+00  0.0000000000  0.000000E+00
        3.207006E+27 -9.999860E+00 -1.999885E+00 -3.053960E-01 -3.053960E-01
    92    18779.4196    8.72648947  5.114530E+08  3.783270E+08  2.318313E+31
        7.083777E+00  2.487062E+01  7.670536E+00  0.0000000000  0.000000E+00
        2.751035E+27 -9.999860E+00 -1.999885E+00 -3.053960E-01 -3.053960E-01
    93    18521.6355    8.72670065  5.113287E+08  3.926846E+08  2.192550E+31
        7.073358E+00  2.487072E+01  7.670607E+00  0.0000000000  0.000000E+00
        2.362858E+27 -9.999860E+00 -1.999885E+00 -3.053960E-01 -3.053960E-01
    94    18268.2850    8.72691697  5.112013E+08  4.074796E+08  2.073992E+31
        7.062974E+00  2.487085E+01  7.670700E+00  0.0000000000  0.000000E+00
        2.031828E+27 -9.999860E+00 -1.999885E+00 -3.053960E-01 -3.053960E-01
    95    18019.2829    8.72714204  5.110689E+08  4.227301E+08  1.962189E+31
        7.052621E+00  2.487101E+01  7.670822E+00  0.0000000000  0.000000E+00
        1.749072E+27 -9.999860E+00 -1.999885E+00 -3.053960E-01 -3.053960E-01
    96    17774.3918    8.72737384  5.109325E+08  4.384529E+08  1.856684E+31
        7.042295E+00  2.487120E+01  7.670965E+00  0.0000000000  0.000000E+00
        1.507105E+27 -9.999860E+00 -1.999885E+00 -3.053960E-01 -3.053960E-01
    97    17533.4923    8.72760865  5.107944E+08  4.546539E+08  1.757106E+31
        7.031995E+00  2.487141E+01  7.671122E+00  0.0000000000  0.000000E+00
        1.299804E+27 -9.999860E+00 -1.999885E+00 -3.053960E-01 -3.053960E-01
    98    17296.5296    8.72784275  5.106568E+08  4.713339E+08  1.663129E+31
        7.021726E+00  2.487163E+01  7.671283E+00  0.0000000000  0.000000E+00
        1.122049E+27 -9.999860E+00 -1.999885E+00 -3.053960E-01 -3.053960E-01
    99    17063.4580    8.72807237  5.105218E+08  4.884917E+08  1.574449E+31
        7.011489E+00  2.487184E+01  7.671440E+00  0.0000000000  0.000000E+00
        9.695022E+26 -9.999860E+00 -1.999885E+00 -3.053960E-01 -3.053960E-01
   100    16834.2220    8.72829365  5.103917E+08  5.061254E+08  1.490773E+31
        7.001288E+00  2.487203E+01  7.671586E+00  0.0000000000  0.000000E+00
        8.384793E+26 -9.999860E+00 -1.999885E+00 -3.053960E-01 -3.053960E-01
   101    16598.0484    8.72851217  5.102633E+08  5.251254E+08  1.408150E+31
        6.990640E+00  2.487220E+01  7.671716E+00  0.0000000000  0.000000E+00
        7.208613E+26 -9.999860E+00 -1.999885E+00 -3.053960E-01 -3.053960E-01
   102    16264.6817    8.72879512  5.100972E+08  5.536254E+08  1.297538E+31
        6.975369E+00  2.487238E+01  7.671848E+00  0.0000000000  0.000000E+00
        5.807751E+26 -9.999860E+00 -1.999885E+00 -3.053960E-01 -3.053960E-01
   103    15847.9009    8.72911101  5.099117E+08  5.922551E+08  1.168716E+31
        6.956412E+00  2.487250E+01  7.671981E+00  0.0004348562 -1.888967E-04
        4.400155E+26 -9.999860E+00 -1.999885E+00 -3.053960E-01 -3.053960E-01
   104    15484.1609    8.72937812  5.097549E+08  6.329201E+08  1.064402E+31
        6.944282E+00  2.487260E+01  7.672060E+00  0.0190803317 -8.366557E-03
        3.442981E+26 -9.999860E+00 -1.999885E+00 -3.053960E-01 -3.053960E-01
   105    15126.3689    8.72965531  5.095922E+08  6.827692E+08  9.687603E+30
        6.926400E+00  2.487274E+01  7.672173E+00  0.0561290405 -2.508738E-02
        2.667143E+26 -9.999860E+00 -1.999885E+00 -3.053960E-01 -3.053960E-01
   106    14778.4151    8.72995594  5.094159E+08  7.409531E+08  8.820403E+30
        6.908229E+00  2.487297E+01  7.672343E+00  0.1042374850 -4.780712E-02
        2.052876E+26 -9.999860E+00 -1.999885E+00 -3.053960E-01 -3.053960E-01
   107    14421.8453    8.73030198  5.092130E+08  8.072113E+08  7.993082E+30
        6.888829E+00  2.487329E+01  7.672579E+00  0.1595532032 -7.548977E-02
        1.545862E+26 -9.999860E+00 -1.999885E+00 -3.053960E-01 -3.053960E-01
   108    14089.2435    8.73063126  5.090200E+08  8.767722E+08  7.275324E+30
        6.870897E+00  2.487359E+01  7.672797E+00  0.2128302756 -1.039316E-01
        1.181310E+26 -9.999860E+00 -1.999885E+00 -3.053960E-01 -3.053960E-01
   109    13777.1759    8.73092393  5.088485E+08  9.463332E+08  6.647369E+30
        6.853466E+00  2.487381E+01  7.672953E+00  0.2644211805 -1.333708E-01
        9.105378E+25 -9.999860E+00 -1.999885E+00 -3.053960E-01 -3.053960E-01
   110    13549.7119    8.73113370  5.087256E+08  9.994794E+08  6.216121E+30
        6.840728E+00  2.487394E+01  7.673049E+00  0.3060421370 -1.586669E-01
        7.514734E+25 -9.999860E+00 -1.999885E+00 -3.053960E-01 -3.053960E-01
   111    13336.0597    8.73132910  5.086112E+08  1.051660E+09  5.830609E+30
        6.828560E+00  2.487406E+01  7.673129E+00  0.3398354616 -1.803478E-01
        6.234046E+25 -9.999860E+00 -1.999885E+00 -3.053960E-01 -3.053960E-01
   112    13135.4676    8.73151724  5.085010E+08  1.099781E+09  5.485268E+30
        6.816951E+00  2.487417E+01  7.673211E+00  0.3746472369 -2.038749E-01
        5.232504E+25 -9.999860E+00 -1.999885E+00 -3.053960E-01 -3.053960E-01
   113    12968.6159    8.73167508  5.084086E+08  1.143357E+09  5.209935E+30
        6.807409E+00  2.487426E+01  7.673277E+00  0.4000223647 -2.218649E-01
        4.514420E+25 -9.999860E+00 -1.999885E+00 -3.053960E-01 -3.053960E-01
   114    12798.5358    8.73183982  5.083122E+08  1.189457E+09  4.940083E+30
        6.797550E+00  2.487435E+01  7.673348E+00  0.4309142837 -2.448223E-01
        3.886002E+25 -9.999860E+00 -1.999885E+00 -3.053960E-01 -3.053960E-01
   115    12636.2999    8.73200000  5.082185E+08  1.236024E+09  4.692590E+30
        6.787996E+00  2.487444E+01  7.673417E+00  0.4569377127 -2.651504E-01
        3.357441E+25 -9.999860E+00 -1.999885E+00 -3.053960E-01 -3.053960E-01
   116    12464.2422    8.73217218  5.081178E+08  1.284198E+09  4.440422E+30
        6.777588E+00  2.487454E+01  7.673492E+00  0.4831358587 -2.866236E-01
        2.863165E+25 -9.999860E+00 -1.999885E+00 -3.053960E-01 -3.053960E-01
   117    12300.2019    8.73233631  5.080217E+08  1.331835E+09  4.209646E+30
        6.767705E+00  2.487463E+01  7.673565E+00  0.5094337432 -3.093023E-01
        2.460386E+25 -9.999860E+00 -1.999885E+00 -3.053960E-01 -3.053960E-01
   118    12131.6477    8.73250474  5.079232E+08  1.382304E+09  3.982056E+30
        6.757421E+00  2.487473E+01  7.673639E+00  0.5357563877 -3.332541E-01
        2.101311E+25 -9.999860E+00 -1.999885E+00 -3.053960E-01 -3.053960E-01
   119    11963.5377    8.73267215  5.078254E+08  1.434507E+09  3.764430E+30
        6.747046E+00  2.487483E+01  7.673711E+00  0.5620288138 -3.585545E-01
        1.791439E+25 -9.999860E+00 -1.999885E+00 -3.053960E-01 -3.053960E-01
   120    11798.7400    8.73283222  5.077318E+08  1.487794E+09  3.559944E+30
        6.736751E+00  2.487491E+01  7.673773E+00  0.5829602119 -3.798225E-01
        1.517778E+25 -9.999860E+00 -1.999885E+00 -3.053960E-01 -3.053960E-01
   121    11624.5647    8.73300518  5.076307E+08  1.542277E+09  3.353007E+30
        6.725748E+00  2.487501E+01  7.673850E+00  0.6089532992 -4.077714E-01
        1.267899E+25 -9.999860E+00 -1.999885E+00 -3.053960E-01 -3.053960E-01
   122    11467.6779    8.73315990  5.075403E+08  1.594487E+09  3.174497E+30
        6.715611E+00  2.487511E+01  7.673922E+00  0.6295640543 -4.312869E-01
        1.075935E+25 -9.999860E+00 -1.999885E+00 -3.053960E-01 -3.053960E-01
   123    11314.2443    8.73330733  5.074541E+08  1.646698E+09  3.006961E+30
        6.705786E+00  2.487521E+01  7.673997E+00  0.6499699192 -4.558946E-01
        9.159533E+24 -9.999860E+00 -1.999885E+00 -3.053960E-01 -3.053960E-01
   124    11146.3315    8.73346787  5.073604E+08  1.705134E+09  2.831345E+30
        6.694810E+00  2.487532E+01  7.674079E+00  0.6751306406 -4.882912E-01
        7.644191E+24 -9.999860E+00 -1.999885E+00 -3.053960E-01 -3.053960E-01
   125    10975.0749    8.73362820  5.072667E+08  1.766601E+09  2.660325E+30
        6.683466E+00  2.487543E+01  7.674159E+00  0.6949351432 -5.156078E-01
        6.336937E+24 -9.999860E+00 -1.999885E+00 -3.053960E-01 -3.053960E-01
   126    10803.0412    8.73378935  5.071726E+08  1.831186E+09  2.496478E+30
        6.671774E+00  2.487553E+01  7.674232E+00  0.7144099916 -5.442570E-01
        5.211924E+24 -9.999860E+00 -1.999885E+00 -3.053960E-01 -3.053960E-01
   127    10622.9063    8.73395418  5.070764E+08  1.899492E+09  2.333201E+30
        6.659626E+00  2.487562E+01  7.674299E+00  0.7382314927 -5.820826E-01
        4.250562E+24 -9.999860E+00 -1.999885E+00 -3.053960E-01 -3.053960E-01
   128    10450.1907    8.73410399  5.069889E+08  1.968646E+09  2.184368E+30
        6.647670E+00  2.487568E+01  7.674341E+00  0.7568242596 -6.140798E-01
        3.481016E+24 -9.999860E+00 -1.999885E+00 -3.053960E-01 -3.053960E-01
   129    10274.3765    8.73424829  5.069047E+08  2.041445E+09  2.040359E+30
        6.635338E+00  2.487572E+01  7.674370E+00  0.7749626081 -6.477453E-01
        2.829227E+24 -9.999860E+00 -1.999885E+00 -3.053960E-01 -3.053960E-01
   130    10100.7550    8.73438407  5.068255E+08  2.116298E+09  1.905304E+30
        6.622962E+00  2.487574E+01  7.674389E+00  0.7926081494 -6.832083E-01
        2.293628E+24 -9.999860E+00 -1.999885E+00 -3.053960E-01 -3.053960E-01
   131     9928.3940    8.73451558  5.067487E+08  2.193576E+09  1.778006E+30
        6.610484E+00  2.487576E+01  7.674402E+00  0.8097224944 -7.206126E-01
        1.858259E+24 -9.999860E+00 -1.999885E+00 -3.053960E-01 -3.053960E-01
   132     9757.8341    8.73464682  5.066722E+08  2.273138E+09  1.658440E+30
        6.597935E+00  2.487579E+01  7.674419E+00  0.8262672542 -7.601183E-01
        1.506870E+24 -9.999860E+00 -1.999885E+00 -3.053960E-01 -3.053960E-01
   133     9588.9445    8.73478084  5.065940E+08  2.355081E+09  1.546092E+30
        6.585303E+00  2.487582E+01  7.674444E+00  0.8382789404 -7.912334E-01
        1.214146E+24 -9.999860E+00 -1.999885E+00 -3.053960E-01 -3.053960E-01
   134     9414.3005    8.73492991  5.065071E+08  2.439406E+09  1.436003E+30
        6.571966E+00  2.487588E+01  7.674486E+00  0.8537345527 -8.348583E-01
        9.688739E+23 -9.999860E+00 -1.999885E+00 -3.053960E-01 -3.053960E-01
   135     9247.3424    8.73507452  5.064227E+08  2.522213E+09  1.336368E+30
        6.559197E+00  2.487594E+01  7.674533E+00  0.8685150102 -8.811238E-01
        7.795861E+23 -9.999860E+00 -1.999885E+00 -3.053960E-01 -3.053960E-01
   136     9085.9281    8.73521454  5.063411E+08  2.606887E+09  1.245075E+30
        6.546469E+00  2.487601E+01  7.674579E+00  0.8791341896 -9.176965E-01
        6.289197E+23 -9.999860E+00 -1.999885E+00 -3.053960E-01 -3.053960E-01
   137     8931.1609    8.73534581  5.062646E+08  2.695030E+09  1.162034E+30
        6.534086E+00  2.487607E+01  7.674622E+00  0.8893358052 -9.559929E-01
        5.100323E+23 -9.999860E+00 -1.999885E+00 -3.053960E-01 -3.053960E-01
   138     8772.8619    8.73547858  5.061872E+08  2.789875E+09  1.081482E+30
        6.520994E+00  2.487612E+01  7.674663E+00  0.8991036618 -9.961246E-01
        4.082524E+23 -9.999860E+00 -1.999885E+00 -3.053960E-01 -3.053960E-01
   139     8606.6051    8.73561188  5.061095E+08  2.887095E+09  1.001494E+30
        6.507285E+00  2.487618E+01  7.674700E+00  0.9114247424 -1.052688E+00
        3.244879E+23 -9.999860E+00 -1.999885E+00 -3.053960E-01 -3.053960E-01
   140     8454.3406    8.73572903  5.060413E+08  2.980961E+09  9.322295E+29
        6.494361E+00  2.487621E+01  7.674726E+00  0.9172733165 -1.082354E+00
        2.598704E+23 -9.999860E+00 -1.999885E+00 -3.053960E-01 -3.053960E-01
   141     8304.1352    8.73584339  5.059747E+08  3.077143E+09  8.674954E+29
        6.481391E+00  2.487624E+01  7.674749E+00  0.9256427239 -1.128677E+00
        2.086190E+23 -9.999860E+00 -1.999885E+00 -3.053960E-01 -3.053960E-01
   142     8159.2899    8.73595091  5.059120E+08  3.173654E+09  8.083351E+29
        6.468653E+00  2.487626E+01  7.674769E+00  0.9335135908 -1.177267E+00
        1.691912E+23 -9.999860E+00 -1.999885E+00 -3.053960E-01 -3.053960E-01
   143     8010.9326    8.73605953  5.058488E+08  3.271672E+09  7.509408E+29
        6.455524E+00  2.487628E+01  7.674788E+00  0.9408697219 -1.228190E+00
        1.351663E+23 -9.999860E+00 -1.999885E+00 -3.053960E-01 -3.053960E-01
   144     7880.5924    8.73615464  5.057934E+08  3.366512E+09  7.030946E+29
        6.443512E+00  2.487629E+01  7.674804E+00  0.9454798474 -1.263443E+00
        1.104160E+23 -9.999860E+00 -1.999885E+00 -3.053960E-01 -3.053960E-01
   145     7739.0910    8.73626029  5.057319E+08  3.467317E+09  6.537812E+29
        6.430556E+00  2.487631E+01  7.674823E+00  0.9519420959 -1.318235E+00
        8.899890E+22 -9.999860E+00 -1.999885E+00 -3.053960E-01 -3.053960E-01
   146     7616.6283    8.73635443  5.056771E+08  3.563129E+09  6.132387E+29
        6.418864E+00  2.487633E+01  7.674840E+00  0.9559413039 -1.355968E+00
        7.318331E+22 -9.999860E+00 -1.999885E+00 -3.053960E-01 -3.053960E-01
   147     7485.4749    8.73645793  5.056168E+08  3.663557E+09  5.719426E+29
        6.406438E+00  2.487636E+01  7.674858E+00  0.9614646828 -1.414141E+00
        5.923525E+22 -9.999860E+00 -1.999885E+00 -3.053960E-01 -3.053960E-01
   148     7368.2221    8.73655158  5.055623E+08  3.757685E+09  5.368243E+29
        6.394999E+00  2.487638E+01  7.674872E+00  0.9648229820 -1.453741E+00
        4.904189E+22 -9.999860E+00 -1.999885E+00 -3.053960E-01 -3.053960E-01
   149     7256.6322    8.73664376  5.055086E+08  3.850413E+09  5.049282E+29
        6.383924E+00  2.487639E+01  7.674885E+00  0.9679165201 -1.493719E+00
        4.062195E+22 -9.999860E+00 -1.999885E+00 -3.053960E-01 -3.053960E-01
   150     7153.7787    8.73673344  5.054564E+08  3.940045E+09  4.768057E+29
        6.373386E+00  2.487641E+01  7.674896E+00  0.9707435740 -1.533779E+00
        3.406977E+22 -9.999860E+00 -1.999885E+00 -3.053960E-01 -3.053960E-01
   151     7053.6920    8.73682198  5.054049E+08  4.026741E+09  4.505852E+29
        6.363325E+00  2.487642E+01  7.674906E+00  0.9733215202 -1.573839E+00
        2.890998E+22 -9.999860E+00 -1.999885E+00 -3.053960E-01 -3.053960E-01
   152     6967.3237    8.73690352  5.053575E+08  4.107948E+09  4.288381E+29
        6.354052E+00  2.487644E+01  7.674916E+00  0.9756723091 -1.613899E+00
        2.470755E+22 -9.999860E+00 -1.999885E+00 -3.053960E-01 -3.053960E-01
   153     6882.1087    8.73698538  5.053099E+08  4.189682E+09  4.081630E+29
        6.344807E+00  2.487645E+01  7.674926E+00  0.9778159568 -1.653959E+00
        2.121980E+22 -9.999860E+00 -1.999885E+00 -3.053960E-01 -3.053960E-01
   154     6802.4124    8.73706419  5.052640E+08  4.269612E+09  3.895117E+29
        6.335842E+00  2.487646E+01  7.674935E+00  0.9788158710 -1.673989E+00
        1.821633E+22 -9.999860E+00 -1.999885E+00 -3.053960E-01 -3.053960E-01
   155     6727.5011    8.73714052  5.052196E+08  4.348739E+09  3.725697E+29
        6.327022E+00  2.487647E+01  7.674940E+00  0.9806825217 -1.714050E+00
        1.574411E+22 -9.999860E+00 -1.999885E+00 -3.053960E-01 -3.053960E-01
   156     6657.8283    8.73721390  5.051769E+08  4.427049E+09  3.573135E+29
        6.318328E+00  2.487647E+01  7.674942E+00  0.9823846913 -1.754110E+00
        1.365297E+22 -9.999860E+00 -1.999885E+00 -3.053960E-01 -3.053960E-01
   157     6591.1322    8.73728651  5.051347E+08  4.504792E+09  3.431520E+29
        6.309541E+00  2.487647E+01  7.674942E+00  0.9839368732 -1.794170E+00
        1.179834E+22 -9.999860E+00 -1.999885E+00 -3.053960E-01 -3.053960E-01
   158     6533.5015    8.73735099  5.050972E+08  4.580269E+09  3.312576E+29
        6.301168E+00  2.487647E+01  7.674941E+00  0.9853522836 -1.834230E+00
        1.026849E+22 -9.999860E+00 -1.999885E+00 -3.053960E-01 -3.053960E-01
   159     6475.9428    8.73741627  5.050592E+08  4.659660E+09  3.196897E+29
        6.292341E+00  2.487647E+01  7.674939E+00  0.9860125082 -1.854260E+00
        8.871195E+21 -9.999860E+00 -1.999885E+00 -3.053960E-01 -3.053960E-01
   160     6420.4702    8.73748092  5.050217E+08  4.739363E+09  3.088299E+29
        6.283285E+00  2.487647E+01  7.674938E+00  0.9866429742 -1.874290E+00
        7.643521E+21 -9.999860E+00 -1.999885E+00 -3.053960E-01 -3.053960E-01
   161     6369.3110    8.73754262  5.049858E+08  4.818673E+09  2.990612E+29
        6.274203E+00  2.487647E+01  7.674939E+00  0.9872450227 -1.894320E+00
        6.584688E+21 -9.999860E+00 -1.999885E+00 -3.053960E-01 -3.053960E-01
   162     6318.5991    8.73760633  5.049487E+08  4.900408E+09  2.896075E+29
        6.264614E+00  2.487647E+01  7.674942E+00  0.9872450227 -1.894320E+00
        5.632378E+21 -9.999860E+00 -1.999885E+00 -3.053960E-01 -3.053960E-01
   163     6271.6835    8.73766947  5.049120E+08  4.981942E+09  2.810606E+29
        6.254928E+00  2.487648E+01  7.674949E+00  0.9878199348 -1.914350E+00
        4.806296E+21 -9.999860E+00 -1.999885E+00 -3.053960E-01 -3.053960E-01
   164     6228.0791    8.73772975  5.048770E+08  5.065319E+09  2.732874E+29
        6.245048E+00  2.487649E+01  7.674953E+00  0.9878199348 -1.914350E+00
        4.094157E+21 -9.999860E+00 -1.999885E+00 -3.053960E-01 -3.053960E-01
   165     6184.4738    8.73779184  5.048409E+08  5.151491E+09  2.656759E+29
        6.234524E+00  2.487649E+01  7.674957E+00  0.9878199348 -1.914350E+00
        3.450535E+21 -9.999860E+00 -1.999885E+00 -3.053960E-01 -3.053960E-01
   166     6144.6062    8.73785054  5.048068E+08  5.235424E+09  2.588562E+29
        6.224066E+00  2.487650E+01  7.674958E+00  0.9883689334 -1.934380E+00
        2.908796E+21 -9.999860E+00 -1.999885E+00 -3.053960E-01 -3.053960E-01
   167     6106.0971    8.73790743  5.047737E+08  5.319516E+09  2.523947E+29
        6.213373E+00  2.487650E+01  7.674959E+00  0.9883689334 -1.934380E+00
        2.436437E+21 -9.999860E+00 -1.999885E+00 -3.053960E-01 -3.053960E-01
   168     6068.4065    8.73796277  5.047416E+08  5.403062E+09  2.461891E+29
        6.202515E+00  2.487650E+01  7.674961E+00  0.9883689334 -1.934380E+00
        2.043126E+21 -9.999860E+00 -1.999885E+00 -3.053960E-01 -3.053960E-01
   169     6031.9899    8.73801537  5.047110E+08  5.485768E+09  2.403034E+29
        6.191706E+00  2.487650E+01  7.674963E+00  0.9883689334 -1.934380E+00
        1.715109E+21 -9.999860E+00 -1.999885E+00 -3.053960E-01 -3.053960E-01
   170     5993.4345    8.73806992  5.046793E+08  5.569403E+09  2.341888E+29
        6.180333E+00  2.487651E+01  7.674968E+00  0.9883689334 -1.934380E+00
        1.425231E+21 -9.999860E+00 -1.999885E+00 -3.053960E-01 -3.053960E-01
   171     5945.4832    8.73813559  5.046412E+08  5.672403E+09  2.267493E+29
        6.165840E+00  2.487652E+01  7.674975E+00  0.9883689334 -1.934380E+00
        1.125803E+21 -9.999860E+00 -1.999885E+00 -3.053960E-01 -3.053960E-01
   172     5871.7853    8.73823224  5.045850E+08  5.826903E+09  2.156658E+29
        6.142931E+00  2.487654E+01  7.674987E+00  0.9883689334 -1.934380E+00
        7.772065E+20 -9.999860E+00 -1.999885E+00 -3.053960E-01 -3.053960E-01
   173     5800.4177    8.73832474  5.045313E+08  5.975674E+09  2.053266E+29
        6.119590E+00  2.487655E+01  7.674999E+00  0.9888931867 -1.954411E+00
        5.314126E+20 -9.999860E+00 -1.999885E+00 -3.053960E-01 -3.053960E-01
   174     5731.5127    8.73841292  5.044801E+08  6.116311E+09  1.957028E+29
        6.096136E+00  2.487657E+01  7.675008E+00  0.9888931867 -1.954411E+00
        3.630027E+20 -9.999860E+00 -1.999885E+00 -3.053960E-01 -3.053960E-01
   175     5663.7723    8.73849662  5.044314E+08  6.248112E+09  1.865776E+29
        6.073077E+00  2.487657E+01  7.675015E+00  0.9888931867 -1.954411E+00
        2.498372E+20 -9.999860E+00 -1.999885E+00 -3.053960E-01 -3.053960E-01
   176     5591.7861    8.73857715  5.043847E+08  6.373145E+09  1.772385E+29
        6.049571E+00  2.487658E+01  7.675020E+00  0.9888931867 -1.954411E+00
        1.711180E+20 -9.999860E+00 -1.999885E+00 -3.053960E-01 -3.053960E-01
   177     5521.0407    8.73864746  5.043439E+08  6.487932E+09  1.684105E+29
        6.026656E+00  2.487659E+01  7.675024E+00  0.9888931867 -1.954411E+00
        1.185084E+20 -9.999860E+00 -1.999885E+00 -3.053960E-01 -3.053960E-01
   178     5451.5379    8.73871082  5.043071E+08  6.595164E+09  1.600657E+29
        6.003897E+00  2.487660E+01  7.675030E+00  0.9888931867 -1.954411E+00
        8.207609E+19 -9.999860E+00 -1.999885E+00 -3.053960E-01 -3.053960E-01
   179     5383.2294    8.73877216  5.042714E+08  6.695124E+09  1.521711E+29
        5.981376E+00  2.487661E+01  7.675037E+00  0.9893938100 -1.974441E+00
        5.702813E+19 -9.999860E+00 -1.999885E+00 -3.053960E-01 -3.053960E-01
   180     5314.6296    8.73882840  5.042388E+08  6.788394E+09  1.445428E+29
        5.959091E+00  2.487661E+01  7.675043E+00  0.9893938100 -1.974441E+00
        3.976686E+19 -9.999860E+00 -1.999885E+00 -3.053960E-01 -3.053960E-01
   181     5243.5548    8.73887750  5.042103E+08  6.875594E+09  1.369489E+29
        5.937009E+00  2.487662E+01  7.675048E+00  0.9893938100 -1.974441E+00
        2.778641E+19 -9.999860E+00 -1.999885E+00 -3.053960E-01 -3.053960E-01
   182     5171.1563    8.73891710  5.041873E+08  6.957212E+09  1.295288E+29
        5.915766E+00  2.487662E+01  7.675049E+00  0.9893938100 -1.974441E+00
        1.965985E+19 -9.999860E+00 -1.999885E+00 -3.053960E-01 -3.053960E-01
   183     5089.5387    8.73895362  5.041661E+08  7.036592E+09  1.215327E+29
        5.893544E+00  2.487662E+01  7.675048E+00  0.9893938100 -1.974441E+00
        1.367351E+19 -9.999860E+00 -1.999885E+00 -3.053960E-01 -3.053960E-01
   184     5008.5070    8.73898609  5.041473E+08  7.109432E+09  1.139672E+29
        5.872173E+00  2.487662E+01  7.675047E+00  0.9893938100 -1.974441E+00
        9.637550E+18 -9.999860E+00 -1.999885E+00 -3.053960E-01 -3.053960E-01
   185     4926.6806    8.73901828  5.041286E+08  7.178979E+09  1.066921E+29
        5.850801E+00  2.487662E+01  7.675049E+00  0.9893938100 -1.974441E+00
        6.782150E+18 -9.999860E+00 -1.999885E+00 -3.053960E-01 -3.053960E-01
   186     4845.9589    8.73904732  5.041117E+08  7.244901E+09  9.986298E+28
        5.829634E+00  2.487662E+01  7.675049E+00  0.9898718684 -1.994471E+00
        4.785279E+18 -9.999860E+00 -1.999885E+00 -3.053960E-01 -3.053960E-01
   187     4766.7261    8.73907334  5.040966E+08  7.307304E+09  9.348466E+28
        5.808743E+00  2.487662E+01  7.675049E+00  0.9898718684 -1.994471E+00
        3.388450E+18 -9.999860E+00 -1.999885E+00 -3.053960E-01 -3.053960E-01
   188     4688.4028    8.73909793  5.040824E+08  7.366563E+09  8.748521E+28
        5.788062E+00  2.487662E+01  7.675049E+00  0.9898718684 -1.994471E+00
        2.404124E+18 -9.999860E+00 -1.999885E+00 -3.053960E-01 -3.053960E-01
   189     4610.1909    8.73912177  5.040685E+08  7.423114E+09  8.178747E+28
        5.767468E+00  2.487662E+01  7.675050E+00  0.9898718684 -1.994471E+00
        1.706840E+18 -9.999860E+00 -1.999885E+00 -3.053960E-01 -3.053960E-01
   190     4536.7247    8.73914191  5.040568E+08  7.477286E+09  7.669388E+28
        5.748046E+00  2.487662E+01  7.675050E+00  0.9898718684 -1.994471E+00
        1.235107E+18 -9.999860E+00 -1.999885E+00 -3.053960E-01 -3.053960E-01
   191     4452.8064    8.73916319  5.040445E+08  7.532909E+09  7.117131E+28
        5.726255E+00  2.487662E+01  7.675049E+00  0.9898718684 -1.994471E+00
        8.568669E+17 -9.999860E+00 -1.999885E+00 -3.053960E-01 -3.053960E-01
   192     4375.0980    8.73918225  5.040334E+08  7.583275E+09  6.632875E+28
        5.705709E+00  2.487662E+01  7.675049E+00  0.9898718684 -1.994471E+00
        6.067500E+17 -9.999860E+00 -1.999885E+00 -3.053960E-01 -3.053960E-01
   193     4298.5115    8.73920034  5.040229E+08  7.632067E+09  6.180234E+28
        5.684995E+00  2.487662E+01  7.675050E+00  0.9903283790 -2.014501E+00
        4.279322E+17 -9.999860E+00 -1.999885E+00 -3.053960E-01 -3.053960E-01
   194     4224.3824    8.73921579  5.040140E+08  7.679022E+09  5.764611E+28
        5.664301E+00  2.487662E+01  7.675050E+00  0.9903283790 -2.014501E+00
        3.014282E+17 -9.999860E+00 -1.999885E+00 -3.053960E-01 -3.053960E-01
   195     4152.2038    8.73923022  5.040056E+08  7.724188E+09  5.380434E+28
        5.643658E+00  2.487662E+01  7.675050E+00  0.9903283790 -2.014501E+00
        2.122998E+17 -9.999860E+00 -1.999885E+00 -3.053960E-01 -3.053960E-01
   196     4087.4151    8.73924377  5.039977E+08  7.767806E+09  5.052242E+28
        5.624692E+00  2.487662E+01  7.675050E+00  0.9903283790 -2.014501E+00
        1.537338E+17 -9.999860E+00 -1.999885E+00 -3.053960E-01 -3.053960E-01
   197     4007.9330    8.73925918  5.039888E+08  7.814198E+09  4.670416E+28
        5.601852E+00  2.487662E+01  7.675050E+00  0.9903283790 -2.014501E+00
        1.039494E+17 -9.999860E+00 -1.999885E+00 -3.053960E-01 -3.053960E-01
   198     3935.1913    8.73927091  5.039820E+08  7.855005E+09  4.340356E+28
        5.581019E+00  2.487662E+01  7.675050E+00  0.9907643130 -2.034531E+00
        7.268518E+16 -9.999860E+00 -1.999885E+00 -3.053960E-01 -3.053960E-01
   199     3861.1003    8.73928160  5.039758E+08  7.895126E+09  4.022496E+28
        5.559940E+00  2.487662E+01  7.675050E+00  0.9907643130 -2.034531E+00
        5.053030E+16 -9.999860E+00 -1.999885E+00 -3.053960E-01 -3.053960E-01
   200     3785.5939    8.73929297  5.039692E+08  7.934649E+09  3.716858E+28
        5.538572E+00  2.487662E+01  7.675050E+00  0.9907643130 -2.034531E+00
        3.491275E+16 -9.999860E+00 -1.999885E+00 -3.053960E-01 -3.053960E-01
   201     3717.9215    8.73930168  5.039641E+08  7.973672E+09  3.458057E+28
        5.519334E+00  2.487662E+01  7.675050E+00  0.9907643130 -2.034531E+00
        2.501326E+16 -9.999860E+00 -1.999885E+00 -3.053960E-01 -3.053960E-01
   202     3629.9429    8.73931150  5.039584E+08  8.017368E+09  3.142104E+28
        5.494535E+00  2.487662E+01  7.675050E+00  0.9911805978 -2.054561E+00
        1.622652E+16 -9.999860E+00 -1.999885E+00 -3.053960E-01 -3.053960E-01
   203     3551.9839    8.73931983  5.039536E+08  8.055549E+09  2.880693E+28
        5.472394E+00  2.487662E+01  7.675050E+00  0.9911805978 -2.054561E+00
        1.102913E+16 -9.999860E+00 -1.999885E+00 -3.053960E-01 -3.053960E-01
   204     3483.4090    8.73932800  5.039489E+08  8.093754E+09  2.664543E+28
        5.452713E+00  2.487662E+01  7.675050E+00  0.9911805978 -2.054561E+00
        7.828972E+15 -9.999860E+00 -1.999885E+00 -3.053960E-01 -3.053960E-01
   205     3391.8843    8.73933719  5.039435E+08  8.137545E+09  2.395300E+28
        5.426399E+00  2.487662E+01  7.675050E+00  0.9915781192 -2.074591E+00
        4.948711E+15 -9.999860E+00 -1.999885E+00 -3.053960E-01 -3.053960E-01
   206     3298.8432    8.73934464  5.039392E+08  8.181336E+09  2.143063E+28
        5.399419E+00  2.487662E+01  7.675050E+00  0.9919577228 -2.094621E+00
        3.097689E+15 -9.999860E+00 -1.999885E+00 -3.053960E-01 -3.053960E-01
   207     3229.9293    8.73935184  5.039350E+08  8.219162E+09  1.969487E+28
        5.379254E+00  2.487662E+01  7.675050E+00  0.9923202164 -2.114651E+00
        2.187033E+15 -9.999860E+00 -1.999885E+00 -3.053960E-01 -3.053960E-01
   208     3157.4245    8.73935769  5.039316E+08  8.263673E+09  1.798486E+28
        5.357907E+00  2.487662E+01  7.675050E+00  0.9926663710 -2.134681E+00
        1.515142E+15 -9.999860E+00 -1.999885E+00 -3.053960E-01 -3.053960E-01
   209     3085.0246    8.73936374  5.039281E+08  8.308184E+09  1.639093E+28
        5.336239E+00  2.487662E+01  7.675050E+00  0.9933125762 -2.174741E+00
        1.045765E+15 -9.999860E+00 -1.999885E+00 -3.053960E-01 -3.053960E-01
   210     3009.0849    8.73936993  5.039245E+08  8.357967E+09  1.483545E+28
        5.313224E+00  2.487662E+01  7.675050E+00  0.9939018406 -2.214801E+00
        6.884574E+14 -9.999860E+00 -1.999885E+00 -3.053960E-01 -3.053960E-01
   211     2929.9730    8.73937821  5.039197E+08  8.410877E+09  1.333550E+28
        5.288780E+00  2.487662E+01  7.675051E+00  0.9949291744 -2.294921E+00
        4.437457E+14 -9.999860E+00 -1.999885E+00 -3.053960E-01 -3.053960E-01
   212     2840.8659    8.73938531  5.039156E+08  8.464246E+09  1.178557E+28
        5.260615E+00  2.487662E+01  7.675051E+00  0.9961549795 -2.415101E+00
        2.701487E+14 -9.999860E+00 -1.999885E+00 -3.053960E-01 -3.053960E-01
   213     2751.1252    8.73939532  5.039098E+08  8.517615E+09  1.036523E+28
        5.231377E+00  2.487663E+01  7.675051E+00  0.9972158739 -2.555311E+00
        1.625183E+14 -9.999860E+00 -1.999885E+00 -3.053960E-01 -3.053960E-01
   214     2667.3695    8.73940410  5.039047E+08  8.563112E+09  9.159284E+27
        5.203252E+00  2.487663E+01  7.675051E+00  0.9978888969 -2.675491E+00
        1.009802E+14 -9.999860E+00 -1.999885E+00 -3.053960E-01 -3.053960E-01
   215     2590.2516    8.73941077  5.039008E+08  8.603460E+09  8.144979E+27
        5.176523E+00  2.487663E+01  7.675051E+00  0.9983992248 -2.795670E+00
        6.473335E+13 -9.999860E+00 -1.999885E+00 -3.053960E-01 -3.053960E-01
   216     2514.3968    8.73941944  5.038958E+08  8.637383E+09  7.231839E+27
        5.149455E+00  2.487663E+01  7.675052E+00  0.9988408968 -2.935878E+00
        4.150171E+13 -9.999860E+00 -1.999885E+00 -3.053960E-01 -3.053960E-01
   217     2440.8451    8.73942620  5.038919E+08  8.668583E+09  6.421959E+27
        5.122274E+00  2.487663E+01  7.675052E+00  0.9991210902 -3.056056E+00
        2.681850E+13 -9.999860E+00 -1.999885E+00 -3.053960E-01 -3.053960E-01
   218     2367.1785    8.73943141  5.038889E+08  8.697175E+09  5.681009E+27
        5.094054E+00  2.487663E+01  7.675052E+00  0.9993635883 -3.196262E+00
        1.719858E+13 -9.999860E+00 -1.999885E+00 -3.053960E-01 -3.053960E-01
   219     2296.6694    8.73943653  5.038859E+08  8.722290E+09  5.033735E+27
        5.066032E+00  2.487663E+01  7.675052E+00  0.9995174273 -3.316437E+00
        1.116041E+13 -9.999860E+00 -1.999885E+00 -3.053960E-01 -3.053960E-01
   220     2228.9010    8.73944091  5.038833E+08  8.744461E+09  4.465346E+27
        5.038082E+00  2.487663E+01  7.675052E+00  0.9996505699 -3.456640E+00
        7.289482E+12 -9.999860E+00 -1.999885E+00 -3.053960E-01 -3.053960E-01
   221     2164.6679    8.73944375  5.038817E+08  8.764021E+09  3.972412E+27
        5.010591E+00  2.487663E+01  7.675052E+00  0.9997469763 -3.596839E+00
        4.832806E+12 -9.999860E+00 -1.999885E+00 -3.053960E-01 -3.053960E-01
   222     2101.7408    8.73944750  5.038795E+08  8.781491E+09  3.530222E+27
        4.982693E+00  2.487663E+01  7.675052E+00  0.9998167828 -3.737034E+00
        3.203301E+12 -9.999860E+00 -1.999885E+00 -3.053960E-01 -3.053960E-01
   223     2044.6768    8.73945088  5.038776E+08  8.796786E+09  3.162137E+27
        4.956250E+00  2.487663E+01  7.675052E+00  0.9998673285 -3.877222E+00
        2.179492E+12 -9.999860E+00 -1.999885E+00 -3.053960E-01 -3.053960E-01
   224     1988.1231    8.73945357  5.038760E+08  8.810908E+09  2.826522E+27
        4.929145E+00  2.487663E+01  7.675052E+00  0.9998993943 -3.997378E+00
        1.474776E+12 -9.999860E+00 -1.999885E+00 -3.053960E-01 -3.053960E-01
   225     1934.2376    8.73945669  5.038742E+08  8.823547E+09  2.532302E+27
        4.902285E+00  2.487663E+01  7.675052E+00  0.9999271463 -4.137548E+00
        1.004044E+12 -9.999860E+00 -1.999885E+00 -3.053960E-01 -3.053960E-01
   226     1882.3676    8.73945950  5.038726E+08  8.834919E+09  2.271387E+27
        4.875417E+00  2.487663E+01  7.675052E+00  0.9999472410 -4.277703E+00
        6.858239E+11 -9.999860E+00 -1.999885E+00 -3.053960E-01 -3.053960E-01
   227     1832.5964    8.73946182  5.038712E+08  8.845103E+09  2.040509E+27
        4.848710E+00  2.487663E+01  7.675052E+00  0.9999617913 -4.417838E+00
        4.705869E+11 -9.999860E+00 -1.999885E+00 -3.053960E-01 -3.053960E-01
   228     1786.1455    8.73946773  5.038678E+08  8.854229E+09  1.841334E+27
        4.822562E+00  2.487663E+01  7.675052E+00  0.9999710219 -4.537930E+00
        3.260847E+11 -9.999860E+00 -1.999885E+00 -3.053960E-01 -3.053960E-01
   229     1741.1601    8.73948661  5.038568E+08  8.862567E+09  1.662651E+27
        4.795720E+00  2.487663E+01  7.675052E+00  0.9999790106 -4.678001E+00
        2.240285E+11 -9.999860E+00 -1.999885E+00 -3.053960E-01 -3.053960E-01
   230     1699.8720    8.73950453  5.038464E+08  8.869937E+09  1.510404E+27
        4.769648E+00  2.487663E+01  7.675052E+00  0.9999847952 -4.818019E+00
        1.556699E+11 -9.999860E+00 -1.999885E+00 -3.053960E-01 -3.053960E-01
   231     1659.8514    8.73950966  5.038435E+08  8.876620E+09  1.373094E+27
        4.743293E+00  2.487663E+01  7.675052E+00  0.9999889837 -4.957964E+00
        1.078393E+11 -9.999860E+00 -1.999885E+00 -3.053960E-01 -3.053960E-01
   232     1621.6827    8.73950828  5.038443E+08  8.882572E+09  1.251089E+27
        4.716928E+00  2.487663E+01  7.675052E+00  0.9999920165 -5.097807E+00
        7.473564E+10 -9.999860E+00 -1.999885E+00 -3.053960E-01 -3.053960E-01
   233     1585.8139    8.73950603  5.038456E+08  8.887849E+09  1.144026E+27
        4.690931E+00  2.487663E+01  7.675052E+00  0.9999942125 -5.237512E+00
        5.208026E+10 -9.999860E+00 -1.999885E+00 -3.053960E-01 -3.053960E-01
   234     1551.3047    8.73950291  5.038474E+08  8.892569E+09  1.047655E+27
        4.664978E+00  2.487663E+01  7.675052E+00  0.9999958026 -5.377024E+00
        3.632682E+10 -9.999860E+00 -1.999885E+00 -3.053960E-01 -3.053960E-01
   235     1518.2425    8.73949566  5.038516E+08  8.896780E+09  9.611736E+26
        4.638827E+00  2.487663E+01  7.675052E+00  0.9999969540 -5.516272E+00
        2.527522E+10 -9.999860E+00 -1.999885E+00 -3.053960E-01 -3.053960E-01
   236     1487.7377    8.73948946  5.038552E+08  8.900492E+09  8.862350E+26
        4.613029E+00  2.487663E+01  7.675052E+00  0.9999977877 -5.655157E+00
        1.767395E+10 -9.999860E+00 -1.999885E+00 -3.053960E-01 -3.053960E-01
