============================================================================
  #Mod      Teff         Log(g)           R            Age            L
           Log(Tc)       Log(Pc)      Log(rhoc)       Mx/M         Log(qx)
             Lnu        Log(H/*)      Log(He/*)     Log(C/*)      Log(O/*)
============================================================================
     1   123910.9567    7.60513787  1.463334E+09  0.000000E+00  3.597145E+35
        8.037489E+00  2.313752E+01  6.467311E+00  0.0000000000  0.000000E+00
        4.451885E+35 -9.999860E+00 -1.999885E+00 -3.053960E-01 -3.053960E-01
     2   116116.7048    7.67318058  1.353076E+09  6.000000E+04  2.371675E+35
        8.017979E+00  2.317910E+01  6.495298E+00  0.0000000000  0.000000E+00
        3.733587E+35 -9.999860E+00 -1.999885E+00 -3.053960E-01 -3.053960E-01
     3   110100.9651    7.72180761  1.279407E+09  1.200000E+05  1.714012E+35
        7.999484E+00  2.321123E+01  6.516979E+00  0.0000000000  0.000000E+00
        3.078807E+35 -9.999860E+00 -1.999885E+00 -3.053960E-01 -3.053960E-01
     4   104975.6630    7.75937291  1.225254E+09  1.800000E+05  1.299088E+35
        7.982539E+00  2.323670E+01  6.534198E+00  0.0000000000  0.000000E+00
        2.536878E+35 -9.999860E+00 -1.999885E+00 -3.053960E-01 -3.053960E-01
     5   100441.2646    7.78953203  1.183441E+09  2.400000E+05  1.015719E+35
        7.967199E+00  2.325722E+01  6.548085E+00  0.0000000000  0.000000E+00
        2.101788E+35 -9.999860E+00 -1.999885E+00 -3.053960E-01 -3.053960E-01
     6    96352.5588    7.81429929  1.150172E+09  3.000000E+05  8.124763E+34
        7.953337E+00  2.327388E+01  6.559380E+00  0.0000000000  0.000000E+00
        1.754743E+35 -9.999860E+00 -1.999885E+00 -3.053960E-01 -3.053960E-01
     7    92639.9529    7.83499357  1.123093E+09  3.600000E+05  6.619980E+34
        7.940805E+00  2.328758E+01  6.568679E+00  0.0000000000  0.000000E+00
        1.478124E+35 -9.999860E+00 -1.999885E+00 -3.053960E-01 -3.053960E-01
     8    89273.4879    7.85258487  1.100576E+09  4.200000E+05  5.482291E+34
        7.929483E+00  2.329908E+01  6.576488E+00  0.0000000000  0.000000E+00
        1.257513E+35 -9.999860E+00 -1.999885E+00 -3.053960E-01 -3.053960E-01
     9    86211.0661    7.86772796  1.081555E+09  4.800000E+05  4.604485E+34
        7.919219E+00  2.330885E+01  6.583130E+00  0.0000000000  0.000000E+00
        1.080155E+35 -9.999860E+00 -1.999885E+00 -3.053960E-01 -3.053960E-01
    10    83411.6914    7.88087568  1.065307E+09  5.400000E+05  3.914614E+34
        7.909866E+00  2.331720E+01  6.588813E+00  0.0000000000  0.000000E+00
        9.359478E+34 -9.999860E+00 -1.999885E+00 -3.053960E-01 -3.053960E-01
    11    80844.1613    7.89237573  1.051295E+09  6.000000E+05  3.364154E+34
        7.901300E+00  2.332439E+01  6.593705E+00  0.0000000000  0.000000E+00
        8.174874E+34 -9.999860E+00 -1.999885E+00 -3.053960E-01 -3.053960E-01
    12    78732.4506    7.90145856  1.040359E+09  6.532061E+05  2.963558E+34
        7.894246E+00  2.332998E+01  6.597513E+00  0.0000000000  0.000000E+00
        7.291818E+34 -9.999860E+00 -1.999885E+00 -3.053960E-01 -3.053960E-01
    13    76702.9951    7.90992022  1.030273E+09  7.084207E+05  2.618099E+34
        7.887462E+00  2.333512E+01  6.601019E+00  0.0000000000  0.000000E+00
        6.516174E+34 -9.999860E+00 -1.999885E+00 -3.053960E-01 -3.053960E-01
    14    74746.0367    7.91788917  1.020864E+09  7.661930E+05  2.318038E+34
        7.880888E+00  2.333992E+01  6.604292E+00  0.0000000000  0.000000E+00
        5.829703E+34 -9.999860E+00 -1.999885E+00 -3.053960E-01 -3.053960E-01
    15    72838.6488    7.92545738  1.012008E+09  8.270323E+05  2.054221E+34
        7.874476E+00  2.334443E+01  6.607368E+00  0.0000000000  0.000000E+00
        5.218144E+34 -9.999860E+00 -1.999885E+00 -3.053960E-01 -3.053960E-01
    16    70985.8322    7.93262578  1.003690E+09  8.909720E+05  1.822711E+34
        7.868232E+00  2.334865E+01  6.610253E+00  0.0000000000  0.000000E+00
        4.674166E+34 -9.999860E+00 -1.999885E+00 -3.053960E-01 -3.053960E-01
    17    69197.0502    7.93940635  9.958853E+08  9.582850E+05  1.620321E+34
        7.862138E+00  2.335262E+01  6.612963E+00  0.0000000000  0.000000E+00
        4.189188E+34 -9.999860E+00 -1.999885E+00 -3.053960E-01 -3.053960E-01
    18    67454.0709    7.94586836  9.885037E+08  1.029593E+06  1.441522E+34
        7.856156E+00  2.335636E+01  6.615521E+00  0.0000000000  0.000000E+00
        3.754187E+34 -9.999860E+00 -1.999885E+00 -3.053960E-01 -3.053960E-01
    19    65751.3658    7.95203286  9.815130E+08  1.105010E+06  1.283049E+34
        7.850292E+00  2.335989E+01  6.617934E+00  0.0000000000  0.000000E+00
        3.364865E+34 -9.999860E+00 -1.999885E+00 -3.053960E-01 -3.053960E-01
    20    64097.9582    7.95791129  9.748928E+08  1.184601E+06  1.143201E+34
        7.844563E+00  2.336323E+01  6.620215E+00  0.0000000000  0.000000E+00
        3.017488E+34 -9.999860E+00 -1.999885E+00 -3.053960E-01 -3.053960E-01
    21    62483.3504    7.96354335  9.685919E+08  1.268914E+06  1.018992E+34
        7.838943E+00  2.336639E+01  6.622379E+00  0.0000000000  0.000000E+00
        2.706336E+34 -9.999860E+00 -1.999885E+00 -3.053960E-01 -3.053960E-01
    22    60905.5413    7.96893515  9.625979E+08  1.358138E+06  9.085505E+33
        7.833434E+00  2.336939E+01  6.624429E+00  0.0000000000  0.000000E+00
        2.427843E+34 -9.999860E+00 -1.999885E+00 -3.053960E-01 -3.053960E-01
    23    59370.1880    7.97408544  9.569071E+08  1.452447E+06  8.106721E+33
        7.828039E+00  2.337222E+01  6.626367E+00  0.0000000000  0.000000E+00
        2.178776E+34 -9.999860E+00 -1.999885E+00 -3.053960E-01 -3.053960E-01
    24    57862.0615    7.97902725  9.514782E+08  1.552334E+06  7.231116E+33
        7.822744E+00  2.337491E+01  6.628204E+00  0.0000000000  0.000000E+00
        1.955531E+34 -9.999860E+00 -1.999885E+00 -3.053960E-01 -3.053960E-01
    25    56399.6001    7.98373555  9.463346E+08  1.657607E+06  6.456922E+33
        7.817569E+00  2.337744E+01  6.629937E+00  0.0000000000  0.000000E+00
        1.756307E+34 -9.999860E+00 -1.999885E+00 -3.053960E-01 -3.053960E-01
    26    54977.6022    7.98824776  9.414313E+08  1.769160E+06  5.769689E+33
        7.812483E+00  2.337984E+01  6.631585E+00  0.0000000000  0.000000E+00
        1.577562E+34 -9.999860E+00 -1.999885E+00 -3.053960E-01 -3.053960E-01
    27    53596.7559    7.99257678  9.367509E+08  1.887612E+06  5.159816E+33
        7.807474E+00  2.338213E+01  6.633153E+00  0.0000000000  0.000000E+00
        1.416885E+34 -9.999860E+00 -1.999885E+00 -3.053960E-01 -3.053960E-01
    28    52254.3698    7.99673702  9.322749E+08  2.013663E+06  4.617537E+33
        7.802528E+00  2.338431E+01  6.634650E+00  0.0000000000  0.000000E+00
        1.272189E+34 -9.999860E+00 -1.999885E+00 -3.053960E-01 -3.053960E-01
    29    50947.0635    8.00073846  9.279899E+08  2.147878E+06  4.134235E+33
        7.797640E+00  2.338639E+01  6.636078E+00  0.0000000000  0.000000E+00
        1.141879E+34 -9.999860E+00 -1.999885E+00 -3.053960E-01 -3.053960E-01
    30    49669.8875    8.00459134  9.238827E+08  2.290656E+06  3.702016E+33
        7.792812E+00  2.338838E+01  6.637441E+00  0.0000000000  0.000000E+00
        1.024687E+34 -9.999860E+00 -1.999885E+00 -3.053960E-01 -3.053960E-01
    31    48440.8616    8.00827930  9.199683E+08  2.442131E+06  3.320665E+33
        7.788052E+00  2.339027E+01  6.638740E+00  0.0000000000  0.000000E+00
        9.196040E+33 -9.999860E+00 -1.999885E+00 -3.053960E-01 -3.053960E-01
    32    47258.2841    8.01183289  9.162122E+08  2.604173E+06  2.983568E+33
        7.783320E+00  2.339209E+01  6.639992E+00  0.0000000000  0.000000E+00
        8.246804E+33 -9.999860E+00 -1.999885E+00 -3.053960E-01 -3.053960E-01
    33    46104.1472    8.01529297  9.125696E+08  2.778509E+06  2.681168E+33
        7.778587E+00  2.339385E+01  6.641203E+00  0.0000000000  0.000000E+00
        7.385865E+33 -9.999860E+00 -1.999885E+00 -3.053960E-01 -3.053960E-01
    34    44979.7636    8.01864837  9.090511E+08  2.964961E+06  2.410334E+33
        7.773876E+00  2.339554E+01  6.642368E+00  0.0000000000  0.000000E+00
        6.610445E+33 -9.999860E+00 -1.999885E+00 -3.053960E-01 -3.053960E-01
    35    43889.2768    8.02187388  9.056816E+08  3.163777E+06  2.168786E+33
        7.769196E+00  2.339716E+01  6.643485E+00  0.0000000000  0.000000E+00
        5.914342E+33 -9.999860E+00 -1.999885E+00 -3.053960E-01 -3.053960E-01
    36    42831.1857    8.02497360  9.024553E+08  3.376215E+06  1.953097E+33
        7.764531E+00  2.339871E+01  6.644558E+00  0.0000000000  0.000000E+00
        5.288390E+33 -9.999860E+00 -1.999885E+00 -3.053960E-01 -3.053960E-01
    37    41808.5752    8.02794977  8.993684E+08  3.603569E+06  1.761038E+33
        7.759866E+00  2.340020E+01  6.645589E+00  0.0000000000  0.000000E+00
        4.725014E+33 -9.999860E+00 -1.999885E+00 -3.053960E-01 -3.053960E-01
    38    40817.7927    8.03081261  8.964090E+08  3.847779E+06  1.589434E+33
        7.755178E+00  2.340164E+01  6.646584E+00  0.0000000000  0.000000E+00
        4.216729E+33 -9.999860E+00 -1.999885E+00 -3.053960E-01 -3.053960E-01
    39    39857.0802    8.03356243  8.935755E+08  4.110403E+06  1.435874E+33
        7.750456E+00  2.340302E+01  6.647544E+00  0.0000000000  0.000000E+00
        3.758269E+33 -9.999860E+00 -1.999885E+00 -3.053960E-01 -3.053960E-01
    40    38930.5758    8.03620328  8.908629E+08  4.393107E+06  1.299023E+33
        7.745686E+00  2.340436E+01  6.648470E+00  0.0000000000  0.000000E+00
        3.344975E+33 -9.999860E+00 -1.999885E+00 -3.053960E-01 -3.053960E-01
    41    38032.3664    8.03874551  8.882592E+08  4.698624E+06  1.176318E+33
        7.740842E+00  2.340565E+01  6.649366E+00  0.0000000000  0.000000E+00
        2.971642E+33 -9.999860E+00 -1.999885E+00 -3.053960E-01 -3.053960E-01
    42    37160.3975    8.04118706  8.857659E+08  5.028792E+06  1.066084E+33
        7.735916E+00  2.340689E+01  6.650233E+00  0.0000000000  0.000000E+00
        2.635078E+33 -9.999860E+00 -1.999885E+00 -3.053960E-01 -3.053960E-01
    43    36322.1881    8.04352861  8.833813E+08  5.385627E+06  9.678685E+32
        7.730898E+00  2.340809E+01  6.651069E+00  0.0000000000  0.000000E+00
        2.332265E+33 -9.999860E+00 -1.999885E+00 -3.053960E-01 -3.053960E-01
    44    35504.2136    8.04578259  8.810919E+08  5.773444E+06  8.790103E+32
        7.725749E+00  2.340925E+01  6.651880E+00  0.0000000000  0.000000E+00
        2.059101E+33 -9.999860E+00 -1.999885E+00 -3.053960E-01 -3.053960E-01
    45    34720.7277    8.04793888  8.789073E+08  6.193211E+06  7.999694E+32
        7.720481E+00  2.341037E+01  6.652663E+00  0.0000000000  0.000000E+00
        1.814354E+33 -9.999860E+00 -1.999885E+00 -3.053960E-01 -3.053960E-01
    46    33954.8959    8.05001637  8.768076E+08  6.651323E+06  7.281992E+32
        7.715038E+00  2.341146E+01  6.653424E+00  0.0000000000  0.000000E+00
        1.593999E+33 -9.999860E+00 -1.999885E+00 -3.053960E-01 -3.053960E-01
    47    33224.1482    8.05200144  8.748060E+08  7.148681E+06  6.644632E+32
        7.709438E+00  2.341251E+01  6.654160E+00  0.0000000000  0.000000E+00
        1.397237E+33 -9.999860E+00 -1.999885E+00 -3.053960E-01 -3.053960E-01
    48    32508.9583    8.05391839  8.728775E+08  7.694289E+06  6.063883E+32
        7.703610E+00  2.341353E+01  6.654880E+00  0.0000000000  0.000000E+00
        1.220409E+33 -9.999860E+00 -1.999885E+00 -3.053960E-01 -3.053960E-01
    49    31829.3019    8.05575145  8.710373E+08  8.288861E+06  5.548990E+32
        7.697581E+00  2.341453E+01  6.655579E+00  0.0000000000  0.000000E+00
        1.063113E+33 -9.999860E+00 -1.999885E+00 -3.053960E-01 -3.053960E-01
    50    31163.5370    8.05752710  8.692585E+08  8.944806E+06  5.078282E+32
        7.691265E+00  2.341550E+01  6.656264E+00  0.0000000000  0.000000E+00
        9.221352E+32 -9.999860E+00 -1.999885E+00 -3.053960E-01 -3.053960E-01
    51    30526.6714    8.05922364  8.675623E+08  9.662595E+06  4.657481E+32
        7.684697E+00  2.341644E+01  6.656927E+00  0.0000000000  0.000000E+00
        7.973533E+32 -9.999860E+00 -1.999885E+00 -3.053960E-01 -3.053960E-01
    52    29919.8053    8.06085381  8.659356E+08  1.045474E+07  4.281917E+32
        7.677815E+00  2.341735E+01  6.657574E+00  0.0000000000  0.000000E+00
        6.865272E+32 -9.999860E+00 -1.999885E+00 -3.053960E-01 -3.053960E-01
    53    29325.6510    8.06243344  8.643622E+08  1.133471E+07  3.937442E+32
        7.670562E+00  2.341825E+01  6.658209E+00  0.0000000000  0.000000E+00
        5.880684E+32 -9.999860E+00 -1.999885E+00 -3.053960E-01 -3.053960E-01
    54    28759.9329    8.06394237  8.628619E+08  1.230324E+07  3.629661E+32
        7.662997E+00  2.341912E+01  6.658827E+00  0.0000000000  0.000000E+00
        5.018425E+32 -9.999860E+00 -1.999885E+00 -3.053960E-01 -3.053960E-01
    55    28216.8957    8.06539779  8.614173E+08  1.337942E+07  3.351939E+32
        7.655044E+00  2.341997E+01  6.659435E+00  0.0000000000  0.000000E+00
        4.260409E+32 -9.999860E+00 -1.999885E+00 -3.053960E-01 -3.053960E-01
    56    27695.7313    8.06680386  8.600240E+08  1.457631E+07  3.101019E+32
        7.646691E+00  2.342081E+01  6.660035E+00  0.0000000000  0.000000E+00
        3.597563E+32 -9.999860E+00 -1.999885E+00 -3.053960E-01 -3.053960E-01
    57    27191.0494    8.06816730  8.586750E+08  1.590825E+07  2.872060E+32
        7.637931E+00  2.342164E+01  6.660630E+00  0.0000000000  0.000000E+00
        3.021167E+32 -9.999860E+00 -1.999885E+00 -3.053960E-01 -3.053960E-01
    58    26713.0870    8.06948115  8.573772E+08  1.738493E+07  2.667302E+32
        7.628795E+00  2.342246E+01  6.661221E+00  0.0000000000  0.000000E+00
        2.524545E+32 -9.999860E+00 -1.999885E+00 -3.053960E-01 -3.053960E-01
    59    26247.3281    8.07076767  8.561082E+08  1.903536E+07  2.478733E+32
        7.619214E+00  2.342329E+01  6.661817E+00  0.0000000000  0.000000E+00
        2.095932E+32 -9.999860E+00 -1.999885E+00 -3.053960E-01 -3.053960E-01
    60    25800.8246    8.07201367  8.548810E+08  2.086298E+07  2.307691E+32
        7.609273E+00  2.342411E+01  6.662412E+00  0.0000000000  0.000000E+00
        1.731291E+32 -9.999860E+00 -1.999885E+00 -3.053960E-01 -3.053960E-01
    61    25368.2775    8.07322755  8.536871E+08  2.289154E+07  2.150767E+32
        7.598952E+00  2.342493E+01  6.663003E+00  0.0000000000  0.000000E+00
        1.421796E+32 -9.999860E+00 -1.999885E+00 -3.053960E-01 -3.053960E-01
    62    24952.4283    8.07440397  8.525316E+08  2.513260E+07  2.007725E+32
        7.588298E+00  2.342573E+01  6.663587E+00  0.0000000000  0.000000E+00
        1.161378E+32 -9.999860E+00 -1.999885E+00 -3.053960E-01 -3.053960E-01
    63    24547.0247    8.07555049  8.514071E+08  2.760788E+07  1.875435E+32
        7.577308E+00  2.342653E+01  6.664161E+00  0.0000000000  0.000000E+00
        9.431320E+31 -9.999860E+00 -1.999885E+00 -3.053960E-01 -3.053960E-01
    64    24154.6084    8.07666069  8.503195E+08  3.032094E+07  1.753865E+32
        7.566054E+00  2.342730E+01  6.664720E+00  0.0000000000  0.000000E+00
        7.621304E+31 -9.999860E+00 -1.999885E+00 -3.053960E-01 -3.053960E-01
    65    23771.2446    8.07774105  8.492625E+08  3.328821E+07  1.641057E+32
        7.554548E+00  2.342804E+01  6.665263E+00  0.0000000000  0.000000E+00
        6.127004E+31 -9.999860E+00 -1.999885E+00 -3.053960E-01 -3.053960E-01
    66    23396.2076    8.07879298  8.482346E+08  3.651181E+07  1.536193E+32
        7.542845E+00  2.342876E+01  6.665788E+00  0.0000000000  0.000000E+00
        4.904028E+31 -9.999860E+00 -1.999885E+00 -3.053960E-01 -3.053960E-01
    67    23028.8880    8.07981848  8.472338E+08  3.999499E+07  1.438568E+32
        7.530989E+00  2.342946E+01  6.666298E+00  0.0000000000  0.000000E+00
        3.909833E+31 -9.999860E+00 -1.999885E+00 -3.053960E-01 -3.053960E-01
    68    22668.6445    8.08081961  8.462578E+08  4.374112E+07  1.347533E+32
        7.519014E+00  2.343014E+01  6.666791E+00  0.0000000000  0.000000E+00
        3.106069E+31 -9.999860E+00 -1.999885E+00 -3.053960E-01 -3.053960E-01
    69    22314.9733    8.08179798  8.453051E+08  4.775213E+07  1.262538E+32
        7.506949E+00  2.343079E+01  6.667271E+00  0.0000000000  0.000000E+00
        2.459489E+31 -9.999860E+00 -1.999885E+00 -3.053960E-01 -3.053960E-01
    70    21967.3841    8.08275423  8.443750E+08  5.202837E+07  1.183085E+32
        7.494819E+00  2.343143E+01  6.667736E+00  0.0000000000  0.000000E+00
        1.941731E+31 -9.999860E+00 -1.999885E+00 -3.053960E-01 -3.053960E-01
    71    21625.5480    8.08368823  8.434675E+08  5.656849E+07  1.108759E+32
        7.482648E+00  2.343205E+01  6.668189E+00  0.0000000000  0.000000E+00
        1.528911E+31 -9.999860E+00 -1.999885E+00 -3.053960E-01 -3.053960E-01
    72    21289.3679    8.08460081  8.425818E+08  6.137018E+07  1.039219E+32
        7.470453E+00  2.343265E+01  6.668631E+00  0.0000000000  0.000000E+00
        1.201076E+31 -9.999860E+00 -1.999885E+00 -3.053960E-01 -3.053960E-01
    73    20958.6431    8.08549308  8.417167E+08  6.643196E+07  9.741291E+31
        7.458251E+00  2.343324E+01  6.669064E+00  0.0000000000  0.000000E+00
        9.416264E+30 -9.999860E+00 -1.999885E+00 -3.053960E-01 -3.053960E-01
    74    20633.2181    8.08636493  8.408723E+08  7.175234E+07  9.131874E+31
        7.446053E+00  2.343382E+01  6.669487E+00  0.0000000000  0.000000E+00
        7.369264E+30 -9.999860E+00 -1.999885E+00 -3.053960E-01 -3.053960E-01
    75    20312.9911    8.08721615  8.400486E+08  7.732992E+07  8.561233E+31
        7.433870E+00  2.343438E+01  6.669901E+00  0.0000000000  0.000000E+00
        5.758643E+30 -9.999860E+00 -1.999885E+00 -3.053960E-01 -3.053960E-01
    76    19998.0269    8.08804679  8.392456E+08  8.316380E+07  8.027102E+31
        7.421712E+00  2.343493E+01  6.670303E+00  0.0000000000  0.000000E+00
        4.494354E+30 -9.999860E+00 -1.999885E+00 -3.053960E-01 -3.053960E-01
    77    19687.9239    8.08885768  8.384625E+08  8.925459E+07  7.526602E+31
        7.409581E+00  2.343547E+01  6.670695E+00  0.0000000000  0.000000E+00
        3.503881E+30 -9.999860E+00 -1.999885E+00 -3.053960E-01 -3.053960E-01
    78    19383.0261    8.08964854  8.376994E+08  9.560087E+07  7.058213E+31
        7.397484E+00  2.343598E+01  6.671075E+00  0.0000000000  0.000000E+00
        2.729519E+30 -9.999860E+00 -1.999885E+00 -3.053960E-01 -3.053960E-01
    79    19082.9289    8.09041852  8.369572E+08  1.022055E+08  6.619399E+31
        7.385420E+00  2.343648E+01  6.671441E+00  0.0000000000  0.000000E+00
        2.124892E+30 -9.999860E+00 -1.999885E+00 -3.053960E-01 -3.053960E-01
    80    18787.6278    8.09116891  8.362344E+08  1.090676E+08  6.208345E+31
        7.373398E+00  2.343697E+01  6.671797E+00  0.0000000000  0.000000E+00
        1.653697E+30 -9.999860E+00 -1.999885E+00 -3.053960E-01 -3.053960E-01
    81    18497.2143    8.09190088  8.355300E+08  1.161907E+08  5.823464E+31
        7.361423E+00  2.343745E+01  6.672149E+00  0.0000000000  0.000000E+00
        1.286863E+30 -9.999860E+00 -1.999885E+00 -3.053960E-01 -3.053960E-01
    82    18211.4901    8.09261382  8.348445E+08  1.235807E+08  5.462923E+31
        7.349491E+00  2.343792E+01  6.672494E+00  0.0000000000  0.000000E+00
        1.001396E+30 -9.999860E+00 -1.999885E+00 -3.053960E-01 -3.053960E-01
    83    17930.4644    8.09330743  8.341781E+08  1.312407E+08  5.125257E+31
        7.337604E+00  2.343838E+01  6.672830E+00  0.0000000000  0.000000E+00
        7.794083E+29 -9.999860E+00 -1.999885E+00 -3.053960E-01 -3.053960E-01
    84    17654.2195    8.09398238  8.335301E+08  1.391743E+08  4.809154E+31
        7.325765E+00  2.343882E+01  6.673152E+00  0.0000000000  0.000000E+00
        6.068642E+29 -9.999860E+00 -1.999885E+00 -3.053960E-01 -3.053960E-01
    85    17382.8889    8.09464076  8.328986E+08  1.473863E+08  4.513402E+31
        7.313971E+00  2.343924E+01  6.673459E+00  0.0000000000  0.000000E+00
        4.727761E+29 -9.999860E+00 -1.999885E+00 -3.053960E-01 -3.053960E-01
    86    17116.9744    8.09528479  8.322812E+08  1.558832E+08  4.237212E+31
        7.302222E+00  2.343964E+01  6.673750E+00  0.0000000000  0.000000E+00
        3.685496E+29 -9.999860E+00 -1.999885E+00 -3.053960E-01 -3.053960E-01
    87    16856.3322    8.09591671  8.316759E+08  1.646757E+08  3.979171E+31
        7.290512E+00  2.344001E+01  6.674025E+00  0.0000000000  0.000000E+00
        2.874793E+29 -9.999860E+00 -1.999885E+00 -3.053960E-01 -3.053960E-01
    88    16600.8559    8.09653935  8.310800E+08  1.737710E+08  3.738002E+31
        7.278843E+00  2.344037E+01  6.674288E+00  0.0000000000  0.000000E+00
        2.244098E+29 -9.999860E+00 -1.999885E+00 -3.053960E-01 -3.053960E-01
    89    16350.6200    8.09715474  8.304914E+08  1.831763E+08  3.512684E+31
        7.267217E+00  2.344071E+01  6.674540E+00  0.0000000000  0.000000E+00
        1.753258E+29 -9.999860E+00 -1.999885E+00 -3.053960E-01 -3.053960E-01
    90    16105.1916    8.09776432  8.299087E+08  1.929004E+08  3.301842E+31
        7.255633E+00  2.344104E+01  6.674783E+00  0.0000000000  0.000000E+00
        1.371058E+29 -9.999860E+00 -1.999885E+00 -3.053960E-01 -3.053960E-01
    91    15864.6161    8.09836754  8.293326E+08  2.029454E+08  3.104615E+31
        7.244096E+00  2.344137E+01  6.675020E+00  0.0000000000  0.000000E+00
        1.073451E+29 -9.999860E+00 -1.999885E+00 -3.053960E-01 -3.053960E-01
    92    15628.6421    8.09896271  8.287645E+08  2.133161E+08  2.919976E+31
        7.232610E+00  2.344168E+01  6.675251E+00  0.0000000000  0.000000E+00
        8.416104E+28 -9.999860E+00 -1.999885E+00 -3.053960E-01 -3.053960E-01
    93    15396.9020    8.09954763  8.282066E+08  2.240133E+08  2.746899E+31
        7.221182E+00  2.344199E+01  6.675478E+00  0.0000000000  0.000000E+00
        6.609870E+28 -9.999860E+00 -1.999885E+00 -3.053960E-01 -3.053960E-01
    94    15169.4182    8.10011779  8.276631E+08  2.350328E+08  2.584728E+31
        7.209820E+00  2.344228E+01  6.675692E+00  0.0000000000  0.000000E+00
        5.202359E+28 -9.999860E+00 -1.999885E+00 -3.053960E-01 -3.053960E-01
    95    14946.4221    8.10067305  8.271342E+08  2.463731E+08  2.432948E+31
        7.198535E+00  2.344256E+01  6.675892E+00  0.0000000000  0.000000E+00
        4.104640E+28 -9.999860E+00 -1.999885E+00 -3.053960E-01 -3.053960E-01
    96    14728.0203    8.10121559  8.266177E+08  2.580404E+08  2.290967E+31
        7.187329E+00  2.344282E+01  6.676082E+00  0.0000000000  0.000000E+00
        3.246997E+28 -9.999860E+00 -1.999885E+00 -3.053960E-01 -3.053960E-01
    97    14514.2220    8.10174738  8.261118E+08  2.700416E+08  2.158165E+31
        7.176203E+00  2.344307E+01  6.676266E+00  0.0000000000  0.000000E+00
        2.575554E+28 -9.999860E+00 -1.999885E+00 -3.053960E-01 -3.053960E-01
    98    14304.9734    8.10226938  8.256154E+08  2.823815E+08  2.033929E+31
        7.165158E+00  2.344332E+01  6.676446E+00  0.0000000000  0.000000E+00
        2.048835E+28 -9.999860E+00 -1.999885E+00 -3.053960E-01 -3.053960E-01
    99    14100.2507    8.10278234  8.251280E+08  2.950626E+08  1.917706E+31
        7.154199E+00  2.344357E+01  6.676626E+00  0.0000000000  0.000000E+00
        1.634829E+28 -9.999860E+00 -1.999885E+00 -3.053960E-01 -3.053960E-01
   100    13900.0467    8.10328684  8.246489E+08  3.080848E+08  1.808986E+31
        7.143329E+00  2.344382E+01  6.676808E+00  0.0000000000  0.000000E+00
        1.308755E+28 -9.999860E+00 -1.999885E+00 -3.053960E-01 -3.053960E-01
   101    13704.3330    8.10378141  8.241795E+08  3.214460E+08  1.707290E+31
        7.132552E+00  2.344407E+01  6.676991E+00  0.0000000000  0.000000E+00
        1.051371E+28 -9.999860E+00 -1.999885E+00 -3.053960E-01 -3.053960E-01
   102    13513.1595    8.10426413  8.237215E+08  3.351373E+08  1.612206E+31
        7.121880E+00  2.344431E+01  6.677172E+00  0.0000000000  0.000000E+00
        8.477827E+27 -9.999860E+00 -1.999885E+00 -3.053960E-01 -3.053960E-01
   103    13326.7150    8.10473346  8.232766E+08  3.491382E+08  1.523407E+31
        7.111328E+00  2.344455E+01  6.677349E+00  0.0000000000  0.000000E+00
        6.864673E+27 -9.999860E+00 -1.999885E+00 -3.053960E-01 -3.053960E-01
   104    13145.4888    8.10518750  8.228463E+08  3.633985E+08  1.440710E+31
        7.100931E+00  2.344479E+01  6.677520E+00  0.0000000000  0.000000E+00
        5.585760E+27 -9.999860E+00 -1.999885E+00 -3.053960E-01 -3.053960E-01
   105    12970.6408    8.10562336  8.224335E+08  3.778021E+08  1.364204E+31
        7.090764E+00  2.344501E+01  6.677682E+00  0.0000000000  0.000000E+00
        4.574231E+27 -9.999860E+00 -1.999885E+00 -3.053960E-01 -3.053960E-01
   106    12804.8125    8.10603570  8.220432E+08  3.920814E+08  1.294536E+31
        7.080992E+00  2.344521E+01  6.677833E+00  0.0000000000  0.000000E+00
        3.781867E+27 -9.999860E+00 -1.999885E+00 -3.053960E-01 -3.053960E-01
   107    12654.2182    8.10641215  8.216870E+08  4.055938E+08  1.233633E+31
        7.072005E+00  2.344539E+01  6.677965E+00  0.0000000000  0.000000E+00
        3.179973E+27 -9.999860E+00 -1.999885E+00 -3.053960E-01 -3.053960E-01
   108    12526.6710    8.10673529  8.213814E+08  4.174556E+08  1.183762E+31
        7.064305E+00  2.344554E+01  6.678074E+00  0.0000000000  0.000000E+00
        2.744595E+27 -9.999860E+00 -1.999885E+00 -3.053960E-01 -3.053960E-01
   109    12419.3987    8.10701208  8.211197E+08  4.277422E+08  1.143002E+31
        7.057764E+00  2.344566E+01  6.678164E+00  0.0000000000  0.000000E+00
        2.424232E+27 -9.999860E+00 -1.999885E+00 -3.053960E-01 -3.053960E-01
   110    12324.7552    8.10726030  8.208850E+08  4.370667E+08  1.107924E+31
        7.051944E+00  2.344577E+01  6.678244E+00  0.0000000000  0.000000E+00
        2.172358E+27 -9.999860E+00 -1.999885E+00 -3.053960E-01 -3.053960E-01
   111    12237.3230    8.10749300  8.206651E+08  4.458988E+08  1.076241E+31
        7.046526E+00  2.344587E+01  6.678319E+00  0.0000000000  0.000000E+00
        1.962699E+27 -9.999860E+00 -1.999885E+00 -3.053960E-01 -3.053960E-01
   112    12154.7739    8.10771540  8.204550E+08  4.544371E+08  1.046958E+31
        7.041374E+00  2.344597E+01  6.678390E+00  0.0000000000  0.000000E+00
        1.783143E+27 -9.999860E+00 -1.999885E+00 -3.053960E-01 -3.053960E-01
   113    12075.3603    8.10793174  8.202507E+08  4.628408E+08  1.019355E+31
        7.036384E+00  2.344606E+01  6.678458E+00  0.0000000000  0.000000E+00
        1.625766E+27 -9.999860E+00 -1.999885E+00 -3.053960E-01 -3.053960E-01
   114    11998.0717    8.10814486  8.200495E+08  4.712042E+08  9.930198E+30
        7.031494E+00  2.344615E+01  6.678525E+00  0.0000000000  0.000000E+00
        1.485816E+27 -9.999860E+00 -1.999885E+00 -3.053960E-01 -3.053960E-01
   115    11922.7334    8.10835492  8.198512E+08  4.795366E+08  9.678440E+30
        7.026697E+00  2.344624E+01  6.678590E+00  0.0000000000  0.000000E+00
        1.360897E+27 -9.999860E+00 -1.999885E+00 -3.053960E-01 -3.053960E-01
   116    11848.7588    8.10856244  8.196553E+08  4.878958E+08  9.435957E+30
        7.021957E+00  2.344632E+01  6.678653E+00  0.0000000000  0.000000E+00
        1.248384E+27 -9.999860E+00 -1.999885E+00 -3.053960E-01 -3.053960E-01
   117    11774.9150    8.10877049  8.194590E+08  4.964212E+08  9.198512E+30
        7.017196E+00  2.344641E+01  6.678717E+00  0.0000000000  0.000000E+00
        1.145287E+27 -9.999860E+00 -1.999885E+00 -3.053960E-01 -3.053960E-01
   118    11700.8753    8.10898079  8.192607E+08  5.051568E+08  8.964985E+30
        7.012391E+00  2.344649E+01  6.678780E+00  0.0000000000  0.000000E+00
        1.050401E+27 -9.999860E+00 -1.999885E+00 -3.053960E-01 -3.053960E-01
   119    11627.4653    8.10919178  8.190617E+08  5.140087E+08  8.737866E+30
        7.007597E+00  2.344657E+01  6.678843E+00  0.0000000000  0.000000E+00
        9.640249E+26 -9.999860E+00 -1.999885E+00 -3.053960E-01 -3.053960E-01
   120    11555.3145    8.10940133  8.188641E+08  5.228978E+08  8.518884E+30
        7.002856E+00  2.344666E+01  6.678904E+00  0.0000000000  0.000000E+00
        8.860087E+26 -9.999860E+00 -1.999885E+00 -3.053960E-01 -3.053960E-01
   121    11483.9049    8.10960955  8.186678E+08  5.318846E+08  8.306265E+30
        6.998134E+00  2.344674E+01  6.678964E+00  0.0000000000  0.000000E+00
        8.149786E+26 -9.999860E+00 -1.999885E+00 -3.053960E-01 -3.053960E-01
   122    11411.9581    8.10981881  8.184706E+08  5.411340E+08  8.096155E+30
        6.993348E+00  2.344682E+01  6.679023E+00  0.0000000000  0.000000E+00
        7.491518E+26 -9.999860E+00 -1.999885E+00 -3.053960E-01 -3.053960E-01
   123    11338.4610    8.11003138  8.182703E+08  5.507901E+08  7.885732E+30
        6.988429E+00  2.344690E+01  6.679083E+00  0.0000000000  0.000000E+00
        6.873814E+26 -9.999860E+00 -1.999885E+00 -3.053960E-01 -3.053960E-01
   124    11263.2285    8.11024775  8.180665E+08  5.608978E+08  7.674689E+30
        6.983362E+00  2.344698E+01  6.679143E+00  0.0000000000  0.000000E+00
        6.294097E+26 -9.999860E+00 -1.999885E+00 -3.053960E-01 -3.053960E-01
   125    11186.6049    8.11046715  8.178599E+08  5.714304E+08  7.464196E+30
        6.978169E+00  2.344706E+01  6.679202E+00  0.0000000000  0.000000E+00
        5.753809E+26 -9.999860E+00 -1.999885E+00 -3.053960E-01 -3.053960E-01
   126    11109.1942    8.11068796  8.176520E+08  5.823219E+08  7.256033E+30
        6.972887E+00  2.344714E+01  6.679258E+00  0.0000000000  0.000000E+00
        5.254918E+26 -9.999860E+00 -1.999885E+00 -3.053960E-01 -3.053960E-01
   127    11031.5156    8.11091025  8.174428E+08  5.935134E+08  7.051597E+30
        6.967552E+00  2.344721E+01  6.679311E+00  0.0000000000  0.000000E+00
        4.797590E+26 -9.999860E+00 -1.999885E+00 -3.053960E-01 -3.053960E-01
   128    10954.5999    8.11112987  8.172361E+08  6.048591E+08  6.853512E+30
        6.962234E+00  2.344728E+01  6.679360E+00  0.0000000000  0.000000E+00
        4.383886E+26 -9.999860E+00 -1.999885E+00 -3.053960E-01 -3.053960E-01
   129    10877.5964    8.11134975  8.170293E+08  6.164916E+08  6.659460E+30
        6.956875E+00  2.344734E+01  6.679408E+00  0.0000000000  0.000000E+00
        4.005290E+26 -9.999860E+00 -1.999885E+00 -3.053960E-01 -3.053960E-01
   130    10800.7505    8.11156900  8.168231E+08  6.283811E+08  6.469991E+30
        6.951491E+00  2.344741E+01  6.679453E+00  0.0000000000  0.000000E+00
        3.659943E+26 -9.999860E+00 -1.999885E+00 -3.053960E-01 -3.053960E-01
   131    10723.8715    8.11178805  8.166171E+08  6.405669E+08  6.284566E+30
        6.946068E+00  2.344747E+01  6.679497E+00  0.0000000000  0.000000E+00
        3.344090E+26 -9.999860E+00 -1.999885E+00 -3.053960E-01 -3.053960E-01
   132    10646.7925    8.11200706  8.164112E+08  6.530875E+08  6.102743E+30
        6.940594E+00  2.344753E+01  6.679540E+00  0.0000000000  0.000000E+00
        3.054612E+26 -9.999860E+00 -1.999885E+00 -3.053960E-01 -3.053960E-01
   133    10569.2006    8.11222677  8.162047E+08  6.660068E+08  5.923778E+30
        6.935046E+00  2.344759E+01  6.679584E+00  0.0000000000  0.000000E+00
        2.788348E+26 -9.999860E+00 -1.999885E+00 -3.053960E-01 -3.053960E-01
   134    10490.9852    8.11244708  8.159977E+08  6.793621E+08  5.747447E+30
        6.929415E+00  2.344766E+01  6.679628E+00  0.0000000000  0.000000E+00
        2.543249E+26 -9.999860E+00 -1.999885E+00 -3.053960E-01 -3.053960E-01
   135    10411.8546    8.11266888  8.157894E+08  6.932230E+08  5.573146E+30
        6.923679E+00  2.344772E+01  6.679673E+00  0.0000000000  0.000000E+00
        2.317042E+26 -9.999860E+00 -1.999885E+00 -3.053960E-01 -3.053960E-01
   136    10331.8812    8.11289188  8.155800E+08  7.076027E+08  5.401106E+30
        6.917839E+00  2.344779E+01  6.679721E+00  0.0000000000  0.000000E+00
        2.108667E+26 -9.999860E+00 -1.999885E+00 -3.053960E-01 -3.053960E-01
   137    10250.8773    8.11311786  8.153678E+08  7.225620E+08  5.230982E+30
        6.911881E+00  2.344786E+01  6.679771E+00  0.0000000000  0.000000E+00
        1.916494E+26 -9.999860E+00 -1.999885E+00 -3.053960E-01 -3.053960E-01
   138    10169.3595    8.11335219  8.151479E+08  7.380372E+08  5.063831E+30
        6.905838E+00  2.344793E+01  6.679825E+00  0.0000000000  0.000000E+00
        1.740494E+26 -9.999860E+00 -1.999885E+00 -3.053960E-01 -3.053960E-01
   139    10089.4168    8.11358359  8.149307E+08  7.536301E+08  4.903855E+30
        6.899866E+00  2.344801E+01  6.679882E+00  0.0000000000  0.000000E+00
        1.583365E+26 -9.999860E+00 -1.999885E+00 -3.053960E-01 -3.053960E-01
   140    10009.7185    8.11381257  8.147159E+08  7.695983E+08  4.748231E+30
        6.893870E+00  2.344809E+01  6.679942E+00  0.0000000000  0.000000E+00
        1.440645E+26 -9.999860E+00 -1.999885E+00 -3.053960E-01 -3.053960E-01
   141     9929.3276    8.11404203  8.145007E+08  7.861506E+08  4.595093E+30
        6.887776E+00  2.344818E+01  6.680004E+00  0.0000000000  0.000000E+00
        1.309514E+26 -9.999860E+00 -1.999885E+00 -3.053960E-01 -3.053960E-01
   142     9848.3898    8.11427169  8.142854E+08  8.032832E+08  4.444738E+30
        6.881595E+00  2.344827E+01  6.680070E+00  0.0000000000  0.000000E+00
        1.189340E+26 -9.999860E+00 -1.999885E+00 -3.053960E-01 -3.053960E-01
   143     9767.0586    8.11450118  8.140703E+08  8.209897E+08  4.297451E+30
        6.875336E+00  2.344836E+01  6.680137E+00  0.0000000000  0.000000E+00
        1.079473E+26 -9.999860E+00 -1.999885E+00 -3.053960E-01 -3.053960E-01
   144     9685.4849    8.11473017  8.138557E+08  8.392612E+08  4.153481E+30
        6.869010E+00  2.344845E+01  6.680206E+00  0.0000000000  0.000000E+00
        9.792504E+25 -9.999860E+00 -1.999885E+00 -3.053960E-01 -3.053960E-01
   145     9603.8313    8.11495817  8.136421E+08  8.580841E+08  4.013071E+30
        6.862627E+00  2.344855E+01  6.680275E+00  0.0000000000  0.000000E+00
        8.880234E+25 -9.999860E+00 -1.999885E+00 -3.053960E-01 -3.053960E-01
   146     9522.2096    8.11518481  8.134298E+08  8.774533E+08  3.876351E+30
        6.856196E+00  2.344864E+01  6.680344E+00  0.0000000000  0.000000E+00
        8.051003E+25 -9.999860E+00 -1.999885E+00 -3.053960E-01 -3.053960E-01
   147     9440.7273    8.11540976  8.132192E+08  8.973624E+08  3.743424E+30
        6.849723E+00  2.344873E+01  6.680413E+00  0.0000000000  0.000000E+00
        7.298188E+25 -9.999860E+00 -1.999885E+00 -3.053960E-01 -3.053960E-01
   148     9359.4843    8.11563268  8.130105E+08  9.178046E+08  3.614365E+30
        6.843216E+00  2.344882E+01  6.680479E+00  0.0000000000  0.000000E+00
        6.615482E+25 -9.999860E+00 -1.999885E+00 -3.053960E-01 -3.053960E-01
   149     9278.5671    8.11585320  8.128041E+08  9.387746E+08  3.489213E+30
        6.836682E+00  2.344891E+01  6.680543E+00  0.0000000000  0.000000E+00
        5.996693E+25 -9.999860E+00 -1.999885E+00 -3.053960E-01 -3.053960E-01
   150     9198.0667    8.11607093  8.126004E+08  9.602634E+08  3.368001E+30
        6.830126E+00  2.344899E+01  6.680604E+00  0.0000000000  0.000000E+00
        5.436573E+25 -9.999860E+00 -1.999885E+00 -3.053960E-01 -3.053960E-01
   151     9118.0588    8.11628579  8.123994E+08  9.822651E+08  3.250729E+30
        6.823554E+00  2.344907E+01  6.680661E+00  0.0000000000  0.000000E+00
        4.929706E+25 -9.999860E+00 -1.999885E+00 -3.053960E-01 -3.053960E-01
   152     9038.6055    8.11649873  8.122003E+08  1.004780E+09  3.137357E+30
        6.816972E+00  2.344914E+01  6.680716E+00  0.0000000000  0.000000E+00
        4.471167E+25 -9.999860E+00 -1.999885E+00 -3.053960E-01 -3.053960E-01
   153     8959.7760    8.11671075  8.120020E+08  1.027805E+09  3.027853E+30
        6.810384E+00  2.344922E+01  6.680774E+00  0.0000000000  0.000000E+00
        4.056510E+25 -9.999860E+00 -1.999885E+00 -3.053960E-01 -3.053960E-01
   154     8881.5093    8.11692229  8.118043E+08  1.051371E+09  2.922011E+30
        6.803787E+00  2.344930E+01  6.680833E+00  0.0000000000  0.000000E+00
        3.680963E+25 -9.999860E+00 -1.999885E+00 -3.053960E-01 -3.053960E-01
   155     8804.0444    8.11713232  8.116080E+08  1.075411E+09  2.820029E+30
        6.797201E+00  2.344938E+01  6.680894E+00  0.0000000000  0.000000E+00
        3.341992E+25 -9.999860E+00 -1.999885E+00 -3.053960E-01 -3.053960E-01
   156     8727.2997    8.11734091  8.114131E+08  1.099955E+09  2.721671E+30
        6.790621E+00  2.344946E+01  6.680955E+00  0.0000000000  0.000000E+00
        3.035463E+25 -9.999860E+00 -1.999885E+00 -3.053960E-01 -3.053960E-01
   157     8651.3210    8.11754760  8.112201E+08  1.124992E+09  2.626873E+30
        6.784050E+00  2.344955E+01  6.681016E+00  0.0000000000  0.000000E+00
        2.758317E+25 -9.999860E+00 -1.999885E+00 -3.053960E-01 -3.053960E-01
   158     8576.1068    8.11775194  8.110293E+08  1.150528E+09  2.535512E+30
        6.777492E+00  2.344963E+01  6.681076E+00  0.0000000000  0.000000E+00
        2.507616E+25 -9.999860E+00 -1.999885E+00 -3.053960E-01 -3.053960E-01
   159     8501.6029    8.11795327  8.108413E+08  1.176585E+09  2.447411E+30
        6.770941E+00  2.344970E+01  6.681135E+00  0.0000000000  0.000000E+00
        2.280483E+25 -9.999860E+00 -1.999885E+00 -3.053960E-01 -3.053960E-01
   160     8427.6529    8.11815128  8.106565E+08  1.203222E+09  2.362285E+30
        6.764385E+00  2.344978E+01  6.681193E+00  0.0000000000  0.000000E+00
        2.074410E+25 -9.999860E+00 -1.999885E+00 -3.053960E-01 -3.053960E-01
   161     8354.1148    8.11834640  8.104744E+08  1.230506E+09  2.279882E+30
        6.757812E+00  2.344985E+01  6.681247E+00  0.0000000000  0.000000E+00
        1.886957E+25 -9.999860E+00 -1.999885E+00 -3.053960E-01 -3.053960E-01
   162     8281.1694    8.11853764  8.102960E+08  1.258378E+09  2.200321E+30
        6.751238E+00  2.344992E+01  6.681299E+00  0.0000000000  0.000000E+00
        1.716837E+25 -9.999860E+00 -1.999885E+00 -3.053960E-01 -3.053960E-01
   163     8208.7233    8.11872524  8.101210E+08  1.286886E+09  2.123412E+30
        6.744656E+00  2.344999E+01  6.681346E+00  0.0000000000  0.000000E+00
        1.562141E+25 -9.999860E+00 -1.999885E+00 -3.053960E-01 -3.053960E-01
   164     8136.8374    8.11890961  8.099490E+08  1.316019E+09  2.049132E+30
        6.738072E+00  2.345005E+01  6.681390E+00  0.0000000000  0.000000E+00
        1.421705E+25 -9.999860E+00 -1.999885E+00 -3.053960E-01 -3.053960E-01
   165     8065.5377    8.11909043  8.097804E+08  1.345778E+09  1.977424E+30
        6.731488E+00  2.345010E+01  6.681430E+00  0.0000000000  0.000000E+00
        1.294167E+25 -9.999860E+00 -1.999885E+00 -3.053960E-01 -3.053960E-01
   166     7994.7045    8.11926845  8.096145E+08  1.376227E+09  1.908087E+30
        6.724894E+00  2.345015E+01  6.681465E+00  0.0000000000  0.000000E+00
        1.178073E+25 -9.999860E+00 -1.999885E+00 -3.053960E-01 -3.053960E-01
   167     7924.5146    8.11944330  8.094515E+08  1.407304E+09  1.841214E+30
        6.718307E+00  2.345020E+01  6.681497E+00  0.0000000000  0.000000E+00
        1.072750E+25 -9.999860E+00 -1.999885E+00 -3.053960E-01 -3.053960E-01
   168     7854.9217    8.11961533  8.092912E+08  1.439041E+09  1.776679E+30
        6.711724E+00  2.345024E+01  6.681526E+00  0.0000000000  0.000000E+00
        9.770531E+24 -9.999860E+00 -1.999885E+00 -3.053960E-01 -3.053960E-01
   169     7785.9761    8.11978461  8.091335E+08  1.471436E+09  1.714449E+30
        6.705147E+00  2.345028E+01  6.681553E+00  0.0000000000  0.000000E+00
        8.901209E+24 -9.999860E+00 -1.999885E+00 -3.053960E-01 -3.053960E-01
   170     7717.6416    8.11995177  8.089778E+08  1.504515E+09  1.654412E+30
        6.698575E+00  2.345032E+01  6.681580E+00  0.0000000000  0.000000E+00
        8.110635E+24 -9.999860E+00 -1.999885E+00 -3.053960E-01 -3.053960E-01
   171     7650.1074    8.12011651  8.088244E+08  1.538195E+09  1.596653E+30
        6.692025E+00  2.345036E+01  6.681605E+00  0.0000000000  0.000000E+00
        7.394050E+24 -9.999860E+00 -1.999885E+00 -3.053960E-01 -3.053960E-01
   172     7583.3503    8.12027917  8.086729E+08  1.572492E+09  1.541070E+30
        6.685497E+00  2.345040E+01  6.681631E+00  0.0000000000  0.000000E+00
        6.743731E+24 -9.999860E+00 -1.999885E+00 -3.053960E-01 -3.053960E-01
   173     7517.4347    8.12043975  8.085234E+08  1.607381E+09  1.487633E+30
        6.678997E+00  2.345044E+01  6.681658E+00  0.0000000000  0.000000E+00
        6.153787E+24 -9.999860E+00 -1.999885E+00 -3.053960E-01 -3.053960E-01
   174     7452.3247    8.12059865  8.083755E+08  1.642869E+09  1.436235E+30
        6.672524E+00  2.345049E+01  6.681687E+00  0.0000000000  0.000000E+00
        5.618118E+24 -9.999860E+00 -1.999885E+00 -3.053960E-01 -3.053960E-01
   175     7372.6444    8.12079363  8.081941E+08  1.687869E+09  1.375170E+30
        6.664528E+00  2.345054E+01  6.681726E+00  0.0000000000  0.000000E+00
        5.021386E+24 -9.999860E+00 -1.999885E+00 -3.053960E-01 -3.053960E-01
   176     7258.9595    8.12107105  8.079360E+08  1.755369E+09  1.291467E+30
        6.652978E+00  2.345062E+01  6.681786E+00  0.0000000000  0.000000E+00
        4.270553E+24 -9.999860E+00 -1.999885E+00 -3.053960E-01 -3.053960E-01
   177     7100.2567    8.12145523  8.075787E+08  1.856619E+09  1.181131E+30
        6.636553E+00  2.345072E+01  6.681867E+00  0.0000000000  0.000000E+00
        3.393864E+24 -9.999860E+00 -1.999885E+00 -3.053960E-01 -3.053960E-01
   178     6939.3810    8.12185210  8.072098E+08  1.972076E+09  1.076683E+30
        6.622262E+00  2.345083E+01  6.681994E+00  0.0061745865 -2.689902E-03
        2.663178E+24 -9.999860E+00 -1.999885E+00 -3.053960E-01 -3.053960E-01
   179     6802.8157    8.12221126  8.068761E+08  2.094143E+09  9.935747E+29
        6.609515E+00  2.345093E+01  6.682063E+00  0.0337150811 -1.489480E-02
        2.157723E+24 -9.999860E+00 -1.999885E+00 -3.053960E-01 -3.053960E-01
   180     6674.9761    8.12258670  8.065274E+08  2.233636E+09  9.201722E+29
        6.594603E+00  2.345105E+01  6.682140E+00  0.0734418739 -3.312733E-02
        1.741258E+24 -9.999860E+00 -1.999885E+00 -3.053960E-01 -3.053960E-01
   181     6559.2466    8.12297369  8.061682E+08  2.380875E+09  8.572334E+29
        6.580700E+00  2.345118E+01  6.682233E+00  0.1180575749 -5.455977E-02
        1.420277E+24 -9.999860E+00 -1.999885E+00 -3.053960E-01 -3.053960E-01
   182     6458.5792    8.12334949  8.058195E+08  2.529710E+09  8.051104E+29
        6.567314E+00  2.345131E+01  6.682327E+00  0.1630793492 -7.731572E-02
        1.163834E+24 -9.999860E+00 -1.999885E+00 -3.053960E-01 -3.053960E-01
   183     6363.0617    8.12371415  8.054812E+08  2.683601E+09  7.578921E+29
        6.554167E+00  2.345144E+01  6.682427E+00  0.2087610068 -1.016923E-01
        9.534521E+23 -9.999860E+00 -1.999885E+00 -3.053960E-01 -3.053960E-01
   184     6276.3884    8.12405831  8.051621E+08  2.842276E+09  7.168659E+29
        6.541201E+00  2.345155E+01  6.682512E+00  0.2554908849 -1.281300E-01
        7.825552E+23 -9.999860E+00 -1.999885E+00 -3.053960E-01 -3.053960E-01
   185     6194.6971    8.12440801  8.048380E+08  3.009893E+09  6.797188E+29
        6.527467E+00  2.345165E+01  6.682587E+00  0.3060421370 -1.586669E-01
        6.335623E+23 -9.999860E+00 -1.999885E+00 -3.053960E-01 -3.053960E-01
   186     6125.2357    8.12473292  8.045370E+08  3.179551E+09  6.492550E+29
        6.514237E+00  2.345173E+01  6.682648E+00  0.3496867570 -1.868774E-01
        5.161490E+23 -9.999860E+00 -1.999885E+00 -3.053960E-01 -3.053960E-01
   187     6059.2975    8.12506075  8.042334E+08  3.361271E+09  6.212770E+29
        6.500082E+00  2.345181E+01  6.682710E+00  0.4000223647 -2.218649E-01
        4.132014E+23 -9.999860E+00 -1.999885E+00 -3.053960E-01 -3.053960E-01
   188     5997.2500    8.12538447  8.039337E+08  3.551345E+09  5.957734E+29
        6.485288E+00  2.345191E+01  6.682782E+00  0.4465031763 -2.568849E-01
        3.280365E+23 -9.999860E+00 -1.999885E+00 -3.053960E-01 -3.053960E-01
   189     5931.7510    8.12572718  8.036166E+08  3.752010E+09  5.697199E+29
        6.468701E+00  2.345204E+01  6.682874E+00  0.4989074194 -3.000820E-01
        2.527608E+23 -9.999860E+00 -1.999885E+00 -3.053960E-01 -3.053960E-01
   190     5870.8021    8.12604266  8.033248E+08  3.948293E+09  5.462659E+29
        6.452644E+00  2.345218E+01  6.682968E+00  0.5462755831 -3.432078E-01
        1.972867E+23 -9.999860E+00 -1.999885E+00 -3.053960E-01 -3.053960E-01
   191     5811.5147    8.12635342  8.030374E+08  4.150397E+09  5.241564E+29
        6.435855E+00  2.345231E+01  6.683059E+00  0.5933838672 -3.908154E-01
        1.517546E+23 -9.999860E+00 -1.999885E+00 -3.053960E-01 -3.053960E-01
   192     5755.5028    8.12664207  8.027706E+08  4.352308E+09  5.039042E+29
        6.418882E+00  2.345241E+01  6.683130E+00  0.6346862285 -4.373340E-01
        1.163608E+23 -9.999860E+00 -1.999885E+00 -3.053960E-01 -3.053960E-01
   193     5698.1307    8.12692445  8.025097E+08  4.554958E+09  4.837959E+29
        6.400786E+00  2.345249E+01  6.683181E+00  0.6801105719 -4.950001E-01
        8.612745E+22 -9.999860E+00 -1.999885E+00 -3.053960E-01 -3.053960E-01
   194     5643.8043    8.12716953  8.022832E+08  4.747154E+09  4.653452E+29
        6.383498E+00  2.345253E+01  6.683211E+00  0.7144099916 -5.442570E-01
        6.447055E+22 -9.999860E+00 -1.999885E+00 -3.053960E-01 -3.053960E-01
   195     5585.7535    8.12741668  8.020550E+08  4.940720E+09  4.462388E+29
        6.365021E+00  2.345258E+01  6.683240E+00  0.7522171700 -6.059288E-01
        4.693737E+22 -9.999860E+00 -1.999885E+00 -3.053960E-01 -3.053960E-01
   196     5531.2552    8.12763892  8.018498E+08  5.122850E+09  4.288573E+29
        6.347387E+00  2.345263E+01  6.683271E+00  0.7838493789 -6.652435E-01
        3.475450E+22 -9.999860E+00 -1.999885E+00 -3.053960E-01 -3.053960E-01
   197     5475.0074    8.12786589  8.016403E+08  5.303288E+09  4.114622E+29
        6.328954E+00  2.345269E+01  6.683316E+00  0.8139135825 -7.302853E-01
        2.517659E+22 -9.999860E+00 -1.999885E+00 -3.053960E-01 -3.053960E-01
   198     5423.0695    8.12806693  8.014548E+08  5.472170E+09  3.958865E+29
        6.311419E+00  2.345274E+01  6.683347E+00  0.8382789404 -7.912334E-01
        1.854733E+22 -9.999860E+00 -1.999885E+00 -3.053960E-01 -3.053960E-01
   199     5371.1947    8.12825683  8.012796E+08  5.638319E+09  3.807884E+29
        6.293775E+00  2.345277E+01  6.683372E+00  0.8612115751 -8.576468E-01
        1.361196E+22 -9.999860E+00 -1.999885E+00 -3.053960E-01 -3.053960E-01
   200     5319.6088    8.12843286  8.011172E+08  5.799657E+09  3.662207E+29
        6.276245E+00  2.345281E+01  6.683396E+00  0.8791341896 -9.176965E-01
        1.002892E+22 -9.999860E+00 -1.999885E+00 -3.053960E-01 -3.053960E-01
   201     5266.8117    8.12860733  8.009563E+08  5.956614E+09  3.517554E+29
        6.258333E+00  2.345286E+01  6.683428E+00  0.8991036618 -9.961246E-01
        7.335637E+21 -9.999860E+00 -1.999885E+00 -3.053960E-01 -3.053960E-01
   202     5218.0674    8.12876939  8.008069E+08  6.103638E+09  3.387867E+29
        6.241157E+00  2.345291E+01  6.683466E+00  0.9114247424 -1.052688E+00
        5.439401E+21 -9.999860E+00 -1.999885E+00 -3.053960E-01 -3.053960E-01
   203     5170.0044    8.12893004  8.006588E+08  6.247455E+09  3.263552E+29
        6.223918E+00  2.345297E+01  6.683509E+00  0.9256427239 -1.128677E+00
        4.020005E+21 -9.999860E+00 -1.999885E+00 -3.053960E-01 -3.053960E-01
   204     5120.6108    8.12908605  8.005150E+08  6.386313E+09  3.139482E+29
        6.206515E+00  2.345303E+01  6.683551E+00  0.9384758708 -1.210955E+00
        2.960707E+21 -9.999860E+00 -1.999885E+00 -3.053960E-01 -3.053960E-01
   205     5072.6109    8.12922019  8.003914E+08  6.516352E+09  3.022477E+29
        6.189808E+00  2.345308E+01  6.683585E+00  0.9476949220 -1.281456E+00
        2.223132E+21 -9.999860E+00 -1.999885E+00 -3.053960E-01 -3.053960E-01
   206     5022.7287    8.12933953  8.002814E+08  6.643730E+09  2.904533E+29
        6.173056E+00  2.345311E+01  6.683608E+00  0.9559413039 -1.355968E+00
        1.666797E+21 -9.999860E+00 -1.999885E+00 -3.053960E-01 -3.053960E-01
   207     4971.5655    8.12944245  8.001866E+08  6.767483E+09  2.787322E+29
        6.156411E+00  2.345313E+01  6.683623E+00  0.9631766276 -1.433876E+00
        1.251146E+21 -9.999860E+00 -1.999885E+00 -3.053960E-01 -3.053960E-01
   208     4918.7142    8.12953387  8.001024E+08  6.887868E+09  2.670112E+29
        6.139868E+00  2.345313E+01  6.683635E+00  0.9679165201 -1.493719E+00
        9.447736E+20 -9.999860E+00 -1.999885E+00 -3.053960E-01 -3.053960E-01
   209     4863.8047    8.12962065  8.000224E+08  7.005478E+09  2.552354E+29
        6.123376E+00  2.345314E+01  6.683646E+00  0.9733215202 -1.573839E+00
        7.140938E+20 -9.999860E+00 -1.999885E+00 -3.053960E-01 -3.053960E-01
   210     4806.7268    8.12970745  7.999425E+08  7.120759E+09  2.434150E+29
        6.106918E+00  2.345315E+01  6.683661E+00  0.9778159568 -1.653959E+00
        5.402639E+20 -9.999860E+00 -1.999885E+00 -3.053960E-01 -3.053960E-01
   211     4747.7675    8.12979865  7.998585E+08  7.234314E+09  2.316414E+29
        6.090460E+00  2.345319E+01  6.683685E+00  0.9815532295 -1.734080E+00
        4.107610E+20 -9.999860E+00 -1.999885E+00 -3.053960E-01 -3.053960E-01
   212     4687.6259    8.12989506  7.997697E+08  7.346495E+09  2.200765E+29
        6.073992E+00  2.345324E+01  6.683720E+00  0.9846608956 -1.814200E+00
        3.110882E+20 -9.999860E+00 -1.999885E+00 -3.053960E-01 -3.053960E-01
   213     4626.2609    8.12999199  7.996805E+08  7.457407E+09  2.087303E+29
        6.057453E+00  2.345330E+01  6.683761E+00  0.9866429742 -1.874290E+00
        2.374754E+20 -9.999860E+00 -1.999885E+00 -3.053960E-01 -3.053960E-01
   214     4564.6256    8.13008133  7.995982E+08  7.565195E+09  1.977863E+29
        6.041077E+00  2.345336E+01  6.683798E+00  0.9872450227 -1.894320E+00
        1.812108E+20 -9.999860E+00 -1.999885E+00 -3.053960E-01 -3.053960E-01
   215     4505.2489    8.13015548  7.995300E+08  7.669786E+09  1.876621E+29
        6.025030E+00  2.345339E+01  6.683822E+00  0.9878199348 -1.914350E+00
        1.396747E+20 -9.999860E+00 -1.999885E+00 -3.053960E-01 -3.053960E-01
   216     4443.6213    8.13022333  7.994675E+08  7.775006E+09  1.775750E+29
        6.008710E+00  2.345342E+01  6.683842E+00  0.9878199348 -1.914350E+00
        1.071975E+20 -9.999860E+00 -1.999885E+00 -3.053960E-01 -3.053960E-01
   217     4382.6371    8.13029474  7.994018E+08  7.878552E+09  1.679981E+29
        5.992558E+00  2.345347E+01  6.683875E+00  0.9883689334 -1.934380E+00
        8.257573E+19 -9.999860E+00 -1.999885E+00 -3.053960E-01 -3.053960E-01
   218     4320.6492    8.13036678  7.993355E+08  7.983034E+09  1.586669E+29
        5.976193E+00  2.345353E+01  6.683916E+00  0.9883689334 -1.934380E+00
        6.342736E+19 -9.999860E+00 -1.999885E+00 -3.053960E-01 -3.053960E-01
   219     4259.5193    8.13043369  7.992739E+08  8.088023E+09  1.498531E+29
        5.959769E+00  2.345358E+01  6.683952E+00  0.9883689334 -1.934380E+00
        4.869864E+19 -9.999860E+00 -1.999885E+00 -3.053960E-01 -3.053960E-01
   220     4196.0378    8.13049298  7.992194E+08  8.194626E+09  1.410982E+29
        5.942948E+00  2.345361E+01  6.683975E+00  0.9883689334 -1.934380E+00
        3.716110E+19 -9.999860E+00 -1.999885E+00 -3.053960E-01 -3.053960E-01
   221     4135.1927    8.13053875  7.991773E+08  8.298540E+09  1.330765E+29
        5.926434E+00  2.345362E+01  6.683980E+00  0.9883689334 -1.934380E+00
        2.857388E+19 -9.999860E+00 -1.999885E+00 -3.053960E-01 -3.053960E-01
   222     4074.8342    8.13057871  7.991405E+08  8.402424E+09  1.254637E+29
        5.909822E+00  2.345362E+01  6.683980E+00  0.9888931867 -1.954411E+00
        2.190099E+19 -9.999860E+00 -1.999885E+00 -3.053960E-01 -3.053960E-01
   223     4015.0822    8.13061504  7.991071E+08  8.505881E+09  1.182550E+29
        5.893173E+00  2.345361E+01  6.683977E+00  0.9888931867 -1.954411E+00
        1.677742E+19 -9.999860E+00 -1.999885E+00 -3.053960E-01 -3.053960E-01
   224     3955.7632    8.13065166  7.990734E+08  8.609034E+09  1.114106E+29
        5.876456E+00  2.345361E+01  6.683975E+00  0.9888931867 -1.954411E+00
        1.284600E+19 -9.999860E+00 -1.999885E+00 -3.053960E-01 -3.053960E-01
   225     3896.6793    8.13069144  7.990368E+08  8.711792E+09  1.048924E+29
        5.859670E+00  2.345362E+01  6.683979E+00  0.9888931867 -1.954411E+00
        9.826435E+18 -9.999860E+00 -1.999885E+00 -3.053960E-01 -3.053960E-01
   226     3838.6693    8.13072999  7.990013E+08  8.814467E+09  9.877562E+28
        5.842890E+00  2.345363E+01  6.683984E+00  0.9888931867 -1.954411E+00
        7.526369E+18 -9.999860E+00 -1.999885E+00 -3.053960E-01 -3.053960E-01
   227     3776.4035    8.13076765  7.989667E+08  8.919509E+09  9.251302E+28
        5.825496E+00  2.345363E+01  6.683987E+00  0.9888931867 -1.954411E+00
        5.712783E+18 -9.999860E+00 -1.999885E+00 -3.053960E-01 -3.053960E-01
   228     3715.1100    8.13080178  7.989353E+08  9.022544E+09  8.664468E+28
        5.808284E+00  2.345363E+01  6.683988E+00  0.9888931867 -1.954411E+00
        4.347994E+18 -9.999860E+00 -1.999885E+00 -3.053960E-01 -3.053960E-01
   229     3652.0514    8.13083458  7.989051E+08  9.127231E+09  8.090399E+28
        5.790669E+00  2.345363E+01  6.683990E+00  0.9888931867 -1.954411E+00
        3.287076E+18 -9.999860E+00 -1.999885E+00 -3.053960E-01 -3.053960E-01
   230     3587.4200    8.13086617  7.988761E+08  9.233242E+09  7.532163E+28
        5.772706E+00  2.345364E+01  6.683994E+00  0.9888931867 -1.954411E+00
        2.471147E+18 -9.999860E+00 -1.999885E+00 -3.053960E-01 -3.053960E-01
   231     3521.5434    8.13089504  7.988495E+08  9.340378E+09  6.993492E+28
        5.754444E+00  2.345364E+01  6.683996E+00  0.9893938100 -1.974441E+00
        1.848168E+18 -9.999860E+00 -1.999885E+00 -3.053960E-01 -3.053960E-01
   232     3454.7276    8.13092139  7.988253E+08  9.448561E+09  6.477252E+28
        5.735911E+00  2.345364E+01  6.683995E+00  0.9893938100 -1.974441E+00
        1.374519E+18 -9.999860E+00 -1.999885E+00 -3.053960E-01 -3.053960E-01
   233     3386.9305    8.13094705  7.988017E+08  9.557873E+09  5.983221E+28
        5.717093E+00  2.345364E+01  6.683995E+00  0.9893938100 -1.974441E+00
        1.017319E+18 -9.999860E+00 -1.999885E+00 -3.053960E-01 -3.053960E-01
   234     3318.2609    8.13097334  7.987775E+08  9.668438E+09  5.512210E+28
        5.697956E+00  2.345364E+01  6.683997E+00  0.9893938100 -1.974441E+00
        7.486443E+17 -9.999860E+00 -1.999885E+00 -3.053960E-01 -3.053960E-01
   235     3250.7342    8.13099762  7.987552E+08  9.780205E+09  5.076743E+28
        5.678765E+00  2.345365E+01  6.683999E+00  0.9893938100 -1.974441E+00
        5.501285E+17 -9.999860E+00 -1.999885E+00 -3.053960E-01 -3.053960E-01
   236     3177.9211    8.13102147  7.987332E+08  9.896137E+09  4.636689E+28
        5.658573E+00  2.345365E+01  6.684000E+00  0.9893938100 -1.974441E+00
        3.971231E+17 -9.999860E+00 -1.999885E+00 -3.053960E-01 -3.053960E-01
   237     3107.4426    8.13104368  7.987128E+08  1.001005E+10  4.238632E+28
        5.638605E+00  2.345365E+01  6.684000E+00  0.9893938100 -1.974441E+00
        2.875446E+17 -9.999860E+00 -1.999885E+00 -3.053960E-01 -3.053960E-01
   238     3036.4388    8.13106644  7.986919E+08  1.012573E+10  3.864103E+28
        5.618207E+00  2.345365E+01  6.684002E+00  0.9893938100 -1.974441E+00
        2.065261E+17 -9.999860E+00 -1.999885E+00 -3.053960E-01 -3.053960E-01
   239     2965.5771    8.13108874  7.986714E+08  1.024217E+10  3.515646E+28
        5.597554E+00  2.345365E+01  6.684003E+00  0.9898718684 -1.994471E+00
        1.476068E+17 -9.999860E+00 -1.999885E+00 -3.053960E-01 -3.053960E-01
   240     2895.3048    8.13110887  7.986529E+08  1.035903E+10  3.193929E+28
        5.576723E+00  2.345365E+01  6.684003E+00  0.9898718684 -1.994471E+00
        1.050814E+17 -9.999860E+00 -1.999885E+00 -3.053960E-01 -3.053960E-01
   241     2825.6623    8.13112750  7.986357E+08  1.047618E+10  2.897414E+28
        5.555716E+00  2.345365E+01  6.684003E+00  0.9898718684 -1.994471E+00
        7.448711E+16 -9.999860E+00 -1.999885E+00 -3.053960E-01 -3.053960E-01
   242     2756.8114    8.13114519  7.986195E+08  1.059336E+10  2.625065E+28
        5.534531E+00  2.345365E+01  6.684004E+00  0.9898718684 -1.994471E+00
        5.259615E+16 -9.999860E+00 -1.999885E+00 -3.053960E-01 -3.053960E-01
   243     2691.6962    8.13116038  7.986055E+08  1.071016E+10  2.385617E+28
        5.513760E+00  2.345365E+01  6.684004E+00  0.9898718684 -1.994471E+00
        3.737793E+16 -9.999860E+00 -1.999885E+00 -3.053960E-01 -3.053960E-01
   244     2622.0397    8.13117562  7.985915E+08  1.083051E+10  2.148020E+28
        5.491742E+00  2.345365E+01  6.684004E+00  0.9898718684 -1.994471E+00
        2.594402E+16 -9.999860E+00 -1.999885E+00 -3.053960E-01 -3.053960E-01
   245     2557.0019    8.13119042  7.985779E+08  1.094545E+10  1.942633E+28
        5.470466E+00  2.345365E+01  6.684004E+00  0.9898718684 -1.994471E+00
        1.821930E+16 -9.999860E+00 -1.999885E+00 -3.053960E-01 -3.053960E-01
   246     2493.0002    8.13120602  7.985635E+08  1.106002E+10  1.755255E+28
        5.449004E+00  2.345366E+01  6.684004E+00  0.9898718684 -1.994471E+00
        1.274000E+16 -9.999860E+00 -1.999885E+00 -3.053960E-01 -3.053960E-01
   247     2430.5013    8.13122136  7.985494E+08  1.117345E+10  1.585693E+28
        5.427538E+00  2.345366E+01  6.684005E+00  0.9903283790 -2.014501E+00
        8.893155E+15 -9.999860E+00 -1.999885E+00 -3.053960E-01 -3.053960E-01
   248     2369.5945    8.13123574  7.985362E+08  1.128570E+10  1.432575E+28
        5.406085E+00  2.345366E+01  6.684005E+00  0.9903283790 -2.014501E+00
        6.201443E+15 -9.999860E+00 -1.999885E+00 -3.053960E-01 -3.053960E-01
   249     2310.1816    8.13124961  7.985235E+08  1.139670E+10  1.294171E+28
        5.384614E+00  2.345366E+01  6.684005E+00  0.9903283790 -2.014501E+00
        4.316906E+15 -9.999860E+00 -1.999885E+00 -3.053960E-01 -3.053960E-01
   250     2255.6052    8.13126114  7.985129E+08  1.150629E+10  1.176111E+28
        5.364052E+00  2.345366E+01  6.684006E+00  0.9903283790 -2.014501E+00
        3.049328E+15 -9.999860E+00 -1.999885E+00 -3.053960E-01 -3.053960E-01
   251     2195.4978    8.13127224  7.985027E+08  1.162031E+10  1.055642E+28
        5.341489E+00  2.345366E+01  6.684006E+00  0.9903283790 -2.014501E+00
        2.075577E+15 -9.999860E+00 -1.999885E+00 -3.053960E-01 -3.053960E-01
   252     2140.9710    8.13128229  7.984934E+08  1.172616E+10  9.545921E+27
        5.320196E+00  2.345366E+01  6.684005E+00  0.9907643130 -2.034531E+00
        1.442256E+15 -9.999860E+00 -1.999885E+00 -3.053960E-01 -3.053960E-01
   253     2087.7853    8.13129263  7.984839E+08  1.183083E+10  8.631925E+27
        5.298821E+00  2.345366E+01  6.684006E+00  0.9907643130 -2.034531E+00
        9.993864E+14 -9.999860E+00 -1.999885E+00 -3.053960E-01 -3.053960E-01
   254     2040.0124    8.13130106  7.984762E+08  1.193377E+10  7.868413E+27
        5.278791E+00  2.345366E+01  6.684006E+00  0.9907643130 -2.034531E+00
        7.083597E+14 -9.999860E+00 -1.999885E+00 -3.053960E-01 -3.053960E-01
   255     1985.7052    8.13130988  7.984681E+08  1.204258E+10  7.063276E+27
        5.256020E+00  2.345366E+01  6.684006E+00  0.9907643130 -2.034531E+00
        4.771247E+14 -9.999860E+00 -1.999885E+00 -3.053960E-01 -3.053960E-01
   256     1937.3832    8.13131874  7.984599E+08  1.214158E+10  6.400301E+27
        5.234930E+00  2.345366E+01  6.684006E+00  0.9911805978 -2.054561E+00
        3.306341E+14 -9.999860E+00 -1.999885E+00 -3.053960E-01 -3.053960E-01
   257     1894.6535    8.13132685  7.984525E+08  1.223910E+10  5.853954E+27
        5.215450E+00  2.345366E+01  6.684006E+00  0.9911805978 -2.054561E+00
        2.355520E+14 -9.999860E+00 -1.999885E+00 -3.053960E-01 -3.053960E-01
   258     1844.5146    8.13133533  7.984447E+08  1.234374E+10  5.258356E+27
        5.192519E+00  2.345366E+01  6.684006E+00  0.9915781192 -2.074591E+00
        1.574009E+14 -9.999860E+00 -1.999885E+00 -3.053960E-01 -3.053960E-01
   259     1805.0493    8.13134109  7.984394E+08  1.243719E+10  4.822499E+27
        5.173527E+00  2.345366E+01  6.684006E+00  0.9915781192 -2.074591E+00
        1.127912E+14 -9.999860E+00 -1.999885E+00 -3.053960E-01 -3.053960E-01
   260     1757.7099    8.13134957  7.984316E+08  1.253898E+10  4.336069E+27
        5.150570E+00  2.345366E+01  6.684006E+00  0.9919577228 -2.094621E+00
        7.519865E+13 -9.999860E+00 -1.999885E+00 -3.053960E-01 -3.053960E-01
   261     1721.1010    8.13135695  7.984248E+08  1.262900E+10  3.985891E+27
        5.131892E+00  2.345366E+01  6.684006E+00  0.9923202164 -2.114651E+00
        5.418905E+13 -9.999860E+00 -1.999885E+00 -3.053960E-01 -3.053960E-01
   262     1680.7782    8.13136403  7.984183E+08  1.272777E+10  3.625222E+27
        5.110962E+00  2.345366E+01  6.684006E+00  0.9926663710 -2.134681E+00
        3.752442E+13 -9.999860E+00 -1.999885E+00 -3.053960E-01 -3.053960E-01
   263     1646.6558    8.13136959  7.984132E+08  1.282330E+10  3.339633E+27
        5.092596E+00  2.345366E+01  6.684006E+00  0.9929969232 -2.154711E+00
        2.723361E+13 -9.999860E+00 -1.999885E+00 -3.053960E-01 -3.053960E-01
   264     1612.7606    8.13137672  7.984066E+08  1.291883E+10  3.072981E+27
        5.073973E+00  2.345366E+01  6.684006E+00  0.9936140015 -2.194771E+00
        1.968979E+13 -9.999860E+00 -1.999885E+00 -3.053960E-01 -3.053960E-01
   265     1578.7935    8.13138441  7.983996E+08  1.302179E+10  2.822109E+27
        5.054710E+00  2.345366E+01  6.684006E+00  0.9944391816 -2.254861E+00
        1.369323E+13 -9.999860E+00 -1.999885E+00 -3.053960E-01 -3.053960E-01
   266     1544.6958    8.13138986  7.983945E+08  1.312899E+10  2.586062E+27
        5.034827E+00  2.345366E+01  6.684006E+00  0.9951577339 -2.314951E+00
        9.530252E+12 -9.999860E+00 -1.999885E+00 -3.053960E-01 -3.053960E-01
   267     1510.6224    8.13139488  7.983899E+08  1.323662E+10  2.365297E+27
        5.014399E+00  2.345366E+01  6.684006E+00  0.9961549795 -2.415101E+00
        6.590550E+12 -9.999860E+00 -1.999885E+00 -3.053960E-01 -3.053960E-01
   268     1476.1828    8.13140164  7.983837E+08  1.334426E+10  2.156830E+27
        4.993091E+00  2.345366E+01  6.684006E+00  0.9969468454 -2.515251E+00
        4.519264E+12 -9.999860E+00 -1.999885E+00 -3.053960E-01 -3.053960E-01
