============================================================================
  #Mod      Teff         Log(g)           R            Age            L
           Log(Tc)       Log(Pc)      Log(rhoc)       Mx/M         Log(qx)
             Lnu        Log(H/*)      Log(He/*)     Log(C/*)      Log(O/*)
============================================================================
     1    27817.9198    6.88569117  2.077688E+09  0.000000E+00  1.842006E+33
        7.573761E+00  2.160746E+01  5.493332E+00  0.0000000000  0.000000E+00
        1.846980E+31 -3.999873E+00 -1.999887E+00 -3.054398E-01 -3.054398E-01
     2    21722.7901    6.95016734  1.929044E+09  3.500000E+05  5.904440E+32
        7.573486E+00  2.160889E+01  5.494230E+00  0.0000000000  0.000000E+00
        1.858840E+31 -3.999873E+00 -1.999887E+00 -3.054398E-01 -3.054398E-01
     3    19709.7068    6.97305764  1.878871E+09  7.000000E+05  3.796179E+32
        7.573177E+00  2.160984E+01  5.494833E+00  0.0000000000  0.000000E+00
        1.863159E+31 -3.999873E+00 -1.999887E+00 -3.054398E-01 -3.054398E-01
     4    18671.4197    6.98563984  1.851850E+09  1.050000E+06  2.969977E+32
        7.572888E+00  2.161061E+01  5.495318E+00  0.0000000000  0.000000E+00
        1.864822E+31 -3.999873E+00 -1.999887E+00 -3.054398E-01 -3.054398E-01
     5    18008.3248    6.99408595  1.833930E+09  1.400000E+06  2.520525E+32
        7.572606E+00  2.161127E+01  5.495738E+00  0.0000000000  0.000000E+00
        1.864970E+31 -3.999873E+00 -1.999887E+00 -3.054398E-01 -3.054398E-01
     6    17532.7091    7.00038854  1.820671E+09  1.750000E+06  2.231985E+32
        7.572329E+00  2.161187E+01  5.496117E+00  0.0000000000  0.000000E+00
        1.864097E+31 -3.999873E+00 -1.999887E+00 -3.054398E-01 -3.054398E-01
     7    17029.2400    7.00735556  1.806126E+09  2.275000E+06  1.954831E+32
        7.571921E+00  2.161267E+01  5.496628E+00  0.0000000000  0.000000E+00
        1.861230E+31 -3.999873E+00 -1.999887E+00 -3.054398E-01 -3.054398E-01
     8    16514.0471    7.01482279  1.790665E+09  3.047438E+06  1.699319E+32
        7.571342E+00  2.161373E+01  5.497302E+00  0.0000000000  0.000000E+00
        1.854568E+31 -3.999873E+00 -1.999887E+00 -3.054398E-01 -3.054398E-01
     9    16018.9946    7.02235223  1.775210E+09  4.112301E+06  1.478674E+32
        7.570583E+00  2.161504E+01  5.498138E+00  0.0000000000  0.000000E+00
        1.841931E+31 -3.999873E+00 -1.999887E+00 -3.054398E-01 -3.054398E-01
    10    15547.0290    7.02990912  1.759832E+09  5.566765E+06  1.289330E+32
        7.569590E+00  2.161665E+01  5.499169E+00  0.0000000000  0.000000E+00
        1.819777E+31 -3.999873E+00 -1.999887E+00 -3.054398E-01 -3.054398E-01
    11    15101.5293    7.03746043  1.744599E+09  7.533403E+06  1.127994E+32
        7.568227E+00  2.161864E+01  5.500439E+00  0.0000000000  0.000000E+00
        1.783129E+31 -3.999873E+00 -1.999887E+00 -3.054398E-01 -3.054398E-01
    12    14682.9080    7.04499928  1.729522E+09  1.015903E+07  9.906783E+31
        7.566176E+00  2.162106E+01  5.501996E+00  0.0000000000  0.000000E+00
        1.725988E+31 -3.999873E+00 -1.999887E+00 -3.054398E-01 -3.054398E-01
    13    14293.8218    7.05247010  1.714710E+09  1.357906E+07  8.745949E+31
        7.562917E+00  2.162395E+01  5.503874E+00  0.0000000000  0.000000E+00
        1.643424E+31 -3.999873E+00 -1.999887E+00 -3.054398E-01 -3.054398E-01
    14    13936.0507    7.05980542  1.700290E+09  1.788555E+07  7.770287E+31
        7.557884E+00  2.162729E+01  5.506072E+00  0.0000000000  0.000000E+00
        1.534472E+31 -3.999873E+00 -1.999887E+00 -3.054398E-01 -3.054398E-01
    15    13606.2861    7.06694577  1.686370E+09  2.309152E+07  6.945384E+31
        7.550760E+00  2.163100E+01  5.508536E+00  0.0000000000  0.000000E+00
        1.403995E+31 -3.999873E+00 -1.999887E+00 -3.054398E-01 -3.054398E-01
    16    13303.0489    7.07378748  1.673139E+09  2.908978E+07  6.247423E+31
        7.541700E+00  2.163489E+01  5.511153E+00  0.0000000000  0.000000E+00
        1.262310E+31 -3.999873E+00 -1.999887E+00 -3.054398E-01 -3.054398E-01
    17    13025.4229    7.08027237  1.660694E+09  3.574646E+07  5.656901E+31
        7.531143E+00  2.163882E+01  5.513814E+00  0.0000000000  0.000000E+00
        1.119745E+31 -3.999873E+00 -1.999887E+00 -3.054398E-01 -3.054398E-01
    18    12766.6658    7.08643197  1.648959E+09  4.297663E+07  5.147088E+31
        7.519524E+00  2.164269E+01  5.516442E+00  0.0000000000  0.000000E+00
        9.831949E+30 -3.999873E+00 -1.999887E+00 -3.054398E-01 -3.054398E-01
    19    12524.7733    7.09225439  1.637942E+09  5.066441E+07  4.704449E+31
        7.507293E+00  2.164642E+01  5.518979E+00  0.0000000000  0.000000E+00
        8.575087E+30 -3.999873E+00 -1.999887E+00 -3.054398E-01 -3.054398E-01
    20    12297.7830    7.09776162  1.627590E+09  5.874825E+07  4.317470E+31
        7.494737E+00  2.164998E+01  5.521404E+00  0.0000000000  0.000000E+00
        7.444232E+30 -3.999873E+00 -1.999887E+00 -3.054398E-01 -3.054398E-01
    21    12082.7715    7.10298880  1.617825E+09  6.719711E+07  3.975219E+31
        7.482022E+00  2.165336E+01  5.523715E+00  0.0000000000  0.000000E+00
        6.439941E+30 -3.999873E+00 -1.999887E+00 -3.054398E-01 -3.054398E-01
    22    11876.7473    7.10795728  1.608597E+09  7.596565E+07  3.668736E+31
        7.469285E+00  2.165657E+01  5.525912E+00  0.0000000000  0.000000E+00
        5.557860E+30 -3.999873E+00 -1.999887E+00 -3.054398E-01 -3.054398E-01
    23    11680.4779    7.11264934  1.599931E+09  8.496542E+07  3.395289E+31
        7.456682E+00  2.165960E+01  5.527989E+00  0.0000000000  0.000000E+00
        4.793006E+30 -3.999873E+00 -1.999887E+00 -3.054398E-01 -3.054398E-01
    24    11494.5825    7.11705370  1.591838E+09  9.410075E+07  3.152120E+31
        7.444348E+00  2.166243E+01  5.529934E+00  0.0000000000  0.000000E+00
        4.136729E+30 -3.999873E+00 -1.999887E+00 -3.054398E-01 -3.054398E-01
    25    11321.6431    7.12112145  1.584401E+09  1.031595E+08  2.939003E+31
        7.432541E+00  2.166502E+01  5.531720E+00  0.0000000000  0.000000E+00
        3.584553E+30 -3.999873E+00 -1.999887E+00 -3.054398E-01 -3.054398E-01
    26    11182.7168    7.12438953  1.578451E+09  1.108396E+08  2.776409E+31
        7.422812E+00  2.166707E+01  5.533135E+00  0.0000000000  0.000000E+00
        3.179881E+30 -3.999873E+00 -1.999887E+00 -3.054398E-01 -3.054398E-01
    27    11081.4368    7.12681472  1.574050E+09  1.166855E+08  2.662277E+31
        7.415559E+00  2.166855E+01  5.534158E+00  0.0000000000  0.000000E+00
        2.905201E+30 -3.999873E+00 -1.999887E+00 -3.054398E-01 -3.054398E-01
    28    10990.5546    7.12902277  1.570053E+09  1.221219E+08  2.562945E+31
        7.408942E+00  2.166986E+01  5.535068E+00  0.0000000000  0.000000E+00
        2.673243E+30 -3.999873E+00 -1.999887E+00 -3.054398E-01 -3.054398E-01
    29    10912.2372    7.13092459  1.566619E+09  1.269459E+08  2.479786E+31
        7.403165E+00  2.167099E+01  5.535843E+00  0.0000000000  0.000000E+00
        2.484415E+30 -3.999873E+00 -1.999887E+00 -3.054398E-01 -3.054398E-01
    30    10834.9512    7.13280922  1.563224E+09  1.318401E+08  2.399840E+31
        7.397398E+00  2.167208E+01  5.536600E+00  0.0000000000  0.000000E+00
        2.307896E+30 -3.999873E+00 -1.999887E+00 -3.054398E-01 -3.054398E-01
    31    10760.8820    7.13462392  1.559961E+09  1.366263E+08  2.325151E+31
        7.391844E+00  2.167311E+01  5.537313E+00  0.0000000000  0.000000E+00
        2.148601E+30 -3.999873E+00 -1.999887E+00 -3.054398E-01 -3.054398E-01
    32    10692.1997    7.13632582  1.556908E+09  1.412070E+08  2.257491E+31
        7.386604E+00  2.167407E+01  5.537971E+00  0.0000000000  0.000000E+00
        2.007422E+30 -3.999873E+00 -1.999887E+00 -3.054398E-01 -3.054398E-01
    33    10626.7210    7.13796043  1.553981E+09  1.456876E+08  2.194423E+31
        7.381547E+00  2.167497E+01  5.538592E+00  0.0000000000  0.000000E+00
        1.879158E+30 -3.999873E+00 -1.999887E+00 -3.054398E-01 -3.054398E-01
    34    10563.1921    7.13955530  1.551130E+09  1.501363E+08  2.134563E+31
        7.376593E+00  2.167583E+01  5.539188E+00  0.0000000000  0.000000E+00
        1.760692E+30 -3.999873E+00 -1.999887E+00 -3.054398E-01 -3.054398E-01
    35    10500.8660    7.14112959  1.548321E+09  1.545990E+08  2.077086E+31
        7.371688E+00  2.167667E+01  5.539767E+00  0.0000000000  0.000000E+00
        1.650073E+30 -3.999873E+00 -1.999887E+00 -3.054398E-01 -3.054398E-01
    36    10439.5422    7.14268708  1.545547E+09  1.590865E+08  2.021726E+31
        7.366821E+00  2.167749E+01  5.540331E+00  0.0000000000  0.000000E+00
        1.546514E+30 -3.999873E+00 -1.999887E+00 -3.054398E-01 -3.054398E-01
    37    10378.4877    7.14423482  1.542796E+09  1.636242E+08  1.967819E+31
        7.361963E+00  2.167829E+01  5.540885E+00  0.0000000000  0.000000E+00
        1.449034E+30 -3.999873E+00 -1.999887E+00 -3.054398E-01 -3.054398E-01
    38    10317.4094    7.14578204  1.540050E+09  1.682754E+08  1.915068E+31
        7.357048E+00  2.167909E+01  5.541434E+00  0.0000000000  0.000000E+00
        1.356092E+30 -3.999873E+00 -1.999887E+00 -3.054398E-01 -3.054398E-01
    39    10255.2438    7.14735846  1.537257E+09  1.731184E+08  1.862555E+31
        7.351999E+00  2.167989E+01  5.541989E+00  0.0000000000  0.000000E+00
        1.266247E+30 -3.999873E+00 -1.999887E+00 -3.054398E-01 -3.054398E-01
    40    10192.6819    7.14895273  1.534438E+09  1.781017E+08  1.810860E+31
        7.346874E+00  2.168070E+01  5.542542E+00  0.0000000000  0.000000E+00
        1.180580E+30 -3.999873E+00 -1.999887E+00 -3.054398E-01 -3.054398E-01
    41    10130.8258    7.15053916  1.531638E+09  1.831546E+08  1.760856E+31
        7.341747E+00  2.168148E+01  5.543086E+00  0.0000000000  0.000000E+00
        1.100158E+30 -3.999873E+00 -1.999887E+00 -3.054398E-01 -3.054398E-01
    42    10069.0238    7.15212212  1.528850E+09  1.882975E+08  1.712028E+31
        7.336599E+00  2.168226E+01  5.543622E+00  0.0000000000  0.000000E+00
        1.024423E+30 -3.999873E+00 -1.999887E+00 -3.054398E-01 -3.054398E-01
    43    10006.6037    7.15371316  1.526052E+09  1.935962E+08  1.663862E+31
        7.331366E+00  2.168304E+01  5.544157E+00  0.0000000000  0.000000E+00
        9.523169E+29 -3.999873E+00 -1.999887E+00 -3.054398E-01 -3.054398E-01
    44     9942.4539    7.15533605  1.523203E+09  1.991285E+08  1.615556E+31
        7.325978E+00  2.168382E+01  5.544699E+00  0.0000000000  0.000000E+00
        8.829151E+29 -3.999873E+00 -1.999887E+00 -3.054398E-01 -3.054398E-01
    45     9877.1326    7.15697202  1.520337E+09  2.048878E+08  1.567600E+31
        7.320449E+00  2.168461E+01  5.545245E+00  0.0000000000  0.000000E+00
        8.164924E+29 -3.999873E+00 -1.999887E+00 -3.054398E-01 -3.054398E-01
    46     9809.5973    7.15865246  1.517398E+09  2.109794E+08  1.519273E+31
        7.314685E+00  2.168542E+01  5.545804E+00  0.0000000000  0.000000E+00
        7.521293E+29 -3.999873E+00 -1.999887E+00 -3.054398E-01 -3.054398E-01
    47     9740.5224    7.16036343  1.514412E+09  2.173487E+08  1.471124E+31
        7.308748E+00  2.168624E+01  5.546369E+00  0.0000000000  0.000000E+00
        6.907019E+29 -3.999873E+00 -1.999887E+00 -3.054398E-01 -3.054398E-01
    48     9670.7393    7.16208854  1.511407E+09  2.239400E+08  1.423750E+31
        7.302697E+00  2.168706E+01  5.546934E+00  0.0000000000  0.000000E+00
        6.328362E+29 -3.999873E+00 -1.999887E+00 -3.054398E-01 -3.054398E-01
    49     9600.5581    7.16382200  1.508394E+09  2.307282E+08  1.377360E+31
        7.296560E+00  2.168787E+01  5.547496E+00  0.0000000000  0.000000E+00
        5.787098E+29 -3.999873E+00 -1.999887E+00 -3.054398E-01 -3.054398E-01
    50     9530.3453    7.16555455  1.505388E+09  2.376847E+08  1.332182E+31
        7.290369E+00  2.168868E+01  5.548053E+00  0.0000000000  0.000000E+00
        5.284201E+29 -3.999873E+00 -1.999887E+00 -3.054398E-01 -3.054398E-01
    51     9460.0485    7.16728508  1.502392E+09  2.448152E+08  1.288166E+31
        7.284122E+00  2.168947E+01  5.548605E+00  0.0000000000  0.000000E+00
        4.817602E+29 -3.999873E+00 -1.999887E+00 -3.054398E-01 -3.054398E-01
    52     9389.5041    7.16901400  1.499405E+09  2.521398E+08  1.245203E+31
        7.277806E+00  2.169026E+01  5.549152E+00  0.0000000000  0.000000E+00
        4.384501E+29 -3.999873E+00 -1.999887E+00 -3.054398E-01 -3.054398E-01
    53     9318.4174    7.17074320  1.496422E+09  2.596922E+08  1.203120E+31
        7.271399E+00  2.169104E+01  5.549695E+00  0.0000000000  0.000000E+00
        3.981799E+29 -3.999873E+00 -1.999887E+00 -3.054398E-01 -3.054398E-01
    54     9246.3850    7.17248114  1.493431E+09  2.675242E+08  1.161690E+31
        7.264864E+00  2.169183E+01  5.550238E+00  0.0000000000  0.000000E+00
        3.606201E+29 -3.999873E+00 -1.999887E+00 -3.054398E-01 -3.054398E-01
    55     9173.4240    7.17422021  1.490444E+09  2.756429E+08  1.120958E+31
        7.258201E+00  2.169261E+01  5.550780E+00  0.0000000000  0.000000E+00
        3.257032E+29 -3.999873E+00 -1.999887E+00 -3.054398E-01 -3.054398E-01
    56     9099.1477    7.17596912  1.487446E+09  2.841159E+08  1.080730E+31
        7.251367E+00  2.169339E+01  5.551323E+00  0.0000000000  0.000000E+00
        2.931318E+29 -3.999873E+00 -1.999887E+00 -3.054398E-01 -3.054398E-01
    57     9023.3525    7.17772884  1.484436E+09  2.929620E+08  1.040942E+31
        7.244355E+00  2.169417E+01  5.551867E+00  0.0000000000  0.000000E+00
        2.628523E+29 -3.999873E+00 -1.999887E+00 -3.054398E-01 -3.054398E-01
    58     8946.3069    7.17949528  1.481420E+09  3.021859E+08  1.001760E+31
        7.237173E+00  2.169495E+01  5.552409E+00  0.0000000000  0.000000E+00
        2.348472E+29 -3.999873E+00 -1.999887E+00 -3.054398E-01 -3.054398E-01
    59     8868.0624    7.18126342  1.478407E+09  3.117905E+08  9.632414E+30
        7.229830E+00  2.169573E+01  5.552949E+00  0.0000000000  0.000000E+00
        2.090796E+29 -3.999873E+00 -1.999887E+00 -3.054398E-01 -3.054398E-01
    60     8788.5042    7.18303900  1.475388E+09  3.218101E+08  9.253467E+30
        7.222311E+00  2.169650E+01  5.553487E+00  0.0000000000  0.000000E+00
        1.854237E+29 -3.999873E+00 -1.999887E+00 -3.054398E-01 -3.054398E-01
    61     8707.9910    7.18481447  1.472376E+09  3.322194E+08  8.882619E+30
        7.214648E+00  2.169727E+01  5.554020E+00  0.0000000000  0.000000E+00
        1.638818E+29 -3.999873E+00 -1.999887E+00 -3.054398E-01 -3.054398E-01
    62     8626.7667    7.18658699  1.469374E+09  3.430134E+08  8.520966E+30
        7.206856E+00  2.169803E+01  5.554546E+00  0.0000000000  0.000000E+00
        1.443731E+29 -3.999873E+00 -1.999887E+00 -3.054398E-01 -3.054398E-01
    63     8544.9731    7.18835417  1.466387E+09  3.541855E+08  8.169063E+30
        7.198952E+00  2.169878E+01  5.555064E+00  0.0000000000  0.000000E+00
        1.268001E+29 -3.999873E+00 -1.999887E+00 -3.054398E-01 -3.054398E-01
    64     8462.8148    7.19011344  1.463420E+09  3.657247E+08  7.827616E+30
        7.190954E+00  2.169952E+01  5.555574E+00  0.0000000000  0.000000E+00
        1.110549E+29 -3.999873E+00 -1.999887E+00 -3.054398E-01 -3.054398E-01
    65     8380.4960    7.19186093  1.460479E+09  3.776210E+08  7.497243E+30
        7.182878E+00  2.170025E+01  5.556076E+00  0.0000000000  0.000000E+00
        9.701473E+28 -3.999873E+00 -1.999887E+00 -3.054398E-01 -3.054398E-01
    66     8298.0524    7.19360175  1.457555E+09  3.898869E+08  7.177721E+30
        7.174725E+00  2.170096E+01  5.556571E+00  0.0000000000  0.000000E+00
        8.452919E+28 -3.999873E+00 -1.999887E+00 -3.054398E-01 -3.054398E-01
    67     8215.9210    7.19532597  1.454664E+09  4.024685E+08  6.870410E+30
        7.166537E+00  2.170167E+01  5.557058E+00  0.0000000000  0.000000E+00
        7.351018E+28 -3.999873E+00 -1.999887E+00 -3.054398E-01 -3.054398E-01
    68     8134.0938    7.19703592  1.451804E+09  4.153791E+08  6.574828E+30
        7.158312E+00  2.170236E+01  5.557537E+00  0.0000000000  0.000000E+00
        6.380228E+28 -3.999873E+00 -1.999887E+00 -3.054398E-01 -3.054398E-01
    69     8052.7292    7.19872866  1.448977E+09  4.286057E+08  6.291111E+30
        7.150063E+00  2.170305E+01  5.558009E+00  0.0000000000  0.000000E+00
        5.528070E+28 -3.999873E+00 -1.999887E+00 -3.054398E-01 -3.054398E-01
    70     7971.9239    7.20040419  1.446185E+09  4.421435E+08  6.019106E+30
        7.141799E+00  2.170372E+01  5.558476E+00  0.0000000000  0.000000E+00
        4.782192E+28 -3.999873E+00 -1.999887E+00 -3.054398E-01 -3.054398E-01
    71     7891.7858    7.20205924  1.443432E+09  4.559808E+08  5.758714E+30
        7.133532E+00  2.170438E+01  5.558934E+00  0.0000000000  0.000000E+00
        4.131280E+28 -3.999873E+00 -1.999887E+00 -3.054398E-01 -3.054398E-01
    72     7812.3990    7.20369155  1.440722E+09  4.701086E+08  5.509723E+30
        7.125271E+00  2.170502E+01  5.559380E+00  0.0000000000  0.000000E+00
        3.564722E+28 -3.999873E+00 -1.999887E+00 -3.054398E-01 -3.054398E-01
    73     7733.8087    7.20529919  1.438057E+09  4.845219E+08  5.271790E+30
        7.117024E+00  2.170565E+01  5.559814E+00  0.0000000000  0.000000E+00
        3.072618E+28 -3.999873E+00 -1.999887E+00 -3.054398E-01 -3.054398E-01
    74     7656.0170    7.20688509  1.435434E+09  4.992292E+08  5.044407E+30
        7.108789E+00  2.170625E+01  5.560236E+00  0.0000000000  0.000000E+00
        2.645646E+28 -3.999873E+00 -1.999887E+00 -3.054398E-01 -3.054398E-01
    75     7579.3005    7.20844178  1.432864E+09  5.141808E+08  4.827901E+30
        7.100598E+00  2.170684E+01  5.560645E+00  0.0000000000  0.000000E+00
        2.276892E+28 -3.999873E+00 -1.999887E+00 -3.054398E-01 -3.054398E-01
    76     7503.5372    7.20997235  1.430341E+09  5.294038E+08  4.621420E+30
        7.092436E+00  2.170742E+01  5.561042E+00  0.0000000000  0.000000E+00
        1.958176E+28 -3.999873E+00 -1.999887E+00 -3.054398E-01 -3.054398E-01
    77     7428.7543    7.21147743  1.427865E+09  5.448972E+08  4.424561E+30
        7.084306E+00  2.170797E+01  5.561426E+00  0.0000000000  0.000000E+00
        1.683039E+28 -3.999873E+00 -1.999887E+00 -3.054398E-01 -3.054398E-01
    78     7355.0112    7.21295543  1.425437E+09  5.606513E+08  4.237030E+30
        7.076215E+00  2.170850E+01  5.561799E+00  0.0000000000  0.000000E+00
        1.445914E+28 -3.999873E+00 -1.999887E+00 -3.054398E-01 -3.054398E-01
    79     7282.2579    7.21441052  1.423051E+09  5.766823E+08  4.058236E+30
        7.068156E+00  2.170903E+01  5.562162E+00  0.0000000000  0.000000E+00
        1.241548E+28 -3.999873E+00 -1.999887E+00 -3.054398E-01 -3.054398E-01
    80     7210.5818    7.21584097  1.420710E+09  5.929727E+08  3.887979E+30
        7.060140E+00  2.170953E+01  5.562515E+00  0.0000000000  0.000000E+00
        1.065782E+28 -3.999873E+00 -1.999887E+00 -3.054398E-01 -3.054398E-01
    81     7139.9173    7.21725010  1.418407E+09  6.095396E+08  3.725686E+30
        7.052161E+00  2.171003E+01  5.562860E+00  0.0000000000  0.000000E+00
        9.145882E+27 -3.999873E+00 -1.999887E+00 -3.054398E-01 -3.054398E-01
    82     7070.3212    7.21863693  1.416144E+09  6.263688E+08  3.571110E+30
        7.044229E+00  2.171051E+01  5.563197E+00  0.0000000000  0.000000E+00
        7.847409E+27 -3.999873E+00 -1.999887E+00 -3.054398E-01 -3.054398E-01
    83     7001.8110    7.22000310  1.413918E+09  6.434555E+08  3.423908E+30
        7.036348E+00  2.171098E+01  5.563526E+00  0.0000000000  0.000000E+00
        6.733094E+27 -3.999873E+00 -1.999887E+00 -3.054398E-01 -3.054398E-01
    84     6934.4524    7.22134711  1.411732E+09  6.607789E+08  3.283864E+30
        7.028527E+00  2.171144E+01  5.563846E+00  0.0000000000  0.000000E+00
        5.778294E+27 -3.999873E+00 -1.999887E+00 -3.054398E-01 -3.054398E-01
    85     6868.2155    7.22266985  1.409584E+09  6.783412E+08  3.150572E+30
        7.020766E+00  2.171188E+01  5.564157E+00  0.0000000000  0.000000E+00
        4.960156E+27 -3.999873E+00 -1.999887E+00 -3.054398E-01 -3.054398E-01
    86     6803.1157    7.22397452  1.407468E+09  6.961351E+08  3.023713E+30
        7.013068E+00  2.171231E+01  5.564460E+00  0.0000000000  0.000000E+00
        4.259390E+27 -3.999873E+00 -1.999887E+00 -3.054398E-01 -3.054398E-01
    87     6739.3377    7.22525833  1.405389E+09  7.141003E+08  2.903315E+30
        7.005458E+00  2.171273E+01  5.564753E+00  0.0000000000  0.000000E+00
        3.660928E+27 -3.999873E+00 -1.999887E+00 -3.054398E-01 -3.054398E-01
    88     6676.9213    7.22651944  1.403350E+09  7.322100E+08  2.789133E+30
        6.997943E+00  2.171314E+01  5.565036E+00  0.0000000000  0.000000E+00
        3.150140E+27 -3.999873E+00 -1.999887E+00 -3.054398E-01 -3.054398E-01
    89     6615.8025    7.22776183  1.401344E+09  7.504711E+08  2.680723E+30
        6.990520E+00  2.171353E+01  5.565309E+00  0.0000000000  0.000000E+00
        2.713562E+27 -3.999873E+00 -1.999887E+00 -3.054398E-01 -3.054398E-01
    90     6556.1204    7.22898292  1.399376E+09  7.688262E+08  2.578033E+30
        6.983207E+00  2.171390E+01  5.565571E+00  0.0000000000  0.000000E+00
        2.341137E+27 -3.999873E+00 -1.999887E+00 -3.054398E-01 -3.054398E-01
    91     6497.8965    7.23018708  1.397437E+09  7.872578E+08  2.480777E+30
        6.976011E+00  2.171427E+01  5.565826E+00  0.0000000000  0.000000E+00
        2.023279E+27 -3.999873E+00 -1.999887E+00 -3.054398E-01 -3.054398E-01
    92     6441.3134    7.23137169  1.395533E+09  8.056917E+08  2.388964E+30
        6.968955E+00  2.171462E+01  5.566073E+00  0.0000000000  0.000000E+00
        1.752571E+27 -3.999873E+00 -1.999887E+00 -3.054398E-01 -3.054398E-01
    93     6386.3764    7.23254052  1.393656E+09  8.241062E+08  2.302296E+30
        6.962044E+00  2.171496E+01  5.566314E+00  0.0000000000  0.000000E+00
        1.521716E+27 -3.999873E+00 -1.999887E+00 -3.054398E-01 -3.054398E-01
    94     6333.2286    7.23369410  1.391806E+09  8.424290E+08  2.220701E+30
        6.955298E+00  2.171529E+01  5.566546E+00  0.0000000000  0.000000E+00
        1.325089E+27 -3.999873E+00 -1.999887E+00 -3.054398E-01 -3.054398E-01
    95     6281.9880    7.23483097  1.389986E+09  8.605880E+08  2.144080E+30
        6.948735E+00  2.171561E+01  5.566769E+00  0.0000000000  0.000000E+00
        1.157730E+27 -3.999873E+00 -1.999887E+00 -3.054398E-01 -3.054398E-01
    96     6232.6918    7.23595614  1.388186E+09  8.785413E+08  2.072193E+30
        6.942363E+00  2.171592E+01  5.566982E+00  0.0000000000  0.000000E+00
        1.015103E+27 -3.999873E+00 -1.999887E+00 -3.054398E-01 -3.054398E-01
    97     6185.4667    7.23707001  1.386407E+09  8.962072E+08  2.004950E+30
        6.936203E+00  2.171620E+01  5.567185E+00  0.0000000000  0.000000E+00
        8.936487E+26 -3.999873E+00 -1.999887E+00 -3.054398E-01 -3.054398E-01
    98     6140.4142    7.23817680  1.384642E+09  9.135166E+08  1.942216E+30
        6.930267E+00  2.171648E+01  5.567377E+00  0.0000000000  0.000000E+00
        7.901659E+26 -3.999873E+00 -1.999887E+00 -3.054398E-01 -3.054398E-01
    99     6097.6335    7.23927784  1.382888E+09  9.303902E+08  1.883870E+30
        6.924574E+00  2.171673E+01  5.567558E+00  0.0000000000  0.000000E+00
        7.020330E+26 -3.999873E+00 -1.999887E+00 -3.054398E-01 -3.054398E-01
   100     6057.1342    7.24037781  1.381137E+09  9.467843E+08  1.829678E+30
        6.919127E+00  2.171698E+01  5.567727E+00  0.0000000000  0.000000E+00
        6.267938E+26 -3.999873E+00 -1.999887E+00 -3.054398E-01 -3.054398E-01
   101     6018.9671    7.24148183  1.379383E+09  9.626434E+08  1.779466E+30
        6.913935E+00  2.171720E+01  5.567885E+00  0.0000000000  0.000000E+00
        5.625182E+26 -3.999873E+00 -1.999887E+00 -3.054398E-01 -3.054398E-01
   102     5983.1521    7.24258202  1.377637E+09  9.779024E+08  1.733093E+30
        6.909008E+00  2.171741E+01  5.568031E+00  0.0000000000  0.000000E+00
        5.075583E+26 -3.999873E+00 -1.999887E+00 -3.054398E-01 -3.054398E-01
   103     5946.5333    7.24377084  1.375753E+09  9.939024E+08  1.686430E+30
        6.903916E+00  2.171762E+01  5.568179E+00  0.0000000000  0.000000E+00
        4.563395E+26 -3.999873E+00 -1.999887E+00 -3.054398E-01 -3.054398E-01
   104     5893.4085    7.24559206  1.372871E+09  1.017902E+09  1.620159E+30
        6.896438E+00  2.171792E+01  5.568389E+00  0.0000000000  0.000000E+00
        3.902865E+26 -3.999873E+00 -1.999887E+00 -3.054398E-01 -3.054398E-01
   105     5817.2667    7.24831481  1.368574E+09  1.053902E+09  1.528427E+30
        6.885568E+00  2.171834E+01  5.568683E+00  0.0000000000  0.000000E+00
        3.108431E+26 -3.999873E+00 -1.999887E+00 -3.054398E-01 -3.054398E-01
   106     5731.4212    7.25161603  1.363383E+09  1.096883E+09  1.429279E+30
        6.873053E+00  2.171880E+01  5.569006E+00  0.0000000000  0.000000E+00
        2.391033E+26 -3.999873E+00 -1.999887E+00 -3.054398E-01 -3.054398E-01
   107     5649.8597    7.25514327  1.357857E+09  1.140442E+09  1.338724E+30
        6.860814E+00  2.171924E+01  5.569310E+00  0.0000000000  0.000000E+00
        1.849740E+26 -3.999873E+00 -1.999887E+00 -3.054398E-01 -3.054398E-01
   108     5573.3741    7.25868659  1.352329E+09  1.183816E+09  1.257389E+30
        6.849040E+00  2.171964E+01  5.569594E+00  0.0000000000  0.000000E+00
        1.444876E+26 -3.999873E+00 -1.999887E+00 -3.054398E-01 -3.054398E-01
   109     5499.2292    7.26212068  1.346993E+09  1.228195E+09  1.182416E+30
        6.837396E+00  2.172004E+01  5.569870E+00  0.0000000000  0.000000E+00
        1.131776E+26 -3.999873E+00 -1.999887E+00 -3.054398E-01 -3.054398E-01
   110     5425.2756    7.26554560  1.341693E+09  1.275319E+09  1.111284E+30
        6.825450E+00  2.172044E+01  5.570149E+00  0.0000000000  0.000000E+00
        8.810329E+25 -3.999873E+00 -1.999887E+00 -3.054398E-01 -3.054398E-01
   111     5353.5094    7.26912936  1.336168E+09  1.325626E+09  1.044981E+30
        6.813132E+00  2.172085E+01  5.570436E+00  0.0000000000  0.000000E+00
        6.804074E+25 -3.999873E+00 -1.999887E+00 -3.054398E-01 -3.054398E-01
   112     5287.7441    7.27264883  1.330765E+09  1.378083E+09  9.865441E+29
        6.800705E+00  2.172125E+01  5.570718E+00  0.0000000000  0.000000E+00
        5.238147E+25 -3.999873E+00 -1.999887E+00 -3.054398E-01 -3.054398E-01
   113     5227.0317    7.27592733  1.325752E+09  1.434283E+09  9.349251E+29
        6.787794E+00  2.172166E+01  5.571005E+00  0.0000000000  0.000000E+00
        3.984188E+25 -3.999873E+00 -1.999887E+00 -3.054398E-01 -3.054398E-01
   114     5168.5599    7.27907209  1.320960E+09  1.497103E+09  8.873394E+29
        6.773756E+00  2.172210E+01  5.571309E+00  0.0000000000  0.000000E+00
        2.951081E+25 -3.999873E+00 -1.999887E+00 -3.054398E-01 -3.054398E-01
   115     5112.5723    7.28212424  1.316327E+09  1.566636E+09  8.435625E+29
        6.758566E+00  2.172255E+01  5.571626E+00  0.0000000000  0.000000E+00
        2.126353E+25 -3.999873E+00 -1.999887E+00 -3.054398E-01 -3.054398E-01
   116     5060.0914    7.28504456  1.311908E+09  1.641663E+09  8.040304E+29
        6.742447E+00  2.172302E+01  5.571949E+00  0.0000000000  0.000000E+00
        1.498397E+25 -3.999873E+00 -1.999887E+00 -3.054398E-01 -3.054398E-01
   117     5009.7331    7.28779930  1.307754E+09  1.721458E+09  7.676136E+29
        6.725493E+00  2.172348E+01  5.572273E+00  0.0000000000  0.000000E+00
        1.037143E+25 -3.999873E+00 -1.999887E+00 -3.054398E-01 -3.054398E-01
   118     4959.4404    7.29035780  1.303908E+09  1.805067E+09  7.329199E+29
        6.707858E+00  2.172394E+01  5.572595E+00  0.0000000000  0.000000E+00
        7.089572E+24 -3.999873E+00 -1.999887E+00 -3.054398E-01 -3.054398E-01
   119     4908.7944    7.29271326  1.300377E+09  1.891253E+09  6.996321E+29
        6.689763E+00  2.172439E+01  5.572912E+00  0.0000000000  0.000000E+00
        4.824638E+24 -3.999873E+00 -1.999887E+00 -3.054398E-01 -3.054398E-01
   120     4858.5118    7.29489560  1.297114E+09  1.979149E+09  6.680378E+29
        6.671362E+00  2.172483E+01  5.573221E+00  0.0000000000  0.000000E+00
        3.290034E+24 -3.999873E+00 -1.999887E+00 -3.054398E-01 -3.054398E-01
   121     4809.1154    7.29692164  1.294092E+09  2.068003E+09  6.382970E+29
        6.652787E+00  2.172525E+01  5.573516E+00  0.0000000000  0.000000E+00
        2.259538E+24 -3.999873E+00 -1.999887E+00 -3.054398E-01 -3.054398E-01
   122     4760.4743    7.29878849  1.291313E+09  2.157075E+09  6.102335E+29
        6.634180E+00  2.172563E+01  5.573779E+00  0.0000000000  0.000000E+00
        1.569716E+24 -3.999873E+00 -1.999887E+00 -3.054398E-01 -3.054398E-01
   123     4711.6414    7.30048698  1.288790E+09  2.245716E+09  5.832914E+29
        6.615677E+00  2.172598E+01  5.574020E+00  0.0000000000  0.000000E+00
        1.107550E+24 -3.999873E+00 -1.999887E+00 -3.054398E-01 -3.054398E-01
   124     4661.9037    7.30202641  1.286508E+09  2.333842E+09  5.570708E+29
        6.597305E+00  2.172632E+01  5.574253E+00  0.0000000000  0.000000E+00
        7.940681E+23 -3.999873E+00 -1.999887E+00 -3.054398E-01 -3.054398E-01
   125     4610.4052    7.30340909  1.284462E+09  2.421323E+09  5.311668E+29
        6.579111E+00  2.172666E+01  5.574489E+00  0.0000000000  0.000000E+00
        5.788135E+23 -3.999873E+00 -1.999887E+00 -3.054398E-01 -3.054398E-01
   126     4556.5907    7.30464894  1.282630E+09  2.508509E+09  5.053529E+29
        6.561054E+00  2.172701E+01  5.574736E+00  0.0000000000  0.000000E+00
        4.281114E+23 -3.999873E+00 -1.999887E+00 -3.054398E-01 -3.054398E-01
   127     4500.3932    7.30576330  1.280985E+09  2.595862E+09  4.796475E+29
        6.543079E+00  2.172736E+01  5.574984E+00  0.0000000000  0.000000E+00
        3.204830E+23 -3.999873E+00 -1.999887E+00 -3.054398E-01 -3.054398E-01
   128     4442.5660    7.30676942  1.279502E+09  2.683766E+09  4.544120E+29
        6.525144E+00  2.172769E+01  5.575222E+00  0.0000000000  0.000000E+00
        2.422140E+23 -3.999873E+00 -1.999887E+00 -3.054398E-01 -3.054398E-01
   129     4383.8354    7.30769018  1.278147E+09  2.772734E+09  4.299425E+29
        6.507176E+00  2.172799E+01  5.575440E+00  0.0000000000  0.000000E+00
        1.842900E+23 -3.999873E+00 -1.999887E+00 -3.054398E-01 -3.054398E-01
   130     4325.1742    7.30853845  1.276899E+09  2.862703E+09  4.065927E+29
        6.489220E+00  2.172827E+01  5.575634E+00  0.0000000000  0.000000E+00
        1.410355E+23 -3.999873E+00 -1.999887E+00 -3.054398E-01 -3.054398E-01
   131     4266.7920    7.30932657  1.275741E+09  2.953797E+09  3.843819E+29
        6.471282E+00  2.172853E+01  5.575814E+00  0.0000000000  0.000000E+00
        1.084252E+23 -3.999873E+00 -1.999887E+00 -3.054398E-01 -3.054398E-01
   132     4208.9658    7.31005680  1.274669E+09  3.045792E+09  3.633527E+29
        6.453421E+00  2.172877E+01  5.575980E+00  0.0000000000  0.000000E+00
        8.372763E+22 -3.999873E+00 -1.999887E+00 -3.054398E-01 -3.054398E-01
   133     4151.1598    7.31072965  1.273682E+09  3.138754E+09  3.432668E+29
        6.435637E+00  2.172900E+01  5.576136E+00  0.0000000000  0.000000E+00
        6.489431E+22 -3.999873E+00 -1.999887E+00 -3.054398E-01 -3.054398E-01
   134     4092.8291    7.31134497  1.272780E+09  3.232909E+09  3.239165E+29
        6.417902E+00  2.172921E+01  5.576288E+00  0.0000000000  0.000000E+00
        5.043282E+22 -3.999873E+00 -1.999887E+00 -3.054398E-01 -3.054398E-01
   135     4033.7171    7.31190905  1.271954E+09  3.328854E+09  3.052083E+29
        6.400133E+00  2.172942E+01  5.576435E+00  0.0000000000  0.000000E+00
        3.924079E+22 -3.999873E+00 -1.999887E+00 -3.054398E-01 -3.054398E-01
   136     3973.7114    7.31243242  1.271187E+09  3.427324E+09  2.871022E+29
        6.382231E+00  2.172962E+01  5.576580E+00  0.0000000000  0.000000E+00
        3.051652E+22 -3.999873E+00 -1.999887E+00 -3.054398E-01 -3.054398E-01
   137     3913.0274    7.31292262  1.270470E+09  3.528725E+09  2.696575E+29
        6.364161E+00  2.172982E+01  5.576724E+00  0.0000000000  0.000000E+00
        2.370212E+22 -3.999873E+00 -1.999887E+00 -3.054398E-01 -3.054398E-01
   138     3851.4886    7.31338641  1.269792E+09  3.633823E+09  2.528202E+29
        6.345829E+00  2.173003E+01  5.576867E+00  0.0000000000  0.000000E+00
        1.835906E+22 -3.999873E+00 -1.999887E+00 -3.054398E-01 -3.054398E-01
   139     3789.2836    7.31382370  1.269153E+09  3.743320E+09  2.366401E+29
        6.327158E+00  2.173022E+01  5.577001E+00  0.0000000000  0.000000E+00
        1.416439E+22 -3.999873E+00 -1.999887E+00 -3.054398E-01 -3.054398E-01
   140     3726.3843    7.31423386  1.268554E+09  3.857672E+09  2.211059E+29
        6.308125E+00  2.173039E+01  5.577124E+00  0.0000000000  0.000000E+00
        1.088001E+22 -3.999873E+00 -1.999887E+00 -3.054398E-01 -3.054398E-01
   141     3663.0496    7.31461949  1.267991E+09  3.977310E+09  2.062696E+29
        6.288713E+00  2.173056E+01  5.577239E+00  0.0000000000  0.000000E+00
        8.317420E+21 -3.999873E+00 -1.999887E+00 -3.054398E-01 -3.054398E-01
   142     3599.4384    7.31498122  1.267463E+09  4.102257E+09  1.921504E+29
        6.268966E+00  2.173071E+01  5.577350E+00  0.0000000000  0.000000E+00
        6.331761E+21 -3.999873E+00 -1.999887E+00 -3.054398E-01 -3.054398E-01
   143     3515.0916    7.31543822  1.266796E+09  4.302257E+09  1.745790E+29
        6.263439E+00  2.173098E+01  5.577518E+00  0.0000000000  0.000000E+00
        4.676092E+21 -3.999873E+00 -1.999887E+00 -3.054398E-01 -3.054398E-01
   144     3473.8680    7.31564363  1.266497E+09  4.402257E+09  1.664536E+29
        6.248278E+00  2.173104E+01  5.577605E+00  0.0528768623 -2.416116E-02
        3.734188E+21 -3.999873E+00 -1.999887E+00 -3.054398E-01 -3.054398E-01
   145     3434.6677    7.31584387  1.266205E+09  4.502257E+09  1.589932E+29
        6.229266E+00  2.173114E+01  5.577714E+00  0.1152014373 -5.315559E-02
        2.975130E+21 -3.999873E+00 -1.999887E+00 -3.054398E-01 -3.054398E-01
   146     3369.8003    7.31620981  1.265671E+09  4.702257E+09  1.471941E+29
        6.206140E+00  2.173154E+01  5.577986E+00  0.1851681620 -8.893201E-02
        2.224647E+21 -3.999873E+00 -1.999887E+00 -3.054398E-01 -3.054398E-01
   147     3316.3182    7.31647796  1.265281E+09  4.902257E+09  1.379845E+29
        6.188012E+00  2.173175E+01  5.578134E+00  0.2599405418 -1.307334E-01
        1.706487E+21 -3.999873E+00 -1.999887E+00 -3.054398E-01 -3.054398E-01
   148     3267.3255    7.31670596  1.264948E+09  5.102257E+09  1.299413E+29
        6.169604E+00  2.173191E+01  5.578243E+00  0.3398354616 -1.803478E-01
        1.300642E+21 -3.999873E+00 -1.999887E+00 -3.054398E-01 -3.054398E-01
   149     3220.6429    7.31691132  1.264649E+09  5.302257E+09  1.226147E+29
        6.151840E+00  2.173205E+01  5.578334E+00  0.4102717221 -2.293480E-01
        1.003555E+21 -3.999873E+00 -1.999887E+00 -3.054398E-01 -3.054398E-01
   150     3175.0439    7.31710768  1.264364E+09  5.502257E+09  1.157644E+29
        6.134442E+00  2.173219E+01  5.578423E+00  0.4778858512 -2.822345E-01
        7.758861E+20 -3.999873E+00 -1.999887E+00 -3.054398E-01 -3.054398E-01
   151     3129.2288    7.31729328  1.264093E+09  5.702257E+09  1.091791E+29
        6.117228E+00  2.173232E+01  5.578507E+00  0.5357563877 -3.332541E-01
        5.973378E+20 -3.999873E+00 -1.999887E+00 -3.054398E-01 -3.054398E-01
   152     3082.4947    7.31747267  1.263832E+09  5.902257E+09  1.027591E+29
        6.099902E+00  2.173244E+01  5.578591E+00  0.5985830845 -3.964043E-01
        4.587980E+20 -3.999873E+00 -1.999887E+00 -3.054398E-01 -3.054398E-01
   153     3034.6577    7.31764528  1.263581E+09  6.102257E+09  9.648886E+28
        6.082359E+00  2.173256E+01  5.578671E+00  0.6499699192 -4.558946E-01
        3.513245E+20 -3.999873E+00 -1.999887E+00 -3.054398E-01 -3.054398E-01
   154     2985.3958    7.31781111  1.263340E+09  6.302257E+09  9.034002E+28
        6.064507E+00  2.173267E+01  5.578744E+00  0.6998362599 -5.226418E-01
        2.673613E+20 -3.999873E+00 -1.999887E+00 -3.054398E-01 -3.054398E-01
   155     2934.7142    7.31797196  1.263106E+09  6.502257E+09  8.432860E+28
        6.046347E+00  2.173277E+01  5.578811E+00  0.7475822791 -5.978802E-01
        2.006429E+20 -3.999873E+00 -1.999887E+00 -3.054398E-01 -3.054398E-01
   156     2862.7681    7.31818896  1.262791E+09  6.785916E+09  7.632017E+28
        6.020614E+00  2.173290E+01  5.578903E+00  0.8012341207 -7.016582E-01
        1.292426E+20 -3.999873E+00 -1.999887E+00 -3.054398E-01 -3.054398E-01
   157     2793.0387    7.31839216  1.262495E+09  7.069552E+09  6.911929E+28
        5.995161E+00  2.173304E+01  5.579006E+00  0.8460887416 -8.127296E-01
        8.284453E+19 -3.999873E+00 -1.999887E+00 -3.054398E-01 -3.054398E-01
   158     2721.0918    7.31859488  1.262201E+09  7.359693E+09  6.223885E+28
        5.969117E+00  2.173319E+01  5.579122E+00  0.8825819239 -9.302650E-01
        5.203028E+19 -3.999873E+00 -1.999887E+00 -3.054398E-01 -3.054398E-01
   159     2648.7328    7.31879193  1.261914E+09  7.645764E+09  5.585271E+28
        5.943200E+00  2.173333E+01  5.579220E+00  0.9143755265 -1.067402E+00
        3.252319E+19 -3.999873E+00 -1.999887E+00 -3.054398E-01 -3.054398E-01
   160     2581.2630    7.31896027  1.261670E+09  7.925234E+09  5.035614E+28
        5.918094E+00  2.173341E+01  5.579273E+00  0.9360236271 -1.193980E+00
        2.091460E+19 -3.999873E+00 -1.999887E+00 -3.054398E-01 -3.054398E-01
   161     2512.0700    7.31912096  1.261436E+09  8.211745E+09  4.515331E+28
        5.892546E+00  2.173346E+01  5.579302E+00  0.9539729956 -1.336987E+00
        1.327708E+19 -3.999873E+00 -1.999887E+00 -3.054398E-01 -3.054398E-01
   162     2445.0293    7.31927025  1.261220E+09  8.495397E+09  4.050882E+28
        5.867514E+00  2.173351E+01  5.579334E+00  0.9679165201 -1.493719E+00
        8.595636E+18 -3.999873E+00 -1.999887E+00 -3.054398E-01 -3.054398E-01
   163     2381.6057    7.31941222  1.261013E+09  8.780608E+09  3.645447E+28
        5.842839E+00  2.173359E+01  5.579383E+00  0.9778159568 -1.653959E+00
        5.659302E+18 -3.999873E+00 -1.999887E+00 -3.054398E-01 -3.054398E-01
   164     2318.5720    7.31954967  1.260814E+09  9.075296E+09  3.273530E+28
        5.817927E+00  2.173366E+01  5.579426E+00  0.9846608956 -1.814200E+00
        3.721823E+18 -3.999873E+00 -1.999887E+00 -3.054398E-01 -3.054398E-01
   165     2253.7641    7.31968024  1.260624E+09  9.375466E+09  2.921711E+28
        5.793027E+00  2.173372E+01  5.579465E+00  0.9872450227 -1.894320E+00
        2.470027E+18 -3.999873E+00 -1.999887E+00 -3.054398E-01 -3.054398E-01
   166     2193.5878    7.31978947  1.260466E+09  9.671887E+09  2.621285E+28
        5.768952E+00  2.173377E+01  5.579499E+00  0.9878199348 -1.914350E+00
        1.669308E+18 -3.999873E+00 -1.999887E+00 -3.054398E-01 -3.054398E-01
   167     2137.8444    7.31988498  1.260327E+09  9.977424E+09  2.364302E+28
        5.744870E+00  2.173381E+01  5.579534E+00  0.9878199348 -1.914350E+00
        1.131819E+18 -3.999873E+00 -1.999887E+00 -3.054398E-01 -3.054398E-01
   168     2081.2263    7.31998374  1.260184E+09  1.030154E+10  2.123133E+28
        5.720125E+00  2.173386E+01  5.579571E+00  0.9883689334 -1.934380E+00
        7.653335E+17 -3.999873E+00 -1.999887E+00 -3.054398E-01 -3.054398E-01
   169     2026.8607    7.32008218  1.260041E+09  1.063273E+10  1.909401E+28
        5.695634E+00  2.173390E+01  5.579606E+00  0.9883689334 -1.934380E+00
        5.199553E+17 -3.999873E+00 -1.999887E+00 -3.054398E-01 -3.054398E-01
   170     1974.3529    7.32017697  1.259904E+09  1.097496E+10  1.718723E+28
        5.671161E+00  2.173395E+01  5.579644E+00  0.9883689334 -1.934380E+00
        3.538228E+17 -3.999873E+00 -1.999887E+00 -3.054398E-01 -3.054398E-01
   171     1921.8594    7.32027047  1.259768E+09  1.132970E+10  1.542764E+28
        5.646547E+00  2.173401E+01  5.579685E+00  0.9883689334 -1.934380E+00
        2.407480E+17 -3.999873E+00 -1.999887E+00 -3.054398E-01 -3.054398E-01
   172     1871.7903    7.32035864  1.259640E+09  1.168947E+10  1.387886E+28
        5.622287E+00  2.173405E+01  5.579718E+00  0.9883689334 -1.934380E+00
        1.647998E+17 -3.999873E+00 -1.999887E+00 -3.054398E-01 -3.054398E-01
   173     1822.9945    7.32044976  1.259508E+09  1.205938E+10  1.248462E+28
        5.598026E+00  2.173409E+01  5.579745E+00  0.9888931867 -1.954411E+00
        1.127431E+17 -3.999873E+00 -1.999887E+00 -3.054398E-01 -3.054398E-01
   174     1775.4976    7.32053936  1.259378E+09  1.243802E+10  1.123116E+28
        5.573848E+00  2.173414E+01  5.579771E+00  0.9888931867 -1.954411E+00
        7.749544E+16 -3.999873E+00 -1.999887E+00 -3.054398E-01 -3.054398E-01
   175     1729.2706    7.32062066  1.259260E+09  1.282446E+10  1.010450E+28
        5.549781E+00  2.173417E+01  5.579792E+00  0.9888931867 -1.954411E+00
        5.336695E+16 -3.999873E+00 -1.999887E+00 -3.054398E-01 -3.054398E-01
   176     1684.9540    7.32069154  1.259157E+09  1.321795E+10  9.106349E+27
        5.525912E+00  2.173419E+01  5.579807E+00  0.9888931867 -1.954411E+00
        3.683081E+16 -3.999873E+00 -1.999887E+00 -3.054398E-01 -3.054398E-01
   177     1640.4168    7.32075967  1.259059E+09  1.362204E+10  8.179765E+27
        5.501903E+00  2.173421E+01  5.579813E+00  0.9888931867 -1.954411E+00
        2.530970E+16 -3.999873E+00 -1.999887E+00 -3.054398E-01 -3.054398E-01
   178     1598.0813    7.32082400  1.258965E+09  1.402694E+10  7.366397E+27
        5.478323E+00  2.173421E+01  5.579819E+00  0.9888931867 -1.954411E+00
        1.748903E+16 -3.999873E+00 -1.999887E+00 -3.054398E-01 -3.054398E-01
   179     1556.8240    7.32088781  1.258873E+09  1.443912E+10  6.633670E+27
        5.454769E+00  2.173423E+01  5.579828E+00  0.9888931867 -1.954411E+00
        1.207398E+16 -3.999873E+00 -1.999887E+00 -3.054398E-01 -3.054398E-01
   180     1516.7148    7.32095302  1.258778E+09  1.485692E+10  5.975115E+27
        5.431319E+00  2.173425E+01  5.579844E+00  0.9893938100 -1.974441E+00
        8.337696E+15 -3.999873E+00 -1.999887E+00 -3.054398E-01 -3.054398E-01
   181     1477.7423    7.32101717  1.258686E+09  1.527973E+10  5.383457E+27
        5.407979E+00  2.173428E+01  5.579859E+00  0.9893938100 -1.974441E+00
        5.759475E+15 -3.999873E+00 -1.999887E+00 -3.054398E-01 -3.054398E-01
