============================================================================
  #Mod      Teff         Log(g)           R            Age            L
           Log(Tc)       Log(Pc)      Log(rhoc)       Mx/M         Log(qx)
             Lnu        Log(H/*)      Log(He/*)     Log(C/*)      Log(O/*)
============================================================================
     1   108486.8992    7.48100089  1.688154E+09  0.000000E+00  2.812971E+35
        8.022780E+00  2.316976E+01  6.489008E+00  0.0000000000  0.000000E+00
        3.846762E+35 -3.999873E+00 -1.999887E+00 -3.054398E-01 -3.054398E-01
     2   102827.8555    7.55316281  1.553571E+09  6.000000E+04  1.922814E+35
        8.003934E+00  2.320405E+01  6.512129E+00  0.0000000000  0.000000E+00
        3.196057E+35 -3.999873E+00 -1.999887E+00 -3.054398E-01 -3.054398E-01
     3    98253.2943    7.60576728  1.462274E+09  1.200000E+05  1.419967E+35
        7.986567E+00  2.323098E+01  6.530326E+00  0.0000000000  0.000000E+00
        2.639453E+35 -3.999873E+00 -1.999887E+00 -3.054398E-01 -3.054398E-01
     4    94257.2967    7.64700321  1.394475E+09  1.800000E+05  1.093739E+35
        7.970827E+00  2.325259E+01  6.544951E+00  0.0000000000  0.000000E+00
        2.187405E+35 -3.999873E+00 -1.999887E+00 -3.054398E-01 -3.054398E-01
     5    90656.2849    7.68050095  1.341720E+09  2.400000E+05  8.664583E+34
        7.956606E+00  2.327010E+01  6.556818E+00  0.0000000000  0.000000E+00
        1.824932E+35 -3.999873E+00 -1.999887E+00 -3.054398E-01 -3.054398E-01
     6    87366.5964    7.70835066  1.299383E+09  3.000000E+05  7.009515E+34
        7.943753E+00  2.328445E+01  6.566552E+00  0.0000000000  0.000000E+00
        1.535191E+35 -3.999873E+00 -1.999887E+00 -3.054398E-01 -3.054398E-01
     7    84362.1544    7.73193234  1.264580E+09  3.600000E+05  5.771853E+34
        7.932138E+00  2.329642E+01  6.574684E+00  0.0000000000  0.000000E+00
        1.303734E+35 -3.999873E+00 -1.999887E+00 -3.054398E-01 -3.054398E-01
     8    81614.5657    7.75219930  1.235415E+09  4.200000E+05  4.825345E+34
        7.921625E+00  2.330658E+01  6.581587E+00  0.0000000000  0.000000E+00
        1.117901E+35 -3.999873E+00 -1.999887E+00 -3.054398E-01 -3.054398E-01
     9    79093.4467    7.76978687  1.210651E+09  4.800000E+05  4.087258E+34
        7.912057E+00  2.331525E+01  6.587486E+00  0.0000000000  0.000000E+00
        9.670459E+34 -3.999873E+00 -1.999887E+00 -3.054398E-01 -3.054398E-01
    10    76770.0309    7.78518004  1.189385E+09  5.400000E+05  3.501417E+34
        7.903304E+00  2.332270E+01  6.592557E+00  0.0000000000  0.000000E+00
        8.433188E+34 -3.999873E+00 -1.999887E+00 -3.054398E-01 -3.054398E-01
    11    74624.0764    7.79875372  1.170943E+09  6.000000E+05  3.029836E+34
        7.895265E+00  2.332915E+01  6.596947E+00  0.0000000000  0.000000E+00
        7.409280E+34 -3.999873E+00 -1.999887E+00 -3.054398E-01 -3.054398E-01
    12    72661.4222    7.81069803  1.154951E+09  6.593088E+05  2.649565E+34
        7.887936E+00  2.333473E+01  6.600753E+00  0.0000000000  0.000000E+00
        6.564816E+34 -3.999873E+00 -1.999887E+00 -3.054398E-01 -3.054398E-01
    13    70780.4763    7.82181056  1.140269E+09  7.210382E+05  2.325414E+34
        7.880908E+00  2.333987E+01  6.604258E+00  0.0000000000  0.000000E+00
        5.829709E+34 -3.999873E+00 -1.999887E+00 -3.054398E-01 -3.054398E-01
    14    68956.8812    7.83226815  1.126622E+09  7.858282E+05  2.045028E+34
        7.874108E+00  2.334465E+01  6.607518E+00  0.0000000000  0.000000E+00
        5.183613E+34 -3.999873E+00 -1.999887E+00 -3.054398E-01 -3.054398E-01
    15    67191.8181    7.84210319  1.113938E+09  8.537770E+05  1.802268E+34
        7.867528E+00  2.334909E+01  6.610549E+00  0.0000000000  0.000000E+00
        4.615392E+34 -3.999873E+00 -1.999887E+00 -3.054398E-01 -3.054398E-01
    16    65495.5214    7.85133486  1.102161E+09  9.251640E+05  1.592827E+34
        7.861145E+00  2.335322E+01  6.613374E+00  0.0000000000  0.000000E+00
        4.114085E+34 -3.999873E+00 -1.999887E+00 -3.054398E-01 -3.054398E-01
    17    63845.0067    7.86009544  1.091101E+09  1.000726E+06  1.409514E+34
        7.854905E+00  2.335710E+01  6.616024E+00  0.0000000000  0.000000E+00
        3.668289E+34 -3.999873E+00 -1.999887E+00 -3.054398E-01 -3.054398E-01
    18    62233.8692    7.86842582  1.080686E+09  1.080503E+06  1.248356E+34
        7.848821E+00  2.336073E+01  6.618508E+00  0.0000000000  0.000000E+00
        3.272942E+34 -3.999873E+00 -1.999887E+00 -3.054398E-01 -3.054398E-01
    19    60665.2343    7.87634562  1.070877E+09  1.164489E+06  1.106804E+34
        7.842909E+00  2.336415E+01  6.620841E+00  0.0000000000  0.000000E+00
        2.923312E+34 -3.999873E+00 -1.999887E+00 -3.054398E-01 -3.054398E-01
    20    59151.3797    7.88385564  1.061658E+09  1.253011E+06  9.832429E+33
        7.837152E+00  2.336735E+01  6.623036E+00  0.0000000000  0.000000E+00
        2.613366E+34 -3.999873E+00 -1.999887E+00 -3.054398E-01 -3.054398E-01
    21    57669.2023    7.89105514  1.052895E+09  1.346982E+06  8.737307E+33
        7.831505E+00  2.337039E+01  6.625114E+00  0.0000000000  0.000000E+00
        2.336514E+34 -3.999873E+00 -1.999887E+00 -3.054398E-01 -3.054398E-01
    22    56224.9413    7.89792624  1.044598E+09  1.446273E+06  7.770461E+33
        7.825989E+00  2.337325E+01  6.627071E+00  0.0000000000  0.000000E+00
        2.090225E+34 -3.999873E+00 -1.999887E+00 -3.054398E-01 -3.054398E-01
    23    54809.8393    7.90450528  1.036716E+09  1.551205E+06  6.911715E+33
        7.820597E+00  2.337595E+01  6.628917E+00  0.0000000000  0.000000E+00
        1.870929E+34 -3.999873E+00 -1.999887E+00 -3.054398E-01 -3.054398E-01
    24    53439.4346    7.91076503  1.029272E+09  1.661721E+06  6.156578E+33
        7.815340E+00  2.337848E+01  6.630653E+00  0.0000000000  0.000000E+00
        1.676159E+34 -3.999873E+00 -1.999887E+00 -3.054398E-01 -3.054398E-01
    25    52110.0898    7.91675128  1.022202E+09  1.778805E+06  5.490261E+33
        7.810184E+00  2.338088E+01  6.632300E+00  0.0000000000  0.000000E+00
        1.502094E+34 -3.999873E+00 -1.999887E+00 -3.054398E-01 -3.054398E-01
    26    50810.8150    7.92250807  1.015450E+09  1.903239E+06  4.897490E+33
        7.805107E+00  2.338317E+01  6.633865E+00  0.0000000000  0.000000E+00
        1.346036E+34 -3.999873E+00 -1.999887E+00 -3.054398E-01 -3.054398E-01
    27    49558.1754    7.92799778  1.009052E+09  2.035095E+06  4.376434E+33
        7.800120E+00  2.338533E+01  6.635349E+00  0.0000000000  0.000000E+00
        1.206497E+34 -3.999873E+00 -1.999887E+00 -3.054398E-01 -3.054398E-01
    28    48337.6137    7.93328282  1.002931E+09  2.175841E+06  3.913046E+33
        7.795184E+00  2.338740E+01  6.636767E+00  0.0000000000  0.000000E+00
        1.080878E+34 -3.999873E+00 -1.999887E+00 -3.054398E-01 -3.054398E-01
    29    47148.2288    7.93837106  9.970730E+08  2.325778E+06  3.500640E+33
        7.790306E+00  2.338937E+01  6.638121E+00  0.0000000000  0.000000E+00
        9.680893E+33 -3.999873E+00 -1.999887E+00 -3.054398E-01 -3.054398E-01
    30    46001.9595    7.94324668  9.914919E+08  2.485305E+06  3.137008E+33
        7.785489E+00  2.339125E+01  6.639414E+00  0.0000000000  0.000000E+00
        8.669953E+33 -3.999873E+00 -1.999887E+00 -3.054398E-01 -3.054398E-01
    31    44897.0044    7.94793881  9.861502E+08  2.656164E+06  2.815708E+33
        7.780698E+00  2.339306E+01  6.640659E+00  0.0000000000  0.000000E+00
        7.758571E+33 -3.999873E+00 -1.999887E+00 -3.054398E-01 -3.054398E-01
    32    43813.9848    7.95250968  9.809744E+08  2.839944E+06  2.526960E+33
        7.775909E+00  2.339480E+01  6.641862E+00  0.0000000000  0.000000E+00
        6.934648E+33 -3.999873E+00 -1.999887E+00 -3.054398E-01 -3.054398E-01
    33    42763.7945    7.95690744  9.760201E+08  3.035956E+06  2.270150E+33
        7.771157E+00  2.339647E+01  6.643014E+00  0.0000000000  0.000000E+00
        6.196422E+33 -3.999873E+00 -1.999887E+00 -3.054398E-01 -3.054398E-01
    34    41741.2277    7.96114060  9.712750E+08  3.245464E+06  2.040691E+33
        7.766426E+00  2.339807E+01  6.644119E+00  0.0000000000  0.000000E+00
        5.533778E+33 -3.999873E+00 -1.999887E+00 -3.054398E-01 -3.054398E-01
    35    40753.1321    7.96519761  9.667489E+08  3.469291E+06  1.836975E+33
        7.761710E+00  2.339961E+01  6.645179E+00  0.0000000000  0.000000E+00
        4.939458E+33 -3.999873E+00 -1.999887E+00 -3.054398E-01 -3.054398E-01
    36    39795.5373    7.96909768  9.624178E+08  3.709553E+06  1.655376E+33
        7.756979E+00  2.340108E+01  6.646200E+00  0.0000000000  0.000000E+00
        4.404409E+33 -3.999873E+00 -1.999887E+00 -3.054398E-01 -3.054398E-01
    37    38867.1542    7.97284359  9.582762E+08  3.967857E+06  1.493291E+33
        7.752221E+00  2.340250E+01  6.647183E+00  0.0000000000  0.000000E+00
        3.922597E+33 -3.999873E+00 -1.999887E+00 -3.054398E-01 -3.054398E-01
    38    37970.7719    7.97644049  9.543161E+08  4.245985E+06  1.349007E+33
        7.747419E+00  2.340387E+01  6.648132E+00  0.0000000000  0.000000E+00
        3.488707E+33 -3.999873E+00 -1.999887E+00 -3.054398E-01 -3.054398E-01
    39    37101.3414    7.97990321  9.505192E+08  4.546491E+06  1.219866E+33
        7.742551E+00  2.340519E+01  6.649048E+00  0.0000000000  0.000000E+00
        3.097343E+33 -3.999873E+00 -1.999887E+00 -3.054398E-01 -3.054398E-01
    40    36257.1136    7.98323212  9.468832E+08  4.871186E+06  1.104073E+33
        7.737606E+00  2.340646E+01  6.649934E+00  0.0000000000  0.000000E+00
        2.744989E+33 -3.999873E+00 -1.999887E+00 -3.054398E-01 -3.054398E-01
    41    35444.9826    7.98642369  9.434104E+08  5.222110E+06  1.001042E+33
        7.732573E+00  2.340769E+01  6.650788E+00  0.0000000000  0.000000E+00
        2.428289E+33 -3.999873E+00 -1.999887E+00 -3.054398E-01 -3.054398E-01
    42    34656.1333    7.98950001  9.400750E+08  5.603449E+06  9.084005E+32
        7.727416E+00  2.340887E+01  6.651616E+00  0.0000000000  0.000000E+00
        2.142882E+33 -3.999873E+00 -1.999887E+00 -3.054398E-01 -3.054398E-01
    43    33889.0871    7.99245701  9.368800E+08  6.017166E+06  8.249724E+32
        7.722132E+00  2.341002E+01  6.652416E+00  0.0000000000  0.000000E+00
        1.886845E+33 -3.999873E+00 -1.999887E+00 -3.054398E-01 -3.054398E-01
    44    33154.7652    7.99528414  9.338356E+08  6.465845E+06  7.508560E+32
        7.716712E+00  2.341112E+01  6.653188E+00  0.0000000000  0.000000E+00
        1.657858E+33 -3.999873E+00 -1.999887E+00 -3.054398E-01 -3.054398E-01
    45    32436.5824    7.99801699  9.309021E+08  6.956568E+06  6.835658E+32
        7.711098E+00  2.341219E+01  6.653940E+00  0.0000000000  0.000000E+00
        1.452068E+33 -3.999873E+00 -1.999887E+00 -3.054398E-01 -3.054398E-01
    46    31752.0119    8.00062557  9.281105E+08  7.490251E+06  6.239020E+32
        7.705310E+00  2.341323E+01  6.654668E+00  0.0000000000  0.000000E+00
        1.268757E+33 -3.999873E+00 -1.999887E+00 -3.054398E-01 -3.054398E-01
    47    31081.8820    8.00315447  9.254123E+08  8.077029E+06  5.695498E+32
        7.699273E+00  2.341424E+01  6.655380E+00  0.0000000000  0.000000E+00
        1.104372E+33 -3.999873E+00 -1.999887E+00 -3.054398E-01 -3.054398E-01
    48    30439.7653    8.00557492  9.228371E+08  8.717775E+06  5.210114E+32
        7.693013E+00  2.341523E+01  6.656072E+00  0.0000000000  0.000000E+00
        9.585299E+32 -3.999873E+00 -1.999887E+00 -3.054398E-01 -3.054398E-01
    49    29826.6338    8.00789773  9.203725E+08  9.423215E+06  4.777231E+32
        7.686469E+00  2.341618E+01  6.656746E+00  0.0000000000  0.000000E+00
        8.286620E+32 -3.999873E+00 -1.999887E+00 -3.054398E-01 -3.054398E-01
    50    29226.1077    8.01015294  9.179859E+08  1.020474E+07  4.381148E+32
        7.679586E+00  2.341711E+01  6.657405E+00  0.0000000000  0.000000E+00
        7.129832E+32 -3.999873E+00 -1.999887E+00 -3.054398E-01 -3.054398E-01
    51    28652.7330    8.01230669  9.157125E+08  1.106325E+07  4.027305E+32
        7.672413E+00  2.341802E+01  6.658045E+00  0.0000000000  0.000000E+00
        6.113121E+32 -3.999873E+00 -1.999887E+00 -3.054398E-01 -3.054398E-01
    52    28102.1652    8.01437860  9.135308E+08  1.201488E+07  3.708835E+32
        7.664877E+00  2.341890E+01  6.658671E+00  0.0000000000  0.000000E+00
        5.216306E+32 -3.999873E+00 -1.999887E+00 -3.054398E-01 -3.054398E-01
    53    27573.5964    8.01637399  9.114346E+08  1.307194E+07  3.421816E+32
        7.656957E+00  2.341976E+01  6.659285E+00  0.0000000000  0.000000E+00
        4.428401E+32 -3.999873E+00 -1.999887E+00 -3.054398E-01 -3.054398E-01
    54    27066.2700    8.01829798  9.094179E+08  1.424782E+07  3.162807E+32
        7.648637E+00  2.342061E+01  6.659891E+00  0.0000000000  0.000000E+00
        3.739467E+32 -3.999873E+00 -1.999887E+00 -3.054398E-01 -3.054398E-01
    55    26578.9775    8.02015598  9.074746E+08  1.555713E+07  2.928560E+32
        7.639906E+00  2.342144E+01  6.660491E+00  0.0000000000  0.000000E+00
        3.140214E+32 -3.999873E+00 -1.999887E+00 -3.054398E-01 -3.054398E-01
    56    26107.2574    8.02195902  9.055928E+08  1.701524E+07  2.714832E+32
        7.630761E+00  2.342228E+01  6.661089E+00  0.0000000000  0.000000E+00
        2.622114E+32 -3.999873E+00 -1.999887E+00 -3.054398E-01 -3.054398E-01
    57    25656.0009    8.02369885  9.037807E+08  1.863333E+07  2.521819E+32
        7.621234E+00  2.342311E+01  6.661687E+00  0.0000000000  0.000000E+00
        2.178222E+32 -3.999873E+00 -1.999887E+00 -3.054398E-01 -3.054398E-01
    58    25221.3345    8.02538770  9.020251E+08  2.043546E+07  2.346073E+32
        7.611295E+00  2.342394E+01  6.662287E+00  0.0000000000  0.000000E+00
        1.798607E+32 -3.999873E+00 -1.999887E+00 -3.054398E-01 -3.054398E-01
    59    24801.7966    8.02702780  9.003235E+08  2.243813E+07  2.185555E+32
        7.600964E+00  2.342476E+01  6.662883E+00  0.0000000000  0.000000E+00
        1.476353E+32 -3.999873E+00 -1.999887E+00 -3.054398E-01 -3.054398E-01
    60    24394.7908    8.02862295  8.986716E+08  2.465702E+07  2.038086E+32
        7.590273E+00  2.342558E+01  6.663474E+00  0.0000000000  0.000000E+00
        1.204844E+32 -3.999873E+00 -1.999887E+00 -3.054398E-01 -3.054398E-01
    61    24001.3703    8.03016854  8.970739E+08  2.710354E+07  1.902973E+32
        7.579267E+00  2.342638E+01  6.664054E+00  0.0000000000  0.000000E+00
        9.780019E+31 -3.999873E+00 -1.999887E+00 -3.054398E-01 -3.054398E-01
    62    23618.9965    8.03167015  8.955244E+08  2.979496E+07  1.778413E+32
        7.567961E+00  2.342716E+01  6.664621E+00  0.0000000000  0.000000E+00
        7.894853E+31 -3.999873E+00 -1.999887E+00 -3.054398E-01 -3.054398E-01
    63    23246.2172    8.03313064  8.940199E+08  3.274046E+07  1.663166E+32
        7.556400E+00  2.342792E+01  6.665171E+00  0.0000000000  0.000000E+00
        6.340340E+31 -3.999873E+00 -1.999887E+00 -3.054398E-01 -3.054398E-01
    64    22881.2849    8.03455488  8.925551E+08  3.594650E+07  1.556051E+32
        7.544627E+00  2.342865E+01  6.665704E+00  0.0000000000  0.000000E+00
        5.068149E+31 -3.999873E+00 -1.999887E+00 -3.054398E-01 -3.054398E-01
    65    22523.9497    8.03594480  8.911280E+08  3.941528E+07  1.456432E+32
        7.532691E+00  2.342935E+01  6.666220E+00  0.0000000000  0.000000E+00
        4.034765E+31 -3.999873E+00 -1.999887E+00 -3.054398E-01 -3.054398E-01
    66    22173.4201    8.03730359  8.897350E+08  4.315100E+07  1.363591E+32
        7.520626E+00  2.343004E+01  6.666720E+00  0.0000000000  0.000000E+00
        3.200058E+31 -3.999873E+00 -1.999887E+00 -3.054398E-01 -3.054398E-01
    67    21829.1790    8.03863332  8.883740E+08  4.715553E+07  1.276948E+32
        7.508463E+00  2.343070E+01  6.667206E+00  0.0000000000  0.000000E+00
        2.529383E+31 -3.999873E+00 -1.999887E+00 -3.054398E-01 -3.054398E-01
    68    21490.7798    8.03993520  8.870434E+08  5.142935E+07  1.195998E+32
        7.496230E+00  2.343135E+01  6.667678E+00  0.0000000000  0.000000E+00
        1.993076E+31 -3.999873E+00 -1.999887E+00 -3.054398E-01 -3.054398E-01
    69    21157.9092    8.04120946  8.857431E+08  5.597138E+07  1.120311E+32
        7.483949E+00  2.343197E+01  6.668136E+00  0.0000000000  0.000000E+00
        1.566113E+31 -3.999873E+00 -1.999887E+00 -3.054398E-01 -3.054398E-01
    70    20830.3639    8.04245711  8.844717E+08  6.077960E+07  1.049512E+32
        7.471640E+00  2.343259E+01  6.668583E+00  0.0000000000  0.000000E+00
        1.227600E+31 -3.999873E+00 -1.999887E+00 -3.054398E-01 -3.054398E-01
    71    20507.9005    8.04367955  8.832278E+08  6.585203E+07  9.832461E+31
        7.459320E+00  2.343318E+01  6.669021E+00  0.0000000000  0.000000E+00
        9.602095E+30 -3.999873E+00 -1.999887E+00 -3.054398E-01 -3.054398E-01
    72    20190.5724    8.04487664  8.820113E+08  7.118671E+07  9.212444E+31
        7.447003E+00  2.343377E+01  6.669449E+00  0.0000000000  0.000000E+00
        7.496899E+30 -3.999873E+00 -1.999887E+00 -3.054398E-01 -3.054398E-01
    73    19878.2489    8.04604851  8.808222E+08  7.678304E+07  8.632189E+31
        7.434699E+00  2.343434E+01  6.669868E+00  0.0000000000  0.000000E+00
        5.843907E+30 -3.999873E+00 -1.999887E+00 -3.054398E-01 -3.054398E-01
    74    19570.5763    8.04719572  8.796596E+08  8.264004E+07  8.088644E+31
        7.422416E+00  2.343489E+01  6.670275E+00  0.0000000000  0.000000E+00
        4.549287E+30 -3.999873E+00 -1.999887E+00 -3.054398E-01 -3.054398E-01
    75    19267.8910    8.04831828  8.785234E+08  8.875553E+07  7.580108E+31
        7.410164E+00  2.343543E+01  6.670671E+00  0.0000000000  0.000000E+00
        3.537816E+30 -3.999873E+00 -1.999887E+00 -3.054398E-01 -3.054398E-01
    76    18969.8338    8.04941714  8.774127E+08  9.513168E+07  7.103852E+31
        7.397944E+00  2.343596E+01  6.671055E+00  0.0000000000  0.000000E+00
        2.748814E+30 -3.999873E+00 -1.999887E+00 -3.054398E-01 -3.054398E-01
    77    18676.2737    8.05049117  8.763284E+08  1.017680E+08  6.657738E+31
        7.385761E+00  2.343646E+01  6.671425E+00  0.0000000000  0.000000E+00
        2.134513E+30 -3.999873E+00 -1.999887E+00 -3.054398E-01 -3.054398E-01
    78    18387.3692    8.05154156  8.752693E+08  1.086644E+08  6.240132E+31
        7.373622E+00  2.343695E+01  6.671785E+00  0.0000000000  0.000000E+00
        1.657072E+30 -3.999873E+00 -1.999887E+00 -3.054398E-01 -3.054398E-01
    79    18103.0076    8.05257006  8.742335E+08  1.158256E+08  5.849111E+31
        7.361530E+00  2.343744E+01  6.672141E+00  0.0000000000  0.000000E+00
        1.286326E+30 -3.999873E+00 -1.999887E+00 -3.054398E-01 -3.054398E-01
    80    17823.0477    8.05357609  8.732216E+08  1.232564E+08  5.482880E+31
        7.349486E+00  2.343792E+01  6.672489E+00  0.0000000000  0.000000E+00
        9.986113E+29 -3.999873E+00 -1.999887E+00 -3.054398E-01 -3.054398E-01
    81    17547.4894    8.05455932  8.722336E+08  1.309598E+08  5.139935E+31
        7.337491E+00  2.343838E+01  6.672827E+00  0.0000000000  0.000000E+00
        7.754921E+29 -3.999873E+00 -1.999887E+00 -3.054398E-01 -3.054398E-01
    82    17276.4012    8.05552030  8.712692E+08  1.389394E+08  4.818921E+31
        7.325547E+00  2.343882E+01  6.673152E+00  0.0000000000  0.000000E+00
        6.025427E+29 -3.999873E+00 -1.999887E+00 -3.054398E-01 -3.054398E-01
    83    17009.9386    8.05646087  8.703262E+08  1.471998E+08  4.518633E+31
        7.313655E+00  2.343924E+01  6.673461E+00  0.0000000000  0.000000E+00
        4.685016E+29 -3.999873E+00 -1.999887E+00 -3.054398E-01 -3.054398E-01
    84    16748.4201    8.05738281  8.694029E+08  1.557480E+08  4.238084E+31
        7.301812E+00  2.343964E+01  6.673754E+00  0.0000000000  0.000000E+00
        3.645801E+29 -3.999873E+00 -1.999887E+00 -3.054398E-01 -3.054398E-01
    85    16491.8306    8.05828818  8.684972E+08  1.645948E+08  3.975980E+31
        7.290016E+00  2.344002E+01  6.674030E+00  0.0000000000  0.000000E+00
        2.839549E+29 -3.999873E+00 -1.999887E+00 -3.054398E-01 -3.054398E-01
    86    16239.9594    8.05917996  8.676059E+08  1.737478E+08  3.730927E+31
        7.278269E+00  2.344038E+01  6.674294E+00  0.0000000000  0.000000E+00
        2.213808E+29 -3.999873E+00 -1.999887E+00 -3.054398E-01 -3.054398E-01
    87    15992.8867    8.06005986  8.667275E+08  1.832136E+08  3.501907E+31
        7.266573E+00  2.344072E+01  6.674547E+00  0.0000000000  0.000000E+00
        1.727972E+29 -3.999873E+00 -1.999887E+00 -3.054398E-01 -3.054398E-01
    88    15750.1807    8.06092964  8.658600E+08  1.930008E+08  3.287528E+31
        7.254929E+00  2.344105E+01  6.674791E+00  0.0000000000  0.000000E+00
        1.350511E+29 -3.999873E+00 -1.999887E+00 -3.054398E-01 -3.054398E-01
    89    15512.0242    8.06178842  8.650043E+08  2.031114E+08  3.087041E+31
        7.243345E+00  2.344138E+01  6.675028E+00  0.0000000000  0.000000E+00
        1.057175E+29 -3.999873E+00 -1.999887E+00 -3.054398E-01 -3.054398E-01
    90    15277.7419    8.06263579  8.641609E+08  2.135524E+08  2.899064E+31
        7.231823E+00  2.344169E+01  6.675260E+00  0.0000000000  0.000000E+00
        8.290530E+28 -3.999873E+00 -1.999887E+00 -3.054398E-01 -3.054398E-01
    91    15047.4991    8.06346877  8.633325E+08  2.243188E+08  2.722987E+31
        7.220377E+00  2.344200E+01  6.675485E+00  0.0000000000  0.000000E+00
        6.516549E+28 -3.999873E+00 -1.999887E+00 -3.054398E-01 -3.054398E-01
    92    14821.1384    8.06428343  8.625232E+08  2.354142E+08  2.557996E+31
        7.209009E+00  2.344229E+01  6.675698E+00  0.0000000000  0.000000E+00
        5.135225E+28 -3.999873E+00 -1.999887E+00 -3.054398E-01 -3.054398E-01
    93    14598.8291    8.06507966  8.617329E+08  2.468370E+08  2.403529E+31
        7.197733E+00  2.344256E+01  6.675897E+00  0.0000000000  0.000000E+00
        4.058568E+28 -3.999873E+00 -1.999887E+00 -3.054398E-01 -3.054398E-01
    94    14380.7369    8.06585931  8.609597E+08  2.585908E+08  2.259031E+31
        7.186553E+00  2.344282E+01  6.676086E+00  0.0000000000  0.000000E+00
        3.217767E+28 -3.999873E+00 -1.999887E+00 -3.054398E-01 -3.054398E-01
    95    14166.9255    8.06662424  8.602018E+08  2.706832E+08  2.123905E+31
        7.175472E+00  2.344307E+01  6.676269E+00  0.0000000000  0.000000E+00
        2.559534E+28 -3.999873E+00 -1.999887E+00 -3.054398E-01 -3.054398E-01
    96    13957.3444    8.06737554  8.594581E+08  2.831202E+08  1.997527E+31
        7.164492E+00  2.344332E+01  6.676447E+00  0.0000000000  0.000000E+00
        2.042928E+28 -3.999873E+00 -1.999887E+00 -3.054398E-01 -3.054398E-01
    97    13752.0317    8.06811389  8.587278E+08  2.959022E+08  1.879362E+31
        7.153619E+00  2.344356E+01  6.676626E+00  0.0000000000  0.000000E+00
        1.636551E+28 -3.999873E+00 -1.999887E+00 -3.054398E-01 -3.054398E-01
    98    13551.0617    8.06883965  8.580106E+08  3.090266E+08  1.768930E+31
        7.142860E+00  2.344381E+01  6.676805E+00  0.0000000000  0.000000E+00
        1.316130E+28 -3.999873E+00 -1.999887E+00 -3.054398E-01 -3.054398E-01
    99    13354.5320    8.06955105  8.573082E+08  3.224838E+08  1.665791E+31
        7.132227E+00  2.344406E+01  6.676985E+00  0.0000000000  0.000000E+00
        1.062894E+28 -3.999873E+00 -1.999887E+00 -3.054398E-01 -3.054398E-01
   100    13162.8394    8.07024520  8.566233E+08  3.362404E+08  1.569676E+31
        7.121748E+00  2.344430E+01  6.677162E+00  0.0000000000  0.000000E+00
        8.625055E+27 -3.999873E+00 -1.999887E+00 -3.054398E-01 -3.054398E-01
   101    12976.9796    8.07091791  8.559601E+08  3.502102E+08  1.480586E+31
        7.111482E+00  2.344453E+01  6.677334E+00  0.0000000000  0.000000E+00
        7.041093E+27 -3.999873E+00 -1.999887E+00 -3.054398E-01 -3.054398E-01
   102    12799.2198    8.07156138  8.553262E+08  3.641876E+08  1.399038E+31
        7.101565E+00  2.344475E+01  6.677497E+00  0.0000000000  0.000000E+00
        5.797577E+27 -3.999873E+00 -1.999887E+00 -3.054398E-01 -3.054398E-01
   103    12635.0255    8.07215864  8.547383E+08  3.776610E+08  1.326792E+31
        7.092313E+00  2.344495E+01  6.677645E+00  0.0000000000  0.000000E+00
        4.844039E+27 -3.999873E+00 -1.999887E+00 -3.054398E-01 -3.054398E-01
   104    12508.8223    8.07262243  8.542820E+08  3.883778E+08  1.273211E+31
        7.085140E+00  2.344511E+01  6.677756E+00  0.0000000000  0.000000E+00
        4.218602E+27 -3.999873E+00 -1.999887E+00 -3.054398E-01 -3.054398E-01
   105    12392.6798    8.07305458  8.538571E+08  3.985534E+08  1.225359E+31
        7.078488E+00  2.344524E+01  6.677857E+00  0.0000000000  0.000000E+00
        3.714274E+27 -3.999873E+00 -1.999887E+00 -3.054398E-01 -3.054398E-01
   106    12292.1760    8.07343250  8.534857E+08  4.076052E+08  1.185058E+31
        7.072692E+00  2.344536E+01  6.677941E+00  0.0000000000  0.000000E+00
        3.326555E+27 -3.999873E+00 -1.999887E+00 -3.054398E-01 -3.054398E-01
   107    12200.7226    8.07377958  8.531447E+08  4.160514E+08  1.149263E+31
        7.067385E+00  2.344546E+01  6.678017E+00  0.0000000000  0.000000E+00
        3.008906E+27 -3.999873E+00 -1.999887E+00 -3.054398E-01 -3.054398E-01
   108    12115.1450    8.07410718  8.528230E+08  4.241448E+08  1.116514E+31
        7.062391E+00  2.344555E+01  6.678086E+00  0.0000000000  0.000000E+00
        2.739108E+27 -3.999873E+00 -1.999887E+00 -3.054398E-01 -3.054398E-01
   109    12033.3758    8.07442282  8.525131E+08  4.320566E+08  1.085886E+31
        7.057592E+00  2.344564E+01  6.678152E+00  0.0000000000  0.000000E+00
        2.503887E+27 -3.999873E+00 -1.999887E+00 -3.054398E-01 -3.054398E-01
   110    11953.9839    8.07473222  8.522095E+08  4.399122E+08  1.056758E+31
        7.052909E+00  2.344573E+01  6.678217E+00  0.0000000000  0.000000E+00
        2.294805E+27 -3.999873E+00 -1.999887E+00 -3.054398E-01 -3.054398E-01
   111    11876.6414    8.07503645  8.519111E+08  4.477350E+08  1.028952E+31
        7.048323E+00  2.344582E+01  6.678280E+00  0.0000000000  0.000000E+00
        2.107886E+27 -3.999873E+00 -1.999887E+00 -3.054398E-01 -3.054398E-01
   112    11800.8727    8.07533620  8.516171E+08  4.555658E+08  1.002253E+31
        7.043807E+00  2.344590E+01  6.678342E+00  0.0000000000  0.000000E+00
        1.939534E+27 -3.999873E+00 -1.999887E+00 -3.054398E-01 -3.054398E-01
   113    11725.3462    8.07563607  8.513232E+08  4.635420E+08  9.761658E+30
        7.039284E+00  2.344598E+01  6.678403E+00  0.0000000000  0.000000E+00
        1.785106E+27 -3.999873E+00 -1.999887E+00 -3.054398E-01 -3.054398E-01
   114    11649.4783    8.07593920  8.510261E+08  4.717318E+08  9.504815E+30
        7.034717E+00  2.344607E+01  6.678466E+00  0.0000000000  0.000000E+00
        1.642354E+27 -3.999873E+00 -1.999887E+00 -3.054398E-01 -3.054398E-01
   115    11574.1256    8.07624309  8.507284E+08  4.800474E+08  9.254792E+30
        7.030157E+00  2.344615E+01  6.678528E+00  0.0000000000  0.000000E+00
        1.511859E+27 -3.999873E+00 -1.999887E+00 -3.054398E-01 -3.054398E-01
   116    11500.0496    8.07654433  8.504334E+08  4.884026E+08  9.013874E+30
        7.025652E+00  2.344623E+01  6.678588E+00  0.0000000000  0.000000E+00
        1.393678E+27 -3.999873E+00 -1.999887E+00 -3.054398E-01 -3.054398E-01
   117    11426.7362    8.07684345  8.501406E+08  4.968528E+08  8.780158E+30
        7.021172E+00  2.344631E+01  6.678648E+00  0.0000000000  0.000000E+00
        1.285814E+27 -3.999873E+00 -1.999887E+00 -3.054398E-01 -3.054398E-01
   118    11352.7360    8.07714501  8.498455E+08  5.055708E+08  8.548976E+30
        7.016626E+00  2.344639E+01  6.678709E+00  0.0000000000  0.000000E+00
        1.185416E+27 -3.999873E+00 -1.999887E+00 -3.054398E-01 -3.054398E-01
   119    11276.9322    8.07745326  8.495440E+08  5.147046E+08  8.317017E+30
        7.011947E+00  2.344647E+01  6.678770E+00  0.0000000000  0.000000E+00
        1.090705E+27 -3.999873E+00 -1.999887E+00 -3.054398E-01 -3.054398E-01
   120    11199.1354    8.07776941  8.492348E+08  5.243000E+08  8.083986E+30
        7.007120E+00  2.344656E+01  6.678833E+00  0.0000000000  0.000000E+00
        1.001370E+27 -3.999873E+00 -1.999887E+00 -3.054398E-01 -3.054398E-01
   121    11119.8023    8.07809239  8.489191E+08  5.343242E+08  7.851504E+30
        7.002170E+00  2.344664E+01  6.678896E+00  0.0000000000  0.000000E+00
        9.177937E+26 -3.999873E+00 -1.999887E+00 -3.054398E-01 -3.054398E-01
   122    11039.6025    8.07842019  8.485988E+08  5.447114E+08  7.621677E+30
        6.997136E+00  2.344673E+01  6.678960E+00  0.0000000000  0.000000E+00
        8.403770E+26 -3.999873E+00 -1.999887E+00 -3.054398E-01 -3.054398E-01
   123    10959.1138    8.07875214  8.482745E+08  5.554020E+08  7.396165E+30
        6.992055E+00  2.344681E+01  6.679023E+00  0.0000000000  0.000000E+00
        7.692174E+26 -3.999873E+00 -1.999887E+00 -3.054398E-01 -3.054398E-01
   124    10879.5784    8.07908076  8.479536E+08  5.662328E+08  7.178347E+30
        6.987003E+00  2.344690E+01  6.679084E+00  0.0000000000  0.000000E+00
        7.048047E+26 -3.999873E+00 -1.999887E+00 -3.054398E-01 -3.054398E-01
   125    10799.6467    8.07941202  8.476303E+08  5.773958E+08  6.964391E+30
        6.981897E+00  2.344698E+01  6.679144E+00  0.0000000000  0.000000E+00
        6.454819E+26 -3.999873E+00 -1.999887E+00 -3.054398E-01 -3.054398E-01
   126    10719.7975    8.07974302  8.473074E+08  5.888342E+08  6.755543E+30
        6.976764E+00  2.344705E+01  6.679201E+00  0.0000000000  0.000000E+00
        5.911851E+26 -3.999873E+00 -1.999887E+00 -3.054398E-01 -3.054398E-01
   127    10639.7104    8.08007442  8.469841E+08  6.006046E+08  6.550912E+30
        6.971585E+00  2.344713E+01  6.679255E+00  0.0000000000  0.000000E+00
        5.412934E+26 -3.999873E+00 -1.999887E+00 -3.054398E-01 -3.054398E-01
   128    10559.1224    8.08040707  8.466598E+08  6.127616E+08  6.349817E+30
        6.966341E+00  2.344720E+01  6.679306E+00  0.0000000000  0.000000E+00
        4.953132E+26 -3.999873E+00 -1.999887E+00 -3.054398E-01 -3.054398E-01
   129    10477.8406    8.08074143  8.463340E+08  6.253540E+08  6.151807E+30
        6.961019E+00  2.344727E+01  6.679355E+00  0.0000000000  0.000000E+00
        4.528648E+26 -3.999873E+00 -1.999887E+00 -3.054398E-01 -3.054398E-01
   130    10395.6313    8.08107790  8.460062E+08  6.384416E+08  5.956382E+30
        6.955601E+00  2.344733E+01  6.679402E+00  0.0000000000  0.000000E+00
        4.136023E+26 -3.999873E+00 -1.999887E+00 -3.054398E-01 -3.054398E-01
   131    10312.1793    8.08141785  8.456751E+08  6.521036E+08  5.762898E+30
        6.950065E+00  2.344740E+01  6.679448E+00  0.0000000000  0.000000E+00
        3.771921E+26 -3.999873E+00 -1.999887E+00 -3.054398E-01 -3.054398E-01
   132    10227.5719    8.08176057  8.453415E+08  6.663584E+08  5.571685E+30
        6.944413E+00  2.344746E+01  6.679494E+00  0.0000000000  0.000000E+00
        3.435105E+26 -3.999873E+00 -1.999887E+00 -3.054398E-01 -3.054398E-01
   133    10141.5691    8.08210732  8.450041E+08  6.812836E+08  5.382329E+30
        6.938627E+00  2.344753E+01  6.679539E+00  0.0000000000  0.000000E+00
        3.123127E+26 -3.999873E+00 -1.999887E+00 -3.054398E-01 -3.054398E-01
   134    10054.3326    8.08245797  8.446631E+08  6.968908E+08  5.195316E+30
        6.932713E+00  2.344760E+01  6.679585E+00  0.0000000000  0.000000E+00
        2.835165E+26 -3.999873E+00 -1.999887E+00 -3.054398E-01 -3.054398E-01
   135     9966.1029    8.08281156  8.443193E+08  7.131760E+08  5.011259E+30
        6.926686E+00  2.344766E+01  6.679633E+00  0.0000000000  0.000000E+00
        2.570429E+26 -3.999873E+00 -1.999887E+00 -3.054398E-01 -3.054398E-01
   136     9876.8256    8.08316891  8.439720E+08  7.301906E+08  4.830116E+30
        6.920538E+00  2.344773E+01  6.679682E+00  0.0000000000  0.000000E+00
        2.327200E+26 -3.999873E+00 -1.999887E+00 -3.054398E-01 -3.054398E-01
   137     9786.8216    8.08352936  8.436218E+08  7.479154E+08  4.652585E+30
        6.914288E+00  2.344781E+01  6.679734E+00  0.0000000000  0.000000E+00
        2.104747E+26 -3.999873E+00 -1.999887E+00 -3.054398E-01 -3.054398E-01
   138     9696.3104    8.08389265  8.432691E+08  7.663464E+08  4.479096E+30
        6.907949E+00  2.344788E+01  6.679789E+00  0.0000000000  0.000000E+00
        1.901935E+26 -3.999873E+00 -1.999887E+00 -3.054398E-01 -3.054398E-01
   139     9605.5080    8.08425843  8.429140E+08  7.854778E+08  4.310026E+30
        6.901532E+00  2.344797E+01  6.679849E+00  0.0000000000  0.000000E+00
        1.717547E+26 -3.999873E+00 -1.999887E+00 -3.054398E-01 -3.054398E-01
   140     9514.6174    8.08462588  8.425575E+08  8.053010E+08  4.145686E+30
        6.895050E+00  2.344805E+01  6.679912E+00  0.0000000000  0.000000E+00
        1.550329E+26 -3.999873E+00 -1.999887E+00 -3.054398E-01 -3.054398E-01
   141     9423.7945    8.08499437  8.422001E+08  8.258140E+08  3.986262E+30
        6.888512E+00  2.344814E+01  6.679979E+00  0.0000000000  0.000000E+00
        1.398960E+26 -3.999873E+00 -1.999887E+00 -3.054398E-01 -3.054398E-01
   142     9333.1788    8.08536333  8.418425E+08  8.470142E+08  3.831881E+30
        6.881928E+00  2.344824E+01  6.680049E+00  0.0000000000  0.000000E+00
        1.262151E+26 -3.999873E+00 -1.999887E+00 -3.054398E-01 -3.054398E-01
   143     9242.9085    8.08573209  8.414851E+08  8.688984E+08  3.682642E+30
        6.875305E+00  2.344833E+01  6.680120E+00  0.0000000000  0.000000E+00
        1.138664E+26 -3.999873E+00 -1.999887E+00 -3.054398E-01 -3.054398E-01
   144     9153.0704    8.08610012  8.411287E+08  8.914706E+08  3.538540E+30
        6.868650E+00  2.344843E+01  6.680193E+00  0.0000000000  0.000000E+00
        1.027288E+26 -3.999873E+00 -1.999887E+00 -3.054398E-01 -3.054398E-01
   145     9063.7423    8.08646691  8.407735E+08  9.147374E+08  3.399541E+30
        6.861967E+00  2.344853E+01  6.680265E+00  0.0000000000  0.000000E+00
        9.268708E+25 -3.999873E+00 -1.999887E+00 -3.054398E-01 -3.054398E-01
   146     8974.9336    8.08683242  8.404198E+08  9.387220E+08  3.265499E+30
        6.855257E+00  2.344863E+01  6.680337E+00  0.0000000000  0.000000E+00
        8.363415E+25 -3.999873E+00 -1.999887E+00 -3.054398E-01 -3.054398E-01
   147     8886.8272    8.08719569  8.400684E+08  9.633950E+08  3.136521E+30
        6.848532E+00  2.344872E+01  6.680408E+00  0.0000000000  0.000000E+00
        7.548556E+25 -3.999873E+00 -1.999887E+00 -3.054398E-01 -3.054398E-01
   148     8799.4491    8.08755626  8.397197E+08  9.887728E+08  3.012469E+30
        6.841793E+00  2.344881E+01  6.680476E+00  0.0000000000  0.000000E+00
        6.814864E+25 -3.999873E+00 -1.999887E+00 -3.054398E-01 -3.054398E-01
   149     8712.7537    8.08791400  8.393740E+08  1.014887E+09  2.893108E+30
        6.835039E+00  2.344890E+01  6.680542E+00  0.0000000000  0.000000E+00
        6.153695E+25 -3.999873E+00 -1.999887E+00 -3.054398E-01 -3.054398E-01
   150     8626.7886    8.08826854  8.390314E+08  1.041748E+09  2.778338E+30
        6.828269E+00  2.344899E+01  6.680604E+00  0.0000000000  0.000000E+00
        5.557714E+25 -3.999873E+00 -1.999887E+00 -3.054398E-01 -3.054398E-01
   151     8541.6347    8.08861918  8.386928E+08  1.069349E+09  2.668098E+30
        6.821493E+00  2.344907E+01  6.680662E+00  0.0000000000  0.000000E+00
        5.021094E+25 -3.999873E+00 -1.999887E+00 -3.054398E-01 -3.054398E-01
   152     8457.1364    8.08896851  8.383555E+08  1.097776E+09  2.562016E+30
        6.814694E+00  2.344914E+01  6.680719E+00  0.0000000000  0.000000E+00
        4.536619E+25 -3.999873E+00 -1.999887E+00 -3.054398E-01 -3.054398E-01
   153     8373.4909    8.08931646  8.380198E+08  1.126990E+09  2.460179E+30
        6.807890E+00  2.344922E+01  6.680779E+00  0.0000000000  0.000000E+00
        4.100075E+25 -3.999873E+00 -1.999887E+00 -3.054398E-01 -3.054398E-01
   154     8290.6750    8.08966249  8.376860E+08  1.157020E+09  2.362403E+30
        6.801078E+00  2.344931E+01  6.680841E+00  0.0000000000  0.000000E+00
        3.706445E+25 -3.999873E+00 -1.999887E+00 -3.054398E-01 -3.054398E-01
   155     8208.5384    8.09000692  8.373539E+08  1.187943E+09  2.268367E+30
        6.794246E+00  2.344939E+01  6.680904E+00  0.0000000000  0.000000E+00
        3.350637E+25 -3.999873E+00 -1.999887E+00 -3.054398E-01 -3.054398E-01
   156     8127.1401    8.09034923  8.370239E+08  1.219762E+09  2.178004E+30
        6.787400E+00  2.344948E+01  6.680968E+00  0.0000000000  0.000000E+00
        3.029437E+25 -3.999873E+00 -1.999887E+00 -3.054398E-01 -3.054398E-01
   157     8046.5651    8.09068875  8.366968E+08  1.252461E+09  2.091271E+30
        6.780546E+00  2.344956E+01  6.681032E+00  0.0000000000  0.000000E+00
        2.739621E+25 -3.999873E+00 -1.999887E+00 -3.054398E-01 -3.054398E-01
   158     7966.8157    8.09102495  8.363730E+08  1.286054E+09  2.008034E+30
        6.773687E+00  2.344965E+01  6.681095E+00  0.0000000000  0.000000E+00
        2.477956E+25 -3.999873E+00 -1.999887E+00 -3.054398E-01 -3.054398E-01
   159     7887.8401    8.09135782  8.360526E+08  1.320581E+09  1.928109E+30
        6.766818E+00  2.344973E+01  6.681156E+00  0.0000000000  0.000000E+00
        2.241747E+25 -3.999873E+00 -1.999887E+00 -3.054398E-01 -3.054398E-01
   160     7809.7553    8.09168658  8.357362E+08  1.356002E+09  1.851485E+30
        6.759953E+00  2.344981E+01  6.681214E+00  0.0000000000  0.000000E+00
        2.028688E+25 -3.999873E+00 -1.999887E+00 -3.054398E-01 -3.054398E-01
   161     7732.6757    8.09201047  8.354246E+08  1.392275E+09  1.778139E+30
        6.753101E+00  2.344988E+01  6.681269E+00  0.0000000000  0.000000E+00
        1.836632E+25 -3.999873E+00 -1.999887E+00 -3.054398E-01 -3.054398E-01
   162     7656.5991    8.09232920  8.351181E+08  1.429404E+09  1.707935E+30
        6.746264E+00  2.344995E+01  6.681320E+00  0.0000000000  0.000000E+00
        1.663635E+25 -3.999873E+00 -1.999887E+00 -3.054398E-01 -3.054398E-01
   163     7581.5546    8.09264287  8.348166E+08  1.467380E+09  1.640768E+30
        6.739447E+00  2.345001E+01  6.681367E+00  0.0000000000  0.000000E+00
        1.507718E+25 -3.999873E+00 -1.999887E+00 -3.054398E-01 -3.054398E-01
   164     7507.5714    8.09295218  8.345193E+08  1.506196E+09  1.576532E+30
        6.732654E+00  2.345007E+01  6.681409E+00  0.0000000000  0.000000E+00
        1.367112E+25 -3.999873E+00 -1.999887E+00 -3.054398E-01 -3.054398E-01
   165     7434.9103    8.09325614  8.342273E+08  1.545706E+09  1.515318E+30
        6.725911E+00  2.345012E+01  6.681446E+00  0.0000000000  0.000000E+00
        1.240847E+25 -3.999873E+00 -1.999887E+00 -3.054398E-01 -3.054398E-01
   166     7363.5546    8.09355498  8.339404E+08  1.585907E+09  1.456975E+30
        6.719219E+00  2.345017E+01  6.681479E+00  0.0000000000  0.000000E+00
        1.127296E+25 -3.999873E+00 -1.999887E+00 -3.054398E-01 -3.054398E-01
   167     7293.4728    8.09384948  8.336577E+08  1.626803E+09  1.401345E+30
        6.712577E+00  2.345022E+01  6.681509E+00  0.0000000000  0.000000E+00
        1.025014E+25 -3.999873E+00 -1.999887E+00 -3.054398E-01 -3.054398E-01
   168     7224.8358    8.09413929  8.333796E+08  1.668274E+09  1.348434E+30
        6.706005E+00  2.345026E+01  6.681537E+00  0.0000000000  0.000000E+00
        9.331565E+24 -3.999873E+00 -1.999887E+00 -3.054398E-01 -3.054398E-01
   169     7157.7036    8.09442459  8.331059E+08  1.710253E+09  1.298157E+30
        6.699512E+00  2.345030E+01  6.681563E+00  0.0000000000  0.000000E+00
        8.506202E+24 -3.999873E+00 -1.999887E+00 -3.054398E-01 -3.054398E-01
   170     7092.1477    8.09470576  8.328362E+08  1.752659E+09  1.250438E+30
        6.693106E+00  2.345034E+01  6.681588E+00  0.0000000000  0.000000E+00
        7.764790E+24 -3.999873E+00 -1.999887E+00 -3.054398E-01 -3.054398E-01
   171     7028.3335    8.09498243  8.325710E+08  1.795336E+09  1.205269E+30
        6.686809E+00  2.345038E+01  6.681613E+00  0.0000000000  0.000000E+00
        7.099572E+24 -3.999873E+00 -1.999887E+00 -3.054398E-01 -3.054398E-01
   172     6966.2980    8.09525518  8.323096E+08  1.838201E+09  1.162546E+30
        6.680627E+00  2.345042E+01  6.681639E+00  0.0000000000  0.000000E+00
        6.503165E+24 -3.999873E+00 -1.999887E+00 -3.054398E-01 -3.054398E-01
   173     6903.3046    8.09553679  8.320398E+08  1.883201E+09  1.120336E+30
        6.674287E+00  2.345046E+01  6.681667E+00  0.0000000000  0.000000E+00
        5.944337E+24 -3.999873E+00 -1.999887E+00 -3.054398E-01 -3.054398E-01
   174     6813.0679    8.09595114  8.316430E+08  1.950701E+09  1.061883E+30
        6.665094E+00  2.345052E+01  6.681711E+00  0.0000000000  0.000000E+00
        5.219217E+24 -3.999873E+00 -1.999887E+00 -3.054398E-01 -3.054398E-01
   175     6686.3227    8.09656136  8.310589E+08  2.051951E+09  9.836598E+29
        6.651951E+00  2.345061E+01  6.681780E+00  0.0000000000  0.000000E+00
        4.335293E+24 -3.999873E+00 -1.999887E+00 -3.054398E-01 -3.054398E-01
   176     6542.4077    8.09730822  8.303446E+08  2.176255E+09  9.001174E+29
        6.636685E+00  2.345071E+01  6.681856E+00  0.0000000000  0.000000E+00
        3.496807E+24 -3.999873E+00 -1.999887E+00 -3.054398E-01 -3.054398E-01
   177     6417.9662    8.09800602  8.296778E+08  2.293927E+09  8.322248E+29
        6.624597E+00  2.345079E+01  6.681967E+00  0.0024930358 -1.084064E-03
        2.881340E+24 -3.999873E+00 -1.999887E+00 -3.054398E-01 -3.054398E-01
   178     6316.1527    8.09860697  8.291040E+08  2.409279E+09  7.795796E+29
        6.615791E+00  2.345087E+01  6.682020E+00  0.0182386455 -7.994067E-03
        2.456480E+24 -3.999873E+00 -1.999887E+00 -3.054398E-01 -3.054398E-01
   179     6219.9482    8.09921922  8.285198E+08  2.541517E+09  7.321243E+29
        6.604985E+00  2.345095E+01  6.682073E+00  0.0432334304 -1.919401E-02
        2.096647E+24 -3.999873E+00 -1.999887E+00 -3.054398E-01 -3.054398E-01
   180     6126.4309    8.09987473  8.278947E+08  2.689362E+09  6.880380E+29
        6.593749E+00  2.345104E+01  6.682135E+00  0.0755602929 -3.412141E-02
        1.780462E+24 -3.999873E+00 -1.999887E+00 -3.054398E-01 -3.054398E-01
   181     6038.5500    8.10053689  8.272638E+08  2.844978E+09  6.484116E+29
        6.583001E+00  2.345113E+01  6.682202E+00  0.1096281028 -5.042856E-02
        1.519425E+24 -3.999873E+00 -1.999887E+00 -3.054398E-01 -3.054398E-01
   182     5953.6770    8.10120041  8.266321E+08  3.009763E+09  6.117833E+29
        6.572366E+00  2.345124E+01  6.682279E+00  0.1459143918 -6.849860E-02
        1.295275E+24 -3.999873E+00 -1.999887E+00 -3.054398E-01 -3.054398E-01
   183     5868.1307    8.10189205  8.259742E+08  3.186347E+09  5.764531E+29
        6.561117E+00  2.345136E+01  6.682365E+00  0.1851681620 -8.893201E-02
        1.093586E+24 -3.999873E+00 -1.999887E+00 -3.054398E-01 -3.054398E-01
   184     5788.2146    8.10257603  8.253240E+08  3.370299E+09  5.448280E+29
        6.550623E+00  2.345146E+01  6.682442E+00  0.2210809529 -1.085077E-01
        9.307740E+23 -3.999873E+00 -1.999887E+00 -3.054398E-01 -3.054398E-01
   185     5716.7185    8.10326083  8.246736E+08  3.554251E+09  5.175870E+29
        6.539748E+00  2.345155E+01  6.682509E+00  0.2599405418 -1.307334E-01
        7.867701E+23 -3.999873E+00 -1.999887E+00 -3.054398E-01 -3.054398E-01
   186     5645.6709    8.10396886  8.240016E+08  3.755831E+09  4.915304E+29
        6.528160E+00  2.345163E+01  6.682573E+00  0.3013096546 -1.557153E-01
        6.583445E+23 -3.999873E+00 -1.999887E+00 -3.054398E-01 -3.054398E-01
   187     5580.2894    8.10464944  8.233562E+08  3.970583E+09  4.684189E+29
        6.516126E+00  2.345170E+01  6.682631E+00  0.3447510169 -1.835936E-01
        5.450625E+23 -3.999873E+00 -1.999887E+00 -3.054398E-01 -3.054398E-01
   188     5517.1696    8.10535366  8.226889E+08  4.208382E+09  4.468571E+29
        6.502685E+00  2.345178E+01  6.682690E+00  0.3898273545 -2.145473E-01
        4.416380E+23 -3.999873E+00 -1.999887E+00 -3.054398E-01 -3.054398E-01
   189     5460.5644    8.10605582  8.220242E+08  4.461803E+09  4.281060E+29
        6.488303E+00  2.345187E+01  6.682757E+00  0.4361013932 -2.487990E-01
        3.524829E+23 -3.999873E+00 -1.999887E+00 -3.054398E-01 -3.054398E-01
   190     5408.8350    8.10676523  8.213531E+08  4.733833E+09  4.114401E+29
        6.472526E+00  2.345200E+01  6.682842E+00  0.4831358587 -2.866236E-01
        2.753995E+23 -3.999873E+00 -1.999887E+00 -3.054398E-01 -3.054398E-01
   191     5359.4994    8.10747171  8.206853E+08  5.021268E+09  3.959881E+29
        6.455399E+00  2.345214E+01  6.682942E+00  0.5357563877 -3.332541E-01
        2.108752E+23 -3.999873E+00 -1.999887E+00 -3.054398E-01 -3.054398E-01
   192     5311.6235    8.10815083  8.200439E+08  5.317558E+09  3.814304E+29
        6.437268E+00  2.345229E+01  6.683044E+00  0.5881760430 -3.852884E-01
        1.585761E+23 -3.999873E+00 -1.999887E+00 -3.054398E-01 -3.054398E-01
   193     5266.5365    8.10876737  8.194620E+08  5.619130E+09  3.681205E+29
        6.419007E+00  2.345240E+01  6.683122E+00  0.6346862285 -4.373340E-01
        1.190320E+23 -3.999873E+00 -1.999887E+00 -3.054398E-01 -3.054398E-01
   194     5220.2196    8.10937982  8.188844E+08  5.934357E+09  3.548397E+29
        6.398989E+00  2.345248E+01  6.683177E+00  0.6801105719 -4.950001E-01
        8.559243E+22 -3.999873E+00 -1.999887E+00 -3.054398E-01 -3.054398E-01
   195     5174.6013    8.10996764  8.183304E+08  6.241871E+09  3.421345E+29
        6.378114E+00  2.345254E+01  6.683213E+00  0.7240117989 -5.591095E-01
        6.010391E+22 -3.999873E+00 -1.999887E+00 -3.054398E-01 -3.054398E-01
   196     5130.7956    8.11051775  8.178123E+08  6.532897E+09  3.302768E+29
        6.357140E+00  2.345259E+01  6.683246E+00  0.7659526354 -6.306962E-01
        4.193837E+22 -3.999873E+00 -1.999887E+00 -3.054398E-01 -3.054398E-01
   197     5088.9482    8.11102423  8.173355E+08  6.809198E+09  3.192602E+29
        6.336592E+00  2.345265E+01  6.683292E+00  0.8012341207 -7.016582E-01
        2.940060E+22 -3.999873E+00 -1.999887E+00 -3.054398E-01 -3.054398E-01
   198     5045.0366    8.11151742  8.168716E+08  7.078430E+09  3.080327E+29
        6.315175E+00  2.345272E+01  6.683335E+00  0.8303099477 -7.703436E-01
        2.026824E+22 -3.999873E+00 -1.999887E+00 -3.054398E-01 -3.054398E-01
   199     5002.4281    8.11195436  8.164607E+08  7.329059E+09  2.974583E+29
        6.294540E+00  2.345276E+01  6.683365E+00  0.8574944624 -8.461683E-01
        1.412962E+22 -3.999873E+00 -1.999887E+00 -3.054398E-01 -3.054398E-01
   200     4957.7339    8.11235998  8.160796E+08  7.571638E+09  2.867014E+29
        6.273861E+00  2.345281E+01  6.683394E+00  0.8791341896 -9.176965E-01
        9.848179E+21 -3.999873E+00 -1.999887E+00 -3.054398E-01 -3.054398E-01
   201     4909.6751    8.11274595  8.157170E+08  7.803802E+09  2.755003E+29
        6.252885E+00  2.345286E+01  6.683433E+00  0.8991036618 -9.961246E-01
        6.818451E+21 -3.999873E+00 -1.999887E+00 -3.054398E-01 -3.054398E-01
   202     4859.7268    8.11310488  8.153800E+08  8.019929E+09  2.642406E+29
        6.232340E+00  2.345293E+01  6.683482E+00  0.9172733165 -1.082354E+00
        4.751833E+21 -3.999873E+00 -1.999887E+00 -3.054398E-01 -3.054398E-01
   203     4809.1945    8.11343054  8.150743E+08  8.223234E+09  2.532304E+29
        6.212419E+00  2.345300E+01  6.683531E+00  0.9309463616 -1.160813E+00
        3.373681E+21 -3.999873E+00 -1.999887E+00 -3.054398E-01 -3.054398E-01
   204     4757.2208    8.11373137  8.147921E+08  8.419842E+09  2.422919E+29
        6.192601E+00  2.345307E+01  6.683574E+00  0.9432045807 -1.245687E+00
        2.394368E+21 -3.999873E+00 -1.999887E+00 -3.054398E-01 -3.054398E-01
   205     4703.5253    8.11400866  8.145320E+08  8.608895E+09  2.313887E+29
        6.172707E+00  2.345311E+01  6.683604E+00  0.9539729956 -1.336987E+00
        1.696724E+21 -3.999873E+00 -1.999887E+00 -3.054398E-01 -3.054398E-01
   206     4653.1542    8.11424232  8.143129E+08  8.786612E+09  2.215157E+29
        6.153747E+00  2.345312E+01  6.683621E+00  0.9614646828 -1.414141E+00
        1.223600E+21 -3.999873E+00 -1.999887E+00 -3.054398E-01 -3.054398E-01
   207     4600.1868    8.11447305  8.140966E+08  8.962509E+09  2.114880E+29
        6.134217E+00  2.345313E+01  6.683634E+00  0.9693626379 -1.513749E+00
        8.782619E+20 -3.999873E+00 -1.999887E+00 -3.054398E-01 -3.054398E-01
   208     4549.7651    8.11468352  8.138994E+08  9.126583E+09  2.022690E+29
        6.115489E+00  2.345314E+01  6.683648E+00  0.9745240151 -1.593869E+00
        6.385871E+20 -3.999873E+00 -1.999887E+00 -3.054398E-01 -3.054398E-01
   209     4499.9738    8.11488876  8.137071E+08  9.285502E+09  1.934676E+29
        6.097015E+00  2.345316E+01  6.683668E+00  0.9788158710 -1.673989E+00
        4.679903E+20 -3.999873E+00 -1.999887E+00 -3.054398E-01 -3.054398E-01
   210     4447.5016    8.11510255  8.135069E+08  9.441082E+09  1.845096E+29
        6.078357E+00  2.345322E+01  6.683705E+00  0.9831786762 -1.774140E+00
        3.421029E+20 -3.999873E+00 -1.999887E+00 -3.054398E-01 -3.054398E-01
   211     4396.1995    8.11530092  8.133211E+08  9.588662E+09  1.760620E+29
        6.060343E+00  2.345328E+01  6.683749E+00  0.9860125082 -1.854260E+00
        2.537840E+20 -3.999873E+00 -1.999887E+00 -3.054398E-01 -3.054398E-01
   212     4340.1667    8.11549533  8.131391E+08  9.734682E+09  1.671811E+29
        6.041916E+00  2.345335E+01  6.683791E+00  0.9872450227 -1.894320E+00
        1.872900E+20 -3.999873E+00 -1.999887E+00 -3.054398E-01 -3.054398E-01
   213     4284.7548    8.11566189  8.129831E+08  9.872164E+09  1.587446E+29
        6.024073E+00  2.345339E+01  6.683818E+00  0.9878199348 -1.914350E+00
        1.396595E+20 -3.999873E+00 -1.999887E+00 -3.054398E-01 -3.054398E-01
   214     4230.9072    8.11580955  8.128450E+08  1.000625E+10  1.508625E+29
        6.006463E+00  2.345342E+01  6.683841E+00  0.9878199348 -1.914350E+00
        1.051199E+20 -3.999873E+00 -1.999887E+00 -3.054398E-01 -3.054398E-01
   215     4174.7805    8.11596422  8.127002E+08  1.014108E+10  1.429642E+29
        5.988453E+00  2.345348E+01  6.683881E+00  0.9878199348 -1.914350E+00
        7.829134E+19 -3.999873E+00 -1.999887E+00 -3.054398E-01 -3.054398E-01
   216     4120.4426    8.11611230  8.125617E+08  1.027187E+10  1.356189E+29
        5.970730E+00  2.345354E+01  6.683924E+00  0.9883689334 -1.934380E+00
        5.882612E+19 -3.999873E+00 -1.999887E+00 -3.054398E-01 -3.054398E-01
   217     4066.6814    8.11625029  8.124326E+08  1.040095E+10  1.286374E+29
        5.952981E+00  2.345359E+01  6.683959E+00  0.9883689334 -1.934380E+00
        4.419718E+19 -3.999873E+00 -1.999887E+00 -3.054398E-01 -3.054398E-01
   218     4014.7210    8.11637062  8.123201E+08  1.052790E+10  1.221540E+29
        5.935343E+00  2.345361E+01  6.683975E+00  0.9883689334 -1.934380E+00
        3.327870E+19 -3.999873E+00 -1.999887E+00 -3.054398E-01 -3.054398E-01
   219     3961.5478    8.11648247  8.122155E+08  1.065423E+10  1.157801E+29
        5.917417E+00  2.345361E+01  6.683977E+00  0.9883689334 -1.934380E+00
        2.494808E+19 -3.999873E+00 -1.999887E+00 -3.054398E-01 -3.054398E-01
   220     3910.1697    8.11658326  8.121212E+08  1.077586E+10  1.098642E+29
        5.899845E+00  2.345361E+01  6.683974E+00  0.9883689334 -1.934380E+00
        1.882025E+19 -3.999873E+00 -1.999887E+00 -3.054398E-01 -3.054398E-01
   221     3858.2875    8.11668049  8.120303E+08  1.089618E+10  1.041250E+29
        5.882160E+00  2.345361E+01  6.683971E+00  0.9888931867 -1.954411E+00
        1.417299E+19 -3.999873E+00 -1.999887E+00 -3.054398E-01 -3.054398E-01
   222     3805.5248    8.11677644  8.119406E+08  1.101508E+10  9.852325E+28
        5.864386E+00  2.345361E+01  6.683974E+00  0.9888931867 -1.954411E+00
        1.066388E+19 -3.999873E+00 -1.999887E+00 -3.054398E-01 -3.054398E-01
   223     3751.2805    8.11687038  8.118528E+08  1.113297E+10  9.300466E+28
        5.846466E+00  2.345362E+01  6.683980E+00  0.9888931867 -1.954411E+00
        8.006063E+18 -3.999873E+00 -1.999887E+00 -3.054398E-01 -3.054398E-01
   224     3695.4001    8.11695732  8.117716E+08  1.125013E+10  8.756802E+28
        5.828385E+00  2.345362E+01  6.683983E+00  0.9888931867 -1.954411E+00
        6.004394E+18 -3.999873E+00 -1.999887E+00 -3.054398E-01 -3.054398E-01
   225     3639.0217    8.11703617  8.116979E+08  1.136690E+10  8.233024E+28
        5.810264E+00  2.345363E+01  6.683984E+00  0.9888931867 -1.954411E+00
        4.505724E+18 -3.999873E+00 -1.999887E+00 -3.054398E-01 -3.054398E-01
   226     3578.0841    8.11711400  8.116251E+08  1.148566E+10  7.693875E+28
        5.791464E+00  2.345363E+01  6.683986E+00  0.9888931867 -1.954411E+00
        3.342357E+18 -3.999873E+00 -1.999887E+00 -3.054398E-01 -3.054398E-01
   227     3517.8473    8.11718510  8.115587E+08  1.160132E+10  7.187532E+28
        5.772876E+00  2.345363E+01  6.683990E+00  0.9888931867 -1.954411E+00
        2.485441E+18 -3.999873E+00 -1.999887E+00 -3.054398E-01 -3.054398E-01
   228     3456.2728    8.11725061  8.114975E+08  1.171725E+10  6.696354E+28
        5.754011E+00  2.345364E+01  6.683992E+00  0.9888931867 -1.954411E+00
        1.839922E+18 -3.999873E+00 -1.999887E+00 -3.054398E-01 -3.054398E-01
   229     3393.8274    8.11731155  8.114406E+08  1.183308E+10  6.224499E+28
        5.734950E+00  2.345364E+01  6.683991E+00  0.9888931867 -1.954411E+00
        1.356359E+18 -3.999873E+00 -1.999887E+00 -3.054398E-01 -3.054398E-01
   230     3330.4984    8.11736967  8.113863E+08  1.194877E+10  5.771972E+28
        5.715703E+00  2.345364E+01  6.683991E+00  0.9893938100 -1.974441E+00
        9.967136E+17 -3.999873E+00 -1.999887E+00 -3.054398E-01 -3.054398E-01
   231     3266.2394    8.11742605  8.113336E+08  1.206464E+10  5.338546E+28
        5.696203E+00  2.345364E+01  6.683994E+00  0.9893938100 -1.974441E+00
        7.288252E+17 -3.999873E+00 -1.999887E+00 -3.054398E-01 -3.054398E-01
   232     3201.2821    8.11747880  8.112843E+08  1.218059E+10  4.925768E+28
        5.676480E+00  2.345364E+01  6.683996E+00  0.9893938100 -1.974441E+00
        5.304463E+17 -3.999873E+00 -1.999887E+00 -3.054398E-01 -3.054398E-01
   233     3135.6126    8.11752792  8.112385E+08  1.229680E+10  4.533344E+28
        5.656520E+00  2.345364E+01  6.683996E+00  0.9893938100 -1.974441E+00
        3.844082E+17 -3.999873E+00 -1.999887E+00 -3.054398E-01 -3.054398E-01
   234     3071.5039    8.11757358  8.111958E+08  1.241328E+10  4.173377E+28
        5.636624E+00  2.345364E+01  6.683996E+00  0.9893938100 -1.974441E+00
        2.787727E+17 -3.999873E+00 -1.999887E+00 -3.054398E-01 -3.054398E-01
   235     3002.7237    8.11762157  8.111510E+08  1.253281E+10  3.811508E+28
        5.615719E+00  2.345365E+01  6.683998E+00  0.9893938100 -1.974441E+00
        1.984694E+17 -3.999873E+00 -1.999887E+00 -3.054398E-01 -3.054398E-01
   236     2936.6924    8.11766530  8.111102E+08  1.264846E+10  3.486788E+28
        5.595224E+00  2.345365E+01  6.683999E+00  0.9893938100 -1.974441E+00
        1.421189E+17 -3.999873E+00 -1.999887E+00 -3.054398E-01 -3.054398E-01
   237     2870.6525    8.11770613  8.110720E+08  1.276436E+10  3.183269E+28
        5.574471E+00  2.345365E+01  6.683999E+00  0.9893938100 -1.974441E+00
        1.012629E+17 -3.999873E+00 -1.999887E+00 -3.054398E-01 -3.054398E-01
   238     2804.9400    8.11774464  8.110361E+08  1.287999E+10  2.901393E+28
        5.553550E+00  2.345365E+01  6.683999E+00  0.9898718684 -1.994471E+00
        7.188270E+16 -3.999873E+00 -1.999887E+00 -3.054398E-01 -3.054398E-01
   239     2739.7812    8.11778089  8.110022E+08  1.299503E+10  2.640825E+28
        5.532473E+00  2.345365E+01  6.684000E+00  0.9898718684 -1.994471E+00
        5.082503E+16 -3.999873E+00 -1.999887E+00 -3.054398E-01 -3.054398E-01
   240     2675.4127    8.11781427  8.109711E+08  1.310907E+10  2.401075E+28
        5.511336E+00  2.345365E+01  6.684001E+00  0.9898718684 -1.994471E+00
        3.586376E+16 -3.999873E+00 -1.999887E+00 -3.054398E-01 -3.054398E-01
   241     2611.9664    8.11784600  8.109414E+08  1.322214E+10  2.181129E+28
        5.490153E+00  2.345365E+01  6.684000E+00  0.9898718684 -1.994471E+00
        2.525735E+16 -3.999873E+00 -1.999887E+00 -3.054398E-01 -3.054398E-01
   242     2552.2893    8.11787615  8.109133E+08  1.333418E+10  1.988385E+28
        5.469525E+00  2.345365E+01  6.684000E+00  0.9898718684 -1.994471E+00
        1.793936E+16 -3.999873E+00 -1.999887E+00 -3.054398E-01 -3.054398E-01
   243     2487.6779    8.11790919  8.108824E+08  1.344940E+10  1.794421E+28
        5.447444E+00  2.345365E+01  6.684001E+00  0.9898718684 -1.994471E+00
        1.240481E+16 -3.999873E+00 -1.999887E+00 -3.054398E-01 -3.054398E-01
   244     2427.6515    8.11793883  8.108548E+08  1.355808E+10  1.627285E+28
        5.426276E+00  2.345365E+01  6.684001E+00  0.9898718684 -1.994471E+00
        8.701260E+15 -3.999873E+00 -1.999887E+00 -3.054398E-01 -3.054398E-01
   245     2368.8131    8.11796757  8.108279E+08  1.366571E+10  1.475070E+28
        5.405052E+00  2.345365E+01  6.684001E+00  0.9903283790 -2.014501E+00
        6.090236E+15 -3.999873E+00 -1.999887E+00 -3.054398E-01 -3.054398E-01
   246     2311.1954    8.11799486  8.108025E+08  1.377193E+10  1.336622E+28
        5.383810E+00  2.345365E+01  6.684002E+00  0.9903283790 -2.014501E+00
        4.255707E+15 -3.999873E+00 -1.999887E+00 -3.054398E-01 -3.054398E-01
   247     2254.8485    8.11802000  8.107790E+08  1.387658E+10  1.210895E+28
        5.362557E+00  2.345365E+01  6.684002E+00  0.9903283790 -2.014501E+00
        2.968399E+15 -3.999873E+00 -1.999887E+00 -3.054398E-01 -3.054398E-01
   248     2203.4898    8.11804139  8.107590E+08  1.397939E+10  1.104231E+28
        5.342431E+00  2.345365E+01  6.684002E+00  0.9903283790 -2.014501E+00
        2.109796E+15 -3.999873E+00 -1.999887E+00 -3.054398E-01 -3.054398E-01
   249     2146.1957    8.11806487  8.107371E+08  1.408683E+10  9.937322E+27
        5.320132E+00  2.345365E+01  6.684002E+00  0.9903283790 -2.014501E+00
        1.440174E+15 -3.999873E+00 -1.999887E+00 -3.054398E-01 -3.054398E-01
   250     2094.1901    8.11808707  8.107164E+08  1.418599E+10  9.008122E+27
        5.299134E+00  2.345365E+01  6.684002E+00  0.9907643130 -2.034531E+00
        1.004288E+15 -3.999873E+00 -1.999887E+00 -3.054398E-01 -3.054398E-01
   251     2043.5191    8.11810754  8.106973E+08  1.428358E+10  8.167032E+27
        5.278148E+00  2.345365E+01  6.684002E+00  0.9907643130 -2.034531E+00
        6.995757E+14 -3.999873E+00 -1.999887E+00 -3.054398E-01 -3.054398E-01
   252     1998.3011    8.11812509  8.106809E+08  1.437936E+10  7.467507E+27
        5.258708E+00  2.345365E+01  6.684002E+00  0.9907643130 -2.034531E+00
        5.002742E+14 -3.999873E+00 -1.999887E+00 -3.054398E-01 -3.054398E-01
   253     1946.0518    8.11814631  8.106611E+08  1.448139E+10  6.716272E+27
        5.236318E+00  2.345365E+01  6.684002E+00  0.9911805978 -2.054561E+00
        3.386615E+14 -3.999873E+00 -1.999887E+00 -3.054398E-01 -3.054398E-01
   254     1899.5663    8.11816540  8.106433E+08  1.457364E+10  6.096904E+27
        5.215661E+00  2.345365E+01  6.684002E+00  0.9911805978 -2.054561E+00
        2.361506E+14 -3.999873E+00 -1.999887E+00 -3.054398E-01 -3.054398E-01
   255     1858.8383    8.11818084  8.106289E+08  1.466424E+10  5.590396E+27
        5.196837E+00  2.345365E+01  6.684002E+00  0.9911805978 -2.054561E+00
        1.699660E+14 -3.999873E+00 -1.999887E+00 -3.054398E-01 -3.054398E-01
   256     1810.4028    8.11819923  8.106117E+08  1.476227E+10  5.029891E+27
        5.174430E+00  2.345365E+01  6.684002E+00  0.9915781192 -2.074591E+00
        1.144960E+14 -3.999873E+00 -1.999887E+00 -3.054398E-01 -3.054398E-01
   257     1772.5700    8.11821583  8.105962E+08  1.484958E+10  4.622264E+27
        5.156100E+00  2.345365E+01  6.684002E+00  0.9919577228 -2.094621E+00
        8.299513E+13 -3.999873E+00 -1.999887E+00 -3.054398E-01 -3.054398E-01
   258     1730.8009    8.11823557  8.105778E+08  1.494549E+10  4.201553E+27
        5.135598E+00  2.345365E+01  6.684002E+00  0.9919577228 -2.094621E+00
        5.785161E+13 -3.999873E+00 -1.999887E+00 -3.054398E-01 -3.054398E-01
   259     1690.7676    8.11825445  8.105602E+08  1.503857E+10  3.825940E+27
        5.115449E+00  2.345365E+01  6.684002E+00  0.9923202164 -2.114651E+00
        4.061278E+13 -3.999873E+00 -1.999887E+00 -3.054398E-01 -3.054398E-01
   260     1651.9060    8.11827245  8.105434E+08  1.512997E+10  3.485988E+27
        5.095433E+00  2.345365E+01  6.684002E+00  0.9929969232 -2.154711E+00
        2.860859E+13 -3.999873E+00 -1.999887E+00 -3.054398E-01 -3.054398E-01
   261     1618.3747    8.11828873  8.105282E+08  1.521978E+10  3.211327E+27
        5.077646E+00  2.345365E+01  6.684002E+00  0.9933125762 -2.174741E+00
        2.100248E+13 -3.999873E+00 -1.999887E+00 -3.054398E-01 -3.054398E-01
   262     1583.7232    8.11830888  8.105094E+08  1.531912E+10  2.944864E+27
        5.058929E+00  2.345365E+01  6.684003E+00  0.9941767057 -2.234831E+00
        1.478986E+13 -3.999873E+00 -1.999887E+00 -3.054398E-01 -3.054398E-01
   263     1552.0385    8.11832488  8.104945E+08  1.541846E+10  2.716077E+27
        5.041355E+00  2.345365E+01  6.684003E+00  0.9949291744 -2.294921E+00
        1.073961E+13 -3.999873E+00 -1.999887E+00 -3.054398E-01 -3.054398E-01
   264     1518.5487    8.11833922  8.104811E+08  1.551780E+10  2.489045E+27
        5.022434E+00  2.345365E+01  6.684003E+00  0.9957834366 -2.375041E+00
        7.611561E+12 -3.999873E+00 -1.999887E+00 -3.054398E-01 -3.054398E-01
   265     1484.3977    8.11835181  8.104693E+08  1.561902E+10  2.272513E+27
        5.002611E+00  2.345365E+01  6.684003E+00  0.9964937838 -2.455161E+00
        5.358013E+12 -3.999873E+00 -1.999887E+00 -3.054398E-01 -3.054398E-01
