============================================================================
  #Mod      Teff         Log(g)           R            Age            L
           Log(Tc)       Log(Pc)      Log(rhoc)       Mx/M         Log(qx)
             Lnu        Log(H/*)      Log(He/*)     Log(C/*)      Log(O/*)
============================================================================
     1   134495.7440    8.40812209  7.201032E+08  0.000000E+00  1.209082E+35
        8.022420E+00  2.459959E+01  7.474850E+00  0.0000000000  0.000000E+00
        4.814598E+35 -3.999873E+00 -1.999887E+00 -3.054398E-01 -3.054398E-01
     2   115706.8513    8.44742852  6.882426E+08  6.000000E+04  6.049945E+34
        8.000424E+00  2.460938E+01  7.481924E+00  0.0000000000  0.000000E+00
        2.708515E+35 -3.999873E+00 -1.999887E+00 -3.054398E-01 -3.054398E-01
     3   103681.3657    8.47081241  6.699611E+08  1.200000E+05  3.696018E+34
        7.983877E+00  2.461555E+01  7.486389E+00  0.0000000000  0.000000E+00
        1.741151E+35 -3.999873E+00 -1.999887E+00 -3.054398E-01 -3.054398E-01
     4    95166.5883    8.48661153  6.578851E+08  1.800000E+05  2.529706E+34
        7.970719E+00  2.461981E+01  7.489482E+00  0.0000000000  0.000000E+00
        1.220105E+35 -3.999873E+00 -1.999887E+00 -3.054398E-01 -3.054398E-01
     5    88611.4597    8.49819754  6.491679E+08  2.400000E+05  1.851423E+34
        7.959828E+00  2.462294E+01  7.491754E+00  0.0000000000  0.000000E+00
        9.073861E+34 -3.999873E+00 -1.999887E+00 -3.054398E-01 -3.054398E-01
     6    83387.0902    8.50711493  6.425373E+08  3.000000E+05  1.422407E+34
        7.950554E+00  2.462536E+01  7.493513E+00  0.0000000000  0.000000E+00
        7.047704E+34 -3.999873E+00 -1.999887E+00 -3.054398E-01 -3.054398E-01
     7    79095.6596    8.51423531  6.372915E+08  3.600000E+05  1.132710E+34
        7.942485E+00  2.462731E+01  7.494931E+00  0.0000000000  0.000000E+00
        5.657079E+34 -3.999873E+00 -1.999887E+00 -3.054398E-01 -3.054398E-01
     8    75492.3342    8.52007790  6.330192E+08  4.200000E+05  9.274214E+33
        7.935342E+00  2.462891E+01  7.496106E+00  0.0000000000  0.000000E+00
        4.658813E+34 -3.999873E+00 -1.999887E+00 -3.054398E-01 -3.054398E-01
     9    72439.9306    8.52495902  6.294718E+08  4.800000E+05  7.774934E+33
        7.928932E+00  2.463027E+01  7.497101E+00  0.0000000000  0.000000E+00
        3.916358E+34 -3.999873E+00 -1.999887E+00 -3.054398E-01 -3.054398E-01
    10    69785.0602    8.52913655  6.264516E+08  5.400000E+05  6.632189E+33
        7.923115E+00  2.463144E+01  7.497957E+00  0.0000000000  0.000000E+00
        3.347910E+34 -3.999873E+00 -1.999887E+00 -3.054398E-01 -3.054398E-01
    11    67713.5719    8.53238824  6.241108E+08  5.940000E+05  5.835234E+33
        7.918280E+00  2.463236E+01  7.498636E+00  0.0000000000  0.000000E+00
        2.940356E+34 -3.999873E+00 -1.999887E+00 -3.054398E-01 -3.054398E-01
    12    66044.4808    8.53500100  6.222363E+08  6.428380E+05  5.249147E+33
        7.914189E+00  2.463311E+01  7.499188E+00  0.0000000000  0.000000E+00
        2.635728E+34 -3.999873E+00 -1.999887E+00 -3.054398E-01 -3.054398E-01
    13    64426.4474    8.53753060  6.204267E+08  6.960225E+05  4.725739E+33
        7.910024E+00  2.463384E+01  7.499728E+00  0.0000000000  0.000000E+00
        2.359457E+34 -3.999873E+00 -1.999887E+00 -3.054398E-01 -3.054398E-01
    14    62847.2205    8.53999054  6.186721E+08  7.540792E+05  4.254979E+33
        7.905776E+00  2.463456E+01  7.500257E+00  0.0000000000  0.000000E+00
        2.108971E+34 -3.999873E+00 -1.999887E+00 -3.054398E-01 -3.054398E-01
    15    61323.8568    8.54235945  6.169871E+08  8.172989E+05  3.836207E+33
        7.901457E+00  2.463526E+01  7.500774E+00  0.0000000000  0.000000E+00
        1.882921E+34 -3.999873E+00 -1.999887E+00 -3.054398E-01 -3.054398E-01
    16    59849.1038    8.54464974  6.153624E+08  8.866108E+05  3.461979E+33
        7.897038E+00  2.463595E+01  7.501282E+00  0.0000000000  0.000000E+00
        1.678089E+34 -3.999873E+00 -1.999887E+00 -3.054398E-01 -3.054398E-01
    17    58427.4398    8.54685777  6.138001E+08  9.628140E+05  3.128623E+33
        7.892508E+00  2.463662E+01  7.501782E+00  0.0000000000  0.000000E+00
        1.492552E+34 -3.999873E+00 -1.999887E+00 -3.054398E-01 -3.054398E-01
    18    57055.6680    8.54898948  6.122955E+08  1.047042E+06  2.831062E+33
        7.887846E+00  2.463728E+01  7.502275E+00  0.0000000000  0.000000E+00
        1.324223E+34 -3.999873E+00 -1.999887E+00 -3.054398E-01 -3.054398E-01
    19    55727.8132    8.55105251  6.108429E+08  1.140483E+06  2.564361E+33
        7.883035E+00  2.463794E+01  7.502761E+00  0.0000000000  0.000000E+00
        1.171621E+34 -3.999873E+00 -1.999887E+00 -3.054398E-01 -3.054398E-01
    20    54445.5826    8.55304384  6.094441E+08  1.244266E+06  2.325682E+33
        7.878070E+00  2.463858E+01  7.503240E+00  0.0000000000  0.000000E+00
        1.033739E+34 -3.999873E+00 -1.999887E+00 -3.054398E-01 -3.054398E-01
    21    53210.1325    8.55496189  6.080998E+08  1.359903E+06  2.112317E+33
        7.872935E+00  2.463922E+01  7.503712E+00  0.0000000000  0.000000E+00
        9.093424E+33 -3.999873E+00 -1.999887E+00 -3.054398E-01 -3.054398E-01
    22    52022.3257    8.55680672  6.068096E+08  1.489321E+06  1.921746E+33
        7.867607E+00  2.463984E+01  7.504177E+00  0.0000000000  0.000000E+00
        7.972010E+33 -3.999873E+00 -1.999887E+00 -3.054398E-01 -3.054398E-01
    23    50882.4021    8.55857961  6.055723E+08  1.634911E+06  1.751598E+33
        7.862057E+00  2.464046E+01  7.504637E+00  0.0000000000  0.000000E+00
        6.961834E+33 -3.999873E+00 -1.999887E+00 -3.054398E-01 -3.054398E-01
    24    49790.2507    8.56028191  6.043866E+08  1.799586E+06  1.599701E+33
        7.856253E+00  2.464108E+01  7.505093E+00  0.0000000000  0.000000E+00
        6.052995E+33 -3.999873E+00 -1.999887E+00 -3.054398E-01 -3.054398E-01
    25    48745.6830    8.56191456  6.032517E+08  1.986901E+06  1.464110E+33
        7.850156E+00  2.464169E+01  7.505547E+00  0.0000000000  0.000000E+00
        5.236859E+33 -3.999873E+00 -1.999887E+00 -3.054398E-01 -3.054398E-01
    26    47749.2972    8.56347918  6.021660E+08  2.201220E+06  1.343174E+33
        7.843723E+00  2.464230E+01  7.506002E+00  0.0000000000  0.000000E+00
        4.505844E+33 -3.999873E+00 -1.999887E+00 -3.054398E-01 -3.054398E-01
    27    46801.2542    8.56497917  6.011270E+08  2.447972E+06  1.235362E+33
        7.836904E+00  2.464292E+01  7.506461E+00  0.0000000000  0.000000E+00
        3.853154E+33 -3.999873E+00 -1.999887E+00 -3.054398E-01 -3.054398E-01
    28    45898.8178    8.56641757  6.001323E+08  2.733853E+06  1.139022E+33
        7.829639E+00  2.464354E+01  7.506929E+00  0.0000000000  0.000000E+00
        3.272763E+33 -3.999873E+00 -1.999887E+00 -3.054398E-01 -3.054398E-01
    29    45047.7202    8.56779559  5.991810E+08  3.066804E+06  1.053512E+33
        7.821871E+00  2.464418E+01  7.507406E+00  0.0000000000  0.000000E+00
        2.759623E+33 -3.999873E+00 -1.999887E+00 -3.054398E-01 -3.054398E-01
    30    44242.0903    8.56911922  5.982686E+08  3.457373E+06  9.771628E+32
        7.813519E+00  2.464484E+01  7.507895E+00  0.0000000000  0.000000E+00
        2.308085E+33 -3.999873E+00 -1.999887E+00 -3.054398E-01 -3.054398E-01
    31    43481.7486    8.57038946  5.973943E+08  3.916905E+06  9.090382E+32
        7.804530E+00  2.464552E+01  7.508399E+00  0.0000000000  0.000000E+00
        1.914394E+33 -3.999873E+00 -1.999887E+00 -3.054398E-01 -3.054398E-01
    32    42759.6980    8.57161070  5.965550E+08  4.459190E+06  8.477571E+32
        7.794851E+00  2.464621E+01  7.508919E+00  0.0000000000  0.000000E+00
        1.574239E+33 -3.999873E+00 -1.999887E+00 -3.054398E-01 -3.054398E-01
    33    42082.5524    8.57278307  5.957503E+08  5.098576E+06  7.931747E+32
        7.784466E+00  2.464692E+01  7.509454E+00  0.0000000000  0.000000E+00
        1.283793E+33 -3.999873E+00 -1.999887E+00 -3.054398E-01 -3.054398E-01
    34    41437.6688    8.57391546  5.949741E+08  5.853598E+06  7.437199E+32
        7.773345E+00  2.464765E+01  7.509997E+00  0.0000000000  0.000000E+00
        1.037881E+33 -3.999873E+00 -1.999887E+00 -3.054398E-01 -3.054398E-01
    35    40821.7258    8.57500871  5.942257E+08  6.738625E+06  6.987154E+32
        7.761565E+00  2.464837E+01  7.510540E+00  0.0000000000  0.000000E+00
        8.327771E+32 -3.999873E+00 -1.999887E+00 -3.054398E-01 -3.054398E-01
    36    40223.6303    8.57607052  5.934998E+08  7.768613E+06  6.570496E+32
        7.749215E+00  2.464909E+01  7.511080E+00  0.0000000000  0.000000E+00
        6.637762E+32 -3.999873E+00 -1.999887E+00 -3.054398E-01 -3.054398E-01
    37    39650.0056    8.57710264  5.927949E+08  8.953722E+06  6.188907E+32
        7.736442E+00  2.464980E+01  7.511615E+00  0.0000000000  0.000000E+00
        5.263066E+32 -3.999873E+00 -1.999887E+00 -3.054398E-01 -3.054398E-01
    38    39086.5017    8.57811908  5.921017E+08  1.030915E+07  5.830848E+32
        7.723323E+00  2.465051E+01  7.512148E+00  0.0000000000  0.000000E+00
        4.151183E+32 -3.999873E+00 -1.999887E+00 -3.054398E-01 -3.054398E-01
    39    38526.2781    8.57912123  5.914189E+08  1.183742E+07  5.490989E+32
        7.710025E+00  2.465121E+01  7.512676E+00  0.0000000000  0.000000E+00
        3.262507E+32 -3.999873E+00 -1.999887E+00 -3.054398E-01 -3.054398E-01
    40    37979.2762    8.58010695  5.907481E+08  1.353842E+07  5.173964E+32
        7.696681E+00  2.465190E+01  7.513200E+00  0.0000000000  0.000000E+00
        2.557922E+32 -3.999873E+00 -1.999887E+00 -3.054398E-01 -3.054398E-01
    41    37429.2322    8.58108960  5.900802E+08  1.542216E+07  4.869649E+32
        7.683313E+00  2.465259E+01  7.513723E+00  0.0000000000  0.000000E+00
        1.999739E+32 -3.999873E+00 -1.999887E+00 -3.054398E-01 -3.054398E-01
    42    36884.8626    8.58206203  5.894199E+08  1.747807E+07  4.582202E+32
        7.670045E+00  2.465328E+01  7.514240E+00  0.0000000000  0.000000E+00
        1.561637E+32 -3.999873E+00 -1.999887E+00 -3.054398E-01 -3.054398E-01
    43    36348.0488    8.58302613  5.887660E+08  1.971093E+07  4.311634E+32
        7.656871E+00  2.465395E+01  7.514751E+00  0.0000000000  0.000000E+00
        1.217541E+32 -3.999873E+00 -1.999887E+00 -3.054398E-01 -3.054398E-01
    44    35804.4722    8.58398871  5.881139E+08  2.212277E+07  4.050457E+32
        7.643785E+00  2.465461E+01  7.515252E+00  0.0000000000  0.000000E+00
        9.478713E+31 -3.999873E+00 -1.999887E+00 -3.054398E-01 -3.054398E-01
    45    35272.4931    8.58493134  5.874760E+08  2.469460E+07  3.806772E+32
        7.630873E+00  2.465525E+01  7.515734E+00  0.0000000000  0.000000E+00
        7.381116E+31 -3.999873E+00 -1.999887E+00 -3.054398E-01 -3.054398E-01
    46    34743.0402    8.58586063  5.868478E+08  2.744180E+07  3.575644E+32
        7.618043E+00  2.465586E+01  7.516194E+00  0.0000000000  0.000000E+00
        5.740310E+31 -3.999873E+00 -1.999887E+00 -3.054398E-01 -3.054398E-01
    47    34216.2963    8.58677663  5.862293E+08  3.035291E+07  3.356595E+32
        7.605337E+00  2.465645E+01  7.516639E+00  0.0000000000  0.000000E+00
        4.464013E+31 -3.999873E+00 -1.999887E+00 -3.054398E-01 -3.054398E-01
    48    33694.9643    8.58767761  5.856215E+08  3.342348E+07  3.150112E+32
        7.592760E+00  2.465702E+01  7.517072E+00  0.0000000000  0.000000E+00
        3.472817E+31 -3.999873E+00 -1.999887E+00 -3.054398E-01 -3.054398E-01
    49    33182.8506    8.58856186  5.850256E+08  3.665533E+07  2.956899E+32
        7.580289E+00  2.465758E+01  7.517492E+00  0.0000000000  0.000000E+00
        2.702079E+31 -3.999873E+00 -1.999887E+00 -3.054398E-01 -3.054398E-01
    50    32673.8933    8.58943545  5.844375E+08  4.005525E+07  2.774034E+32
        7.567888E+00  2.465813E+01  7.517902E+00  0.0000000000  0.000000E+00
        2.102143E+31 -3.999873E+00 -1.999887E+00 -3.054398E-01 -3.054398E-01
    51    32173.3506    8.59029301  5.838608E+08  4.361234E+07  2.602770E+32
        7.555588E+00  2.465865E+01  7.518299E+00  0.0000000000  0.000000E+00
        1.636683E+31 -3.999873E+00 -1.999887E+00 -3.054398E-01 -3.054398E-01
    52    31678.7736    8.59113530  5.832949E+08  4.733460E+07  2.441641E+32
        7.543354E+00  2.465916E+01  7.518680E+00  0.0000000000  0.000000E+00
        1.274806E+31 -3.999873E+00 -1.999887E+00 -3.054398E-01 -3.054398E-01
    53    31190.8145    8.59195990  5.827414E+08  5.121866E+07  2.290290E+32
        7.531192E+00  2.465964E+01  7.519043E+00  0.0000000000  0.000000E+00
        9.938157E+30 -3.999873E+00 -1.999887E+00 -3.054398E-01 -3.054398E-01
    54    30709.1436    8.59276784  5.821996E+08  5.526562E+07  2.148061E+32
        7.519103E+00  2.466011E+01  7.519390E+00  0.0000000000  0.000000E+00
        7.756304E+30 -3.999873E+00 -1.999887E+00 -3.054398E-01 -3.054398E-01
    55    30234.0068    8.59355986  5.816690E+08  5.947693E+07  2.014497E+32
        7.507086E+00  2.466055E+01  7.519724E+00  0.0000000000  0.000000E+00
        6.061668E+30 -3.999873E+00 -1.999887E+00 -3.054398E-01 -3.054398E-01
    56    29765.1789    8.59433764  5.811483E+08  6.385627E+07  1.889035E+32
        7.495137E+00  2.466098E+01  7.520048E+00  0.0000000000  0.000000E+00
        4.744388E+30 -3.999873E+00 -1.999887E+00 -3.054398E-01 -3.054398E-01
    57    29302.5172    8.59510262  5.806367E+08  6.840714E+07  1.771172E+32
        7.483254E+00  2.466141E+01  7.520364E+00  0.0000000000  0.000000E+00
        3.719696E+30 -3.999873E+00 -1.999887E+00 -3.054398E-01 -3.054398E-01
    58    28846.0932    8.59585619  5.801332E+08  7.313345E+07  1.660487E+32
        7.471435E+00  2.466182E+01  7.520676E+00  0.0000000000  0.000000E+00
        2.921891E+30 -3.999873E+00 -1.999887E+00 -3.054398E-01 -3.054398E-01
    59    28396.0045    8.59660020  5.796365E+08  7.804046E+07  1.556583E+32
        7.459680E+00  2.466224E+01  7.520986E+00  0.0000000000  0.000000E+00
        2.299957E+30 -3.999873E+00 -1.999887E+00 -3.054398E-01 -3.054398E-01
    60    27952.0229    8.59733080  5.791491E+08  8.313486E+07  1.459035E+32
        7.447978E+00  2.466263E+01  7.521281E+00  0.0000000000  0.000000E+00
        1.814204E+30 -3.999873E+00 -1.999887E+00 -3.054398E-01 -3.054398E-01
    61    27514.4214    8.59804678  5.786719E+08  8.842048E+07  1.367535E+32
        7.436335E+00  2.466301E+01  7.521560E+00  0.0000000000  0.000000E+00
        1.434343E+30 -3.999873E+00 -1.999887E+00 -3.054398E-01 -3.054398E-01
    62    27083.1790    8.59874880  5.782044E+08  9.390359E+07  1.281721E+32
        7.424750E+00  2.466337E+01  7.521824E+00  0.0000000000  0.000000E+00
        1.136783E+30 -3.999873E+00 -1.999887E+00 -3.054398E-01 -3.054398E-01
    63    26658.2843    8.59943724  5.777463E+08  9.959144E+07  1.201255E+32
        7.413222E+00  2.466371E+01  7.522077E+00  0.0000000000  0.000000E+00
        9.032347E+29 -3.999873E+00 -1.999887E+00 -3.054398E-01 -3.054398E-01
    64    26239.5864    8.60011277  5.772972E+08  1.054917E+08  1.125794E+32
        7.401749E+00  2.466404E+01  7.522323E+00  0.0000000000  0.000000E+00
        7.195605E+29 -3.999873E+00 -1.999887E+00 -3.054398E-01 -3.054398E-01
    65    25827.3842    8.60077726  5.768557E+08  1.116121E+08  1.055086E+32
        7.390331E+00  2.466437E+01  7.522565E+00  0.0000000000  0.000000E+00
        5.748050E+29 -3.999873E+00 -1.999887E+00 -3.054398E-01 -3.054398E-01
    66    25421.9514    8.60143679  5.764178E+08  1.179630E+08  9.888772E+31
        7.378968E+00  2.466471E+01  7.522818E+00  0.0000000000  0.000000E+00
        4.604568E+29 -3.999873E+00 -1.999887E+00 -3.054398E-01 -3.054398E-01
    67    25023.3312    8.60209754  5.759795E+08  1.245587E+08  9.268865E+31
        7.367657E+00  2.466507E+01  7.523094E+00  0.0000000000  0.000000E+00
        3.698736E+29 -3.999873E+00 -1.999887E+00 -3.054398E-01 -3.054398E-01
    68    24631.0780    8.60275636  5.755428E+08  1.314149E+08  8.688022E+31
        7.356384E+00  2.466546E+01  7.523385E+00  0.0000000000  0.000000E+00
        2.978728E+29 -3.999873E+00 -1.999887E+00 -3.054398E-01 -3.054398E-01
    69    24245.0769    8.60340850  5.751109E+08  1.385397E+08  8.143843E+31
        7.345148E+00  2.466585E+01  7.523681E+00  0.0000000000  0.000000E+00
        2.405163E+29 -3.999873E+00 -1.999887E+00 -3.054398E-01 -3.054398E-01
    70    23865.3474    8.60404933  5.746867E+08  1.459394E+08  7.634231E+31
        7.333949E+00  2.466624E+01  7.523971E+00  0.0000000000  0.000000E+00
        1.947285E+29 -3.999873E+00 -1.999887E+00 -3.054398E-01 -3.054398E-01
    71    23491.7700    8.60467445  5.742733E+08  1.536208E+08  7.157018E+31
        7.322789E+00  2.466660E+01  7.524243E+00  0.0000000000  0.000000E+00
        1.580933E+29 -3.999873E+00 -1.999887E+00 -3.054398E-01 -3.054398E-01
    72    23124.5175    8.60527910  5.738736E+08  1.615896E+08  6.710505E+31
        7.311668E+00  2.466692E+01  7.524488E+00  0.0000000000  0.000000E+00
        1.287120E+29 -3.999873E+00 -1.999887E+00 -3.054398E-01 -3.054398E-01
    73    22763.6102    8.60586093  5.734893E+08  1.698525E+08  6.292848E+31
        7.300588E+00  2.466720E+01  7.524698E+00  0.0000000000  0.000000E+00
        1.050903E+29 -3.999873E+00 -1.999887E+00 -3.054398E-01 -3.054398E-01
    74    22409.2959    8.60642565  5.731166E+08  1.784176E+08  5.902429E+31
        7.289558E+00  2.466745E+01  7.524890E+00  0.0000000000  0.000000E+00
        8.605980E+28 -3.999873E+00 -1.999887E+00 -3.054398E-01 -3.054398E-01
    75    22061.2669    8.60697689  5.727530E+08  1.873020E+08  5.537178E+31
        7.278574E+00  2.466769E+01  7.525072E+00  0.0000000000  0.000000E+00
        7.067770E+28 -3.999873E+00 -1.999887E+00 -3.054398E-01 -3.054398E-01
    76    21719.1699    8.60751531  5.723981E+08  1.965211E+08  5.195187E+31
        7.267632E+00  2.466793E+01  7.525249E+00  0.0000000000  0.000000E+00
        5.820669E+28 -3.999873E+00 -1.999887E+00 -3.054398E-01 -3.054398E-01
    77    21382.8643    8.60804128  5.720516E+08  2.060864E+08  4.874902E+31
        7.256732E+00  2.466815E+01  7.525420E+00  0.0000000000  0.000000E+00
        4.806924E+28 -3.999873E+00 -1.999887E+00 -3.054398E-01 -3.054398E-01
    78    21052.2308    8.60855573  5.717128E+08  2.160106E+08  4.574887E+31
        7.245876E+00  2.466838E+01  7.525588E+00  0.0000000000  0.000000E+00
        3.980631E+28 -3.999873E+00 -1.999887E+00 -3.054398E-01 -3.054398E-01
    79    20727.2807    8.60906021  5.713809E+08  2.263071E+08  4.293908E+31
        7.235062E+00  2.466859E+01  7.525753E+00  0.0000000000  0.000000E+00
        3.305224E+28 -3.999873E+00 -1.999887E+00 -3.054398E-01 -3.054398E-01
    80    20407.9975    8.60955556  5.710551E+08  2.369912E+08  4.030785E+31
        7.224289E+00  2.466881E+01  7.525917E+00  0.0000000000  0.000000E+00
        2.751486E+28 -3.999873E+00 -1.999887E+00 -3.054398E-01 -3.054398E-01
    81    20094.5381    8.61004073  5.707362E+08  2.480776E+08  3.784556E+31
        7.213551E+00  2.466902E+01  7.526073E+00  0.0000000000  0.000000E+00
        2.296098E+28 -3.999873E+00 -1.999887E+00 -3.054398E-01 -3.054398E-01
    82    19787.4420    8.61051504  5.704247E+08  2.595810E+08  3.554571E+31
        7.202847E+00  2.466921E+01  7.526220E+00  0.0000000000  0.000000E+00
        1.920430E+28 -3.999873E+00 -1.999887E+00 -3.054398E-01 -3.054398E-01
    83    19485.9107    8.61098237  5.701178E+08  2.715211E+08  3.339213E+31
        7.192172E+00  2.466939E+01  7.526360E+00  0.0000000000  0.000000E+00
        1.609717E+28 -3.999873E+00 -1.999887E+00 -3.054398E-01 -3.054398E-01
    84    19189.9819    8.61144552  5.698139E+08  2.839080E+08  3.137591E+31
        7.181531E+00  2.466957E+01  7.526495E+00  0.0000000000  0.000000E+00
        1.352245E+28 -3.999873E+00 -1.999887E+00 -3.054398E-01 -3.054398E-01
    85    18899.4792    8.61190705  5.695112E+08  2.967585E+08  2.948736E+31
        7.170924E+00  2.466974E+01  7.526628E+00  0.0000000000  0.000000E+00
        1.138370E+28 -3.999873E+00 -1.999887E+00 -3.054398E-01 -3.054398E-01
    86    18614.4864    8.61236838  5.692088E+08  3.100890E+08  2.771912E+31
        7.160349E+00  2.466991E+01  7.526761E+00  0.0000000000  0.000000E+00
        9.602786E+27 -3.999873E+00 -1.999887E+00 -3.054398E-01 -3.054398E-01
    87    18334.8765    8.61282945  5.689068E+08  3.239189E+08  2.606310E+31
        7.149803E+00  2.467009E+01  7.526894E+00  0.0000000000  0.000000E+00
        8.116043E+27 -3.999873E+00 -1.999887E+00 -3.054398E-01 -3.054398E-01
    88    18060.3807    8.61328756  5.686068E+08  3.382647E+08  2.451115E+31
        7.139285E+00  2.467026E+01  7.527027E+00  0.0000000000  0.000000E+00
        6.872079E+27 -3.999873E+00 -1.999887E+00 -3.054398E-01 -3.054398E-01
    89    17790.7722    8.61373501  5.683139E+08  3.531368E+08  2.305620E+31
        7.128793E+00  2.467042E+01  7.527145E+00  0.0000000000  0.000000E+00
        5.828973E+27 -3.999873E+00 -1.999887E+00 -3.054398E-01 -3.054398E-01
    90    17526.2628    8.61417062  5.680290E+08  3.685357E+08  2.169353E+31
        7.118337E+00  2.467056E+01  7.527244E+00  0.0000000000  0.000000E+00
        4.953278E+27 -3.999873E+00 -1.999887E+00 -3.054398E-01 -3.054398E-01
    91    17266.8842    8.61459594  5.677509E+08  3.844740E+08  2.041755E+31
        7.107920E+00  2.467069E+01  7.527331E+00  0.0000000000  0.000000E+00
        4.216731E+27 -3.999873E+00 -1.999887E+00 -3.054398E-01 -3.054398E-01
    92    17012.5871    8.61501250  5.674787E+08  4.009686E+08  1.922262E+31
        7.097544E+00  2.467080E+01  7.527412E+00  0.0000000000  0.000000E+00
        3.595908E+27 -3.999873E+00 -1.999887E+00 -3.054398E-01 -3.054398E-01
    93    16763.3014    8.61542182  5.672113E+08  4.180365E+08  1.810339E+31
        7.087206E+00  2.467092E+01  7.527491E+00  0.0000000000  0.000000E+00
        3.071544E+27 -3.999873E+00 -1.999887E+00 -3.054398E-01 -3.054398E-01
    94    16518.9507    8.61582558  5.669477E+08  4.356950E+08  1.705485E+31
        7.076907E+00  2.467104E+01  7.527575E+00  0.0000000000  0.000000E+00
        2.627771E+27 -3.999873E+00 -1.999887E+00 -3.054398E-01 -3.054398E-01
    95    16279.4916    8.61622600  5.666864E+08  4.539595E+08  1.607241E+31
        7.066647E+00  2.467117E+01  7.527669E+00  0.0000000000  0.000000E+00
        2.251526E+27 -3.999873E+00 -1.999887E+00 -3.054398E-01 -3.054398E-01
    96    16044.9022    8.61662632  5.664253E+08  4.728451E+08  1.515185E+31
        7.056429E+00  2.467132E+01  7.527779E+00  0.0000000000  0.000000E+00
        1.932015E+27 -3.999873E+00 -1.999887E+00 -3.054398E-01 -3.054398E-01
    97    15815.0903    8.61702823  5.661633E+08  4.923687E+08  1.428901E+31
        7.046252E+00  2.467149E+01  7.527910E+00  0.0000000000  0.000000E+00
        1.660226E+27 -3.999873E+00 -1.999887E+00 -3.054398E-01 -3.054398E-01
    98    15589.8913    8.61742959  5.659017E+08  5.125432E+08  1.347989E+31
        7.036116E+00  2.467168E+01  7.528054E+00  0.0000000000  0.000000E+00
        1.428624E+27 -3.999873E+00 -1.999887E+00 -3.054398E-01 -3.054398E-01
    99    15369.2372    8.61782764  5.656424E+08  5.333690E+08  1.272112E+31
        7.026026E+00  2.467188E+01  7.528206E+00  0.0000000000  0.000000E+00
        1.231029E+27 -3.999873E+00 -1.999887E+00 -3.054398E-01 -3.054398E-01
   100    15153.0801    8.61821964  5.653872E+08  5.548416E+08  1.200958E+31
        7.015986E+00  2.467207E+01  7.528356E+00  0.0000000000  0.000000E+00
        1.062265E+27 -3.999873E+00 -1.999887E+00 -3.054398E-01 -3.054398E-01
   101    14941.3879    8.61860289  5.651378E+08  5.769535E+08  1.134239E+31
        7.006003E+00  2.467226E+01  7.528500E+00  0.0000000000  0.000000E+00
        9.179691E+26 -3.999873E+00 -1.999887E+00 -3.054398E-01 -3.054398E-01
   102    14734.1372    8.61897467  5.648960E+08  5.996935E+08  1.071687E+31
        6.996084E+00  2.467243E+01  7.528630E+00  0.0000000000  0.000000E+00
        7.944634E+26 -3.999873E+00 -1.999887E+00 -3.054398E-01 -3.054398E-01
   103    14531.3667    8.61933179  5.646638E+08  6.230399E+08  1.013066E+31
        6.986237E+00  2.467257E+01  7.528740E+00  0.0000000000  0.000000E+00
        6.886666E+26 -3.999873E+00 -1.999887E+00 -3.054398E-01 -3.054398E-01
   104    14333.2626    8.61967123  5.644431E+08  6.469507E+08  9.581921E+30
        6.976478E+00  2.467268E+01  7.528824E+00  0.0000000000  0.000000E+00
        5.980227E+26 -3.999873E+00 -1.999887E+00 -3.054398E-01 -3.054398E-01
   105    14140.3698    8.61999308  5.642340E+08  6.713407E+08  9.069714E+30
        6.966842E+00  2.467276E+01  7.528882E+00  0.0000000000  0.000000E+00
        5.204656E+26 -3.999873E+00 -1.999887E+00 -3.054398E-01 -3.054398E-01
   106    13953.8149    8.62029851  5.640357E+08  6.960352E+08  8.594427E+30
        6.957393E+00  2.467282E+01  7.528922E+00  0.0000000000  0.000000E+00
        4.543738E+26 -3.999873E+00 -1.999887E+00 -3.054398E-01 -3.054398E-01
   107    13801.2621    8.62054594  5.638750E+08  7.170352E+08  8.220020E+30
        6.949568E+00  2.467286E+01  7.528946E+00  0.0000000000  0.000000E+00
        4.061617E+26 -3.999873E+00 -1.999887E+00 -3.054398E-01 -3.054398E-01
   108    13584.1181    8.62089846  5.636462E+08  7.485352E+08  7.708519E+30
        6.938275E+00  2.467290E+01  7.528975E+00  0.0000000000  0.000000E+00
        3.456004E+26 -3.999873E+00 -1.999887E+00 -3.054398E-01 -3.054398E-01
   109    13328.6656    8.62132402  5.633701E+08  7.880639E+08  7.137831E+30
        6.924743E+00  2.467295E+01  7.529010E+00  0.0000000000  0.000000E+00
        2.849843E+26 -3.999873E+00 -1.999887E+00 -3.054398E-01 -3.054398E-01
   110    13110.0449    8.62170325  5.631242E+08  8.239591E+08  6.675089E+30
        6.912943E+00  2.467301E+01  7.529055E+00  0.0000000000  0.000000E+00
        2.408163E+26 -3.999873E+00 -1.999887E+00 -3.054398E-01 -3.054398E-01
   111    12929.7857    8.62203139  5.629115E+08  8.562661E+08  6.310700E+30
        6.906254E+00  2.467311E+01  7.529190E+00  0.0032130061 -1.397637E-03
        2.089618E+26 -3.999873E+00 -1.999887E+00 -3.054398E-01 -3.054398E-01
   112    12767.6915    8.62234179  5.627104E+08  8.895252E+08  5.995858E+30
        6.898467E+00  2.467323E+01  7.529283E+00  0.0143994540 -6.299065E-03
        1.838436E+26 -3.999873E+00 -1.999887E+00 -3.054398E-01 -3.054398E-01
   113    12609.0336    8.62265811  5.625055E+08  9.265848E+08  5.699185E+30
        6.889318E+00  2.467339E+01  7.529395E+00  0.0312787635 -1.380118E-02
        1.613377E+26 -3.999873E+00 -1.999887E+00 -3.054398E-01 -3.054398E-01
   114    12453.7681    8.62298127  5.622962E+08  9.679162E+08  5.419578E+30
        6.880329E+00  2.467357E+01  7.529522E+00  0.0526934911 -2.350948E-02
        1.414017E+26 -3.999873E+00 -1.999887E+00 -3.054398E-01 -3.054398E-01
   115    12301.0057    8.62329924  5.620904E+08  1.012660E+09  5.154741E+30
        6.871107E+00  2.467373E+01  7.529640E+00  0.0755602929 -3.412141E-02
        1.236143E+26 -3.999873E+00 -1.999887E+00 -3.054398E-01 -3.054398E-01
   116    12139.2732    8.62363568  5.618728E+08  1.062508E+09  4.885159E+30
        6.860996E+00  2.467390E+01  7.529759E+00  0.1042374850 -4.780712E-02
        1.067798E+26 -3.999873E+00 -1.999887E+00 -3.054398E-01 -3.054398E-01
   117    11975.1203    8.62397160  5.616555E+08  1.116131E+09  4.622656E+30
        6.850861E+00  2.467405E+01  7.529865E+00  0.1330481935 -6.200504E-02
        9.173271E+25 -3.999873E+00 -1.999887E+00 -3.054398E-01 -3.054398E-01
   118    11813.8488    8.62429848  5.614442E+08  1.173796E+09  4.375329E+30
        6.841002E+00  2.467418E+01  7.529956E+00  0.1630793492 -7.731572E-02
        7.905298E+25 -3.999873E+00 -1.999887E+00 -3.054398E-01 -3.054398E-01
   119    11654.9255    8.62461859  5.612373E+08  1.235852E+09  4.141551E+30
        6.831135E+00  2.467430E+01  7.530038E+00  0.1928717271 -9.305744E-02
        6.802442E+25 -3.999873E+00 -1.999887E+00 -3.054398E-01 -3.054398E-01
   120    11496.4134    8.62493422  5.610334E+08  1.297908E+09  3.917950E+30
        6.820841E+00  2.467440E+01  7.530114E+00  0.2252611618 -1.108447E-01
        5.830151E+25 -3.999873E+00 -1.999887E+00 -3.054398E-01 -3.054398E-01
   121    11330.7686    8.62526614  5.608190E+08  1.365460E+09  3.694154E+30
        6.810186E+00  2.467451E+01  7.530192E+00  0.2554908849 -1.281300E-01
        4.949346E+25 -3.999873E+00 -1.999887E+00 -3.054398E-01 -3.054398E-01
   122    11161.9535    8.62560757  5.605986E+08  1.435344E+09  3.476137E+30
        6.799117E+00  2.467463E+01  7.530276E+00  0.2919220395 -1.499189E-01
        4.182021E+25 -3.999873E+00 -1.999887E+00 -3.054398E-01 -3.054398E-01
   123    10996.9481    8.62594137  5.603832E+08  1.507722E+09  3.272585E+30
        6.788289E+00  2.467474E+01  7.530359E+00  0.3252159034 -1.708352E-01
        3.539221E+25 -3.999873E+00 -1.999887E+00 -3.054398E-01 -3.054398E-01
   124    10825.0226    8.62629019  5.601582E+08  1.586592E+09  3.070214E+30
        6.776813E+00  2.467487E+01  7.530448E+00  0.3596163926 -1.935598E-01
        2.965502E+25 -3.999873E+00 -1.999887E+00 -3.054398E-01 -3.054398E-01
   125    10650.5804    8.62664441  5.599298E+08  1.670708E+09  2.874699E+30
        6.765005E+00  2.467500E+01  7.530542E+00  0.3949177663 -2.181856E-01
        2.477634E+25 -3.999873E+00 -1.999887E+00 -3.054398E-01 -3.054398E-01
   126    10473.7711    8.62700133  5.596998E+08  1.760292E+09  2.686300E+30
        6.752852E+00  2.467514E+01  7.530638E+00  0.4309142837 -2.448223E-01
        2.052989E+25 -3.999873E+00 -1.999887E+00 -3.054398E-01 -3.054398E-01
   127    10296.4173    8.62735116  5.594744E+08  1.854839E+09  2.506900E+30
        6.740475E+00  2.467526E+01  7.530724E+00  0.4621657639 -2.693516E-01
        1.699329E+25 -3.999873E+00 -1.999887E+00 -3.054398E-01 -3.054398E-01
   128    10109.5634    8.62771390  5.592408E+08  1.954125E+09  2.327873E+30
        6.727152E+00  2.467538E+01  7.530816E+00  0.4989074194 -3.000820E-01
        1.382724E+25 -3.999873E+00 -1.999887E+00 -3.054398E-01 -3.054398E-01
   129     9934.1117    8.62804386  5.590284E+08  2.052958E+09  2.168782E+30
        6.714558E+00  2.467547E+01  7.530898E+00  0.5304934769 -3.283584E-01
        1.139852E+25 -3.999873E+00 -1.999887E+00 -3.054398E-01 -3.054398E-01
   130     9761.7063    8.62836253  5.588234E+08  2.155627E+09  2.020617E+30
        6.701949E+00  2.467556E+01  7.530975E+00  0.5620288138 -3.585545E-01
        9.368797E+24 -3.999873E+00 -1.999887E+00 -3.054398E-01 -3.054398E-01
   131     9588.1763    8.62868090  5.586186E+08  2.263827E+09  1.879346E+30
        6.689048E+00  2.467565E+01  7.531050E+00  0.5933838672 -3.908154E-01
        7.613539E+24 -3.999873E+00 -1.999887E+00 -3.054398E-01 -3.054398E-01
   132     9416.6268    8.62899767  5.584149E+08  2.375926E+09  1.747139E+30
        6.676136E+00  2.467573E+01  7.531125E+00  0.6244290744 -4.253080E-01
        6.181878E+24 -3.999873E+00 -1.999887E+00 -3.054398E-01 -3.054398E-01
   133     9249.8857    8.62931190  5.582129E+08  2.491591E+09  1.625463E+30
        6.663272E+00  2.467582E+01  7.531194E+00  0.6499699192 -4.558946E-01
        4.994366E+24 -3.999873E+00 -1.999887E+00 -3.054398E-01 -3.054398E-01
   134     9069.4208    8.62965175  5.579945E+08  2.614255E+09  1.501101E+30
        6.649197E+00  2.467591E+01  7.531257E+00  0.6801105719 -4.950001E-01
        3.958403E+24 -3.999873E+00 -1.999887E+00 -3.054398E-01 -3.054398E-01
   135     8906.8412    8.62994856  5.578039E+08  2.732439E+09  1.395372E+30
        6.636274E+00  2.467596E+01  7.531298E+00  0.7047161735 -5.297603E-01
        3.194122E+24 -3.999873E+00 -1.999887E+00 -3.054398E-01 -3.054398E-01
   136     8741.7988    8.63024152  5.576158E+08  2.857484E+09  1.293914E+30
        6.622948E+00  2.467601E+01  7.531327E+00  0.7287766990 -5.666730E-01
        2.552563E+24 -3.999873E+00 -1.999887E+00 -3.054398E-01 -3.054398E-01
   137     8580.1194    8.63052302  5.574351E+08  2.986069E+09  1.200035E+30
        6.609666E+00  2.467604E+01  7.531348E+00  0.7475822791 -5.978802E-01
        2.042844E+24 -3.999873E+00 -1.999887E+00 -3.054398E-01 -3.054398E-01
   138     8419.4905    8.63080301  5.572554E+08  3.119112E+09  1.111946E+30
        6.596325E+00  2.467607E+01  7.531373E+00  0.7704727221 -6.391657E-01
        1.634844E+24 -3.999873E+00 -1.999887E+00 -3.054398E-01 -3.054398E-01
   139     8265.4343    8.63108020  5.570776E+08  3.254945E+09  1.032110E+30
        6.583140E+00  2.467612E+01  7.531408E+00  0.7882450641 -6.741665E-01
        1.307916E+24 -3.999873E+00 -1.999887E+00 -3.054398E-01 -3.054398E-01
   140     8101.4078    8.63138428  5.568826E+08  3.397059E+09  9.519219E+29
        6.569007E+00  2.467619E+01  7.531461E+00  0.8097224944 -7.206126E-01
        1.028075E+24 -3.999873E+00 -1.999887E+00 -3.054398E-01 -3.054398E-01
   141     7953.7747    8.63166383  5.567034E+08  3.533398E+09  8.838385E+29
        6.555976E+00  2.467627E+01  7.531518E+00  0.8262672542 -7.601183E-01
        8.229311E+23 -3.999873E+00 -1.999887E+00 -3.054398E-01 -3.054398E-01
   142     7807.6467    8.63194231  5.565250E+08  3.674463E+09  8.201285E+29
        6.542859E+00  2.467636E+01  7.531577E+00  0.8422040399 -8.019041E-01
        6.585280E+23 -3.999873E+00 -1.999887E+00 -3.054398E-01 -3.054398E-01
   143     7666.4337    8.63220992  5.563535E+08  3.817395E+09  7.619162E+29
        6.529946E+00  2.467643E+01  7.531632E+00  0.8537345527 -8.348583E-01
        5.312864E+23 -3.999873E+00 -1.999887E+00 -3.054398E-01 -3.054398E-01
   144     7529.0223    8.63246740  5.561886E+08  3.961903E+09  7.083217E+29
        6.517254E+00  2.467650E+01  7.531681E+00  0.8685150102 -8.811238E-01
        4.264469E+23 -3.999873E+00 -1.999887E+00 -3.054398E-01 -3.054398E-01
   145     7400.7348    8.63270814  5.560345E+08  4.105802E+09  6.608986E+29
        6.504985E+00  2.467655E+01  7.531717E+00  0.8791341896 -9.176965E-01
        3.463129E+23 -3.999873E+00 -1.999887E+00 -3.054398E-01 -3.054398E-01
   146     7268.1906    8.63295459  5.558768E+08  4.251367E+09  6.144609E+29
        6.492298E+00  2.467659E+01  7.531745E+00  0.8926407527 -9.691605E-01
        2.799821E+23 -3.999873E+00 -1.999887E+00 -3.054398E-01 -3.054398E-01
   147     7153.1295    8.63317016  5.557388E+08  4.385398E+09  5.761795E+29
        6.480993E+00  2.467661E+01  7.531759E+00  0.8991036618 -9.961246E-01
        2.309686E+23 -3.999873E+00 -1.999887E+00 -3.054398E-01 -3.054398E-01
   148     7043.6137    8.63337937  5.556050E+08  4.516995E+09  5.414350E+29
        6.470191E+00  2.467662E+01  7.531767E+00  0.9084215640 -1.038207E+00
        1.923934E+23 -3.999873E+00 -1.999887E+00 -3.054398E-01 -3.054398E-01
   149     6946.4839    8.63357385  5.554806E+08  4.641933E+09  5.119528E+29
        6.460241E+00  2.467663E+01  7.531773E+00  0.9143755265 -1.067402E+00
        1.622481E+23 -3.999873E+00 -1.999887E+00 -3.054398E-01 -3.054398E-01
   150     6845.7171    8.63377998  5.553488E+08  4.766386E+09  4.826579E+29
        6.450034E+00  2.467664E+01  7.531778E+00  0.9229075150 -1.112988E+00
        1.365416E+23 -3.999873E+00 -1.999887E+00 -3.054398E-01 -3.054398E-01
   151     6758.9662    8.63396141  5.552328E+08  4.879191E+09  4.584620E+29
        6.441006E+00  2.467664E+01  7.531783E+00  0.9283225393 -1.144617E+00
        1.169667E+23 -3.999873E+00 -1.999887E+00 -3.054398E-01 -3.054398E-01
   152     6674.1406    8.63414550  5.551151E+08  4.992795E+09  4.356919E+29
        6.432079E+00  2.467666E+01  7.531790E+00  0.9335135908 -1.177267E+00
        1.007140E+23 -3.999873E+00 -1.999887E+00 -3.054398E-01 -3.054398E-01
   153     6593.5718    8.63432856  5.549981E+08  5.104296E+09  4.148566E+29
        6.423481E+00  2.467667E+01  7.531800E+00  0.9360236271 -1.193980E+00
        8.711390E+22 -3.999873E+00 -1.999887E+00 -3.054398E-01 -3.054398E-01
   154     6517.2938    8.63451343  5.548800E+08  5.213337E+09  3.958215E+29
        6.415222E+00  2.467669E+01  7.531814E+00  0.9408697219 -1.228190E+00
        7.593814E+22 -3.999873E+00 -1.999887E+00 -3.054398E-01 -3.054398E-01
   155     6440.6989    8.63470723  5.547562E+08  5.319041E+09  3.773709E+29
        6.406942E+00  2.467671E+01  7.531828E+00  0.9454798474 -1.263443E+00
        6.588546E+22 -3.999873E+00 -1.999887E+00 -3.054398E-01 -3.054398E-01
   156     6378.6387    8.63486863  5.546532E+08  5.416288E+09  3.629000E+29
        6.399827E+00  2.467672E+01  7.531839E+00  0.9476949220 -1.281456E+00
        5.826141E+22 -3.999873E+00 -1.999887E+00 -3.054398E-01 -3.054398E-01
   157     6308.3261    8.63505907  5.545316E+08  5.522170E+09  3.470093E+29
        6.391765E+00  2.467674E+01  7.531851E+00  0.9519420959 -1.318235E+00
        5.083058E+22 -3.999873E+00 -1.999887E+00 -3.054398E-01 -3.054398E-01
   158     6243.3913    8.63523223  5.544210E+08  5.621247E+09  3.328079E+29
        6.384288E+00  2.467676E+01  7.531863E+00  0.9559413039 -1.355968E+00
        4.484577E+22 -3.999873E+00 -1.999887E+00 -3.054398E-01 -3.054398E-01
   159     6182.5991    8.63540133  5.543131E+08  5.720909E+09  3.199091E+29
        6.376854E+00  2.467677E+01  7.531873E+00  0.9578464211 -1.375166E+00
        3.969570E+22 -3.999873E+00 -1.999887E+00 -3.054398E-01 -3.054398E-01
   160     6126.8657    8.63556502  5.542087E+08  5.824311E+09  3.084125E+29
        6.369556E+00  2.467679E+01  7.531883E+00  0.9596877474 -1.394563E+00
        3.497688E+22 -3.999873E+00 -1.999887E+00 -3.054398E-01 -3.054398E-01
   161     6067.6975    8.63575489  5.540875E+08  5.935477E+09  2.965408E+29
        6.361399E+00  2.467680E+01  7.531895E+00  0.9631766276 -1.433876E+00
        3.058940E+22 -3.999873E+00 -1.999887E+00 -3.054398E-01 -3.054398E-01
   162     6015.2962    8.63593078  5.539753E+08  6.041157E+09  2.863129E+29
        6.353645E+00  2.467682E+01  7.531905E+00  0.9664031461 -1.473701E+00
        2.674073E+22 -3.999873E+00 -1.999887E+00 -3.054398E-01 -3.054398E-01
   163     5969.9738    8.63609265  5.538721E+08  6.149510E+09  2.776775E+29
        6.345997E+00  2.467683E+01  7.531915E+00  0.9679165201 -1.493719E+00
        2.359173E+22 -3.999873E+00 -1.999887E+00 -3.054398E-01 -3.054398E-01
   164     5922.8548    8.63626846  5.537600E+08  6.264510E+09  2.689054E+29
        6.337550E+00  2.467684E+01  7.531925E+00  0.9707435740 -1.533779E+00
        2.048823E+22 -3.999873E+00 -1.999887E+00 -3.054398E-01 -3.054398E-01
   165     5863.0234    8.63650166  5.536113E+08  6.437010E+09  2.580646E+29
        6.325137E+00  2.467686E+01  7.531934E+00  0.9733215202 -1.573839E+00
        1.662697E+22 -3.999873E+00 -1.999887E+00 -3.054398E-01 -3.054398E-01
   166     5784.4899    8.63683213  5.534008E+08  6.695760E+09  2.443272E+29
        6.305883E+00  2.467686E+01  7.531936E+00  0.9778159568 -1.653959E+00
        1.205424E+22 -3.999873E+00 -1.999887E+00 -3.054398E-01 -3.054398E-01
   167     5713.6808    8.63716319  5.531899E+08  6.970899E+09  2.324044E+29
        6.284462E+00  2.467686E+01  7.531933E+00  0.9823846913 -1.754110E+00
        8.402055E+21 -3.999873E+00 -1.999887E+00 -3.054398E-01 -3.054398E-01
   168     5649.3639    8.63748985  5.529819E+08  7.253777E+09  2.219484E+29
        6.261388E+00  2.467687E+01  7.531940E+00  0.9853522836 -1.834230E+00
        5.737523E+21 -3.999873E+00 -1.999887E+00 -3.054398E-01 -3.054398E-01
   169     5585.3485    8.63781787  5.527731E+08  7.539708E+09  2.118980E+29
        6.236233E+00  2.467689E+01  7.531955E+00  0.9872450227 -1.894320E+00
        3.784833E+21 -3.999873E+00 -1.999887E+00 -3.054398E-01 -3.054398E-01
   170     5522.3271    8.63812352  5.525786E+08  7.813672E+09  2.023525E+29
        6.210097E+00  2.467690E+01  7.531961E+00  0.9878199348 -1.914350E+00
        2.463869E+21 -3.999873E+00 -1.999887E+00 -3.054398E-01 -3.054398E-01
   171     5463.0118    8.63840169  5.524017E+08  8.071623E+09  1.936736E+29
        6.183981E+00  2.467691E+01  7.531970E+00  0.9878199348 -1.914350E+00
        1.611088E+21 -3.999873E+00 -1.999887E+00 -3.054398E-01 -3.054398E-01
   172     5404.6189    8.63866779  5.522324E+08  8.318193E+09  1.854113E+29
        6.156995E+00  2.467693E+01  7.531987E+00  0.9883689334 -1.934380E+00
        1.039656E+21 -3.999873E+00 -1.999887E+00 -3.054398E-01 -3.054398E-01
   173     5348.4657    8.63890955  5.520788E+08  8.547130E+09  1.777260E+29
        6.130235E+00  2.467696E+01  7.532005E+00  0.9883689334 -1.934380E+00
        6.712396E+20 -3.999873E+00 -1.999887E+00 -3.054398E-01 -3.054398E-01
   174     5290.9997    8.63913949  5.519326E+08  8.761977E+09  1.701199E+29
        6.102911E+00  2.467698E+01  7.532020E+00  0.9883689334 -1.934380E+00
        4.312410E+20 -3.999873E+00 -1.999887E+00 -3.054398E-01 -3.054398E-01
   175     5232.3733    8.63935211  5.517975E+08  8.957983E+09  1.626246E+29
        6.075983E+00  2.467699E+01  7.532030E+00  0.9888931867 -1.954411E+00
        2.781781E+20 -3.999873E+00 -1.999887E+00 -3.054398E-01 -3.054398E-01
   176     5171.0030    8.63954823  5.516730E+08  9.138204E+09  1.550581E+29
        6.049326E+00  2.467700E+01  7.532038E+00  0.9888931867 -1.954411E+00
        1.803886E+20 -3.999873E+00 -1.999887E+00 -3.054398E-01 -3.054398E-01
   177     5105.7072    8.63972204  5.515626E+08  9.303681E+09  1.473144E+29
        6.023034E+00  2.467701E+01  7.532045E+00  0.9888931867 -1.954411E+00
        1.182265E+20 -3.999873E+00 -1.999887E+00 -3.054398E-01 -3.054398E-01
   178     5038.0470    8.63987666  5.514644E+08  9.455774E+09  1.396098E+29
        5.997488E+00  2.467703E+01  7.532054E+00  0.9888931867 -1.954411E+00
        7.846984E+19 -3.999873E+00 -1.999887E+00 -3.054398E-01 -3.054398E-01
   179     4965.8510    8.64002559  5.513699E+08  9.597985E+09  1.317324E+29
        5.971696E+00  2.467704E+01  7.532065E+00  0.9888931867 -1.954411E+00
        5.179539E+19 -3.999873E+00 -1.999887E+00 -3.054398E-01 -3.054398E-01
   180     4894.5906    8.64015821  5.512857E+08  9.727415E+09  1.242942E+29
        5.946661E+00  2.467705E+01  7.532073E+00  0.9888931867 -1.954411E+00
        3.459193E+19 -3.999873E+00 -1.999887E+00 -3.054398E-01 -3.054398E-01
   181     4824.0574    8.64027516  5.512115E+08  9.847315E+09  1.172515E+29
        5.921917E+00  2.467706E+01  7.532076E+00  0.9893938100 -1.974441E+00
        2.316896E+19 -3.999873E+00 -1.999887E+00 -3.054398E-01 -3.054398E-01
   182     4754.6453    8.64037868  5.511458E+08  9.957997E+09  1.106210E+29
        5.897612E+00  2.467705E+01  7.532075E+00  0.9893938100 -1.974441E+00
        1.561728E+19 -3.999873E+00 -1.999887E+00 -3.054398E-01 -3.054398E-01
   183     4685.4228    8.64047411  5.510852E+08  1.006042E+10  1.042953E+29
        5.873716E+00  2.467705E+01  7.532074E+00  0.9893938100 -1.974441E+00
        1.057940E+19 -3.999873E+00 -1.999887E+00 -3.054398E-01 -3.054398E-01
   184     4617.4893    8.64056237  5.510292E+08  1.015546E+10  9.835690E+28
        5.850762E+00  2.467706E+01  7.532076E+00  0.9893938100 -1.974441E+00
        7.275714E+18 -3.999873E+00 -1.999887E+00 -3.054398E-01 -3.054398E-01
   185     4543.2814    8.64064791  5.509750E+08  1.024670E+10  9.216674E+28
        5.826875E+00  2.467706E+01  7.532076E+00  0.9893938100 -1.974441E+00
        4.917542E+18 -3.999873E+00 -1.999887E+00 -3.054398E-01 -3.054398E-01
   186     4470.4829    8.64072312  5.509272E+08  1.032955E+10  8.638498E+28
        5.803980E+00  2.467706E+01  7.532076E+00  0.9893938100 -1.974441E+00
        3.373895E+18 -3.999873E+00 -1.999887E+00 -3.054398E-01 -3.054398E-01
   187     4396.9506    8.64079369  5.508825E+08  1.040799E+10  8.082696E+28
        5.781132E+00  2.467706E+01  7.532077E+00  0.9893938100 -1.974441E+00
        2.314543E+18 -3.999873E+00 -1.999887E+00 -3.054398E-01 -3.054398E-01
   188     4323.7583    8.64086046  5.508401E+08  1.048225E+10  7.556641E+28
        5.758326E+00  2.467706E+01  7.532078E+00  0.9898718684 -1.994471E+00
        1.587068E+18 -3.999873E+00 -1.999887E+00 -3.054398E-01 -3.054398E-01
   189     4252.0248    8.64092230  5.508009E+08  1.055247E+10  7.066502E+28
        5.735650E+00  2.467706E+01  7.532077E+00  0.9898718684 -1.994471E+00
        1.088587E+18 -3.999873E+00 -1.999887E+00 -3.054398E-01 -3.054398E-01
   190     4182.1097    8.64098151  5.507634E+08  1.061898E+10  6.612167E+28
        5.713051E+00  2.467706E+01  7.532077E+00  0.9898718684 -1.994471E+00
        7.469453E+17 -3.999873E+00 -1.999887E+00 -3.054398E-01 -3.054398E-01
   191     4117.5935    8.64103543  5.507292E+08  1.068182E+10  6.212724E+28
        5.691630E+00  2.467706E+01  7.532078E+00  0.9898718684 -1.994471E+00
        5.221663E+17 -3.999873E+00 -1.999887E+00 -3.054398E-01 -3.054398E-01
   192     4045.4509    8.64109169  5.506935E+08  1.074460E+10  5.787882E+28
        5.667978E+00  2.467706E+01  7.532078E+00  0.9898718684 -1.994471E+00
        3.508263E+17 -3.999873E+00 -1.999887E+00 -3.054398E-01 -3.054398E-01
   193     3977.3804    8.64114000  5.506629E+08  1.080063E+10  5.407445E+28
        5.645783E+00  2.467706E+01  7.532078E+00  0.9898718684 -1.994471E+00
        2.413293E+17 -3.999873E+00 -1.999887E+00 -3.054398E-01 -3.054398E-01
   194     3907.6537    8.64118588  5.506338E+08  1.085432E+10  5.037581E+28
        5.623504E+00  2.467706E+01  7.532078E+00  0.9903283790 -2.014501E+00
        1.654981E+17 -3.999873E+00 -1.999887E+00 -3.054398E-01 -3.054398E-01
   195     3835.9081    8.64122742  5.506075E+08  1.090593E+10  4.677233E+28
        5.601108E+00  2.467706E+01  7.532078E+00  0.9903283790 -2.014501E+00
        1.131389E+17 -3.999873E+00 -1.999887E+00 -3.054398E-01 -3.054398E-01
   196     3762.5326    8.64126463  5.505839E+08  1.095577E+10  4.329124E+28
        5.578642E+00  2.467706E+01  7.532078E+00  0.9903283790 -2.014501E+00
        7.712137E+16 -3.999873E+00 -1.999887E+00 -3.054398E-01 -3.054398E-01
   197     3694.0891    8.64129692  5.505634E+08  1.100426E+10  4.022316E+28
        5.557786E+00  2.467706E+01  7.532078E+00  0.9903283790 -2.014501E+00
        5.399941E+16 -3.999873E+00 -1.999887E+00 -3.054398E-01 -3.054398E-01
   198     3610.3071    8.64133467  5.505395E+08  1.105591E+10  3.669319E+28
        5.532830E+00  2.467706E+01  7.532078E+00  0.9903283790 -2.014501E+00
        3.514224E+16 -3.999873E+00 -1.999887E+00 -3.054398E-01 -3.054398E-01
   199     3532.7478    8.64136548  5.505200E+08  1.110194E+10  3.363788E+28
        5.509809E+00  2.467706E+01  7.532079E+00  0.9907643130 -2.034531E+00
        2.361248E+16 -3.999873E+00 -1.999887E+00 -3.054398E-01 -3.054398E-01
   200     3454.3219    8.64139543  5.505010E+08  1.114715E+10  3.074676E+28
        5.486646E+00  2.467706E+01  7.532078E+00  0.9907643130 -2.034531E+00
        1.580344E+16 -3.999873E+00 -1.999887E+00 -3.054398E-01 -3.054398E-01
   201     3383.1531    8.64142948  5.504794E+08  1.119178E+10  2.828790E+28
        5.465651E+00  2.467706E+01  7.532078E+00  0.9907643130 -2.034531E+00
        1.097164E+16 -3.999873E+00 -1.999887E+00 -3.054398E-01 -3.054398E-01
   202     3292.5938    8.64147388  5.504513E+08  1.124119E+10  2.537595E+28
        5.439206E+00  2.467706E+01  7.532079E+00  0.9911805978 -2.054561E+00
        6.912044E+15 -3.999873E+00 -1.999887E+00 -3.054398E-01 -3.054398E-01
   203     3220.5179    8.64149972  5.504349E+08  1.128496E+10  2.322452E+28
        5.418059E+00  2.467706E+01  7.532079E+00  0.9911805978 -2.054561E+00
        4.781192E+15 -3.999873E+00 -1.999887E+00 -3.054398E-01 -3.054398E-01
   204     3127.6912    8.64152446  5.504192E+08  1.133438E+10  2.065925E+28
        5.390813E+00  2.467706E+01  7.532079E+00  0.9915781192 -2.074591E+00
        2.970482E+15 -3.999873E+00 -1.999887E+00 -3.054398E-01 -3.054398E-01
   205     3055.4702    8.64154321  5.504073E+08  1.137814E+10  1.881536E+28
        5.369363E+00  2.467706E+01  7.532079E+00  0.9919577228 -2.094621E+00
        2.046332E+15 -3.999873E+00 -1.999887E+00 -3.054398E-01 -3.054398E-01
   206     2971.9209    8.64156179  5.503956E+08  1.142805E+10  1.683956E+28
        5.344283E+00  2.467706E+01  7.532079E+00  0.9923202164 -2.114651E+00
        1.324435E+15 -3.999873E+00 -1.999887E+00 -3.054398E-01 -3.054398E-01
   207     2890.5165    8.64157899  5.503847E+08  1.147705E+10  1.506838E+28
        5.319521E+00  2.467706E+01  7.532079E+00  0.9926663710 -2.134681E+00
        8.640499E+14 -3.999873E+00 -1.999887E+00 -3.054398E-01 -3.054398E-01
   208     2819.6040    8.64159495  5.503745E+08  1.152608E+10  1.364273E+28
        5.297608E+00  2.467706E+01  7.532079E+00  0.9933125762 -2.174741E+00
        5.936897E+14 -3.999873E+00 -1.999887E+00 -3.054398E-01 -3.054398E-01
   209     2744.2461    8.64160977  5.503652E+08  1.158177E+10  1.224126E+28
        5.273894E+00  2.467706E+01  7.532079E+00  0.9941767057 -2.234831E+00
        3.845479E+14 -3.999873E+00 -1.999887E+00 -3.054398E-01 -3.054398E-01
   210     2676.1420    8.64162344  5.503565E+08  1.164038E+10  1.107023E+28
        5.252086E+00  2.467706E+01  7.532079E+00  0.9951577339 -2.314951E+00
        2.599729E+14 -3.999873E+00 -1.999887E+00 -3.054398E-01 -3.054398E-01
   211     2600.0486    8.64164216  5.503446E+08  1.169899E+10  9.863414E+27
        5.226994E+00  2.467706E+01  7.532079E+00  0.9961549795 -2.415101E+00
        1.664444E+14 -3.999873E+00 -1.999887E+00 -3.054398E-01 -3.054398E-01
   212     2519.7874    8.64165910  5.503339E+08  1.175737E+10  8.700418E+27
        5.199886E+00  2.467706E+01  7.532080E+00  0.9970844610 -2.535281E+00
        1.037434E+14 -3.999873E+00 -1.999887E+00 -3.054398E-01 -3.054398E-01
   213     2442.1425    8.64167338  5.503249E+08  1.181119E+10  7.676341E+27
        5.172889E+00  2.467706E+01  7.532080E+00  0.9977892516 -2.655461E+00
        6.549289E+13 -3.999873E+00 -1.999887E+00 -3.054398E-01 -3.054398E-01
   214     2355.6676    8.64169735  5.503097E+08  1.186088E+10  6.645112E+27
        5.141892E+00  2.467706E+01  7.532080E+00  0.9983992248 -2.795670E+00
        3.889361E+13 -3.999873E+00 -1.999887E+00 -3.054398E-01 -3.054398E-01
   215     2281.2632    8.64172060  5.502949E+08  1.190113E+10  5.844193E+27
        5.114344E+00  2.467706E+01  7.532080E+00  0.9988408968 -2.935878E+00
        2.474102E+13 -3.999873E+00 -1.999887E+00 -3.054398E-01 -3.054398E-01
   216     2213.0596    8.64173737  5.502843E+08  1.193725E+10  5.175815E+27
        5.088319E+00  2.467706E+01  7.532080E+00  0.9991210902 -3.056056E+00
        1.628019E+13 -3.999873E+00 -1.999887E+00 -3.054398E-01 -3.054398E-01
   217     2143.1951    8.64175300  5.502744E+08  1.197141E+10  4.552368E+27
        5.060756E+00  2.467706E+01  7.532080E+00  0.9993335501 -3.176233E+00
        1.053252E+13 -3.999873E+00 -1.999887E+00 -3.054398E-01 -3.054398E-01
   218     2074.7553    8.64176457  5.502671E+08  1.200174E+10  3.998035E+27
        5.032828E+00  2.467706E+01  7.532080E+00  0.9994946504 -3.296408E+00
        6.823790E+12 -3.999873E+00 -1.999887E+00 -3.054398E-01 -3.054398E-01
   219     2011.3647    8.64177228  5.502622E+08  1.202819E+10  3.531300E+27
        5.005989E+00  2.467706E+01  7.532080E+00  0.9996168067 -3.416582E+00
        4.533050E+12 -3.999873E+00 -1.999887E+00 -3.054398E-01 -3.054398E-01
   220     1952.5104    8.64178091  5.502567E+08  1.205208E+10  3.135712E+27
        4.980125E+00  2.467706E+01  7.532080E+00  0.9996957192 -3.516725E+00
        3.075946E+12 -3.999873E+00 -1.999887E+00 -3.054398E-01 -3.054398E-01
   221     1894.0357    8.64178745  5.502526E+08  1.207440E+10  2.776571E+27
        4.953580E+00  2.467706E+01  7.532080E+00  0.9997469763 -3.596839E+00
        2.077799E+12 -3.999873E+00 -1.999887E+00 -3.054398E-01 -3.054398E-01
   222     1840.3925    8.64179323  5.502489E+08  1.209461E+10  2.475097E+27
        4.928317E+00  2.467706E+01  7.532080E+00  0.9997796683 -3.656923E+00
        1.436614E+12 -3.999873E+00 -1.999887E+00 -3.054398E-01 -3.054398E-01
   223     1787.0527    8.64180122  5.502439E+08  1.211374E+10  2.200350E+27
        4.902403E+00  2.467706E+01  7.532080E+00  0.9998081359 -3.717006E+00
        9.868899E+11 -3.999873E+00 -1.999887E+00 -3.054398E-01 -3.054398E-01
   224     1736.0183    8.64180621  5.502407E+08  1.213129E+10  1.959542E+27
        4.876735E+00  2.467706E+01  7.532080E+00  0.9998329249 -3.777088E+00
        6.832961E+11 -3.999873E+00 -1.999887E+00 -3.054398E-01 -3.054398E-01
   225     1688.7347    8.64180895  5.502390E+08  1.214746E+10  1.754609E+27
        4.852062E+00  2.467706E+01  7.532080E+00  0.9998404545 -3.797115E+00
        4.811378E+11 -3.999873E+00 -1.999887E+00 -3.054398E-01 -3.054398E-01
   226     1643.1018    8.64181380  5.502359E+08  1.216291E+10  1.572489E+27
        4.827413E+00  2.467706E+01  7.532080E+00  0.9998545108 -3.837169E+00
        3.395934E+11 -3.999873E+00 -1.999887E+00 -3.054398E-01 -3.054398E-01
   227     1597.4289    8.64181734  5.502336E+08  1.217764E+10  1.404793E+27
        4.801932E+00  2.467706E+01  7.532080E+00  0.9998673285 -3.877222E+00
        2.373027E+11 -3.999873E+00 -1.999887E+00 -3.054398E-01 -3.054398E-01
   228     1555.3432    8.64181740  5.502336E+08  1.219114E+10  1.262499E+27
        4.777608E+00  2.467706E+01  7.532080E+00  0.9998733074 -3.897249E+00
        1.687644E+11 -3.999873E+00 -1.999887E+00 -3.054398E-01 -3.054398E-01
   229     1516.4609    8.64181861  5.502328E+08  1.220409E+10  1.140906E+27
        4.754342E+00  2.467706E+01  7.532080E+00  0.9998790168 -3.917275E+00
        1.218827E+11 -3.999873E+00 -1.999887E+00 -3.054398E-01 -3.054398E-01
   230     1475.2896    8.64182106  5.502313E+08  1.221701E+10  1.021955E+27
        4.728917E+00  2.467706E+01  7.532080E+00  0.9998844688 -3.937301E+00
        8.548643E+10 -3.999873E+00 -1.999887E+00 -3.054398E-01 -3.054398E-01
