============================================================================
  #Mod      Teff         Log(g)           R            Age            L
           Log(Tc)       Log(Pc)      Log(rhoc)       Mx/M         Log(qx)
             Lnu        Log(H/*)      Log(He/*)     Log(C/*)      Log(O/*)
============================================================================
     1   141518.9340    8.29256035  7.803634E+08  0.000000E+00  1.740540E+35
        8.005960E+00  2.420680E+01  7.197354E+00  0.0000000000  0.000000E+00
        5.979389E+35 -9.999860E+00 -1.999884E+00 -3.053960E-01 -3.053960E-01
     2   123435.7942    8.32758294  7.495241E+08  6.000000E+04  9.293250E+34
        7.981407E+00  2.422204E+01  7.208187E+00  0.0000000000  0.000000E+00
        3.481851E+35 -9.999860E+00 -1.999884E+00 -3.053960E-01 -3.053960E-01
     3   111006.1689    8.34963792  7.307320E+08  1.200000E+05  5.777456E+34
        7.962798E+00  2.423173E+01  7.215093E+00  0.0000000000  0.000000E+00
        2.272241E+35 -9.999860E+00 -1.999884E+00 -3.053960E-01 -3.053960E-01
     4   101899.0477    8.36494069  7.179707E+08  1.800000E+05  3.960280E+34
        7.947989E+00  2.423846E+01  7.219893E+00  0.0000000000  0.000000E+00
        1.601954E+35 -9.999860E+00 -1.999884E+00 -3.053960E-01 -3.053960E-01
     5    94962.2210    8.37625353  7.086802E+08  2.400000E+05  2.910288E+34
        7.935765E+00  2.424341E+01  7.223425E+00  0.0000000000  0.000000E+00
        1.193307E+35 -9.999860E+00 -1.999884E+00 -3.053960E-01 -3.053960E-01
     6    89339.7034    8.38506230  7.015295E+08  3.000000E+05  2.234096E+34
        7.925403E+00  2.424722E+01  7.226149E+00  0.0000000000  0.000000E+00
        9.260403E+34 -9.999860E+00 -1.999884E+00 -3.053960E-01 -3.053960E-01
     7    84649.7913    8.39212480  6.958485E+08  3.600000E+05  1.771597E+34
        7.916434E+00  2.425026E+01  7.228320E+00  0.0000000000  0.000000E+00
        7.415901E+34 -9.999860E+00 -1.999884E+00 -3.053960E-01 -3.053960E-01
     8    80692.6817    8.39792382  6.912182E+08  4.200000E+05  1.443441E+34
        7.908544E+00  2.425274E+01  7.230101E+00  0.0000000000  0.000000E+00
        6.088315E+34 -9.999860E+00 -1.999884E+00 -3.053960E-01 -3.053960E-01
     9    77295.7520    8.40278969  6.873568E+08  4.800000E+05  1.201763E+34
        7.901509E+00  2.425483E+01  7.231596E+00  0.0000000000  0.000000E+00
        5.099764E+34 -9.999860E+00 -1.999884E+00 -3.053960E-01 -3.053960E-01
    10    74340.4552    8.40693549  6.840838E+08  5.400000E+05  1.018478E+34
        7.895165E+00  2.425660E+01  7.232868E+00  0.0000000000  0.000000E+00
        4.342578E+34 -9.999860E+00 -1.999884E+00 -3.053960E-01 -3.053960E-01
    11    71740.8329    8.41051509  6.812704E+08  6.000000E+05  8.760657E+33
        7.889389E+00  2.425813E+01  7.233965E+00  0.0000000000  0.000000E+00
        3.748882E+34 -9.999860E+00 -1.999884E+00 -3.053960E-01 -3.053960E-01
    12    69455.2399    8.41363377  6.788287E+08  6.600000E+05  7.641391E+33
        7.884092E+00  2.425946E+01  7.234923E+00  0.0000000000  0.000000E+00
        3.274212E+34 -9.999860E+00 -1.999884E+00 -3.053960E-01 -3.053960E-01
    13    67390.6155    8.41639928  6.766708E+08  7.200000E+05  6.729527E+33
        7.879199E+00  2.426064E+01  7.235767E+00  0.0000000000  0.000000E+00
        2.888319E+34 -9.999860E+00 -1.999884E+00 -3.053960E-01 -3.053960E-01
    14    65536.7752    8.41885948  6.747569E+08  7.800000E+05  5.985038E+33
        7.874655E+00  2.426168E+01  7.236519E+00  0.0000000000  0.000000E+00
        2.570008E+34 -9.999860E+00 -1.999884E+00 -3.053960E-01 -3.053960E-01
    15    63892.9091    8.42104907  6.730581E+08  8.400000E+05  5.379572E+33
        7.870413E+00  2.426262E+01  7.237193E+00  0.0000000000  0.000000E+00
        2.304098E+34 -9.999860E+00 -1.999884E+00 -3.053960E-01 -3.053960E-01
    16    62399.9159    8.42302933  6.715253E+08  9.000000E+05  4.871838E+33
        7.866435E+00  2.426346E+01  7.237801E+00  0.0000000000  0.000000E+00
        2.079478E+34 -9.999860E+00 -1.999884E+00 -3.053960E-01 -3.053960E-01
    17    60861.2218    8.42507279  6.699473E+08  9.690970E+05  4.388095E+33
        7.862161E+00  2.426433E+01  7.238429E+00  0.0000000000  0.000000E+00
        1.862270E+34 -9.999860E+00 -1.999884E+00 -3.053960E-01 -3.053960E-01
    18    59369.6186    8.42705644  6.684191E+08  1.044071E+06  3.955366E+33
        7.857836E+00  2.426517E+01  7.239039E+00  0.0000000000  0.000000E+00
        1.665421E+34 -9.999860E+00 -1.999884E+00 -3.053960E-01 -3.053960E-01
    19    57921.5309    8.42898370  6.669376E+08  1.125472E+06  3.567488E+33
        7.853461E+00  2.426599E+01  7.239631E+00  0.0000000000  0.000000E+00
        1.487323E+34 -9.999860E+00 -1.999884E+00 -3.053960E-01 -3.053960E-01
    20    56516.6006    8.43085178  6.655048E+08  1.213814E+06  3.219871E+33
        7.849038E+00  2.426679E+01  7.240206E+00  0.0000000000  0.000000E+00
        1.326597E+34 -9.999860E+00 -1.999884E+00 -3.053960E-01 -3.053960E-01
    21    55149.8728    8.43265780  6.641225E+08  1.309755E+06  2.907411E+33
        7.844568E+00  2.426756E+01  7.240764E+00  0.0000000000  0.000000E+00
        1.181741E+34 -9.999860E+00 -1.999884E+00 -3.053960E-01 -3.053960E-01
    22    53825.5773    8.43439908  6.627924E+08  1.413975E+06  2.627495E+33
        7.840050E+00  2.426831E+01  7.241307E+00  0.0000000000  0.000000E+00
        1.051409E+34 -9.999860E+00 -1.999884E+00 -3.053960E-01 -3.053960E-01
    23    52543.8688    8.43608070  6.615105E+08  1.527592E+06  2.376805E+33
        7.835471E+00  2.426904E+01  7.241837E+00  0.0000000000  0.000000E+00
        9.340045E+33 -9.999860E+00 -1.999884E+00 -3.053960E-01 -3.053960E-01
    24    51302.5821    8.43770302  6.602761E+08  1.651875E+06  2.151989E+33
        7.830814E+00  2.426975E+01  7.242355E+00  0.0000000000  0.000000E+00
        8.281800E+33 -9.999860E+00 -1.999884E+00 -3.053960E-01 -3.053960E-01
    25    50104.8828    8.43926849  6.590871E+08  1.788229E+06  1.950913E+33
        7.826068E+00  2.427045E+01  7.242864E+00  0.0000000000  0.000000E+00
        7.328103E+33 -9.999860E+00 -1.999884E+00 -3.053960E-01 -3.053960E-01
    26    48946.4779    8.44077755  6.579430E+08  1.938483E+06  1.770494E+33
        7.821211E+00  2.427114E+01  7.243365E+00  0.0000000000  0.000000E+00
        6.467976E+33 -9.999860E+00 -1.999884E+00 -3.053960E-01 -3.053960E-01
    27    47831.7720    8.44223271  6.568417E+08  2.104537E+06  1.609234E+33
        7.816226E+00  2.427182E+01  7.243858E+00  0.0000000000  0.000000E+00
        5.693092E+33 -9.999860E+00 -1.999884E+00 -3.053960E-01 -3.053960E-01
    28    46757.4695    8.44363600  6.557814E+08  2.288955E+06  1.464718E+33
        7.811087E+00  2.427249E+01  7.244347E+00  0.0000000000  0.000000E+00
        4.994784E+33 -9.999860E+00 -1.999884E+00 -3.053960E-01 -3.053960E-01
    29    45721.5098    8.44498616  6.547628E+08  2.494474E+06  1.335003E+33
        7.805771E+00  2.427316E+01  7.244832E+00  0.0000000000  0.000000E+00
        4.366552E+33 -9.999860E+00 -1.999884E+00 -3.053960E-01 -3.053960E-01
    30    44731.2075    8.44628644  6.537833E+08  2.724300E+06  1.219389E+33
        7.800251E+00  2.427382E+01  7.245317E+00  0.0000000000  0.000000E+00
        3.802653E+33 -9.999860E+00 -1.999884E+00 -3.053960E-01 -3.053960E-01
    31    43776.0813    8.44754013  6.528404E+08  2.983122E+06  1.115305E+33
        7.794479E+00  2.427449E+01  7.245803E+00  0.0000000000  0.000000E+00
        3.296327E+33 -9.999860E+00 -1.999884E+00 -3.053960E-01 -3.053960E-01
    32    42867.7498    8.44874729  6.519337E+08  3.275087E+06  1.022731E+33
        7.788430E+00  2.427516E+01  7.246290E+00  0.0000000000  0.000000E+00
        2.844076E+33 -9.999860E+00 -1.999884E+00 -3.053960E-01 -3.053960E-01
    33    41992.8601    8.44991239  6.510598E+08  3.607241E+06  9.392378E+32
        7.782036E+00  2.427583E+01  7.246781E+00  0.0000000000  0.000000E+00
        2.439922E+33 -9.999860E+00 -1.999884E+00 -3.053960E-01 -3.053960E-01
    34    41165.3100    8.45103375  6.502198E+08  3.985282E+06  8.651232E+32
        7.775272E+00  2.427650E+01  7.247275E+00  0.0000000000  0.000000E+00
        2.081517E+33 -9.999860E+00 -1.999884E+00 -3.053960E-01 -3.053960E-01
    35    40369.2288    8.45211657  6.494097E+08  4.419488E+06  7.981258E+32
        7.768056E+00  2.427717E+01  7.247773E+00  0.0000000000  0.000000E+00
        1.763722E+33 -9.999860E+00 -1.999884E+00 -3.053960E-01 -3.053960E-01
    36    39619.9259    8.45315738  6.486320E+08  4.917512E+06  7.387260E+32
        7.760372E+00  2.427785E+01  7.248274E+00  0.0000000000  0.000000E+00
        1.484872E+33 -9.999860E+00 -1.999884E+00 -3.053960E-01 -3.053960E-01
    37    38899.1233    8.45416220  6.478821E+08  5.493869E+06  6.848306E+32
        7.752128E+00  2.427853E+01  7.248778E+00  0.0000000000  0.000000E+00
        1.240462E+33 -9.999860E+00 -1.999884E+00 -3.053960E-01 -3.053960E-01
    38    38222.5225    8.45512590  6.471637E+08  6.158089E+06  6.369973E+32
        7.743336E+00  2.427921E+01  7.249283E+00  0.0000000000  0.000000E+00
        1.029108E+33 -9.999860E+00 -1.999884E+00 -3.053960E-01 -3.053960E-01
    39    37569.9136    8.45605624  6.464709E+08  6.929225E+06  5.933223E+32
        7.733917E+00  2.427989E+01  7.249788E+00  0.0000000000  0.000000E+00
        8.467875E+32 -9.999860E+00 -1.999884E+00 -3.053960E-01 -3.053960E-01
    40    36956.5959    8.45694998  6.458060E+08  7.817397E+06  5.543754E+32
        7.723930E+00  2.428056E+01  7.250291E+00  0.0000000000  0.000000E+00
        6.920401E+32 -9.999860E+00 -1.999884E+00 -3.053960E-01 -3.053960E-01
    41    36361.7406    8.45781877  6.451604E+08  8.845266E+06  5.184967E+32
        7.713329E+00  2.428124E+01  7.250796E+00  0.0000000000  0.000000E+00
        5.611212E+32 -9.999860E+00 -1.999884E+00 -3.053960E-01 -3.053960E-01
    42    35793.5019    8.45865861  6.445369E+08  1.002128E+07  4.858971E+32
        7.702230E+00  2.428191E+01  7.251296E+00  0.0000000000  0.000000E+00
        4.522296E+32 -9.999860E+00 -1.999884E+00 -3.053960E-01 -3.053960E-01
    43    35250.1453    8.45947684  6.439300E+08  1.136442E+07  4.561975E+32
        7.690658E+00  2.428257E+01  7.251792E+00  0.0000000000  0.000000E+00
        3.621640E+32 -9.999860E+00 -1.999884E+00 -3.053960E-01 -3.053960E-01
    44    34715.4121    8.46028075  6.433343E+08  1.289079E+07  4.283460E+32
        7.678675E+00  2.428322E+01  7.252284E+00  0.0000000000  0.000000E+00
        2.882734E+32 -9.999860E+00 -1.999884E+00 -3.053960E-01 -3.053960E-01
    45    34196.6617    8.46106834  6.427512E+08  1.459982E+07  4.025804E+32
        7.666450E+00  2.428387E+01  7.252772E+00  0.0000000000  0.000000E+00
        2.285602E+32 -9.999860E+00 -1.999884E+00 -3.053960E-01 -3.053960E-01
    46    33688.8017    8.46184766  6.421748E+08  1.650518E+07  3.785129E+32
        7.654018E+00  2.428452E+01  7.253260E+00  0.0000000000  0.000000E+00
        1.804570E+32 -9.999860E+00 -1.999884E+00 -3.053960E-01 -3.053960E-01
    47    33186.3060    8.46262071  6.416035E+08  1.861085E+07  3.557960E+32
        7.641457E+00  2.428516E+01  7.253747E+00  0.0000000000  0.000000E+00
        1.419832E+32 -9.999860E+00 -1.999884E+00 -3.053960E-01 -3.053960E-01
    48    32696.6668    8.46338305  6.410406E+08  2.091357E+07  3.346702E+32
        7.628852E+00  2.428581E+01  7.254230E+00  0.0000000000  0.000000E+00
        1.114325E+32 -9.999860E+00 -1.999884E+00 -3.053960E-01 -3.053960E-01
    49    32209.1916    8.46413622  6.404850E+08  2.342447E+07  3.146076E+32
        7.616187E+00  2.428644E+01  7.254702E+00  0.0000000000  0.000000E+00
        8.717865E+31 -9.999860E+00 -1.999884E+00 -3.053960E-01 -3.053960E-01
    50    31729.8535    8.46487317  6.399418E+08  2.612879E+07  2.957912E+32
        7.603560E+00  2.428705E+01  7.255157E+00  0.0000000000  0.000000E+00
        6.809879E+31 -9.999860E+00 -1.999884E+00 -3.053960E-01 -3.053960E-01
    51    31255.4016    8.46559682  6.394089E+08  2.903039E+07  2.780287E+32
        7.590963E+00  2.428763E+01  7.255599E+00  0.0000000000  0.000000E+00
        5.310036E+31 -9.999860E+00 -1.999884E+00 -3.053960E-01 -3.053960E-01
    52    30788.4766    8.46630606  6.388870E+08  3.212246E+07  2.613562E+32
        7.578426E+00  2.428820E+01  7.256028E+00  0.0000000000  0.000000E+00
        4.135554E+31 -9.999860E+00 -1.999884E+00 -3.053960E-01 -3.053960E-01
    53    30327.0800    8.46700348  6.383742E+08  3.540652E+07  2.456434E+32
        7.565937E+00  2.428876E+01  7.256445E+00  0.0000000000  0.000000E+00
        3.216662E+31 -9.999860E+00 -1.999884E+00 -3.053960E-01 -3.053960E-01
    54    29872.1212    8.46768942  6.378703E+08  3.887660E+07  2.308665E+32
        7.553511E+00  2.428931E+01  7.256853E+00  0.0000000000  0.000000E+00
        2.499889E+31 -9.999860E+00 -1.999884E+00 -3.053960E-01 -3.053960E-01
    55    29423.3819    8.46836336  6.373755E+08  4.253121E+07  2.169667E+32
        7.541141E+00  2.428984E+01  7.257251E+00  0.0000000000  0.000000E+00
        1.941489E+31 -9.999860E+00 -1.999884E+00 -3.053960E-01 -3.053960E-01
    56    28980.4219    8.46902262  6.368919E+08  4.636750E+07  2.038836E+32
        7.528829E+00  2.429035E+01  7.257633E+00  0.0000000000  0.000000E+00
        1.507145E+31 -9.999860E+00 -1.999884E+00 -3.053960E-01 -3.053960E-01
    57    28543.8475    8.46966661  6.364199E+08  5.038121E+07  1.915886E+32
        7.516582E+00  2.429084E+01  7.258001E+00  0.0000000000  0.000000E+00
        1.169870E+31 -9.999860E+00 -1.999884E+00 -3.053960E-01 -3.053960E-01
    58    28113.1612    8.47029623  6.359588E+08  5.457205E+07  1.800233E+32
        7.504396E+00  2.429131E+01  7.258356E+00  0.0000000000  0.000000E+00
        9.081404E+30 -9.999860E+00 -1.999884E+00 -3.053960E-01 -3.053960E-01
    59    27688.4240    8.47091244  6.355077E+08  5.893825E+07  1.691479E+32
        7.492277E+00  2.429178E+01  7.258700E+00  0.0000000000  0.000000E+00
        7.052310E+30 -9.999860E+00 -1.999884E+00 -3.053960E-01 -3.053960E-01
    60    27269.8697    8.47151632  6.350661E+08  6.347977E+07  1.589286E+32
        7.480222E+00  2.429223E+01  7.259037E+00  0.0000000000  0.000000E+00
        5.479834E+30 -9.999860E+00 -1.999884E+00 -3.053960E-01 -3.053960E-01
    61    26857.5969    8.47210870  6.346331E+08  6.819856E+07  1.493296E+32
        7.468227E+00  2.429267E+01  7.259367E+00  0.0000000000  0.000000E+00
        4.261083E+30 -9.999860E+00 -1.999884E+00 -3.053960E-01 -3.053960E-01
    62    26451.7127    8.47269178  6.342072E+08  7.309724E+07  1.403168E+32
        7.456290E+00  2.429311E+01  7.259696E+00  0.0000000000  0.000000E+00
        3.316347E+30 -9.999860E+00 -1.999884E+00 -3.053960E-01 -3.053960E-01
    63    26052.1260    8.47326552  6.337884E+08  7.818006E+07  1.318540E+32
        7.444407E+00  2.429355E+01  7.260020E+00  0.0000000000  0.000000E+00
        2.583578E+30 -9.999860E+00 -1.999884E+00 -3.053960E-01 -3.053960E-01
    64    25658.7638    8.47382859  6.333777E+08  8.345078E+07  1.239083E+32
        7.432574E+00  2.429398E+01  7.260337E+00  0.0000000000  0.000000E+00
        2.014900E+30 -9.999860E+00 -1.999884E+00 -3.053960E-01 -3.053960E-01
    65    25271.5884    8.47437954  6.329761E+08  8.891281E+07  1.164493E+32
        7.420790E+00  2.429439E+01  7.260645E+00  0.0000000000  0.000000E+00
        1.573332E+30 -9.999860E+00 -1.999884E+00 -3.053960E-01 -3.053960E-01
    66    24890.6968    8.47491634  6.325850E+08  9.456979E+07  1.094506E+32
        7.409052E+00  2.429480E+01  7.260942E+00  0.0000000000  0.000000E+00
        1.230217E+30 -9.999860E+00 -1.999884E+00 -3.053960E-01 -3.053960E-01
    67    24515.6553    8.47543740  6.322056E+08  1.004259E+08  1.028781E+32
        7.397358E+00  2.429518E+01  7.261227E+00  0.0000000000  0.000000E+00
        9.634055E+29 -9.999860E+00 -1.999884E+00 -3.053960E-01 -3.053960E-01
    68    24146.9293    8.47594307  6.318377E+08  1.064837E+08  9.671430E+31
        7.385712E+00  2.429555E+01  7.261499E+00  0.0000000000  0.000000E+00
        7.557984E+29 -9.999860E+00 -1.999884E+00 -3.053960E-01 -3.053960E-01
    69    23784.2734    8.47643830  6.314776E+08  1.127505E+08  9.093004E+31
        7.374113E+00  2.429591E+01  7.261771E+00  0.0000000000  0.000000E+00
        5.940733E+29 -9.999860E+00 -1.999884E+00 -3.053960E-01 -3.053960E-01
    70    23427.4666    8.47692628  6.311229E+08  1.192352E+08  8.549902E+31
        7.362560E+00  2.429629E+01  7.262054E+00  0.0000000000  0.000000E+00
        4.679093E+29 -9.999860E+00 -1.999884E+00 -3.053960E-01 -3.053960E-01
    71    23076.3448    8.47740479  6.307753E+08  1.259469E+08  8.039877E+31
        7.351046E+00  2.429667E+01  7.262342E+00  0.0000000000  0.000000E+00
        3.693018E+29 -9.999860E+00 -1.999884E+00 -3.053960E-01 -3.053960E-01
    72    22730.7833    8.47787160  6.304364E+08  1.328918E+08  7.560876E+31
        7.339569E+00  2.429704E+01  7.262626E+00  0.0000000000  0.000000E+00
        2.921186E+29 -9.999860E+00 -1.999884E+00 -3.053960E-01 -3.053960E-01
    73    22390.7674    8.47832519  6.301072E+08  1.400750E+08  7.111101E+31
        7.328130E+00  2.429740E+01  7.262900E+00  0.0000000000  0.000000E+00
        2.316137E+29 -9.999860E+00 -1.999884E+00 -3.053960E-01 -3.053960E-01
    74    22056.3010    8.47876414  6.297889E+08  1.475023E+08  6.688869E+31
        7.316727E+00  2.429774E+01  7.263157E+00  0.0000000000  0.000000E+00
        1.841006E+29 -9.999860E+00 -1.999884E+00 -3.053960E-01 -3.053960E-01
    75    21727.4279    8.47918762  6.294819E+08  1.551791E+08  6.292624E+31
        7.305361E+00  2.429804E+01  7.263390E+00  0.0000000000  0.000000E+00
        1.467196E+29 -9.999860E+00 -1.999884E+00 -3.053960E-01 -3.053960E-01
    76    21404.8043    8.47959807  6.291845E+08  1.631115E+08  5.921519E+31
        7.294034E+00  2.429832E+01  7.263600E+00  0.0000000000  0.000000E+00
        1.172480E+29 -9.999860E+00 -1.999884E+00 -3.053960E-01 -3.053960E-01
    77    21088.4242    8.48000008  6.288934E+08  1.713119E+08  5.573944E+31
        7.282745E+00  2.429859E+01  7.263798E+00  0.0000000000  0.000000E+00
        9.394770E+28 -9.999860E+00 -1.999884E+00 -3.053960E-01 -3.053960E-01
    78    20778.0015    8.48039574  6.286070E+08  1.797929E+08  5.248141E+31
        7.271486E+00  2.429885E+01  7.263987E+00  0.0000000000  0.000000E+00
        7.547591E+28 -9.999860E+00 -1.999884E+00 -3.053960E-01 -3.053960E-01
    79    20473.3700    8.48078652  6.283242E+08  1.885636E+08  4.942617E+31
        7.260259E+00  2.429909E+01  7.264169E+00  0.0000000000  0.000000E+00
        6.079873E+28 -9.999860E+00 -1.999884E+00 -3.053960E-01 -3.053960E-01
    80    20174.5795    8.48117330  6.280445E+08  1.976324E+08  4.656191E+31
        7.249062E+00  2.429933E+01  7.264347E+00  0.0000000000  0.000000E+00
        4.910919E+28 -9.999860E+00 -1.999884E+00 -3.053960E-01 -3.053960E-01
    81    19881.2536    8.48155673  6.277673E+08  2.070096E+08  4.387372E+31
        7.237894E+00  2.429957E+01  7.264522E+00  0.0000000000  0.000000E+00
        3.977672E+28 -9.999860E+00 -1.999884E+00 -3.053960E-01 -3.053960E-01
    82    19592.9878    8.48193558  6.274936E+08  2.167022E+08  4.134788E+31
        7.226755E+00  2.429980E+01  7.264695E+00  0.0000000000  0.000000E+00
        3.231058E+28 -9.999860E+00 -1.999884E+00 -3.053960E-01 -3.053960E-01
    83    19309.4538    8.48230753  6.272249E+08  2.267147E+08  3.897253E+31
        7.215650E+00  2.430003E+01  7.264865E+00  0.0000000000  0.000000E+00
        2.632574E+28 -9.999860E+00 -1.999884E+00 -3.053960E-01 -3.053960E-01
    84    19030.5005    8.48267080  6.269626E+08  2.370512E+08  3.673805E+31
        7.204582E+00  2.430025E+01  7.265023E+00  0.0000000000  0.000000E+00
        2.151808E+28 -9.999860E+00 -1.999884E+00 -3.053960E-01 -3.053960E-01
    85    18756.1252    8.48302597  6.267063E+08  2.477177E+08  3.463639E+31
        7.193558E+00  2.430045E+01  7.265170E+00  0.0000000000  0.000000E+00
        1.764620E+28 -9.999860E+00 -1.999884E+00 -3.053960E-01 -3.053960E-01
    86    18486.4412    8.48337429  6.264551E+08  2.587247E+08  3.266067E+31
        7.182578E+00  2.430064E+01  7.265310E+00  0.0000000000  0.000000E+00
        1.451812E+28 -9.999860E+00 -1.999884E+00 -3.053960E-01 -3.053960E-01
    87    18221.4397    8.48371711  6.262079E+08  2.700852E+08  3.080348E+31
        7.171638E+00  2.430083E+01  7.265446E+00  0.0000000000  0.000000E+00
        1.198222E+28 -9.999860E+00 -1.999884E+00 -3.053960E-01 -3.053960E-01
    88    17961.0608    8.48405564  6.259638E+08  2.818118E+08  2.905751E+31
        7.160737E+00  2.430102E+01  7.265582E+00  0.0000000000  0.000000E+00
        9.919553E+27 -9.999860E+00 -1.999884E+00 -3.053960E-01 -3.053960E-01
    89    17705.2142    8.48439048  6.257226E+08  2.939158E+08  2.741577E+31
        7.149873E+00  2.430121E+01  7.265721E+00  0.0000000000  0.000000E+00
        8.236449E+27 -9.999860E+00 -1.999884E+00 -3.053960E-01 -3.053960E-01
    90    17453.7910    8.48472043  6.254849E+08  3.064070E+08  2.587169E+31
        7.139047E+00  2.430141E+01  7.265862E+00  0.0000000000  0.000000E+00
        6.858808E+27 -9.999860E+00 -1.999884E+00 -3.053960E-01 -3.053960E-01
    91    17206.6437    8.48504096  6.252542E+08  3.192923E+08  2.441911E+31
        7.128257E+00  2.430158E+01  7.265996E+00  0.0000000000  0.000000E+00
        5.727723E+27 -9.999860E+00 -1.999884E+00 -3.053960E-01 -3.053960E-01
    92    16963.8510    8.48535148  6.250307E+08  3.325734E+08  2.305326E+31
        7.117512E+00  2.430175E+01  7.266121E+00  0.0000000000  0.000000E+00
        4.796810E+27 -9.999860E+00 -1.999884E+00 -3.053960E-01 -3.053960E-01
    93    16725.3948    8.48565277  6.248139E+08  3.462592E+08  2.176902E+31
        7.106813E+00  2.430190E+01  7.266239E+00  0.0000000000  0.000000E+00
        4.028358E+27 -9.999860E+00 -1.999884E+00 -3.053960E-01 -3.053960E-01
    94    16491.2164    8.48594581  6.246031E+08  3.603608E+08  2.056132E+31
        7.096162E+00  2.430205E+01  7.266352E+00  0.0000000000  0.000000E+00
        3.392047E+27 -9.999860E+00 -1.999884E+00 -3.053960E-01 -3.053960E-01
    95    16261.2806    8.48623168  6.243976E+08  3.748881E+08  1.942555E+31
        7.085558E+00  2.430219E+01  7.266463E+00  0.0000000000  0.000000E+00
        2.863581E+27 -9.999860E+00 -1.999884E+00 -3.053960E-01 -3.053960E-01
    96    16035.5754    8.48651177  6.241963E+08  3.898507E+08  1.835746E+31
        7.075003E+00  2.430234E+01  7.266573E+00  0.0000000000  0.000000E+00
        2.423412E+27 -9.999860E+00 -1.999884E+00 -3.053960E-01 -3.053960E-01
    97    15814.0984    8.48678856  6.239974E+08  4.052578E+08  1.735303E+31
        7.064497E+00  2.430249E+01  7.266687E+00  0.0000000000  0.000000E+00
        2.055775E+27 -9.999860E+00 -1.999884E+00 -3.053960E-01 -3.053960E-01
    98    15596.8298    8.48706474  6.237990E+08  4.211198E+08  1.640842E+31
        7.054044E+00  2.430265E+01  7.266807E+00  0.0000000000  0.000000E+00
        1.747899E+27 -9.999860E+00 -1.999884E+00 -3.053960E-01 -3.053960E-01
    99    15383.6427    8.48733957  6.236017E+08  4.374467E+08  1.551970E+31
        7.043641E+00  2.430282E+01  7.266936E+00  0.0000000000  0.000000E+00
        1.489355E+27 -9.999860E+00 -1.999884E+00 -3.053960E-01 -3.053960E-01
   100    15174.4885    8.48761175  6.234063E+08  4.542408E+08  1.468353E+31
        7.033292E+00  2.430300E+01  7.267070E+00  0.0000000000  0.000000E+00
        1.271744E+27 -9.999860E+00 -1.999884E+00 -3.053960E-01 -3.053960E-01
   101    14969.3284    8.48787985  6.232139E+08  4.715025E+08  1.389682E+31
        7.023002E+00  2.430317E+01  7.267204E+00  0.0000000000  0.000000E+00
        1.088180E+27 -9.999860E+00 -1.999884E+00 -3.053960E-01 -3.053960E-01
   102    14768.1371    8.48814261  6.230254E+08  4.892306E+08  1.315668E+31
        7.012775E+00  2.430335E+01  7.267336E+00  0.0000000000  0.000000E+00
        9.330088E+26 -9.999860E+00 -1.999884E+00 -3.053960E-01 -3.053960E-01
   103    14570.9051    8.48839877  6.228417E+08  5.074209E+08  1.246044E+31
        7.002615E+00  2.430351E+01  7.267460E+00  0.0000000000  0.000000E+00
        8.015771E+26 -9.999860E+00 -1.999884E+00 -3.053960E-01 -3.053960E-01
   104    14377.6360    8.48864635  6.226642E+08  5.260647E+08  1.180564E+31
        6.992529E+00  2.430366E+01  7.267574E+00  0.0000000000  0.000000E+00
        6.900507E+26 -9.999860E+00 -1.999884E+00 -3.053960E-01 -3.053960E-01
   105    14188.3950    8.48888290  6.224946E+08  5.451433E+08  1.119016E+31
        6.982527E+00  2.430379E+01  7.267672E+00  0.0000000000  0.000000E+00
        5.952812E+26 -9.999860E+00 -1.999884E+00 -3.053960E-01 -3.053960E-01
   106    14003.4459    8.48910757  6.223336E+08  5.646176E+08  1.061251E+31
        6.972629E+00  2.430390E+01  7.267754E+00  0.0000000000  0.000000E+00
        5.147154E+26 -9.999860E+00 -1.999884E+00 -3.053960E-01 -3.053960E-01
   107    13823.3853    8.48932193  6.221801E+08  5.844113E+08  1.007214E+31
        6.962874E+00  2.430400E+01  7.267822E+00  0.0000000000  0.000000E+00
        4.462976E+26 -9.999860E+00 -1.999884E+00 -3.053960E-01 -3.053960E-01
   108    13649.4421    8.48952640  6.220336E+08  6.043593E+08  9.570163E+30
        6.953337E+00  2.430408E+01  7.267880E+00  0.0000000000  0.000000E+00
        3.884429E+26 -9.999860E+00 -1.999884E+00 -3.053960E-01 -3.053960E-01
   109    13484.4067    8.48971976  6.218952E+08  6.240746E+08  9.111581E+30
        6.944182E+00  2.430415E+01  7.267931E+00  0.0000000000  0.000000E+00
        3.401552E+26 -9.999860E+00 -1.999884E+00 -3.053960E-01 -3.053960E-01
   110    13333.0797    8.48989837  6.217673E+08  6.428561E+08  8.705819E+30
        6.935695E+00  2.430422E+01  7.267976E+00  0.0000000000  0.000000E+00
        3.008960E+26 -9.999860E+00 -1.999884E+00 -3.053960E-01 -3.053960E-01
   111    13199.3908    8.49005991  6.216517E+08  6.600331E+08  8.358758E+30
        6.928118E+00  2.430428E+01  7.268017E+00  0.0000000000  0.000000E+00
        2.697849E+26 -9.999860E+00 -1.999884E+00 -3.053960E-01 -3.053960E-01
   112    13086.3979    8.49020020  6.215513E+08  6.749903E+08  8.073585E+30
        6.921657E+00  2.430434E+01  7.268053E+00  0.0000000000  0.000000E+00
        2.458626E+26 -9.999860E+00 -1.999884E+00 -3.053960E-01 -3.053960E-01
   113    12986.3309    8.49032742  6.214603E+08  6.885907E+08  7.827166E+30
        6.915890E+00  2.430439E+01  7.268088E+00  0.0000000000  0.000000E+00
        2.263463E+26 -9.999860E+00 -1.999884E+00 -3.053960E-01 -3.053960E-01
   114    12893.0282    8.49044867  6.213735E+08  7.015860E+08  7.602513E+30
        6.910474E+00  2.430444E+01  7.268124E+00  0.0000000000  0.000000E+00
        2.094624E+26 -9.999860E+00 -1.999884E+00 -3.053960E-01 -3.053960E-01
   115    12804.1610    8.49056652  6.212892E+08  7.142583E+08  7.393058E+30
        6.905280E+00  2.430449E+01  7.268160E+00  0.0000000000  0.000000E+00
        1.944790E+26 -9.999860E+00 -1.999884E+00 -3.053960E-01 -3.053960E-01
   116    12718.1321    8.49068285  6.212060E+08  7.268071E+08  7.194433E+30
        6.900220E+00  2.430454E+01  7.268199E+00  0.0000000000  0.000000E+00
        1.809325E+26 -9.999860E+00 -1.999884E+00 -3.053960E-01 -3.053960E-01
   117    12634.5549    8.49079803  6.211236E+08  7.392732E+08  7.005318E+30
        6.895273E+00  2.430459E+01  7.268239E+00  0.0000000000  0.000000E+00
        1.686179E+26 -9.999860E+00 -1.999884E+00 -3.053960E-01 -3.053960E-01
   118    12552.9253    8.49091212  6.210420E+08  7.517154E+08  6.824232E+30
        6.890412E+00  2.430465E+01  7.268281E+00  0.0000000000  0.000000E+00
        1.573488E+26 -9.999860E+00 -1.999884E+00 -3.053960E-01 -3.053960E-01
   119    12472.0551    8.49102631  6.209604E+08  7.643109E+08  6.648320E+30
        6.885567E+00  2.430471E+01  7.268326E+00  0.0000000000  0.000000E+00
        1.468795E+26 -9.999860E+00 -1.999884E+00 -3.053960E-01 -3.053960E-01
   120    12391.2347    8.49114166  6.208780E+08  7.771744E+08  6.475940E+30
        6.880695E+00  2.430477E+01  7.268372E+00  0.0000000000  0.000000E+00
        1.370672E+26 -9.999860E+00 -1.999884E+00 -3.053960E-01 -3.053960E-01
   121    12311.0178    8.49125764  6.207951E+08  7.902206E+08  6.308184E+30
        6.875831E+00  2.430483E+01  7.268419E+00  0.0000000000  0.000000E+00
        1.279342E+26 -9.999860E+00 -1.999884E+00 -3.053960E-01 -3.053960E-01
   122    12232.2177    8.49137290  6.207127E+08  8.033137E+08  6.146587E+30
        6.871023E+00  2.430489E+01  7.268467E+00  0.0000000000  0.000000E+00
        1.195156E+26 -9.999860E+00 -1.999884E+00 -3.053960E-01 -3.053960E-01
   123    12154.6107    8.49148705  6.206311E+08  8.164830E+08  5.990503E+30
        6.866261E+00  2.430495E+01  7.268515E+00  0.0000000000  0.000000E+00
        1.117307E+26 -9.999860E+00 -1.999884E+00 -3.053960E-01 -3.053960E-01
   124    12077.0089    8.49160110  6.205496E+08  8.299323E+08  5.837442E+30
        6.861471E+00  2.430501E+01  7.268563E+00  0.0000000000  0.000000E+00
        1.044193E+26 -9.999860E+00 -1.999884E+00 -3.053960E-01 -3.053960E-01
   125    11998.2749    8.49171631  6.204673E+08  8.438733E+08  5.685191E+30
        6.856582E+00  2.430507E+01  7.268611E+00  0.0000000000  0.000000E+00
        9.745745E+25 -9.999860E+00 -1.999884E+00 -3.053960E-01 -3.053960E-01
   126    11835.7293    8.49195238  6.202987E+08  8.738733E+08  5.380391E+30
        6.846396E+00  2.430519E+01  7.268709E+00  0.0000000000  0.000000E+00
        8.442526E+25 -9.999860E+00 -1.999884E+00 -3.053960E-01 -3.053960E-01
   127    11675.6092    8.49218303  6.201340E+08  9.047747E+08  5.092386E+30
        6.836233E+00  2.430531E+01  7.268798E+00  0.0000000000  0.000000E+00
        7.318101E+25 -9.999860E+00 -1.999884E+00 -3.053960E-01 -3.053960E-01
   128    11515.0718    8.49241264  6.199701E+08  9.371869E+08  4.815486E+30
        6.825912E+00  2.430541E+01  7.268877E+00  0.0000000000  0.000000E+00
        6.325245E+25 -9.999860E+00 -1.999884E+00 -3.053960E-01 -3.053960E-01
   129    11364.2911    8.49262940  6.198154E+08  9.706289E+08  4.565897E+30
        6.821307E+00  2.430551E+01  7.268980E+00  0.0013922630 -6.050735E-04
        5.523633E+25 -9.999860E+00 -1.999884E+00 -3.053960E-01 -3.053960E-01
   130    11226.0331    8.49282982  6.196724E+08  1.004071E+09  4.345718E+30
        6.810888E+00  2.430559E+01  7.269041E+00  0.0182386455 -7.994067E-03
        4.814060E+25 -9.999860E+00 -1.999884E+00 -3.053960E-01 -3.053960E-01
   131    11096.1476    8.49302429  6.195337E+08  1.037513E+09  4.146205E+30
        6.801365E+00  2.430570E+01  7.269121E+00  0.0362747323 -1.604675E-02
        4.239929E+25 -9.999860E+00 -1.999884E+00 -3.053960E-01 -3.053960E-01
   132    10980.7289    8.49319886  6.194092E+08  1.070955E+09  3.974769E+30
        6.794523E+00  2.430580E+01  7.269197E+00  0.0526934911 -2.350948E-02
        3.803038E+25 -9.999860E+00 -1.999884E+00 -3.053960E-01 -3.053960E-01
   133    10836.0073    8.49341582  6.192545E+08  1.120337E+09  3.767450E+30
        6.785055E+00  2.430593E+01  7.269291E+00  0.0777190619 -3.513677E-02
        3.289046E+25 -9.999860E+00 -1.999884E+00 -3.053960E-01 -3.053960E-01
   134    10677.1523    8.49365686  6.190827E+08  1.179805E+09  3.549368E+30
        6.773497E+00  2.430609E+01  7.269409E+00  0.1123917401 -5.177866E-02
        2.775960E+25 -9.999860E+00 -1.999884E+00 -3.053960E-01 -3.053960E-01
   135    10515.3284    8.49390048  6.189090E+08  1.245446E+09  3.337160E+30
        6.761661E+00  2.430625E+01  7.269530E+00  0.1492530291 -7.019959E-02
        2.333068E+25 -9.999860E+00 -1.999884E+00 -3.053960E-01 -3.053960E-01
   136    10348.4885    8.49414681  6.187335E+08  1.317582E+09  3.128578E+30
        6.749266E+00  2.430642E+01  7.269650E+00  0.1889993551 -9.097880E-02
        1.936665E+25 -9.999860E+00 -1.999884E+00 -3.053960E-01 -3.053960E-01
   137    10177.6400    8.49438879  6.185612E+08  1.394986E+09  2.925403E+30
        6.736413E+00  2.430656E+01  7.269754E+00  0.2294771511 -1.132145E-01
        1.595518E+25 -9.999860E+00 -1.999884E+00 -3.053960E-01 -3.053960E-01
   138    10012.2450    8.49460920  6.184043E+08  1.476128E+09  2.738437E+30
        6.723997E+00  2.430666E+01  7.269826E+00  0.2689322012 -1.360423E-01
        1.323767E+25 -9.999860E+00 -1.999884E+00 -3.053960E-01 -3.053960E-01
   139     9836.8101    8.49482861  6.182481E+08  1.563971E+09  2.550202E+30
        6.710467E+00  2.430673E+01  7.269873E+00  0.3107996029 -1.616545E-01
        1.077842E+25 -9.999860E+00 -1.999884E+00 -3.053960E-01 -3.053960E-01
   140     9665.8956    8.49503640  6.181002E+08  1.652613E+09  2.376392E+30
        6.697096E+00  2.430678E+01  7.269905E+00  0.3546420822 -1.901994E-01
        8.772898E+24 -9.999860E+00 -1.999884E+00 -3.053960E-01 -3.053960E-01
   141     9497.8737    8.49523231  6.179608E+08  1.743684E+09  2.214417E+30
        6.684167E+00  2.430681E+01  7.269926E+00  0.3949177663 -2.181856E-01
        7.192429E+24 -9.999860E+00 -1.999884E+00 -3.053960E-01 -3.053960E-01
   142     9338.9264    8.49543686  6.178153E+08  1.837897E+09  2.068888E+30
        6.671460E+00  2.430687E+01  7.269970E+00  0.4309142837 -2.448223E-01
        5.921465E+24 -9.999860E+00 -1.999884E+00 -3.053960E-01 -3.053960E-01
   143     9175.7997    8.49565757  6.176583E+08  1.937910E+09  1.927100E+30
        6.658430E+00  2.430697E+01  7.270039E+00  0.4726404329 -2.778932E-01
        4.850322E+24 -9.999860E+00 -1.999884E+00 -3.053960E-01 -3.053960E-01
   144     9015.4975    8.49587576  6.175032E+08  2.039017E+09  1.795019E+30
        6.645172E+00  2.430707E+01  7.270110E+00  0.5094337432 -3.093023E-01
        3.954451E+24 -9.999860E+00 -1.999884E+00 -3.053960E-01 -3.053960E-01
   145     8860.7353    8.49607597  6.173608E+08  2.141347E+09  1.674130E+30
        6.632344E+00  2.430714E+01  7.270165E+00  0.5410172897 -3.382037E-01
        3.252691E+24 -9.999860E+00 -1.999884E+00 -3.053960E-01 -3.053960E-01
   146     8699.5710    8.49627759  6.172176E+08  2.247369E+09  1.554891E+30
        6.618774E+00  2.430721E+01  7.270213E+00  0.5777369736 -3.744169E-01
        2.634758E+24 -9.999860E+00 -1.999884E+00 -3.053960E-01 -3.053960E-01
   147     8551.3130    8.49645872  6.170889E+08  2.351289E+09  1.450971E+30
        6.606116E+00  2.430727E+01  7.270252E+00  0.6089532992 -4.077714E-01
        2.159868E+24 -9.999860E+00 -1.999884E+00 -3.053960E-01 -3.053960E-01
   148     8402.1077    8.49664123  6.169592E+08  2.460554E+09  1.351755E+30
        6.593174E+00  2.430733E+01  7.270293E+00  0.6346862285 -4.373340E-01
        1.748586E+24 -9.999860E+00 -1.999884E+00 -3.053960E-01 -3.053960E-01
   149     8249.4706    8.49683612  6.168208E+08  2.572836E+09  1.255609E+30
        6.579577E+00  2.430740E+01  7.270346E+00  0.6651167655 -4.751066E-01
        1.396566E+24 -9.999860E+00 -1.999884E+00 -3.053960E-01 -3.053960E-01
   150     8104.4203    8.49702257  6.166884E+08  2.683247E+09  1.169099E+30
        6.566731E+00  2.430749E+01  7.270407E+00  0.6900134230 -5.086571E-01
        1.130217E+24 -9.999860E+00 -1.999884E+00 -3.053960E-01 -3.053960E-01
   151     7965.0238    8.49720642  6.165579E+08  2.796254E+09  1.090255E+30
        6.554010E+00  2.430757E+01  7.270476E+00  0.7144099916 -5.442570E-01
        9.141854E+23 -9.999860E+00 -1.999884E+00 -3.053960E-01 -3.053960E-01
   152     7826.8179    8.49738749  6.164294E+08  2.913366E+09  1.016107E+30
        6.541181E+00  2.430766E+01  7.270544E+00  0.7382314927 -5.820826E-01
        7.364701E+23 -9.999860E+00 -1.999884E+00 -3.053960E-01 -3.053960E-01
   153     7691.0312    8.49756036  6.163067E+08  3.032468E+09  9.470307E+29
        6.528530E+00  2.430774E+01  7.270608E+00  0.7614029480 -6.223349E-01
        5.959779E+23 -9.999860E+00 -1.999884E+00 -3.053960E-01 -3.053960E-01
   154     7564.2504    8.49772178  6.161922E+08  3.152695E+09  8.857842E+29
        6.516147E+00  2.430781E+01  7.270661E+00  0.7794216937 -6.564372E-01
        4.837763E+23 -9.999860E+00 -1.999884E+00 -3.053960E-01 -3.053960E-01
   155     7429.3221    8.49788922  6.160734E+08  3.276621E+09  8.239363E+29
        6.503042E+00  2.430787E+01  7.270707E+00  0.8012341207 -7.016582E-01
        3.858899E+23 -9.999860E+00 -1.999884E+00 -3.053960E-01 -3.053960E-01
   156     7311.2180    8.49803514  6.159699E+08  3.392366E+09  7.725203E+29
        6.491252E+00  2.430791E+01  7.270737E+00  0.8180684717 -7.400920E-01
        3.161883E+23 -9.999860E+00 -1.999884E+00 -3.053960E-01 -3.053960E-01
   157     7196.5040    8.49817801  6.158686E+08  3.509595E+09  7.249272E+29
        6.479620E+00  2.430794E+01  7.270758E+00  0.8303099477 -7.703436E-01
        2.600292E+23 -9.999860E+00 -1.999884E+00 -3.053960E-01 -3.053960E-01
   158     7082.1567    8.49832499  6.157644E+08  3.624800E+09  6.797094E+29
        6.467937E+00  2.430796E+01  7.270775E+00  0.8460887416 -8.127296E-01
        2.123531E+23 -9.999860E+00 -1.999884E+00 -3.053960E-01 -3.053960E-01
   159     6983.5766    8.49845767  6.156703E+08  3.730694E+09  6.424511E+29
        6.457532E+00  2.430798E+01  7.270787E+00  0.8574944624 -8.461683E-01
        1.777990E+23 -9.999860E+00 -1.999884E+00 -3.053960E-01 -3.053960E-01
   160     6891.6969    8.49858836  6.155777E+08  3.834320E+09  6.091194E+29
        6.447615E+00  2.430800E+01  7.270798E+00  0.8685150102 -8.811238E-01
        1.507347E+23 -9.999860E+00 -1.999884E+00 -3.053960E-01 -3.053960E-01
   161     6807.4615    8.49871366  6.154889E+08  3.934462E+09  5.797133E+29
        6.438266E+00  2.430802E+01  7.270809E+00  0.8756400593 -9.053195E-01
        1.282897E+23 -9.999860E+00 -1.999884E+00 -3.053960E-01 -3.053960E-01
   162     6723.1490    8.49884484  6.153960E+08  4.032604E+09  5.513561E+29
        6.428777E+00  2.430804E+01  7.270824E+00  0.8859826624 -9.430291E-01
        1.086921E+23 -9.999860E+00 -1.999884E+00 -3.053960E-01 -3.053960E-01
   163     6655.8656    8.49895303  6.153193E+08  4.123872E+09  5.294821E+29
        6.420579E+00  2.430806E+01  7.270838E+00  0.8926407527 -9.691605E-01
        9.507991E+22 -9.999860E+00 -1.999884E+00 -3.053960E-01 -3.053960E-01
   164     6577.8707    8.49908350  6.152269E+08  4.224699E+09  5.049448E+29
        6.411083E+00  2.430809E+01  7.270859E+00  0.9022604239 -1.009930E+00
        8.066600E+22 -9.999860E+00 -1.999884E+00 -3.053960E-01 -3.053960E-01
   165     6512.8604    8.49919689  6.151466E+08  4.316745E+09  4.851503E+29
        6.402507E+00  2.430811E+01  7.270878E+00  0.9084215640 -1.038207E+00
        6.970910E+22 -9.999860E+00 -1.999884E+00 -3.053960E-01 -3.053960E-01
   166     6450.7657    8.49931109  6.150657E+08  4.411140E+09  4.667885E+29
        6.393764E+00  2.430814E+01  7.270898E+00  0.9143755265 -1.067402E+00
        6.004759E+22 -9.999860E+00 -1.999884E+00 -3.053960E-01 -3.053960E-01
   167     6393.4034    8.49942283  6.149866E+08  4.505860E+09  4.502894E+29
        6.385028E+00  2.430817E+01  7.270918E+00  0.9201175126 -1.097548E+00
        5.170116E+22 -9.999860E+00 -1.999884E+00 -3.053960E-01 -3.053960E-01
   168     6340.8396    8.49953188  6.149094E+08  4.601749E+09  4.355533E+29
        6.376184E+00  2.430820E+01  7.270938E+00  0.9256427239 -1.128677E+00
        4.460259E+22 -9.999860E+00 -1.999884E+00 -3.053960E-01 -3.053960E-01
   169     6289.0837    8.49964203  6.148314E+08  4.700649E+09  4.213991E+29
        6.367000E+00  2.430823E+01  7.270958E+00  0.9309463616 -1.160813E+00
        3.799175E+22 -9.999860E+00 -1.999884E+00 -3.053960E-01 -3.053960E-01
   170     6241.9945    8.49974653  6.147574E+08  4.799336E+09  4.088209E+29
        6.357790E+00  2.430826E+01  7.270977E+00  0.9360236271 -1.193980E+00
        3.243402E+22 -9.999860E+00 -1.999884E+00 -3.053960E-01 -3.053960E-01
   171     6195.7304    8.49985098  6.146835E+08  4.902045E+09  3.967393E+29
        6.348103E+00  2.430828E+01  7.270995E+00  0.9408697219 -1.228190E+00
        2.747883E+22 -9.999860E+00 -1.999884E+00 -3.053960E-01 -3.053960E-01
   172     6150.9204    8.49995357  6.146109E+08  5.006734E+09  3.852946E+29
        6.338114E+00  2.430830E+01  7.271011E+00  0.9476949220 -1.281456E+00
        2.327066E+22 -9.999860E+00 -1.999884E+00 -3.053960E-01 -3.053960E-01
   173     6107.2863    8.50005110  6.145419E+08  5.113243E+09  3.743934E+29
        6.327815E+00  2.430832E+01  7.271022E+00  0.9519420959 -1.318235E+00
        1.952200E+22 -9.999860E+00 -1.999884E+00 -3.053960E-01 -3.053960E-01
   174     6065.3365    8.50014415  6.144761E+08  5.220616E+09  3.641343E+29
        6.317279E+00  2.430833E+01  7.271027E+00  0.9559413039 -1.355968E+00
        1.631316E+22 -9.999860E+00 -1.999884E+00 -3.053960E-01 -3.053960E-01
   175     6026.9732    8.50022948  6.144157E+08  5.328188E+09  3.549390E+29
        6.306869E+00  2.430833E+01  7.271029E+00  0.9596877474 -1.394563E+00
        1.372898E+22 -9.999860E+00 -1.999884E+00 -3.053960E-01 -3.053960E-01
   176     5985.9632    8.50032106  6.143510E+08  5.440076E+09  3.453037E+29
        6.295511E+00  2.430833E+01  7.271029E+00  0.9631766276 -1.433876E+00
        1.128674E+22 -9.999860E+00 -1.999884E+00 -3.053960E-01 -3.053960E-01
   177     5945.1834    8.50041321  6.142858E+08  5.555076E+09  3.359185E+29
        6.283524E+00  2.430833E+01  7.271029E+00  0.9679165201 -1.493719E+00
        9.219910E+21 -9.999860E+00 -1.999884E+00 -3.053960E-01 -3.053960E-01
   178     5885.5488    8.50054841  6.141902E+08  5.727576E+09  3.225415E+29
        6.265195E+00  2.430834E+01  7.271037E+00  0.9733215202 -1.573839E+00
        6.760312E+21 -9.999860E+00 -1.999884E+00 -3.053960E-01 -3.053960E-01
   179     5811.9939    8.50071623  6.140715E+08  5.936731E+09  3.065988E+29
        6.241951E+00  2.430837E+01  7.271058E+00  0.9788158710 -1.673989E+00
        4.570838E+21 -9.999860E+00 -1.999884E+00 -3.053960E-01 -3.053960E-01
   180     5740.0452    8.50087346  6.139604E+08  6.138424E+09  2.915909E+29
        6.218427E+00  2.430839E+01  7.271072E+00  0.9831786762 -1.774140E+00
        3.090952E+21 -9.999860E+00 -1.999884E+00 -3.053960E-01 -3.053960E-01
   181     5670.0867    8.50101902  6.138575E+08  6.331634E+09  2.775402E+29
        6.194752E+00  2.430841E+01  7.271085E+00  0.9866429742 -1.874290E+00
        2.085357E+21 -9.999860E+00 -1.999884E+00 -3.053960E-01 -3.053960E-01
   182     5599.8008    8.50115268  6.137630E+08  6.515002E+09  2.639513E+29
        6.170768E+00  2.430843E+01  7.271102E+00  0.9872450227 -1.894320E+00
        1.403780E+21 -9.999860E+00 -1.999884E+00 -3.053960E-01 -3.053960E-01
   183     5530.5459    8.50127181  6.136789E+08  6.684260E+09  2.510651E+29
        6.147501E+00  2.430847E+01  7.271126E+00  0.9878199348 -1.914350E+00
        9.605814E+20 -9.999860E+00 -1.999884E+00 -3.053960E-01 -3.053960E-01
   184     5459.4765    8.50138204  6.136010E+08  6.844467E+09  2.383461E+29
        6.124403E+00  2.430850E+01  7.271150E+00  0.9883689334 -1.934380E+00
        6.590390E+20 -9.999860E+00 -1.999884E+00 -3.053960E-01 -3.053960E-01
   185     5390.1534    8.50148258  6.135300E+08  6.995910E+09  2.264165E+29
        6.101775E+00  2.430853E+01  7.271169E+00  0.9883689334 -1.934380E+00
        4.561563E+20 -9.999860E+00 -1.999884E+00 -3.053960E-01 -3.053960E-01
   186     5320.5150    8.50158161  6.134600E+08  7.141683E+09  2.148915E+29
        6.078882E+00  2.430855E+01  7.271183E+00  0.9883689334 -1.934380E+00
        3.143018E+20 -9.999860E+00 -1.999884E+00 -3.053960E-01 -3.053960E-01
   187     5251.8974    8.50167515  6.133940E+08  7.278442E+09  2.039745E+29
        6.056455E+00  2.430857E+01  7.271196E+00  0.9883689334 -1.934380E+00
        2.190091E+20 -9.999860E+00 -1.999884E+00 -3.053960E-01 -3.053960E-01
   188     5180.7507    8.50175912  6.133347E+08  7.408603E+09  1.931069E+29
        6.034212E+00  2.430858E+01  7.271207E+00  0.9888931867 -1.954411E+00
        1.527043E+20 -9.999860E+00 -1.999884E+00 -3.053960E-01 -3.053960E-01
   189     5105.3044    8.50183026  6.132844E+08  7.532609E+09  1.820717E+29
        6.012181E+00  2.430860E+01  7.271217E+00  0.9888931867 -1.954411E+00
        1.069466E+20 -9.999860E+00 -1.999884E+00 -3.053960E-01 -3.053960E-01
   190     5026.6935    8.50189895  6.132359E+08  7.651131E+09  1.710869E+29
        5.990620E+00  2.430862E+01  7.271231E+00  0.9888931867 -1.954411E+00
        7.560651E+19 -9.999860E+00 -1.999884E+00 -3.053960E-01 -3.053960E-01
   191     4942.2414    8.50196678  6.131880E+08  7.767188E+09  1.598509E+29
        5.968647E+00  2.430864E+01  7.271246E+00  0.9888931867 -1.954411E+00
        5.309941E+19 -9.999860E+00 -1.999884E+00 -3.053960E-01 -3.053960E-01
   192     4859.5045    8.50202583  6.131464E+08  7.877616E+09  1.493923E+29
        5.947054E+00  2.430866E+01  7.271257E+00  0.9888931867 -1.954411E+00
        3.760116E+19 -9.999860E+00 -1.999884E+00 -3.053960E-01 -3.053960E-01
   193     4778.9037    8.50207372  6.131125E+08  7.984341E+09  1.397094E+29
        5.925464E+00  2.430866E+01  7.271261E+00  0.9888931867 -1.954411E+00
        2.660646E+19 -9.999860E+00 -1.999884E+00 -3.053960E-01 -3.053960E-01
   194     4702.0325    8.50211444  6.130838E+08  8.086442E+09  1.309225E+29
        5.904077E+00  2.430866E+01  7.271261E+00  0.9893938100 -1.974441E+00
        1.888030E+19 -9.999860E+00 -1.999884E+00 -3.053960E-01 -3.053960E-01
   195     4627.8761    8.50215137  6.130577E+08  8.183698E+09  1.228462E+29
        5.882961E+00  2.430866E+01  7.271259E+00  0.9893938100 -1.974441E+00
        1.343640E+19 -9.999860E+00 -1.999884E+00 -3.053960E-01 -3.053960E-01
   196     4554.7045    8.50218911  6.130311E+08  8.276689E+09  1.152492E+29
        5.862001E+00  2.430866E+01  7.271260E+00  0.9893938100 -1.974441E+00
        9.584340E+18 -9.999860E+00 -1.999884E+00 -3.053960E-01 -3.053960E-01
   197     4480.6510    8.50222609  6.130050E+08  8.365935E+09  1.079256E+29
        5.841125E+00  2.430866E+01  7.271262E+00  0.9893938100 -1.974441E+00
        6.838472E+18 -9.999860E+00 -1.999884E+00 -3.053960E-01 -3.053960E-01
   198     4407.3102    8.50225830  6.129823E+08  8.452323E+09  1.010235E+29
        5.820620E+00  2.430866E+01  7.271262E+00  0.9893938100 -1.974441E+00
        4.904546E+18 -9.999860E+00 -1.999884E+00 -3.053960E-01 -3.053960E-01
   199     4327.8827    8.50229005  6.129599E+08  8.538607E+09  9.392863E+28
        5.799049E+00  2.430866E+01  7.271262E+00  0.9893938100 -1.974441E+00
        3.452138E+18 -9.999860E+00 -1.999884E+00 -3.053960E-01 -3.053960E-01
   200     4251.3234    8.50231989  6.129388E+08  8.619964E+09  8.745060E+28
        5.777926E+00  2.430866E+01  7.271263E+00  0.9893938100 -1.974441E+00
        2.446513E+18 -9.999860E+00 -1.999884E+00 -3.053960E-01 -3.053960E-01
   201     4175.5861    8.50234811  6.129189E+08  8.699041E+09  8.137814E+28
        5.756628E+00  2.430866E+01  7.271264E+00  0.9893938100 -1.974441E+00
        1.726310E+18 -9.999860E+00 -1.999884E+00 -3.053960E-01 -3.053960E-01
   202     4101.4279    8.50237424  6.129005E+08  8.775272E+09  7.574470E+28
        5.735344E+00  2.430866E+01  7.271264E+00  0.9898718684 -1.994471E+00
        1.217422E+18 -9.999860E+00 -1.999884E+00 -3.053960E-01 -3.053960E-01
   203     4027.7466    8.50239856  6.128833E+08  8.848748E+09  7.044272E+28
        5.714072E+00  2.430866E+01  7.271264E+00  0.9898718684 -1.994471E+00
        8.578498E+17 -9.999860E+00 -1.999884E+00 -3.053960E-01 -3.053960E-01
   204     3953.0961    8.50242185  6.128669E+08  8.919883E+09  6.536026E+28
        5.692684E+00  2.430867E+01  7.271265E+00  0.9898718684 -1.994471E+00
        6.024666E+17 -9.999860E+00 -1.999884E+00 -3.053960E-01 -3.053960E-01
   205     3876.4838    8.50244266  6.128522E+08  8.989178E+09  6.043595E+28
        5.671115E+00  2.430867E+01  7.271265E+00  0.9898718684 -1.994471E+00
        4.214500E+17 -9.999860E+00 -1.999884E+00 -3.053960E-01 -3.053960E-01
   206     3801.3760    8.50246076  6.128394E+08  9.057248E+09  5.588415E+28
        5.650069E+00  2.430867E+01  7.271265E+00  0.9898718684 -1.994471E+00
        2.972559E+17 -9.999860E+00 -1.999884E+00 -3.053960E-01 -3.053960E-01
   207     3715.3356    8.50248063  6.128254E+08  9.127861E+09  5.099149E+28
        5.626741E+00  2.430867E+01  7.271265E+00  0.9898718684 -1.994471E+00
        2.012547E+17 -9.999860E+00 -1.999884E+00 -3.053960E-01 -3.053960E-01
   208     3632.2530    8.50249849  6.128128E+08  9.194312E+09  4.657920E+28
        5.603997E+00  2.430867E+01  7.271266E+00  0.9898718684 -1.994471E+00
        1.375199E+17 -9.999860E+00 -1.999884E+00 -3.053960E-01 -3.053960E-01
   209     3547.9070    8.50251428  6.128017E+08  9.260151E+09  4.239950E+28
        5.580815E+00  2.430867E+01  7.271266E+00  0.9903283790 -2.014501E+00
        9.312327E+16 -9.999860E+00 -1.999884E+00 -3.053960E-01 -3.053960E-01
   210     3462.8237    8.50252885  6.127914E+08  9.325398E+09  3.847501E+28
        5.557224E+00  2.430867E+01  7.271266E+00  0.9903283790 -2.014501E+00
        6.253430E+16 -9.999860E+00 -1.999884E+00 -3.053960E-01 -3.053960E-01
   211     3376.7562    8.50254346  6.127811E+08  9.390080E+09  3.478896E+28
        5.533160E+00  2.430867E+01  7.271266E+00  0.9903283790 -2.014501E+00
        4.159101E+16 -9.999860E+00 -1.999884E+00 -3.053960E-01 -3.053960E-01
   212     3295.9589    8.50255510  6.127729E+08  9.454150E+09  3.157608E+28
        5.510117E+00  2.430867E+01  7.271266E+00  0.9903283790 -2.014501E+00
        2.811020E+16 -9.999860E+00 -1.999884E+00 -3.053960E-01 -3.053960E-01
   213     3202.3685    8.50256795  6.127638E+08  9.522087E+09  2.813866E+28
        5.483679E+00  2.430867E+01  7.271266E+00  0.9907643130 -2.034531E+00
        1.787434E+16 -9.999860E+00 -1.999884E+00 -3.053960E-01 -3.053960E-01
   214     3114.9776    8.50258042  6.127550E+08  9.585237E+09  2.518984E+28
        5.458461E+00  2.430867E+01  7.271266E+00  0.9907643130 -2.034531E+00
        1.158635E+16 -9.999860E+00 -1.999884E+00 -3.053960E-01 -3.053960E-01
   215     3034.6001    8.50259047  6.127479E+08  9.648134E+09  2.268828E+28
        5.434685E+00  2.430867E+01  7.271266E+00  0.9907643130 -2.034531E+00
        7.691227E+15 -9.999860E+00 -1.999884E+00 -3.053960E-01 -3.053960E-01
   216     2940.3558    8.50260084  6.127406E+08  9.715759E+09  1.999792E+28
        5.406679E+00  2.430867E+01  7.271266E+00  0.9907643130 -2.034531E+00
        4.727266E+15 -9.999860E+00 -1.999884E+00 -3.053960E-01 -3.053960E-01
   217     2855.4497    8.50261184  6.127328E+08  9.777441E+09  1.778576E+28
        5.380678E+00  2.430867E+01  7.271266E+00  0.9911805978 -2.054561E+00
        3.004019E+15 -9.999860E+00 -1.999884E+00 -3.053960E-01 -3.053960E-01
   218     2779.6172    8.50262005  6.127270E+08  9.838797E+09  1.597004E+28
        5.356781E+00  2.430867E+01  7.271266E+00  0.9911805978 -2.054561E+00
        1.978787E+15 -9.999860E+00 -1.999884E+00 -3.053960E-01 -3.053960E-01
   219     2696.9013    8.50262770  6.127216E+08  9.905851E+09  1.415203E+28
        5.330316E+00  2.430867E+01  7.271266E+00  0.9915781192 -2.074591E+00
        1.245085E+15 -9.999860E+00 -1.999884E+00 -3.053960E-01 -3.053960E-01
   220     2616.5783    8.50263656  6.127154E+08  9.972905E+09  1.253962E+28
        5.303769E+00  2.430867E+01  7.271266E+00  0.9919577228 -2.094621E+00
        7.828200E+14 -9.999860E+00 -1.999884E+00 -3.053960E-01 -3.053960E-01
   221     2538.8248    8.50264425  6.127100E+08  1.003889E+10  1.111406E+28
        5.277338E+00  2.430867E+01  7.271266E+00  0.9923202164 -2.114651E+00
        4.939788E+14 -9.999860E+00 -1.999884E+00 -3.053960E-01 -3.053960E-01
   222     2471.4687    8.50264989  6.127060E+08  1.010420E+10  9.980600E+27
        5.253726E+00  2.430867E+01  7.271266E+00  0.9926663710 -2.134681E+00
        3.281691E+14 -9.999860E+00 -1.999884E+00 -3.053960E-01 -3.053960E-01
   223     2394.8423    8.50265917  6.126994E+08  1.017666E+10  8.799027E+27
        5.226074E+00  2.430867E+01  7.271267E+00  0.9936140015 -2.194771E+00
        2.037933E+14 -9.999860E+00 -1.999884E+00 -3.053960E-01 -3.053960E-01
   224     2330.5696    8.50266666  6.126942E+08  1.024500E+10  7.891650E+27
        5.202026E+00  2.430867E+01  7.271267E+00  0.9944391816 -2.254861E+00
        1.298015E+14 -9.999860E+00 -1.999884E+00 -3.053960E-01 -3.053960E-01
   225     2268.0079    8.50267228  6.126902E+08  1.031335E+10  7.077699E+27
        5.177902E+00  2.430867E+01  7.271267E+00  0.9955844110 -2.355011E+00
        8.410553E+13 -9.999860E+00 -1.999884E+00 -3.053960E-01 -3.053960E-01
   226     2203.8090    8.50268055  6.126844E+08  1.038708E+10  6.309593E+27
        5.152256E+00  2.430867E+01  7.271267E+00  0.9964937838 -2.455161E+00
        5.369327E+13 -9.999860E+00 -1.999884E+00 -3.053960E-01 -3.053960E-01
   227     2131.8287    8.50269142  6.126767E+08  1.046161E+10  5.524639E+27
        5.122420E+00  2.430867E+01  7.271267E+00  0.9974611967 -2.595371E+00
        3.191336E+13 -9.999860E+00 -1.999884E+00 -3.053960E-01 -3.053960E-01
   228     2063.3597    8.50269891  6.126714E+08  1.052600E+10  4.848272E+27
        5.092828E+00  2.430867E+01  7.271267E+00  0.9981616854 -2.735580E+00
        1.929133E+13 -9.999860E+00 -1.999884E+00 -3.053960E-01 -3.053960E-01
   229     1998.5830    8.50270672  6.126659E+08  1.058182E+10  4.267447E+27
        5.063628E+00  2.430867E+01  7.271267E+00  0.9986688983 -2.875789E+00
        1.185950E+13 -9.999860E+00 -1.999884E+00 -3.053960E-01 -3.053960E-01
   230     1936.8416    8.50271255  6.126618E+08  1.063062E+10  3.764003E+27
        5.034638E+00  2.430867E+01  7.271267E+00  0.9990361632 -3.015997E+00
        7.371886E+12 -9.999860E+00 -1.999884E+00 -3.053960E-01 -3.053960E-01
   231     1878.6376    8.50271658  6.126589E+08  1.067337E+10  3.331513E+27
        5.006186E+00  2.430867E+01  7.271267E+00  0.9993020941 -3.156203E+00
        4.678446E+12 -9.999860E+00 -1.999884E+00 -3.053960E-01 -3.053960E-01
   232     1823.0002    8.50272195  6.126552E+08  1.071131E+10  2.954004E+27
        4.977877E+00  2.430867E+01  7.271267E+00  0.9994946504 -3.296408E+00
        3.003075E+12 -9.999860E+00 -1.999884E+00 -3.053960E-01 -3.053960E-01
   233     1770.7179    8.50272653  6.126519E+08  1.074499E+10  2.629403E+27
        4.950144E+00  2.430867E+01  7.271267E+00  0.9996340775 -3.436611E+00
        1.958419E+12 -9.999860E+00 -1.999884E+00 -3.053960E-01 -3.053960E-01
   234     1720.4222    8.50273043  6.126492E+08  1.077536E+10  2.343127E+27
        4.922379E+00  2.430867E+01  7.271267E+00  0.9997350345 -3.576811E+00
        1.287617E+12 -9.999860E+00 -1.999884E+00 -3.053960E-01 -3.053960E-01
   235     1672.3300    8.50273477  6.126461E+08  1.080256E+10  2.091892E+27
        4.894730E+00  2.430867E+01  7.271267E+00  0.9998081359 -3.717006E+00
        8.536202E+11 -9.999860E+00 -1.999884E+00 -3.053960E-01 -3.053960E-01
   236     1626.4875    8.50273829  6.126436E+08  1.082691E+10  1.871763E+27
        4.867315E+00  2.430867E+01  7.271267E+00  0.9998610674 -3.857196E+00
        5.710304E+11 -9.999860E+00 -1.999884E+00 -3.053960E-01 -3.053960E-01
   237     1583.0268    8.50274125  6.126415E+08  1.084879E+10  1.679569E+27
        4.840194E+00  2.430867E+01  7.271267E+00  0.9998946468 -3.977352E+00
        3.854659E+11 -9.999860E+00 -1.999884E+00 -3.053960E-01 -3.053960E-01
   238     1541.7394    8.50275639  6.126309E+08  1.086855E+10  1.511032E+27
        4.812679E+00  2.430867E+01  7.271267E+00  0.9999237086 -4.117525E+00
        2.597303E+11 -9.999860E+00 -1.999884E+00 -3.053960E-01 -3.053960E-01
   239     1504.2320    8.50278499  6.126107E+08  1.088603E+10  1.369179E+27
        4.785963E+00  2.430867E+01  7.271267E+00  0.9999447519 -4.257682E+00
        1.776626E+11 -9.999860E+00 -1.999884E+00 -3.053960E-01 -3.053960E-01
   240     1468.3107    8.50280529  6.125964E+08  1.090191E+10  1.242947E+27
        4.759136E+00  2.430867E+01  7.271267E+00  0.9999599889 -4.397820E+00
        1.216298E+11 -9.999860E+00 -1.999884E+00 -3.053960E-01 -3.053960E-01
