============================================================================
  #Mod      Teff         Log(g)           R            Age            L
           Log(Tc)       Log(Pc)      Log(rhoc)       Mx/M         Log(qx)
             Lnu        Log(H/*)      Log(He/*)     Log(C/*)      Log(O/*)
============================================================================
     1    49779.3865    7.24809808  1.731557E+09  0.000000E+00  1.311909E+34
        7.868634E+00  2.233930E+01  5.949570E+00  0.0000000000  0.000000E+00
        2.467041E+33 -3.999873E+00 -1.999887E+00 -3.054398E-01 -3.054398E-01
     2    42419.3519    7.29593315  1.638775E+09  1.250000E+05  6.196216E+33
        7.863953E+00  2.234231E+01  5.951614E+00  0.0000000000  0.000000E+00
        2.427391E+33 -3.999873E+00 -1.999887E+00 -3.054398E-01 -3.054398E-01
     3    39766.7592    7.31515103  1.602914E+09  2.500000E+05  4.578607E+33
        7.859554E+00  2.234483E+01  5.953335E+00  0.0000000000  0.000000E+00
        2.381556E+33 -3.999873E+00 -1.999887E+00 -3.054398E-01 -3.054398E-01
     4    38254.0467    7.32701029  1.581178E+09  3.750000E+05  3.815073E+33
        7.855389E+00  2.234709E+01  5.954884E+00  0.0000000000  0.000000E+00
        2.334015E+33 -3.999873E+00 -1.999887E+00 -3.054398E-01 -3.054398E-01
     5    37206.7455    7.33570768  1.565424E+09  5.000000E+05  3.346437E+33
        7.851433E+00  2.234918E+01  5.956320E+00  0.0000000000  0.000000E+00
        2.286211E+33 -3.999873E+00 -1.999887E+00 -3.054398E-01 -3.054398E-01
     6    36406.1712    7.34265906  1.552946E+09  6.250000E+05  3.018871E+33
        7.847663E+00  2.235115E+01  5.957670E+00  0.0000000000  0.000000E+00
        2.238778E+33 -3.999873E+00 -1.999887E+00 -3.054398E-01 -3.054398E-01
     7    35498.9069    7.35093819  1.538214E+09  8.125000E+05  2.677474E+33
        7.842385E+00  2.235390E+01  5.959553E+00  0.0000000000  0.000000E+00
        2.169124E+33 -3.999873E+00 -1.999887E+00 -3.054398E-01 -3.054398E-01
     8    34514.8408    7.36038534  1.521574E+09  1.082842E+06  2.341217E+33
        7.835441E+00  2.235754E+01  5.962043E+00  0.0000000000  0.000000E+00
        2.072775E+33 -3.999873E+00 -1.999887E+00 -3.054398E-01 -3.054398E-01
     9    33570.1206    7.36987370  1.505043E+09  1.418792E+06  2.049942E+33
        7.827667E+00  2.236168E+01  5.964860E+00  0.0000000000  0.000000E+00
        1.960054E+33 -3.999873E+00 -1.999887E+00 -3.054398E-01 -3.054398E-01
    10    32662.8647    7.37933626  1.488736E+09  1.824272E+06  1.797564E+33
        7.819288E+00  2.236621E+01  5.967940E+00  0.0000000000  0.000000E+00
        1.834125E+33 -3.999873E+00 -1.999887E+00 -3.054398E-01 -3.054398E-01
    11    31794.6735    7.38867194  1.472821E+09  2.300309E+06  1.579607E+33
        7.810532E+00  2.237102E+01  5.971199E+00  0.0000000000  0.000000E+00
        1.699426E+33 -3.999873E+00 -1.999887E+00 -3.054398E-01 -3.054398E-01
    12    30965.8253    7.39783184  1.457370E+09  2.847112E+06  1.391561E+33
        7.801566E+00  2.237599E+01  5.974558E+00  0.0000000000  0.000000E+00
        1.560533E+33 -3.999873E+00 -1.999887E+00 -3.054398E-01 -3.054398E-01
    13    30161.1920    7.40680372  1.442394E+09  3.464658E+06  1.226857E+33
        7.792478E+00  2.238102E+01  5.977953E+00  0.0000000000  0.000000E+00
        1.421593E+33 -3.999873E+00 -1.999887E+00 -3.054398E-01 -3.054398E-01
    14    29392.1124    7.41542015  1.428156E+09  4.143996E+06  1.084693E+33
        7.783425E+00  2.238596E+01  5.981287E+00  0.0000000000  0.000000E+00
        1.287675E+33 -3.999873E+00 -1.999887E+00 -3.054398E-01 -3.054398E-01
    15    28654.2939    7.42367760  1.414644E+09  4.885060E+06  9.613573E+32
        7.774394E+00  2.239078E+01  5.984531E+00  0.0000000000  0.000000E+00
        1.160791E+33 -3.999873E+00 -1.999887E+00 -3.054398E-01 -3.054398E-01
    16    27955.0561    7.43153681  1.401901E+09  5.686546E+06  8.552799E+32
        7.765389E+00  2.239542E+01  5.987654E+00  0.0000000000  0.000000E+00
        1.042457E+33 -3.999873E+00 -1.999887E+00 -3.054398E-01 -3.054398E-01
    17    27276.0439    7.43910525  1.389739E+09  6.555452E+06  7.617700E+32
        7.756334E+00  2.239989E+01  5.990666E+00  0.0000000000  0.000000E+00
        9.325293E+32 -3.999873E+00 -1.999887E+00 -3.054398E-01 -3.054398E-01
    18    26622.9815    7.44630985  1.378259E+09  7.484322E+06  6.800182E+32
        7.747311E+00  2.240414E+01  5.993528E+00  0.0000000000  0.000000E+00
        8.322565E+32 -3.999873E+00 -1.999887E+00 -3.054398E-01 -3.054398E-01
    19    25995.5283    7.45316804  1.367420E+09  8.475183E+06  6.084574E+32
        7.738311E+00  2.240818E+01  5.996249E+00  0.0000000000  0.000000E+00
        7.412885E+32 -3.999873E+00 -1.999887E+00 -3.054398E-01 -3.054398E-01
    20    25390.3101    7.45971467  1.357152E+09  9.532544E+06  5.454575E+32
        7.729312E+00  2.241202E+01  5.998839E+00  0.0000000000  0.000000E+00
        6.590042E+32 -3.999873E+00 -1.999887E+00 -3.054398E-01 -3.054398E-01
    21    24813.6080    7.46594472  1.347452E+09  1.065963E+07  4.904769E+32
        7.720308E+00  2.241567E+01  6.001304E+00  0.0000000000  0.000000E+00
        5.848463E+32 -3.999873E+00 -1.999887E+00 -3.054398E-01 -3.054398E-01
    22    24253.7746    7.47193935  1.338185E+09  1.186934E+07  4.415517E+32
        7.711225E+00  2.241916E+01  6.003664E+00  0.0000000000  0.000000E+00
        5.177437E+32 -3.999873E+00 -1.999887E+00 -3.054398E-01 -3.054398E-01
    23    23714.4164    7.47766793  1.329388E+09  1.315951E+07  3.982772E+32
        7.702111E+00  2.242248E+01  6.005911E+00  0.0000000000  0.000000E+00
        4.575426E+32 -3.999873E+00 -1.999887E+00 -3.054398E-01 -3.054398E-01
    24    23197.2824    7.48313890  1.321041E+09  1.453700E+07  3.600917E+32
        7.692945E+00  2.242564E+01  6.008054E+00  0.0000000000  0.000000E+00
        4.035728E+32 -3.999873E+00 -1.999887E+00 -3.054398E-01 -3.054398E-01
    25    22699.3679    7.48838432  1.313087E+09  1.601315E+07  3.261928E+32
        7.683687E+00  2.242865E+01  6.010102E+00  0.0000000000  0.000000E+00
        3.551119E+32 -3.999873E+00 -1.999887E+00 -3.054398E-01 -3.054398E-01
    26    22217.0298    7.49342338  1.305492E+09  1.759494E+07  2.958859E+32
        7.674331E+00  2.243153E+01  6.012060E+00  0.0000000000  0.000000E+00
        3.117087E+32 -3.999873E+00 -1.999887E+00 -3.054398E-01 -3.054398E-01
    27    21751.9699    7.49824862  1.298259E+09  1.928505E+07  2.688743E+32
        7.664898E+00  2.243427E+01  6.013929E+00  0.0000000000  0.000000E+00
        2.730467E+32 -3.999873E+00 -1.999887E+00 -3.054398E-01 -3.054398E-01
    28    21303.4033    7.50287426  1.291364E+09  2.109398E+07  2.447515E+32
        7.655364E+00  2.243689E+01  6.015716E+00  0.0000000000  0.000000E+00
        2.386228E+32 -3.999873E+00 -1.999887E+00 -3.054398E-01 -3.054398E-01
    29    20870.4078    7.50731304  1.284782E+09  2.303232E+07  2.231589E+32
        7.645710E+00  2.243940E+01  6.017428E+00  0.0000000000  0.000000E+00
        2.080059E+32 -3.999873E+00 -1.999887E+00 -3.054398E-01 -3.054398E-01
    30    20452.7351    7.51157304  1.278496E+09  2.511050E+07  2.038150E+32
        7.635923E+00  2.244179E+01  6.019069E+00  0.0000000000  0.000000E+00
        1.808215E+32 -3.999873E+00 -1.999887E+00 -3.054398E-01 -3.054398E-01
    31    20050.2180    7.51566186  1.272491E+09  2.734057E+07  1.864739E+32
        7.625985E+00  2.244408E+01  6.020641E+00  0.0000000000  0.000000E+00
        1.567189E+32 -3.999873E+00 -1.999887E+00 -3.054398E-01 -3.054398E-01
    32    19661.6439    7.51959044  1.266749E+09  2.973572E+07  1.708805E+32
        7.615876E+00  2.244628E+01  6.022150E+00  0.0000000000  0.000000E+00
        1.353841E+32 -3.999873E+00 -1.999887E+00 -3.054398E-01 -3.054398E-01
    33    19286.1907    7.52336650  1.261254E+09  3.230678E+07  1.568278E+32
        7.605596E+00  2.244838E+01  6.023600E+00  0.0000000000  0.000000E+00
        1.165713E+32 -3.999873E+00 -1.999887E+00 -3.054398E-01 -3.054398E-01
    34    18922.8527    7.52699506  1.255996E+09  3.506553E+07  1.441302E+32
        7.595145E+00  2.245040E+01  6.024993E+00  0.0000000000  0.000000E+00
        1.000410E+32 -3.999873E+00 -1.999887E+00 -3.054398E-01 -3.054398E-01
    35    18571.5861    7.53047899  1.250968E+09  3.802378E+07  1.326541E+32
        7.584524E+00  2.245233E+01  6.026331E+00  0.0000000000  0.000000E+00
        8.556774E+31 -3.999873E+00 -1.999887E+00 -3.054398E-01 -3.054398E-01
    36    18231.5932    7.53382649  1.246156E+09  4.119668E+07  1.222575E+32
        7.573724E+00  2.245419E+01  6.027618E+00  0.0000000000  0.000000E+00
        7.292960E+31 -3.999873E+00 -1.999887E+00 -3.054398E-01 -3.054398E-01
    37    17902.2184    7.53704454  1.241548E+09  4.459797E+07  1.128201E+32
        7.562744E+00  2.245597E+01  6.028856E+00  0.0000000000  0.000000E+00
        6.193155E+31 -3.999873E+00 -1.999887E+00 -3.054398E-01 -3.054398E-01
    38    17583.0397    7.54013889  1.237133E+09  4.824088E+07  1.042415E+32
        7.551584E+00  2.245768E+01  6.030046E+00  0.0000000000  0.000000E+00
        5.239583E+31 -3.999873E+00 -1.999887E+00 -3.054398E-01 -3.054398E-01
    39    17273.2556    7.54311362  1.232903E+09  5.213868E+07  9.642436E+31
        7.540244E+00  2.245932E+01  6.031187E+00  0.0000000000  0.000000E+00
        4.415874E+31 -3.999873E+00 -1.999887E+00 -3.054398E-01 -3.054398E-01
    40    16972.5194    7.54597320  1.228851E+09  5.630139E+07  8.929264E+31
        7.528739E+00  2.246089E+01  6.032282E+00  0.0000000000  0.000000E+00
        3.707898E+31 -3.999873E+00 -1.999887E+00 -3.054398E-01 -3.054398E-01
    41    16680.4116    7.54872626  1.224962E+09  6.074110E+07  8.277599E+31
        7.517083E+00  2.246239E+01  6.033337E+00  0.0000000000  0.000000E+00
        3.102063E+31 -3.999873E+00 -1.999887E+00 -3.054398E-01 -3.054398E-01
    42    16396.2665    7.55138181  1.221223E+09  6.547095E+07  7.680715E+31
        7.505285E+00  2.246384E+01  6.034355E+00  0.0000000000  0.000000E+00
        2.585660E+31 -3.999873E+00 -1.999887E+00 -3.054398E-01 -3.054398E-01
    43    16119.6485    7.55394757  1.217621E+09  7.050145E+07  7.133100E+31
        7.493355E+00  2.246523E+01  6.035339E+00  0.0000000000  0.000000E+00
        2.147368E+31 -3.999873E+00 -1.999887E+00 -3.054398E-01 -3.054398E-01
    44    15850.1272    7.55643062  1.214145E+09  7.584204E+07  6.629854E+31
        7.481309E+00  2.246658E+01  6.036290E+00  0.0000000000  0.000000E+00
        1.776938E+31 -3.999873E+00 -1.999887E+00 -3.054398E-01 -3.054398E-01
    45    15587.2846    7.55883542  1.210788E+09  8.150000E+07  6.166661E+31
        7.469157E+00  2.246788E+01  6.037209E+00  0.0000000000  0.000000E+00
        1.465208E+31 -3.999873E+00 -1.999887E+00 -3.054398E-01 -3.054398E-01
    46    15330.7162    7.56116147  1.207550E+09  8.747944E+07  5.739736E+31
        7.456917E+00  2.246913E+01  6.038088E+00  0.0000000000  0.000000E+00
        1.204046E+31 -3.999873E+00 -1.999887E+00 -3.054398E-01 -3.054398E-01
    47    15080.2000    7.56340840  1.204430E+09  9.377999E+07  5.345934E+31
        7.444614E+00  2.247032E+01  6.038926E+00  0.0000000000  0.000000E+00
        9.863369E+30 -3.999873E+00 -1.999887E+00 -3.054398E-01 -3.054398E-01
    48    14835.6530    7.56557784  1.201426E+09  1.004017E+08  4.982559E+31
        7.432272E+00  2.247146E+01  6.039725E+00  0.0000000000  0.000000E+00
        8.056535E+30 -3.999873E+00 -1.999887E+00 -3.054398E-01 -3.054398E-01
    49    14596.4786    7.56767374  1.198530E+09  1.073458E+08  4.646460E+31
        7.419908E+00  2.247254E+01  6.040489E+00  0.0000000000  0.000000E+00
        6.562636E+30 -3.999873E+00 -1.999887E+00 -3.054398E-01 -3.054398E-01
    50    14362.9763    7.56969529  1.195744E+09  1.146057E+08  4.335968E+31
        7.407547E+00  2.247358E+01  6.041220E+00  0.0000000000  0.000000E+00
        5.332785E+30 -3.999873E+00 -1.999887E+00 -3.054398E-01 -3.054398E-01
    51    14134.5975    7.57164690  1.193060E+09  1.221803E+08  4.048466E+31
        7.395199E+00  2.247458E+01  6.041924E+00  0.0000000000  0.000000E+00
        4.323572E+30 -3.999873E+00 -1.999887E+00 -3.054398E-01 -3.054398E-01
    52    13911.3725    7.57353261  1.190473E+09  1.300582E+08  3.782256E+31
        7.382892E+00  2.247555E+01  6.042607E+00  0.0000000000  0.000000E+00
        3.498988E+30 -3.999873E+00 -1.999887E+00 -3.054398E-01 -3.054398E-01
    53    13693.4683    7.57535582  1.187977E+09  1.382321E+08  3.535913E+31
        7.370645E+00  2.247649E+01  6.043272E+00  0.0000000000  0.000000E+00
        2.827473E+30 -3.999873E+00 -1.999887E+00 -3.054398E-01 -3.054398E-01
    54    13480.4718    7.57712098  1.185565E+09  1.466980E+08  3.307524E+31
        7.358470E+00  2.247740E+01  6.043915E+00  0.0000000000  0.000000E+00
        2.281897E+30 -3.999873E+00 -1.999887E+00 -3.054398E-01 -3.054398E-01
    55    13272.6787    7.57882987  1.183235E+09  1.554432E+08  3.096051E+31
        7.346387E+00  2.247827E+01  6.044535E+00  0.0000000000  0.000000E+00
        1.839927E+30 -3.999873E+00 -1.999887E+00 -3.054398E-01 -3.054398E-01
    56    13069.9234    7.58048830  1.180978E+09  1.644629E+08  2.900063E+31
        7.334402E+00  2.247911E+01  6.045129E+00  0.0000000000  0.000000E+00
        1.482459E+30 -3.999873E+00 -1.999887E+00 -3.054398E-01 -3.054398E-01
    57    12872.5006    7.58209963  1.178789E+09  1.737477E+08  2.718665E+31
        7.322526E+00  2.247991E+01  6.045695E+00  0.0000000000  0.000000E+00
        1.193848E+30 -3.999873E+00 -1.999887E+00 -3.054398E-01 -3.054398E-01
    58    12680.5716    7.58366828  1.176662E+09  1.832935E+08  2.550884E+31
        7.310760E+00  2.248066E+01  6.046232E+00  0.0000000000  0.000000E+00
        9.610594E+29 -3.999873E+00 -1.999887E+00 -3.054398E-01 -3.054398E-01
    59    12494.1303    7.58519917  1.174590E+09  1.930866E+08  2.395679E+31
        7.299119E+00  2.248138E+01  6.046741E+00  0.0000000000  0.000000E+00
        7.736471E+29 -3.999873E+00 -1.999887E+00 -3.054398E-01 -3.054398E-01
    60    12313.6608    7.58669400  1.172570E+09  2.030860E+08  2.252467E+31
        7.287648E+00  2.248207E+01  6.047228E+00  0.0000000000  0.000000E+00
        6.233602E+29 -3.999873E+00 -1.999887E+00 -3.054398E-01 -3.054398E-01
    61    12140.2265    7.58814590  1.170612E+09  2.132031E+08  2.121118E+31
        7.276437E+00  2.248272E+01  6.047692E+00  0.0000000000  0.000000E+00
        5.036442E+29 -3.999873E+00 -1.999887E+00 -3.054398E-01 -3.054398E-01
    62    11976.6196    7.58953335  1.168743E+09  2.232372E+08  2.002660E+31
        7.265679E+00  2.248333E+01  6.048127E+00  0.0000000000  0.000000E+00
        4.096203E+29 -3.999873E+00 -1.999887E+00 -3.054398E-01 -3.054398E-01
    63    11842.6301    7.59068812  1.167191E+09  2.317861E+08  1.909449E+31
        7.256758E+00  2.248382E+01  6.048478E+00  0.0000000000  0.000000E+00
        3.446168E+29 -3.999873E+00 -1.999887E+00 -3.054398E-01 -3.054398E-01
    64    11732.0618    7.59166506  1.165878E+09  2.390871E+08  1.834999E+31
        7.249308E+00  2.248422E+01  6.048764E+00  0.0000000000  0.000000E+00
        2.980169E+29 -3.999873E+00 -1.999887E+00 -3.054398E-01 -3.054398E-01
    65    11635.5524    7.59253004  1.164718E+09  2.456430E+08  1.771828E+31
        7.242748E+00  2.248456E+01  6.049011E+00  0.0000000000  0.000000E+00
        2.620430E+29 -3.999873E+00 -1.999887E+00 -3.054398E-01 -3.054398E-01
    66    11547.8420    7.59332440  1.163653E+09  2.517534E+08  1.715863E+31
        7.236744E+00  2.248487E+01  6.049233E+00  0.0000000000  0.000000E+00
        2.327958E+29 -3.999873E+00 -1.999887E+00 -3.054398E-01 -3.054398E-01
    67    11465.7105    7.59407735  1.162645E+09  2.576197E+08  1.664678E+31
        7.231075E+00  2.248516E+01  6.049438E+00  0.0000000000  0.000000E+00
        2.080838E+29 -3.999873E+00 -1.999887E+00 -3.054398E-01 -3.054398E-01
    68    11388.9476    7.59478904  1.161693E+09  2.632292E+08  1.617890E+31
        7.225739E+00  2.248543E+01  6.049627E+00  0.0000000000  0.000000E+00
        1.871449E+29 -3.999873E+00 -1.999887E+00 -3.054398E-01 -3.054398E-01
    69    11316.2926    7.59546868  1.160784E+09  2.686535E+08  1.574532E+31
        7.220656E+00  2.248567E+01  6.049803E+00  0.0000000000  0.000000E+00
        1.690973E+29 -3.999873E+00 -1.999887E+00 -3.054398E-01 -3.054398E-01
    70    11246.2135    7.59612928  1.159902E+09  2.739924E+08  1.533556E+31
        7.215725E+00  2.248591E+01  6.049970E+00  0.0000000000  0.000000E+00
        1.532020E+29 -3.999873E+00 -1.999887E+00 -3.054398E-01 -3.054398E-01
    71    11177.8003    7.59677986  1.159033E+09  2.793138E+08  1.494339E+31
        7.210880E+00  2.248613E+01  6.050130E+00  0.0000000000  0.000000E+00
        1.389950E+29 -3.999873E+00 -1.999887E+00 -3.054398E-01 -3.054398E-01
    72    11110.7367    7.59742310  1.158175E+09  2.846368E+08  1.456639E+31
        7.206102E+00  2.248635E+01  6.050284E+00  0.0000000000  0.000000E+00
        1.262351E+29 -3.999873E+00 -1.999887E+00 -3.054398E-01 -3.054398E-01
    73    11044.6388    7.59805989  1.157326E+09  2.899879E+08  1.420201E+31
        7.201365E+00  2.248656E+01  6.050434E+00  0.0000000000  0.000000E+00
        1.147092E+29 -3.999873E+00 -1.999887E+00 -3.054398E-01 -3.054398E-01
    74    10978.3754    7.59869937  1.156475E+09  2.954593E+08  1.384384E+31
        7.196590E+00  2.248677E+01  6.050582E+00  0.0000000000  0.000000E+00
        1.041246E+29 -3.999873E+00 -1.999887E+00 -3.054398E-01 -3.054398E-01
    75    10911.3695    7.59934883  1.155610E+09  3.011058E+08  1.348875E+31
        7.191734E+00  2.248698E+01  6.050731E+00  0.0000000000  0.000000E+00
        9.433146E+28 -3.999873E+00 -1.999887E+00 -3.054398E-01 -3.054398E-01
    76    10844.2613    7.60000472  1.154738E+09  3.068784E+08  1.314010E+31
        7.186841E+00  2.248719E+01  6.050878E+00  0.0000000000  0.000000E+00
        8.537087E+28 -3.999873E+00 -1.999887E+00 -3.054398E-01 -3.054398E-01
    77    10777.9334    7.60065864  1.153869E+09  3.127033E+08  1.280227E+31
        7.181974E+00  2.248739E+01  6.051022E+00  0.0000000000  0.000000E+00
        7.728169E+28 -3.999873E+00 -1.999887E+00 -3.054398E-01 -3.054398E-01
    78    10712.2430    7.60130879  1.153006E+09  3.185900E+08  1.247431E+31
        7.177127E+00  2.248759E+01  6.051165E+00  0.0000000000  0.000000E+00
        6.996698E+28 -3.999873E+00 -1.999887E+00 -3.054398E-01 -3.054398E-01
    79    10646.1111    7.60196226  1.152138E+09  3.246374E+08  1.215081E+31
        7.172220E+00  2.248779E+01  6.051308E+00  0.0000000000  0.000000E+00
        6.324983E+28 -3.999873E+00 -1.999887E+00 -3.054398E-01 -3.054398E-01
    80    10578.4508    7.60262812  1.151256E+09  3.309535E+08  1.182671E+31
        7.167172E+00  2.248800E+01  6.051454E+00  0.0000000000  0.000000E+00
        5.699588E+28 -3.999873E+00 -1.999887E+00 -3.054398E-01 -3.054398E-01
    81    10508.8425    7.60331093  1.150351E+09  3.375920E+08  1.150038E+31
        7.161948E+00  2.248821E+01  6.051604E+00  0.0000000000  0.000000E+00
        5.116041E+28 -3.999873E+00 -1.999887E+00 -3.054398E-01 -3.054398E-01
    82    10437.5577    7.60401324  1.149421E+09  3.445452E+08  1.117341E+31
        7.156564E+00  2.248843E+01  6.051759E+00  0.0000000000  0.000000E+00
        4.575733E+28 -3.999873E+00 -1.999887E+00 -3.054398E-01 -3.054398E-01
    83    10366.0829    7.60471630  1.148491E+09  3.516751E+08  1.085291E+31
        7.151132E+00  2.248865E+01  6.051914E+00  0.0000000000  0.000000E+00
        4.087268E+28 -3.999873E+00 -1.999887E+00 -3.054398E-01 -3.054398E-01
    84    10293.5651    7.60543083  1.147547E+09  3.590775E+08  1.053504E+31
        7.145584E+00  2.248888E+01  6.052073E+00  0.0000000000  0.000000E+00
        3.641229E+28 -3.999873E+00 -1.999887E+00 -3.054398E-01 -3.054398E-01
    85    10220.7434    7.60615005  1.146597E+09  3.666868E+08  1.022312E+31
        7.139975E+00  2.248910E+01  6.052234E+00  0.0000000000  0.000000E+00
        3.238932E+28 -3.999873E+00 -1.999887E+00 -3.054398E-01 -3.054398E-01
    86    10147.7948    7.60687189  1.145644E+09  3.744917E+08  9.917870E+30
        7.134318E+00  2.248933E+01  6.052396E+00  0.0000000000  0.000000E+00
        2.877495E+28 -3.999873E+00 -1.999887E+00 -3.054398E-01 -3.054398E-01
    87    10074.6788    7.60759619  1.144690E+09  3.825025E+08  9.619052E+30
        7.128611E+00  2.248956E+01  6.052561E+00  0.0000000000  0.000000E+00
        2.553055E+28 -3.999873E+00 -1.999887E+00 -3.054398E-01 -3.054398E-01
    88    10001.3402    7.60832220  1.143733E+09  3.907320E+08  9.326404E+30
        7.122847E+00  2.248979E+01  6.052726E+00  0.0000000000  0.000000E+00
        2.262045E+28 -3.999873E+00 -1.999887E+00 -3.054398E-01 -3.054398E-01
    89     9927.5588    7.60905075  1.142774E+09  3.992131E+08  9.039048E+30
        7.117011E+00  2.249003E+01  6.052893E+00  0.0000000000  0.000000E+00
        2.000695E+28 -3.999873E+00 -1.999887E+00 -3.054398E-01 -3.054398E-01
    90     9853.1027    7.60978199  1.141813E+09  4.079826E+08  8.756159E+30
        7.111081E+00  2.249026E+01  6.053062E+00  0.0000000000  0.000000E+00
        1.765752E+28 -3.999873E+00 -1.999887E+00 -3.054398E-01 -3.054398E-01
    91     9777.6248    7.61051913  1.140844E+09  4.170955E+08  8.476527E+30
        7.105030E+00  2.249050E+01  6.053232E+00  0.0000000000  0.000000E+00
        1.554118E+28 -3.999873E+00 -1.999887E+00 -3.054398E-01 -3.054398E-01
    92     9701.2069    7.61125920  1.139872E+09  4.265569E+08  8.200635E+30
        7.098862E+00  2.249073E+01  6.053403E+00  0.0000000000  0.000000E+00
        1.364251E+28 -3.999873E+00 -1.999887E+00 -3.054398E-01 -3.054398E-01
    93     9623.4975    7.61200591  1.138893E+09  4.364297E+08  7.927376E+30
        7.092546E+00  2.249097E+01  6.053575E+00  0.0000000000  0.000000E+00
        1.193663E+28 -3.999873E+00 -1.999887E+00 -3.054398E-01 -3.054398E-01
    94     9544.6942    7.61275575  1.137910E+09  4.467072E+08  7.657657E+30
        7.086096E+00  2.249121E+01  6.053746E+00  0.0000000000  0.000000E+00
        1.041320E+28 -3.999873E+00 -1.999887E+00 -3.054398E-01 -3.054398E-01
    95     9464.5750    7.61351116  1.136921E+09  4.574410E+08  7.390893E+30
        7.079490E+00  2.249145E+01  6.053918E+00  0.0000000000  0.000000E+00
        9.053466E+27 -3.999873E+00 -1.999887E+00 -3.054398E-01 -3.054398E-01
    96     9383.3520    7.61427015  1.135928E+09  4.686252E+08  7.127964E+30
        7.072743E+00  2.249169E+01  6.054087E+00  0.0000000000  0.000000E+00
        7.847313E+27 -3.999873E+00 -1.999887E+00 -3.054398E-01 -3.054398E-01
    97     9301.1598    7.61503144  1.134933E+09  4.802638E+08  6.869428E+30
        7.065864E+00  2.249192E+01  6.054254E+00  0.0000000000  0.000000E+00
        6.782582E+27 -3.999873E+00 -1.999887E+00 -3.054398E-01 -3.054398E-01
    98     9218.1522    7.61579401  1.133937E+09  4.923575E+08  6.615841E+30
        7.058862E+00  2.249215E+01  6.054416E+00  0.0000000000  0.000000E+00
        5.847221E+27 -3.999873E+00 -1.999887E+00 -3.054398E-01 -3.054398E-01
    99     9134.5116    7.61655665  1.132941E+09  5.049018E+08  6.367783E+30
        7.051751E+00  2.249237E+01  6.054574E+00  0.0000000000  0.000000E+00
        5.029486E+27 -3.999873E+00 -1.999887E+00 -3.054398E-01 -3.054398E-01
   100     9050.4102    7.61731856  1.131948E+09  5.178921E+08  6.125733E+30
        7.044545E+00  2.249258E+01  6.054728E+00  0.0000000000  0.000000E+00
        4.317728E+27 -3.999873E+00 -1.999887E+00 -3.054398E-01 -3.054398E-01
   101     8966.0312    7.61807887  1.130958E+09  5.313203E+08  5.890141E+30
        7.037258E+00  2.249280E+01  6.054877E+00  0.0000000000  0.000000E+00
        3.700792E+27 -3.999873E+00 -1.999887E+00 -3.054398E-01 -3.054398E-01
   102     8881.5454    7.61883676  1.129971E+09  5.451776E+08  5.661363E+30
        7.029904E+00  2.249300E+01  6.055023E+00  0.0000000000  0.000000E+00
        3.168020E+27 -3.999873E+00 -1.999887E+00 -3.054398E-01 -3.054398E-01
   103     8797.1035    7.61959151  1.128990E+09  5.594562E+08  5.439649E+30
        7.022496E+00  2.249321E+01  6.055167E+00  0.0000000000  0.000000E+00
        2.709385E+27 -3.999873E+00 -1.999887E+00 -3.054398E-01 -3.054398E-01
   104     8712.8331    7.62034258  1.128014E+09  5.741495E+08  5.225148E+30
        7.015045E+00  2.249341E+01  6.055308E+00  0.0000000000  0.000000E+00
        2.315610E+27 -3.999873E+00 -1.999887E+00 -3.054398E-01 -3.054398E-01
   105     8628.8486    7.62108947  1.127045E+09  5.892506E+08  5.017941E+30
        7.007561E+00  2.249361E+01  6.055448E+00  0.0000000000  0.000000E+00
        1.978284E+27 -3.999873E+00 -1.999887E+00 -3.054398E-01 -3.054398E-01
   106     8545.2621    7.62183075  1.126083E+09  6.047511E+08  4.818084E+30
        7.000055E+00  2.249381E+01  6.055588E+00  0.0000000000  0.000000E+00
        1.689887E+27 -3.999873E+00 -1.999887E+00 -3.054398E-01 -3.054398E-01
   107     8462.0409    7.62256883  1.125127E+09  6.206720E+08  4.625250E+30
        6.992523E+00  2.249400E+01  6.055729E+00  0.0000000000  0.000000E+00
        1.443322E+27 -3.999873E+00 -1.999887E+00 -3.054398E-01 -3.054398E-01
   108     8379.4977    7.62330166  1.124178E+09  6.369654E+08  4.439907E+30
        6.984995E+00  2.249421E+01  6.055871E+00  0.0000000000  0.000000E+00
        1.233352E+27 -3.999873E+00 -1.999887E+00 -3.054398E-01 -3.054398E-01
   109     8297.5599    7.62402939  1.123236E+09  6.536529E+08  4.261631E+30
        6.977465E+00  2.249441E+01  6.056016E+00  0.0000000000  0.000000E+00
        1.054396E+27 -3.999873E+00 -1.999887E+00 -3.054398E-01 -3.054398E-01
   110     8216.2239    7.62475143  1.122303E+09  6.707418E+08  4.090169E+30
        6.969933E+00  2.249461E+01  6.056159E+00  0.0000000000  0.000000E+00
        9.018766E+26 -3.999873E+00 -1.999887E+00 -3.054398E-01 -3.054398E-01
   111     8135.5869    7.62546664  1.121379E+09  6.882192E+08  3.925478E+30
        6.962412E+00  2.249481E+01  6.056299E+00  0.0000000000  0.000000E+00
        7.720251E+26 -3.999873E+00 -1.999887E+00 -3.054398E-01 -3.054398E-01
   112     8055.6680    7.62617386  1.120467E+09  7.060896E+08  3.767350E+30
        6.954902E+00  2.249500E+01  6.056438E+00  0.0000000000  0.000000E+00
        6.614515E+26 -3.999873E+00 -1.999887E+00 -3.054398E-01 -3.054398E-01
   113     7976.3369    7.62687535  1.119562E+09  7.243917E+08  3.615282E+30
        6.947394E+00  2.249519E+01  6.056574E+00  0.0000000000  0.000000E+00
        5.671064E+26 -3.999873E+00 -1.999887E+00 -3.054398E-01 -3.054398E-01
   114     7897.8522    7.62756807  1.118669E+09  7.430708E+08  3.469537E+30
        6.939913E+00  2.249538E+01  6.056706E+00  0.0000000000  0.000000E+00
        4.868379E+26 -3.999873E+00 -1.999887E+00 -3.054398E-01 -3.054398E-01
   115     7820.1401    7.62825208  1.117789E+09  7.621486E+08  3.329735E+30
        6.932454E+00  2.249556E+01  6.056836E+00  0.0000000000  0.000000E+00
        4.184351E+26 -3.999873E+00 -1.999887E+00 -3.054398E-01 -3.054398E-01
   116     7743.1051    7.62892757  1.116920E+09  7.816548E+08  3.195484E+30
        6.925009E+00  2.249574E+01  6.056962E+00  0.0000000000  0.000000E+00
        3.600359E+26 -3.999873E+00 -1.999887E+00 -3.054398E-01 -3.054398E-01
   117     7666.7131    7.62959610  1.116061E+09  8.016080E+08  3.066510E+30
        6.917574E+00  2.249591E+01  6.057086E+00  0.0000000000  0.000000E+00
        3.101203E+26 -3.999873E+00 -1.999887E+00 -3.054398E-01 -3.054398E-01
   118     7591.2260    7.63025429  1.115215E+09  8.219427E+08  2.943046E+30
        6.910178E+00  2.249608E+01  6.057205E+00  0.0000000000  0.000000E+00
        2.675627E+26 -3.999873E+00 -1.999887E+00 -3.054398E-01 -3.054398E-01
   119     7516.4833    7.63090336  1.114382E+09  8.427103E+08  2.824614E+30
        6.902805E+00  2.249624E+01  6.057321E+00  0.0000000000  0.000000E+00
        2.311696E+26 -3.999873E+00 -1.999887E+00 -3.054398E-01 -3.054398E-01
   120     7442.4046    7.63154559  1.113558E+09  8.639441E+08  2.710885E+30
        6.895447E+00  2.249640E+01  6.057435E+00  0.0000000000  0.000000E+00
        1.999799E+26 -3.999873E+00 -1.999887E+00 -3.054398E-01 -3.054398E-01
   121     7369.2091    7.63217960  1.112746E+09  8.855886E+08  2.602001E+30
        6.888128E+00  2.249655E+01  6.057545E+00  0.0000000000  0.000000E+00
        1.732989E+26 -3.999873E+00 -1.999887E+00 -3.054398E-01 -3.054398E-01
   122     7296.9978    7.63280443  1.111946E+09  9.076181E+08  2.497906E+30
        6.880857E+00  2.249670E+01  6.057653E+00  0.0000000000  0.000000E+00
        1.504729E+26 -3.999873E+00 -1.999887E+00 -3.054398E-01 -3.054398E-01
   123     7225.7016    7.63342072  1.111157E+09  9.300573E+08  2.398297E+30
        6.873631E+00  2.249685E+01  6.057757E+00  0.0000000000  0.000000E+00
        1.308963E+26 -3.999873E+00 -1.999887E+00 -3.054398E-01 -3.054398E-01
   124     7155.3115    7.63403015  1.110378E+09  9.529157E+08  2.302966E+30
        6.866448E+00  2.249699E+01  6.057860E+00  0.0000000000  0.000000E+00
        1.140772E+26 -3.999873E+00 -1.999887E+00 -3.054398E-01 -3.054398E-01
   125     7086.0508    7.63463100  1.109610E+09  9.761213E+08  2.212023E+30
        6.859332E+00  2.249713E+01  6.057959E+00  0.0000000000  0.000000E+00
        9.964161E+25 -3.999873E+00 -1.999887E+00 -3.054398E-01 -3.054398E-01
   126     7017.9454    7.63522493  1.108851E+09  9.996643E+08  2.125292E+30
        6.852285E+00  2.249727E+01  6.058057E+00  0.0000000000  0.000000E+00
        8.724206E+25 -3.999873E+00 -1.999887E+00 -3.054398E-01 -3.054398E-01
   127     6951.2567    7.63580953  1.108105E+09  1.023444E+09  2.042901E+30
        6.845337E+00  2.249740E+01  6.058151E+00  0.0000000000  0.000000E+00
        7.660461E+25 -3.999873E+00 -1.999887E+00 -3.054398E-01 -3.054398E-01
   128     6885.9154    7.63638603  1.107370E+09  1.047472E+09  1.964555E+30
        6.838482E+00  2.249753E+01  6.058244E+00  0.0000000000  0.000000E+00
        6.744788E+25 -3.999873E+00 -1.999887E+00 -3.054398E-01 -3.054398E-01
   129     6821.9968    7.63695532  1.106645E+09  1.071709E+09  1.890142E+30
        6.831730E+00  2.249766E+01  6.058334E+00  0.0000000000  0.000000E+00
        5.955604E+25 -3.999873E+00 -1.999887E+00 -3.054398E-01 -3.054398E-01
   130     6759.6825    7.63751587  1.105931E+09  1.096063E+09  1.819671E+30
        6.825100E+00  2.249778E+01  6.058421E+00  0.0000000000  0.000000E+00
        5.275690E+25 -3.999873E+00 -1.999887E+00 -3.054398E-01 -3.054398E-01
   131     6698.9820    7.63806914  1.105226E+09  1.120507E+09  1.752951E+30
        6.818597E+00  2.249790E+01  6.058506E+00  0.0000000000  0.000000E+00
        4.689028E+25 -3.999873E+00 -1.999887E+00 -3.054398E-01 -3.054398E-01
   132     6640.0537    7.63861458  1.104533E+09  1.144947E+09  1.689956E+30
        6.812239E+00  2.249802E+01  6.058590E+00  0.0000000000  0.000000E+00
        4.181869E+25 -3.999873E+00 -1.999887E+00 -3.054398E-01 -3.054398E-01
   133     6582.9212    7.63915345  1.103848E+09  1.169341E+09  1.630515E+30
        6.806034E+00  2.249813E+01  6.058673E+00  0.0000000000  0.000000E+00
        3.742852E+25 -3.999873E+00 -1.999887E+00 -3.054398E-01 -3.054398E-01
   134     6527.7243    7.63968645  1.103170E+09  1.193589E+09  1.574579E+30
        6.799998E+00  2.249824E+01  6.058753E+00  0.0000000000  0.000000E+00
        3.362700E+25 -3.999873E+00 -1.999887E+00 -3.054398E-01 -3.054398E-01
   135     6474.6036    7.64021307  1.102502E+09  1.217583E+09  1.522100E+30
        6.794150E+00  2.249835E+01  6.058831E+00  0.0000000000  0.000000E+00
        3.033475E+25 -3.999873E+00 -1.999887E+00 -3.054398E-01 -3.054398E-01
   136     6422.9151    7.64074294  1.101829E+09  1.241583E+09  1.472276E+30
        6.788422E+00  2.249846E+01  6.058907E+00  0.0000000000  0.000000E+00
        2.744533E+25 -3.999873E+00 -1.999887E+00 -3.054398E-01 -3.054398E-01
   137     6348.3471    7.64154744  1.100809E+09  1.277583E+09  1.402487E+30
        6.780086E+00  2.249861E+01  6.059017E+00  0.0000000000  0.000000E+00
        2.374707E+25 -3.999873E+00 -1.999887E+00 -3.054398E-01 -3.054398E-01
   138     6242.7323    7.64280170  1.099221E+09  1.331583E+09  1.307678E+30
        6.768119E+00  2.249882E+01  6.059170E+00  0.0000000000  0.000000E+00
        1.934214E+25 -3.999873E+00 -1.999887E+00 -3.054398E-01 -3.054398E-01
   139     6126.0248    7.64435989  1.097251E+09  1.395386E+09  1.208255E+30
        6.754665E+00  2.249904E+01  6.059334E+00  0.0000000000  0.000000E+00
        1.541069E+25 -3.999873E+00 -1.999887E+00 -3.054398E-01 -3.054398E-01
   140     6022.6267    7.64584181  1.095380E+09  1.455458E+09  1.124878E+30
        6.742556E+00  2.249923E+01  6.059471E+00  0.0000000000  0.000000E+00
        1.259715E+25 -3.999873E+00 -1.999887E+00 -3.054398E-01 -3.054398E-01
   141     5925.8868    7.64736965  1.093455E+09  1.515149E+09  1.050624E+30
        6.731033E+00  2.249941E+01  6.059595E+00  0.0000000000  0.000000E+00
        1.042642E+25 -3.999873E+00 -1.999887E+00 -3.054398E-01 -3.054398E-01
   142     5835.8297    7.64896394  1.091450E+09  1.574182E+09  9.845780E+29
        6.720102E+00  2.249957E+01  6.059709E+00  0.0000000000  0.000000E+00
        8.730496E+24 -3.999873E+00 -1.999887E+00 -3.054398E-01 -3.054398E-01
   143     5752.1991    7.65053381  1.089479E+09  1.632256E+09  9.259881E+29
        6.709765E+00  2.249971E+01  6.059816E+00  0.0000000000  0.000000E+00
        7.394325E+24 -3.999873E+00 -1.999887E+00 -3.054398E-01 -3.054398E-01
   144     5671.4503    7.65206206  1.087564E+09  1.691670E+09  8.720032E+29
        6.699592E+00  2.249986E+01  6.059918E+00  0.0000000000  0.000000E+00
        6.288943E+24 -3.999873E+00 -1.999887E+00 -3.054398E-01 -3.054398E-01
   145     5591.4433    7.65362985  1.085603E+09  1.754722E+09  8.208607E+29
        6.689211E+00  2.250000E+01  6.060021E+00  0.0000000000  0.000000E+00
        5.339722E+24 -3.999873E+00 -1.999887E+00 -3.054398E-01 -3.054398E-01
   146     5514.6673    7.65528938  1.083530E+09  1.821134E+09  7.737337E+29
        6.678690E+00  2.250014E+01  6.060122E+00  0.0000000000  0.000000E+00
        4.527775E+24 -3.999873E+00 -1.999887E+00 -3.054398E-01 -3.054398E-01
   147     5444.0284    7.65692195  1.081496E+09  1.889677E+09  7.320878E+29
        6.668215E+00  2.250028E+01  6.060221E+00  0.0000000000  0.000000E+00
        3.844749E+24 -3.999873E+00 -1.999887E+00 -3.054398E-01 -3.054398E-01
   148     5377.4202    7.65850101  1.079531E+09  1.963307E+09  6.943820E+29
        6.657332E+00  2.250041E+01  6.060318E+00  0.0000000000  0.000000E+00
        3.245586E+24 -3.999873E+00 -1.999887E+00 -3.054398E-01 -3.054398E-01
   149     5314.2935    7.66006866  1.077585E+09  2.045059E+09  6.599592E+29
        6.645610E+00  2.250055E+01  6.060413E+00  0.0000000000  0.000000E+00
        2.705187E+24 -3.999873E+00 -1.999887E+00 -3.054398E-01 -3.054398E-01
   150     5256.4359    7.66162319  1.075658E+09  2.135793E+09  6.294278E+29
        6.632929E+00  2.250068E+01  6.060506E+00  0.0000000000  0.000000E+00
        2.222140E+24 -3.999873E+00 -1.999887E+00 -3.054398E-01 -3.054398E-01
   151     5203.5995    7.66314315  1.073777E+09  2.236410E+09  6.023874E+29
        6.619139E+00  2.250081E+01  6.060601E+00  0.0000000000  0.000000E+00
        1.795338E+24 -3.999873E+00 -1.999887E+00 -3.054398E-01 -3.054398E-01
   152     5153.5347    7.66460993  1.071966E+09  2.347746E+09  5.775831E+29
        6.604085E+00  2.250096E+01  6.060703E+00  0.0000000000  0.000000E+00
        1.424602E+24 -3.999873E+00 -1.999887E+00 -3.054398E-01 -3.054398E-01
   153     5104.6501    7.66600672  1.070243E+09  2.469359E+09  5.541927E+29
        6.587781E+00  2.250112E+01  6.060819E+00  0.0000000000  0.000000E+00
        1.111459E+24 -3.999873E+00 -1.999887E+00 -3.054398E-01 -3.054398E-01
   154     5056.7328    7.66733734  1.068605E+09  2.600041E+09  5.320424E+29
        6.570341E+00  2.250132E+01  6.060956E+00  0.0000000000  0.000000E+00
        8.546335E+23 -3.999873E+00 -1.999887E+00 -3.054398E-01 -3.054398E-01
   155     5010.2642    7.66860605  1.067045E+09  2.737961E+09  5.112579E+29
        6.551954E+00  2.250152E+01  6.061102E+00  0.0000000000  0.000000E+00
        6.496711E+23 -3.999873E+00 -1.999887E+00 -3.054398E-01 -3.054398E-01
   156     4965.2141    7.66981056  1.065566E+09  2.881007E+09  4.917507E+29
        6.532845E+00  2.250173E+01  6.061250E+00  0.0000000000  0.000000E+00
        4.899176E+23 -3.999873E+00 -1.999887E+00 -3.054398E-01 -3.054398E-01
   157     4921.1186    7.67093973  1.064182E+09  3.026990E+09  4.732811E+29
        6.513256E+00  2.250193E+01  6.061391E+00  0.0000000000  0.000000E+00
        3.677791E+23 -3.999873E+00 -1.999887E+00 -3.054398E-01 -3.054398E-01
   158     4877.1010    7.67198735  1.062899E+09  3.174223E+09  4.554736E+29
        6.493384E+00  2.250211E+01  6.061519E+00  0.0000000000  0.000000E+00
        2.755917E+23 -3.999873E+00 -1.999887E+00 -3.054398E-01 -3.054398E-01
   159     4832.6334    7.67295143  1.061720E+09  3.321283E+09  4.381144E+29
        6.473421E+00  2.250228E+01  6.061642E+00  0.0000000000  0.000000E+00
        2.066626E+23 -3.999873E+00 -1.999887E+00 -3.054398E-01 -3.054398E-01
   160     4786.9218    7.67383244  1.060644E+09  3.467458E+09  4.209170E+29
        6.453481E+00  2.250244E+01  6.061760E+00  0.0000000000  0.000000E+00
        1.553001E+23 -3.999873E+00 -1.999887E+00 -3.054398E-01 -3.054398E-01
   161     4724.0077    7.67486674  1.059382E+09  3.657458E+09  3.982715E+29
        6.427456E+00  2.250264E+01  6.061906E+00  0.0000000000  0.000000E+00
        1.072082E+23 -3.999873E+00 -1.999887E+00 -3.054398E-01 -3.054398E-01
   162     4663.7649    7.67570302  1.058362E+09  3.847458E+09  3.776132E+29
        6.412602E+00  2.250284E+01  6.062101E+00  0.0166302629 -7.283161E-03
        7.709496E+22 -3.999873E+00 -1.999887E+00 -3.054398E-01 -3.054398E-01
   163     4608.7674    7.67636795  1.057552E+09  4.037458E+09  3.595628E+29
        6.392822E+00  2.250301E+01  6.062218E+00  0.0755602929 -3.412141E-02
        5.704075E+22 -3.999873E+00 -1.999887E+00 -3.054398E-01 -3.054398E-01
   164     4560.2198    7.67691365  1.056888E+09  4.227458E+09  3.442176E+29
        6.373903E+00  2.250319E+01  6.062340E+00  0.1393828475 -6.519000E-02
        4.359261E+22 -3.999873E+00 -1.999887E+00 -3.054398E-01 -3.054398E-01
   165     4514.0431    7.67740197  1.056294E+09  4.417458E+09  3.301144E+29
        6.355636E+00  2.250335E+01  6.062445E+00  0.2087610068 -1.016923E-01
        3.325205E+22 -3.999873E+00 -1.999887E+00 -3.054398E-01 -3.054398E-01
   166     4468.2414    7.67786104  1.055736E+09  4.607458E+09  3.165841E+29
        6.337546E+00  2.250349E+01  6.062544E+00  0.2826415564 -1.442638E-01
        2.533403E+22 -3.999873E+00 -1.999887E+00 -3.054398E-01 -3.054398E-01
   167     4423.0184    7.67829367  1.055210E+09  4.797458E+09  3.036581E+29
        6.320006E+00  2.250363E+01  6.062641E+00  0.3496867570 -1.868774E-01
        1.934508E+22 -3.999873E+00 -1.999887E+00 -3.054398E-01 -3.054398E-01
   168     4377.2655    7.67870638  1.054709E+09  4.987458E+09  2.910106E+29
        6.302467E+00  2.250377E+01  6.062732E+00  0.4154152814 -2.331525E-01
        1.477367E+22 -3.999873E+00 -1.999887E+00 -3.054398E-01 -3.054398E-01
   169     4329.8543    7.67910257  1.054228E+09  5.177458E+09  2.783519E+29
        6.284602E+00  2.250389E+01  6.062818E+00  0.4778858512 -2.822345E-01
        1.118884E+22 -3.999873E+00 -1.999887E+00 -3.054398E-01 -3.054398E-01
   170     4279.9851    7.67948815  1.053760E+09  5.367458E+09  2.655122E+29
        6.266190E+00  2.250401E+01  6.062902E+00  0.5410172897 -3.382037E-01
        8.386544E+21 -3.999873E+00 -1.999887E+00 -3.054398E-01 -3.054398E-01
   171     4228.4448    7.67985243  1.053318E+09  5.557458E+09  2.527399E+29
        6.247812E+00  2.250413E+01  6.062984E+00  0.5985830845 -3.964043E-01
        6.322096E+21 -3.999873E+00 -1.999887E+00 -3.054398E-01 -3.054398E-01
   172     4175.6761    7.68020534  1.052890E+09  5.747458E+09  2.401626E+29
        6.229410E+00  2.250427E+01  6.063078E+00  0.6499699192 -4.558946E-01
        4.761305E+21 -3.999873E+00 -1.999887E+00 -3.054398E-01 -3.054398E-01
   173     4090.4272    7.68072479  1.052261E+09  5.937458E+09  2.208785E+29
        6.200710E+00  2.250448E+01  6.063220E+00  0.7192226965 -5.516380E-01
        3.004864E+21 -3.999873E+00 -1.999887E+00 -3.054398E-01 -3.054398E-01
   174     4030.8819    7.68104290  1.051876E+09  6.126929E+09  2.081426E+29
        6.180878E+00  2.250458E+01  6.063292E+00  0.7614029480 -6.223349E-01
        2.141163E+21 -3.999873E+00 -1.999887E+00 -3.054398E-01 -3.054398E-01
   175     3972.1787    7.68132419  1.051535E+09  6.307343E+09  1.961528E+29
        6.161500E+00  2.250463E+01  6.063328E+00  0.8012341207 -7.016582E-01
        1.525959E+21 -3.999873E+00 -1.999887E+00 -3.054398E-01 -3.054398E-01
   176     3915.6136    7.68157394  1.051233E+09  6.482108E+09  1.851096E+29
        6.142616E+00  2.250465E+01  6.063340E+00  0.8303099477 -7.703436E-01
        1.095288E+21 -3.999873E+00 -1.999887E+00 -3.054398E-01 -3.054398E-01
   177     3856.5299    7.68182414  1.050930E+09  6.657103E+09  1.740870E+29
        6.123182E+00  2.250467E+01  6.063349E+00  0.8612115751 -8.576468E-01
        7.740805E+20 -3.999873E+00 -1.999887E+00 -3.054398E-01 -3.054398E-01
   178     3800.0422    7.68205757  1.050647E+09  6.825492E+09  1.640211E+29
        6.104321E+00  2.250471E+01  6.063374E+00  0.8825819239 -9.302650E-01
        5.557389E+20 -3.999873E+00 -1.999887E+00 -3.054398E-01 -3.054398E-01
   179     3740.4612    7.68230186  1.050352E+09  6.995553E+09  1.538872E+29
        6.084817E+00  2.250478E+01  6.063425E+00  0.9053665913 -1.023956E+00
        3.910548E+20 -3.999873E+00 -1.999887E+00 -3.054398E-01 -3.054398E-01
   180     3683.0151    7.68252407  1.050083E+09  7.159957E+09  1.445751E+29
        6.065802E+00  2.250486E+01  6.063485E+00  0.9229075150 -1.112988E+00
        2.801400E+20 -3.999873E+00 -1.999887E+00 -3.054398E-01 -3.054398E-01
   181     3623.7969    7.68273665  1.049826E+09  7.326735E+09  1.354323E+29
        6.046388E+00  2.250494E+01  6.063545E+00  0.9360236271 -1.193980E+00
        1.984989E+20 -3.999873E+00 -1.999887E+00 -3.054398E-01 -3.054398E-01
   182     3561.4508    7.68294126  1.049579E+09  7.494078E+09  1.262903E+29
        6.026622E+00  2.250500E+01  6.063596E+00  0.9498492048 -1.299722E+00
        1.406390E+20 -3.999873E+00 -1.999887E+00 -3.054398E-01 -3.054398E-01
   183     3500.1812    7.68312702  1.049355E+09  7.658528E+09  1.177711E+29
        6.007080E+00  2.250507E+01  6.063641E+00  0.9596877474 -1.394563E+00
        1.002318E+20 -3.999873E+00 -1.999887E+00 -3.054398E-01 -3.054398E-01
   184     3436.9936    7.68331108  1.049132E+09  7.825985E+09  1.094479E+29
        5.987169E+00  2.250515E+01  6.063704E+00  0.9693626379 -1.513749E+00
        7.106173E+19 -3.999873E+00 -1.999887E+00 -3.054398E-01 -3.054398E-01
   185     3373.6489    7.68348267  1.048925E+09  7.995975E+09  1.015595E+29
        5.967080E+00  2.250524E+01  6.063769E+00  0.9756723091 -1.613899E+00
        5.073003E+19 -3.999873E+00 -1.999887E+00 -3.054398E-01 -3.054398E-01
   186     3306.8260    7.68364247  1.048732E+09  8.171613E+09  9.371444E+28
        5.946406E+00  2.250531E+01  6.063819E+00  0.9815532295 -1.734080E+00
        3.575037E+19 -3.999873E+00 -1.999887E+00 -3.054398E-01 -3.054398E-01
   187     3239.7214    7.68377706  1.048570E+09  8.349011E+09  8.630922E+28
        5.925641E+00  2.250534E+01  6.063839E+00  0.9860125082 -1.854260E+00
        2.540581E+19 -3.999873E+00 -1.999887E+00 -3.054398E-01 -3.054398E-01
   188     3168.6610    7.68389538  1.048427E+09  8.530502E+09  7.896076E+28
        5.904440E+00  2.250534E+01  6.063839E+00  0.9872450227 -1.894320E+00
        1.788908E+19 -3.999873E+00 -1.999887E+00 -3.054398E-01 -3.054398E-01
   189     3100.3651    7.68399819  1.048303E+09  8.711203E+09  7.235304E+28
        5.883489E+00  2.250534E+01  6.063836E+00  0.9878199348 -1.914350E+00
        1.272222E+19 -3.999873E+00 -1.999887E+00 -3.054398E-01 -3.054398E-01
   190     3033.8162    7.68409858  1.048182E+09  8.898893E+09  6.632268E+28
        5.862101E+00  2.250535E+01  6.063846E+00  0.9878199348 -1.914350E+00
        9.039449E+18 -3.999873E+00 -1.999887E+00 -3.054398E-01 -3.054398E-01
   191     2964.5412    7.68420546  1.048053E+09  9.096832E+09  6.045443E+28
        5.839933E+00  2.250539E+01  6.063870E+00  0.9883689334 -1.934380E+00
        6.349108E+18 -3.999873E+00 -1.999887E+00 -3.054398E-01 -3.054398E-01
   192     2896.7291    7.68430613  1.047931E+09  9.298300E+09  5.509713E+28
        5.817783E+00  2.250543E+01  6.063894E+00  0.9883689334 -1.934380E+00
        4.464742E+18 -3.999873E+00 -1.999887E+00 -3.054398E-01 -3.054398E-01
   193     2829.9866    7.68440018  1.047818E+09  9.506221E+09  5.018119E+28
        5.795409E+00  2.250546E+01  6.063915E+00  0.9883689334 -1.934380E+00
        3.138923E+18 -3.999873E+00 -1.999887E+00 -3.054398E-01 -3.054398E-01
   194     2761.6636    7.68448665  1.047713E+09  9.721458E+09  4.549881E+28
        5.772639E+00  2.250549E+01  6.063931E+00  0.9883689334 -1.934380E+00
        2.189365E+18 -3.999873E+00 -1.999887E+00 -3.054398E-01 -3.054398E-01
   195     2695.4527    7.68456391  1.047620E+09  9.938886E+09  4.128255E+28
        5.750036E+00  2.250550E+01  6.063939E+00  0.9883689334 -1.934380E+00
        1.535057E+18 -3.999873E+00 -1.999887E+00 -3.054398E-01 -3.054398E-01
   196     2629.8988    7.68463863  1.047530E+09  1.016214E+10  3.740426E+28
        5.727237E+00  2.250551E+01  6.063945E+00  0.9888931867 -1.954411E+00
        1.071836E+18 -3.999873E+00 -1.999887E+00 -3.054398E-01 -3.054398E-01
   197     2565.3008    7.68471247  1.047441E+09  1.038996E+10  3.385668E+28
        5.704364E+00  2.250552E+01  6.063953E+00  0.9888931867 -1.954411E+00
        7.478656E+17 -3.999873E+00 -1.999887E+00 -3.054398E-01 -3.054398E-01
   198     2501.6608    7.68478468  1.047354E+09  1.062221E+10  3.061488E+28
        5.681422E+00  2.250554E+01  6.063964E+00  0.9888931867 -1.954411E+00
        5.218177E+17 -3.999873E+00 -1.999887E+00 -3.054398E-01 -3.054398E-01
   199     2440.1900    7.68485250  1.047272E+09  1.085851E+10  2.771058E+28
        5.658537E+00  2.250555E+01  6.063972E+00  0.9888931867 -1.954411E+00
        3.648368E+17 -3.999873E+00 -1.999887E+00 -3.054398E-01 -3.054398E-01
   200     2377.6640    7.68491899  1.047192E+09  1.110100E+10  2.497391E+28
        5.635325E+00  2.250556E+01  6.063979E+00  0.9888931867 -1.954411E+00
        2.534453E+17 -3.999873E+00 -1.999887E+00 -3.054398E-01 -3.054398E-01
   201     2317.7919    7.68498243  1.047116E+09  1.134304E+10  2.254857E+28
        5.612427E+00  2.250558E+01  6.063987E+00  0.9888931867 -1.954411E+00
        1.766902E+17 -3.999873E+00 -1.999887E+00 -3.054398E-01 -3.054398E-01
   202     2259.0754    7.68504352  1.047042E+09  1.158879E+10  2.034618E+28
        5.589453E+00  2.250559E+01  6.063992E+00  0.9888931867 -1.954411E+00
        1.229332E+17 -3.999873E+00 -1.999887E+00 -3.054398E-01 -3.054398E-01
   203     2201.6646    7.68510126  1.046972E+09  1.183699E+10  1.835300E+28
        5.566508E+00  2.250559E+01  6.063995E+00  0.9893938100 -1.974441E+00
        8.544150E+16 -3.999873E+00 -1.999887E+00 -3.054398E-01 -3.054398E-01
   204     2145.5281    7.68515449  1.046908E+09  1.208731E+10  1.654954E+28
        5.543585E+00  2.250560E+01  6.063998E+00  0.9893938100 -1.974441E+00
        5.934846E+16 -3.999873E+00 -1.999887E+00 -3.054398E-01 -3.054398E-01
   205     2090.7427    7.68520488  1.046847E+09  1.233901E+10  1.492111E+28
        5.520718E+00  2.250560E+01  6.064002E+00  0.9893938100 -1.974441E+00
        4.121461E+16 -3.999873E+00 -1.999887E+00 -3.054398E-01 -3.054398E-01
   206     2037.3537    7.68525141  1.046791E+09  1.259160E+10  1.345296E+28
        5.497943E+00  2.250560E+01  6.064002E+00  0.9893938100 -1.974441E+00
        2.861567E+16 -3.999873E+00 -1.999887E+00 -3.054398E-01 -3.054398E-01
   207     1986.5131    7.68529570  1.046738E+09  1.284500E+10  1.215832E+28
        5.475435E+00  2.250560E+01  6.064002E+00  0.9893938100 -1.974441E+00
        1.994455E+16 -3.999873E+00 -1.999887E+00 -3.054398E-01 -3.054398E-01
   208     1934.4265    7.68534296  1.046681E+09  1.310320E+10  1.093124E+28
        5.452429E+00  2.250561E+01  6.064005E+00  0.9893938100 -1.974441E+00
        1.375725E+16 -3.999873E+00 -1.999887E+00 -3.054398E-01 -3.054398E-01
   209     1885.3095    7.68538787  1.046627E+09  1.335547E+10  9.861577E+27
        5.429980E+00  2.250561E+01  6.064008E+00  0.9893938100 -1.974441E+00
        9.563206E+15 -3.999873E+00 -1.999887E+00 -3.054398E-01 -3.054398E-01
   210     1837.3722    7.68543136  1.046574E+09  1.360845E+10  8.895305E+27
        5.407509E+00  2.250561E+01  6.064010E+00  0.9893938100 -1.974441E+00
        6.637937E+15 -3.999873E+00 -1.999887E+00 -3.054398E-01 -3.054398E-01
   211     1790.7247    7.68547380  1.046523E+09  1.386091E+10  8.025000E+27
        5.385076E+00  2.250562E+01  6.064013E+00  0.9898718684 -1.994471E+00
        4.604350E+15 -3.999873E+00 -1.999887E+00 -3.054398E-01 -3.054398E-01
   212     1745.3690    7.68551173  1.046478E+09  1.411199E+10  7.241707E+27
        5.362710E+00  2.250562E+01  6.064014E+00  0.9898718684 -1.994471E+00
        3.191938E+15 -3.999873E+00 -1.999887E+00 -3.054398E-01 -3.054398E-01
   213     1701.3266    7.68554548  1.046437E+09  1.436129E+10  6.537457E+27
        5.340446E+00  2.250562E+01  6.064013E+00  0.9898718684 -1.994471E+00
        2.213842E+15 -3.999873E+00 -1.999887E+00 -3.054398E-01 -3.054398E-01
   214     1658.5511    7.68557790  1.046398E+09  1.460870E+10  5.903929E+27
        5.318265E+00  2.250562E+01  6.064013E+00  0.9898718684 -1.994471E+00
        1.535024E+15 -3.999873E+00 -1.999887E+00 -3.054398E-01 -3.054398E-01
   215     1618.4261    7.68561046  1.046359E+09  1.485390E+10  5.352598E+27
        5.296545E+00  2.250562E+01  6.064014E+00  0.9898718684 -1.994471E+00
        1.071991E+15 -3.999873E+00 -1.999887E+00 -3.054398E-01 -3.054398E-01
   216     1576.4246    7.68564455  1.046318E+09  1.510324E+10  4.817835E+27
        5.273939E+00  2.250562E+01  6.064014E+00  0.9898718684 -1.994471E+00
        7.354631E+14 -3.999873E+00 -1.999887E+00 -3.054398E-01 -3.054398E-01
   217     1537.4343    7.68567623  1.046279E+09  1.534109E+10  4.358265E+27
        5.252145E+00  2.250562E+01  6.064014E+00  0.9903283790 -2.014501E+00
        5.108930E+14 -3.999873E+00 -1.999887E+00 -3.054398E-01 -3.054398E-01
   218     1499.4849    7.68570702  1.046242E+09  1.557668E+10  3.943347E+27
        5.230346E+00  2.250562E+01  6.064014E+00  0.9903283790 -2.014501E+00
        3.543693E+14 -3.999873E+00 -1.999887E+00 -3.054398E-01 -3.054398E-01
