   61  0.9 Mo  Pure-hydrogen grid                          Wed Jan 13 09:14:54 2021
 Teff   log g  Mbol     BC    U      B      V      R      I      J      H      Ks     Y      J      H      K      W1     W2     W3     W4    S3.6   S4.5   S5.8   S8.0    u      g      r      i      z      g      r      i      z      y      G2    G2_BP  G2_RP   G3    G3_BP  G3_RP  FUV    NUV      Age
  1500. 8.488 20.842  1.168 24.191 21.965 19.674 19.675 22.138 22.105 21.763 23.191 22.190 22.033 21.629 23.164 18.483 17.727 16.850 15.958 18.168 17.727 17.715 17.394 25.220 20.810 19.521 22.253 21.902 20.459 19.597 22.329 21.988 21.724 20.240 20.140 20.776 20.282 20.147 20.845 58.926 35.012 1.356E+10
  1750. 8.488 20.172  0.991 23.488 21.408 19.181 18.956 20.724 20.990 20.909 22.130 21.040 20.912 20.784 22.096 18.039 17.358 16.562 15.763 17.753 17.360 17.324 17.033 24.478 20.324 18.830 20.897 20.703 19.984 18.899 20.957 20.731 20.670 19.565 19.553 19.709 19.600 19.559 19.767 56.931 33.874 1.341E+10
  2000. 8.488 19.592  0.787 22.894 20.985 18.806 18.411 19.489 19.880 20.042 21.069 19.944 19.801 19.926 21.030 17.583 16.985 16.253 15.548 17.329 16.988 16.933 16.659 23.865 19.933 18.338 19.749 19.632 19.604 18.390 19.791 19.621 19.708 19.009 19.122 18.845 19.038 19.127 18.890 55.042 32.906 1.322E+10
  2250. 8.488 19.080  0.577 22.368 20.599 18.503 17.962 18.523 18.995 19.350 20.228 19.057 18.920 19.242 20.186 17.214 16.682 15.997 15.361 16.985 16.686 16.617 16.358 23.314 19.603 17.959 18.831 18.778 19.286 17.990 18.860 18.744 18.923 18.525 18.780 18.137 18.549 18.785 18.172 53.436 32.037 1.298E+10
  2500. 8.488 18.623  0.377 21.907 20.258 18.245 17.598 17.764 18.224 18.650 19.379 18.309 18.156 18.558 19.337 16.817 16.357 15.729 15.150 16.617 16.362 16.288 16.049 22.833 19.305 17.673 18.112 18.096 19.001 17.686 18.132 18.049 18.279 18.110 18.506 17.567 18.129 18.511 17.593 52.076 31.309 1.272E+10
  2750. 8.488 18.209  0.183 21.479 19.950 18.025 17.295 17.134 17.559 18.037 18.595 17.635 17.497 17.958 18.556 16.459 16.056 15.468 14.942 16.286 16.063 15.975 15.753 22.385 19.041 17.446 17.536 17.510 18.752 17.447 17.547 17.460 17.699 17.747 18.276 17.086 17.762 18.282 17.105 50.726 30.578 1.252E+10
  3000. 8.488 17.830  0.021 21.069 19.649 17.810 17.028 16.633 16.974 17.478 17.915 17.031 16.919 17.408 17.879 16.132 15.781 15.223 14.741 15.984 15.789 15.692 15.484 21.960 18.781 17.241 17.087 17.024 18.505 17.235 17.090 16.979 17.191 17.423 18.058 16.685 17.437 18.064 16.700 49.390 29.875 1.233E+10
  3250. 8.488 17.483 -0.118 20.650 19.344 17.600 16.798 16.243 16.427 16.928 17.271 16.466 16.379 16.866 17.238 15.809 15.508 14.973 14.532 15.685 15.516 15.411 15.213 21.531 18.520 17.055 16.740 16.624 18.259 17.046 16.737 16.594 16.737 17.142 17.848 16.357 17.157 17.854 16.369 47.946 29.146 1.214E+10
  3500. 8.488 17.160 -0.224 20.212 19.026 17.385 16.591 15.955 15.919 16.383 16.664 15.961 15.877 16.328 16.633 15.486 15.232 14.717 14.318 15.384 15.241 15.131 14.939 21.087 18.249 16.871 16.478 16.314 18.004 16.860 16.472 16.303 16.360 16.900 17.632 16.096 16.916 17.639 16.106 46.369 28.354 1.194E+10
  3750. 8.488 16.860 -0.297 19.749 18.691 17.158 16.395 15.735 15.469 15.847 16.066 15.554 15.430 15.799 16.038 15.153 14.939 14.448 14.105 15.071 14.949 14.836 14.650 20.620 17.963 16.680 16.267 16.078 17.735 16.669 16.260 16.083 16.070 16.682 17.404 15.882 16.700 17.412 15.893 44.633 27.516 1.171E+10
  4000. 8.487 16.580 -0.337 19.259 18.333 16.917 16.198 15.548 15.101 15.335 15.491 15.256 15.061 15.295 15.464 14.811 14.625 14.181 13.923 14.745 14.635 14.523 14.351 20.126 17.657 16.478 16.078 15.884 17.447 16.468 16.070 15.899 15.848 16.471 17.159 15.691 16.491 17.168 15.703 42.723 26.627 1.144E+10
  4250. 8.487 16.316 -0.349 18.729 17.954 16.665 15.996 15.372 14.825 14.874 14.955 15.040 14.783 14.841 14.927 14.470 14.303 13.944 13.796 14.418 14.312 14.207 14.064 19.592 17.335 16.266 15.895 15.712 17.145 16.257 15.888 15.729 15.667 16.258 16.899 15.509 16.279 16.909 15.521 40.575 25.668 1.110E+10
  4500. 8.487 16.067 -0.332 18.166 17.555 16.398 15.782 15.194 14.625 14.494 14.516 14.866 14.582 14.467 14.487 14.170 14.024 13.782 13.719 14.130 14.032 13.944 13.846 19.022 16.995 16.040 15.706 15.544 16.826 16.032 15.700 15.559 15.502 16.035 16.620 15.323 16.055 16.632 15.336 36.378 24.638 1.073E+10
  4750. 8.486 15.831 -0.290 17.591 17.148 16.121 15.557 15.009 14.465 14.217 14.183 14.706 14.423 14.196 14.154 13.934 13.819 13.679 13.652 13.905 13.825 13.764 13.710 18.441 16.646 15.803 15.509 15.372 16.497 15.796 15.504 15.385 15.338 15.799 16.327 15.130 15.819 16.340 15.143 32.483 23.595 1.024E+10
  5000. 8.486 15.606 -0.234 17.030 16.748 15.841 15.328 14.822 14.321 14.027 13.953 14.550 14.279 14.009 13.922 13.768 13.687 13.605 13.592 13.748 13.691 13.653 13.621 17.873 16.298 15.561 15.309 15.199 16.168 15.556 15.304 15.208 15.175 15.557 16.028 14.933 15.577 16.043 14.947 29.885 22.597 9.624E+09
  5250. 8.485 15.392 -0.183 16.511 16.376 15.574 15.109 14.642 14.188 13.889 13.806 14.402 14.147 13.872 13.775 13.659 13.600 13.543 13.537 13.644 13.602 13.576 13.554 17.349 15.971 15.331 15.117 15.033 15.858 15.326 15.113 15.039 15.019 15.325 15.742 14.745 15.344 15.759 14.759 28.679 21.705 8.704E+09
  5500. 8.483 15.186 -0.139 16.031 16.033 15.325 14.902 14.473 14.063 13.775 13.697 14.261 14.023 13.758 13.666 13.574 13.529 13.489 13.487 13.563 13.530 13.511 13.495 16.864 15.667 15.114 14.936 14.877 15.569 15.111 14.933 14.879 14.872 15.104 15.472 14.567 15.123 15.492 14.582 27.711 20.932 7.423E+09
  6000. 8.480 14.801 -0.094 15.190 15.447 14.895 14.545 14.179 13.847 13.590 13.534 14.018 13.808 13.572 13.504 13.443 13.415 13.400 13.403 13.436 13.416 13.406 13.400 16.017 15.147 14.741 14.622 14.605 15.074 14.739 14.620 14.602 14.616 14.716 15.000 14.259 14.735 15.026 14.275 26.244 19.513 5.593E+09
  6500. 8.478 14.449 -0.097 14.535 14.986 14.545 14.255 13.941 13.670 13.443 13.409 13.820 13.633 13.423 13.380 13.344 13.331 13.334 13.331 13.340 13.331 13.329 13.331 15.362 14.730 14.438 14.367 14.385 14.675 14.437 14.366 14.377 14.409 14.397 14.614 14.008 14.415 14.645 14.026 24.889 18.156 4.723E+09
  7000. 8.477 14.123 -0.125 14.042 14.610 14.248 14.006 13.736 13.520 13.320 13.306 13.650 13.484 13.299 13.278 13.263 13.261 13.271 13.260 13.262 13.261 13.265 13.270 14.871 14.384 14.179 14.148 14.195 14.341 14.177 14.148 14.184 14.231 14.124 14.289 13.793 14.142 14.325 13.811 23.637 17.018 3.998E+09
  7500. 8.476 13.821 -0.163 13.655 14.291 13.983 13.781 13.549 13.385 13.214 13.216 13.495 13.351 13.193 13.188 13.188 13.194 13.203 13.190 13.189 13.194 13.200 13.204 14.485 14.084 13.945 13.949 14.023 14.050 13.944 13.950 14.007 14.068 13.879 14.005 13.597 13.897 14.044 13.616 22.388 16.154 3.384E+09
  8000. 8.475 13.537 -0.205 13.335 14.010 13.742 13.573 13.375 13.261 13.120 13.133 13.352 13.229 13.098 13.106 13.116 13.127 13.136 13.124 13.118 13.126 13.133 13.137 14.166 13.816 13.730 13.764 13.862 13.788 13.730 13.766 13.843 13.918 13.656 13.751 13.415 13.673 13.792 13.435 21.071 15.490 2.844E+09
  8500. 8.473 13.271 -0.247 13.062 13.758 13.518 13.379 13.213 13.146 13.033 13.056 13.218 13.117 13.010 13.028 13.045 13.059 13.071 13.061 13.047 13.059 13.066 13.071 13.894 13.573 13.530 13.591 13.712 13.549 13.530 13.594 13.690 13.777 13.448 13.519 13.246 13.465 13.561 13.265 19.789 14.960 2.382E+09
  9000. 8.472 13.020 -0.288 12.822 13.528 13.308 13.198 13.060 13.040 12.951 12.982 13.093 13.013 12.927 12.954 12.975 12.993 13.009 13.002 12.978 12.994 13.001 13.008 13.656 13.349 13.343 13.429 13.572 13.328 13.343 13.432 13.547 13.646 13.255 13.305 13.087 13.272 13.349 13.107 18.681 14.523 1.976E+09
  9500. 8.471 12.782 -0.327 12.606 13.315 13.109 13.026 12.917 12.940 12.874 12.912 12.976 12.916 12.849 12.883 12.907 12.928 12.949 12.945 12.911 12.929 12.938 12.946 13.441 13.141 13.167 13.276 13.441 13.121 13.166 13.280 13.413 13.524 13.073 13.105 12.938 13.090 13.150 12.958 17.750 14.148 1.633E+09
 10000. 8.470 12.556 -0.367 12.409 13.119 12.923 12.866 12.784 12.846 12.801 12.845 12.868 12.825 12.775 12.816 12.841 12.864 12.890 12.890 12.844 12.866 12.875 12.886 13.245 12.947 13.002 13.133 13.319 12.928 13.002 13.138 13.289 13.412 12.903 12.919 12.799 12.920 12.965 12.820 16.949 13.819 1.351E+09
 10500. 8.469 12.341 -0.411 12.228 12.939 12.752 12.720 12.664 12.761 12.734 12.782 12.771 12.742 12.708 12.753 12.778 12.803 12.833 12.836 12.782 12.805 12.814 12.826 13.065 12.769 12.851 13.003 13.210 12.751 12.851 13.009 13.177 13.310 12.748 12.749 12.673 12.765 12.795 12.694 16.173 13.523 1.147E+09
 11000. 8.467 12.136 -0.466 12.065 12.781 12.603 12.593 12.560 12.686 12.674 12.727 12.686 12.668 12.648 12.697 12.721 12.746 12.778 12.786 12.725 12.749 12.757 12.770 12.903 12.613 12.720 12.891 13.115 12.595 12.720 12.898 13.080 13.223 12.611 12.599 12.564 12.628 12.646 12.586 15.336 13.260 1.011E+09
 11500. 8.466 11.940 -0.537 11.921 12.645 12.477 12.486 12.473 12.623 12.622 12.678 12.615 12.606 12.595 12.649 12.673 12.698 12.732 12.743 12.676 12.701 12.709 12.723 12.759 12.480 12.610 12.798 13.036 12.463 12.610 12.805 12.999 13.149 12.496 12.471 12.473 12.513 12.519 12.495 14.567 13.030 8.961E+08
 12000. 8.465 11.752 -0.618 11.793 12.527 12.370 12.396 12.400 12.569 12.577 12.635 12.555 12.552 12.550 12.606 12.631 12.657 12.693 12.707 12.635 12.660 12.669 12.683 12.632 12.366 12.517 12.720 12.969 12.350 12.517 12.727 12.931 13.087 12.397 12.361 12.396 12.414 12.410 12.418 13.951 12.822 7.985E+08
 12500. 8.464 11.572 -0.708 11.681 12.426 12.280 12.320 12.339 12.522 12.538 12.598 12.504 12.506 12.510 12.569 12.596 12.622 12.660 12.675 12.599 12.625 12.634 12.649 12.521 12.268 12.438 12.654 12.913 12.254 12.438 12.661 12.873 13.034 12.313 12.268 12.331 12.330 12.317 12.354 13.445 12.635 7.146E+08
 13000. 8.463 11.399 -0.809 11.591 12.343 12.208 12.260 12.290 12.485 12.506 12.568 12.463 12.469 12.478 12.539 12.566 12.593 12.631 12.647 12.570 12.596 12.605 12.620 12.431 12.188 12.375 12.602 12.868 12.175 12.375 12.610 12.828 12.991 12.245 12.191 12.280 12.262 12.241 12.302 12.994 12.471 6.421E+08
 13500. 8.462 11.233 -0.919 11.519 12.277 12.152 12.213 12.253 12.455 12.480 12.542 12.430 12.438 12.452 12.513 12.541 12.568 12.606 12.623 12.545 12.570 12.579 12.594 12.359 12.125 12.326 12.562 12.833 12.114 12.327 12.570 12.792 12.957 12.192 12.132 12.239 12.209 12.182 12.262 12.594 12.335 5.788E+08
 14000. 8.461 11.072 -1.024 11.445 12.211 12.096 12.166 12.214 12.424 12.453 12.516 12.397 12.407 12.425 12.487 12.516 12.542 12.580 12.598 12.519 12.544 12.554 12.569 12.285 12.062 12.277 12.522 12.797 12.052 12.278 12.530 12.756 12.923 12.138 12.071 12.199 12.155 12.122 12.222 12.298 12.200 5.232E+08
 14500. 8.460 10.917 -1.120 11.363 12.138 12.037 12.114 12.172 12.390 12.423 12.487 12.360 12.373 12.395 12.458 12.488 12.515 12.554 12.572 12.492 12.517 12.527 12.542 12.203 11.993 12.224 12.478 12.757 11.985 12.225 12.486 12.716 12.885 12.080 12.006 12.154 12.097 12.057 12.177 12.070 12.065 4.744E+08
 15000. 8.458 10.767 -1.210 11.276 12.064 11.977 12.061 12.128 12.354 12.391 12.457 12.321 12.338 12.363 12.428 12.460 12.487 12.526 12.545 12.464 12.489 12.499 12.514 12.116 11.923 12.170 12.431 12.715 11.918 12.170 12.439 12.673 12.845 12.020 11.938 12.107 12.036 11.991 12.130 11.877 11.935 4.315E+08
 15500. 8.457 10.622 -1.297 11.187 11.990 11.919 12.009 12.083 12.318 12.359 12.426 12.281 12.301 12.331 12.398 12.431 12.458 12.499 12.518 12.435 12.460 12.471 12.486 12.028 11.855 12.115 12.384 12.673 11.852 12.116 12.392 12.630 12.804 11.960 11.872 12.059 11.977 11.925 12.082 11.705 11.811 3.936E+08
 16000. 8.456 10.482 -1.382 11.098 11.919 11.863 11.957 12.038 12.281 12.326 12.394 12.241 12.264 12.298 12.367 12.402 12.430 12.471 12.492 12.406 12.431 12.443 12.459 11.940 11.789 12.062 12.337 12.630 11.788 12.063 12.346 12.587 12.762 11.902 11.807 12.011 11.919 11.862 12.035 11.545 11.693 3.599E+08
 16500. 8.455 10.346 -1.464 11.012 11.850 11.810 11.907 11.994 12.244 12.293 12.363 12.201 12.227 12.265 12.335 12.373 12.401 12.444 12.465 12.378 12.403 12.414 12.431 11.853 11.725 12.011 12.291 12.587 11.727 12.012 12.300 12.544 12.721 11.846 11.744 11.964 11.862 11.800 11.988 11.397 11.579 3.299E+08
 17000. 8.454 10.213 -1.545 10.927 11.783 11.758 11.858 11.950 12.207 12.260 12.332 12.162 12.191 12.232 12.304 12.344 12.373 12.417 12.440 12.349 12.374 12.387 12.404 11.768 11.664 11.961 12.246 12.545 11.669 11.962 12.255 12.501 12.680 11.792 11.684 11.918 11.807 11.740 11.942 11.255 11.469 3.028E+08
 20000. 8.449  9.493 -1.980 10.466 11.426 11.473 11.587 11.705 12.000 12.069 12.151 11.938 11.983 12.041 12.124 12.176 12.211 12.267 12.298 12.182 12.212 12.228 12.249 11.307 11.333 11.684 11.994 12.307 11.350 11.686 12.003 12.261 12.448 11.491 11.351 11.662 11.506 11.413 11.687 10.525 10.879 1.863E+08
 25000. 8.439  8.499 -2.559  9.833 10.925 11.058 11.191 11.339 11.686 11.777 11.872 11.603 11.669 11.747 11.847 11.918 11.964 12.040 12.081 11.927 11.963 11.987 12.016 10.675 10.864 11.281 11.621 11.952 10.896 11.284 11.631 11.903 12.102 11.056 10.875 11.284 11.069 10.946 11.309  9.581 10.086 8.431E+07
 30000. 8.428  7.681 -2.983  9.272 10.460 10.663 10.809 10.980 11.365 11.474 11.581 11.266 11.349 11.444 11.557 11.642 11.692 11.768 11.795 11.652 11.691 11.718 11.746 10.114 10.426 10.894 11.255 11.600 10.471 10.898 11.266 11.549 11.757 10.643 10.428 10.914 10.654 10.507 10.940  8.873  9.430 3.285E+07
 35000. 8.417  6.984 -3.366  8.856 10.100 10.350 10.499 10.681 11.084 11.200 11.307 10.977 11.066 11.171 11.284 11.369 11.412 11.458 11.448 11.378 11.409 11.431 11.450  9.698 10.083 10.581 10.954 11.303 10.136 10.585 10.964 11.252 11.463 10.313 10.079 10.609 10.323 10.162 10.635  8.406  8.976 9.945E+06
 40000. 8.407  6.378 -3.765  8.599  9.869 10.143 10.295 10.482 10.893 11.013 11.118 10.783 10.874 10.983 11.095 11.178 11.217 11.253 11.230 11.187 11.214 11.235 11.249  9.441  9.861 10.375 10.754 11.106  9.918 10.380 10.765 11.054 11.267 10.098  9.853 10.407 10.107  9.939 10.434  8.104  8.693 4.057E+06
 45000. 8.397  5.842 -4.146  8.412  9.698  9.988 10.141 10.332 10.748 10.869 10.974 10.636 10.728 10.839 10.951 11.032 11.069 11.097 11.064 11.041 11.066 11.086 11.097  9.254  9.696 10.221 10.604 10.957  9.755 10.225 10.614 10.905 11.118  9.937  9.686 10.255  9.946  9.773 10.282  7.880  8.486 2.386E+06
 50000. 8.387  5.360 -4.499  8.261  9.559  9.859 10.014 10.207 10.626 10.748 10.852 10.513 10.606 10.718 10.830 10.910 10.945 10.967 10.927 10.919 10.942 10.961 10.970  9.103  9.559 10.092 10.478 10.832  9.621 10.097 10.489 10.781 10.994  9.805  9.549 10.128  9.813  9.637 10.155  7.697  8.319 1.630E+06
 55000. 8.377  4.921 -4.825  8.130  9.437  9.746  9.901 10.097 10.518 10.641 10.745 10.404 10.498 10.611 10.722 10.802 10.835 10.853 10.807 10.810 10.832 10.850 10.857  8.973  9.441  9.980 10.368 10.723  9.504  9.985 10.379 10.671 10.885  9.688  9.429 10.017  9.697  9.518 10.044  7.540  8.176 1.195E+06
 60000. 8.367  4.518 -5.125  8.014  9.327  9.643  9.799  9.997 10.420 10.543 10.647 10.305 10.399 10.513 10.624 10.703 10.735 10.748 10.699 10.711 10.732 10.749 10.755  8.856  9.333  9.877 10.267 10.623  9.397  9.882 10.278 10.571 10.785  9.583  9.321  9.916  9.592  9.410  9.943  7.401  8.048 9.116E+05
 65000. 8.357  4.145 -5.403  7.907  9.226  9.548  9.705  9.904 10.328 10.452 10.555 10.213 10.307 10.422 10.533 10.611 10.642 10.652 10.600 10.619 10.638 10.655 10.659  8.750  9.234  9.782 10.174 10.530  9.299  9.787 10.184 10.478 10.693  9.486  9.221  9.822  9.494  9.311  9.849  7.274  7.932 7.169E+05
 70000. 8.347  3.797 -5.661  7.807  9.131  9.458  9.615  9.816 10.241 10.366 10.469 10.125 10.220 10.336 10.446 10.524 10.554 10.561 10.508 10.531 10.550 10.566 10.569  8.650  9.141  9.692 10.085 10.442  9.207  9.698 10.096 10.390 10.605  9.394  9.127  9.733  9.402  9.218  9.760  7.157  7.824 5.728E+05
 75000. 8.336  3.470 -5.901  7.713  9.041  9.371  9.530  9.731 10.158 10.283 10.386 10.042 10.137 10.253 10.363 10.440 10.469 10.474 10.420 10.447 10.466 10.481 10.483  8.556  9.051  9.606 10.001 10.358  9.118  9.612 10.011 10.306 10.521  9.306  9.038  9.648  9.314  9.129  9.675  7.047  7.722 4.606E+05
 80000. 8.325  3.162 -6.126  7.622  8.954  9.288  9.447  9.649 10.077 10.202 10.305  9.960 10.056 10.172 10.283 10.359 10.387 10.390 10.336 10.366 10.384 10.398 10.400  8.465  8.966  9.523  9.919 10.276  9.033  9.529  9.929 10.224 10.440  9.222  8.952  9.566  9.230  9.043  9.593  6.942  7.625 3.720E+05
 85000. 8.313  2.870 -6.337  7.534  8.869  9.207  9.366  9.570  9.998 10.123 10.226  9.881  9.977 10.094 10.204 10.279 10.307 10.309 10.255 10.287 10.304 10.318 10.319  8.377  8.882  9.442  9.839 10.197  8.950  9.448  9.849 10.144 10.360  9.139  8.868  9.485  9.147  8.959  9.513  6.841  7.531 3.001E+05
 90000. 8.301  2.591 -6.536  7.449  8.787  9.127  9.287  9.491  9.920 10.046 10.149  9.803  9.899 10.017 10.126 10.201 10.228 10.229 10.176 10.209 10.225 10.239 10.240  8.292  8.801  9.363  9.760 10.119  8.869  9.369  9.771 10.066 10.282  9.059  8.786  9.407  9.067  8.878  9.434  6.744  7.441 2.407E+05
100000. 8.275  2.070 -6.901  7.283  8.625  8.971  9.132  9.337  9.768  9.894  9.996  9.650  9.747  9.864  9.974 10.048 10.074 10.073 10.023 10.055 10.071 10.084 10.084  8.126  8.641  9.207  9.606  9.965  8.710  9.213  9.617  9.913 10.129  8.901  8.626  9.252  8.908  8.718  9.280  6.557  7.265 1.501E+05
110000. 8.248  1.588 -7.230  7.121  8.468  8.818  8.979  9.186  9.618  9.744  9.847  9.500  9.597  9.715  9.824  9.898  9.923  9.922  9.876  9.905  9.920  9.933  9.933  7.964  8.485  9.055  9.455  9.814  8.555  9.060  9.465  9.762  9.978  8.746  8.470  9.100  8.754  8.562  9.128  6.378  7.095 0.000E+00
120000. 8.219  1.136 -7.529  6.961  8.311  8.665  8.827  9.035  9.467  9.595  9.697  9.349  9.446  9.565  9.674  9.748  9.772  9.772  9.729  9.754  9.769  9.781  9.782  7.804  8.330  8.902  9.303  9.663  8.400  8.908  9.314  9.611  9.828  8.592  8.314  8.949  8.600  8.407  8.976  6.202  6.928 0.000E+00
130000. 8.187  0.709 -7.802  6.801  8.154  8.511  8.674  8.883  9.316  9.443  9.546  9.198  9.295  9.414  9.523  9.596  9.621  9.621  9.583  9.603  9.618  9.630  9.630  7.644  8.174  8.749  9.151  9.511  8.245  8.754  9.161  9.459  9.676  8.437  8.157  8.796  8.445  8.251  8.824  6.028  6.761 0.000E+00
140000. 8.154  0.305 -8.053  6.642  7.998  8.358  8.521  8.731  9.165  9.292  9.395  9.046  9.144  9.263  9.372  9.445  9.470  9.472  9.438  9.452  9.467  9.479  9.480  7.486  8.018  8.596  8.998  9.359  8.090  8.601  9.009  9.307  9.524  8.283  8.002  8.644  8.290  8.095  8.671  5.857  6.597 0.000E+00
150000. 8.120 -0.080 -8.285  6.485  7.843  8.205  8.369  8.580  9.014  9.142  9.245  8.896  8.993  9.113  9.222  9.295  9.320  9.325  9.295  9.302  9.317  9.329  9.332  7.329  7.864  8.444  8.847  9.209  7.936  8.449  8.858  9.156  9.373  8.130  7.848  8.492  8.137  7.941  8.520  5.688  6.434 0.000E+00
   72  0.9 Mo  Pure-helium grid                            Wed Jan 13 09:14:54 2021
 Teff   log g  Mbol     BC    U      B      V      R      I      J      H      Ks     Y      J      H      K      W1     W2     W3     W4    S3.6   S4.5   S5.8   S8.0    u      g      r      i      z      g      r      i      z      y      G2    G2_BP  G2_RP   G3    G3_BP  G3_RP  FUV    NUV      Age
  3250. 8.503 17.519 -1.081 20.703 20.052 18.601 17.670 16.777 15.779 15.311 15.233 16.179 15.729 15.299 15.217 15.618 15.625 15.559 15.094 15.635 15.618 15.701 15.706 21.546 19.395 18.033 17.395 17.010 19.180 18.013 17.381 17.058 16.884 17.881 18.796 16.967 17.906 18.804 16.974 35.311 26.420 9.488E+09
  3500. 8.503 17.197 -0.864 19.875 19.375 18.062 17.223 16.409 15.527 15.112 15.043 15.884 15.479 15.099 15.025 15.322 15.511 15.465 15.000 15.360 15.497 15.610 15.609 20.718 18.776 17.556 16.999 16.674 18.582 17.540 16.987 16.713 16.570 17.447 18.259 16.585 17.470 18.268 16.594 33.390 25.213 9.297E+09
  3750. 8.502 16.898 -0.674 19.115 18.756 17.571 16.817 16.079 15.304 14.938 14.888 15.620 15.258 14.923 14.868 15.134 15.386 15.355 14.884 15.174 15.367 15.506 15.499 19.957 18.210 17.124 16.643 16.372 18.037 17.110 16.633 16.403 16.290 17.048 17.765 16.241 17.070 17.776 16.251 31.640 24.104 9.100E+09
  4000. 8.502 16.617 -0.525 18.446 18.212 17.142 16.462 15.791 15.109 14.783 14.738 15.392 15.065 14.767 14.717 14.968 15.179 15.124 14.657 15.007 15.164 15.274 15.262 19.285 17.712 16.746 16.332 16.111 17.557 16.735 16.324 16.134 16.046 16.694 17.328 15.939 16.715 17.342 15.951 30.095 23.121 8.876E+09
  4250. 8.502 16.354 -0.405 17.846 17.725 16.758 16.144 15.534 14.935 14.642 14.596 15.187 14.892 14.625 14.573 14.792 14.954 14.864 14.417 14.827 14.943 15.017 14.996 18.684 17.267 16.408 16.055 15.876 17.128 16.400 16.048 15.894 15.829 16.373 16.935 15.669 16.393 16.950 15.682 28.698 22.235 8.621E+09
  4500. 8.502 16.105 -0.315 17.323 17.299 16.420 15.860 15.302 14.773 14.508 14.462 15.000 14.732 14.491 14.439 14.631 14.791 14.699 14.258 14.664 14.781 14.853 14.830 18.158 16.875 16.109 15.806 15.663 16.750 16.101 15.800 15.676 15.630 16.084 16.585 15.426 16.103 16.602 15.439 27.461 21.456 8.343E+09
  4750. 8.502 15.870 -0.243 16.853 16.915 16.113 15.602 15.091 14.627 14.388 14.341 14.829 14.587 14.369 14.317 14.484 14.626 14.516 14.098 14.515 14.617 14.675 14.646 17.687 16.522 15.837 15.579 15.470 16.409 15.831 15.574 15.478 15.449 15.819 16.266 15.204 15.838 16.285 15.218 26.349 20.755 8.023E+09
  5000. 8.502 15.647 -0.188 16.422 16.564 15.834 15.368 14.902 14.497 14.280 14.230 14.678 14.458 14.261 14.204 14.340 14.454 14.322 13.944 14.365 14.447 14.486 14.449 17.255 16.198 15.591 15.375 15.297 16.097 15.586 15.372 15.301 15.288 15.576 15.974 15.004 15.595 15.995 15.019 25.323 20.108 7.689E+09
  5250. 8.502 15.434 -0.149 16.031 16.246 15.583 15.157 14.731 14.376 14.178 14.122 14.539 14.338 14.158 14.096 14.191 14.275 14.129 13.805 14.211 14.270 14.293 14.248 16.863 15.906 15.368 15.191 15.140 15.815 15.365 15.188 15.140 15.142 15.354 15.709 14.823 15.373 15.732 14.839 24.386 19.518 7.282E+09
  5500. 8.501 15.231 -0.123 15.682 15.961 15.355 14.963 14.571 14.261 14.078 14.018 14.408 14.224 14.058 13.990 14.045 14.101 13.951 13.702 14.058 14.098 14.107 14.057 16.513 15.642 15.165 15.021 14.993 15.561 15.163 15.018 14.989 15.003 15.150 15.467 14.655 15.169 15.492 14.671 23.552 18.992 6.754E+09
  5750. 8.501 15.037 -0.107 15.363 15.699 15.144 14.784 14.423 14.154 13.985 13.922 14.286 14.118 13.965 13.893 13.910 13.940 13.799 13.616 13.918 13.939 13.937 13.888 16.194 15.400 14.977 14.862 14.856 15.326 14.976 14.861 14.850 14.875 14.960 15.243 14.499 14.978 15.270 14.516 22.795 18.512 6.111E+09
  6000. 8.500 14.851 -0.098 15.067 15.456 14.949 14.618 14.286 14.055 13.900 13.835 14.173 14.019 13.879 13.806 13.792 13.800 13.676 13.549 13.795 13.800 13.791 13.745 15.898 15.175 14.804 14.716 14.730 15.109 14.803 14.716 14.721 14.756 14.783 15.035 14.355 14.801 15.064 14.372 22.092 18.067 5.402E+09
  6250. 8.500 14.672 -0.097 14.795 15.232 14.769 14.464 14.159 13.963 13.821 13.757 14.069 13.928 13.800 13.727 13.691 13.682 13.577 13.495 13.689 13.682 13.668 13.629 15.625 14.967 14.643 14.581 14.612 14.908 14.642 14.581 14.601 14.646 14.618 14.841 14.221 14.636 14.872 14.239 21.445 17.657 4.782E+09
  6500. 8.499 14.501 -0.101 14.543 15.025 14.602 14.320 14.040 13.875 13.745 13.684 13.970 13.840 13.724 13.654 13.604 13.582 13.497 13.449 13.599 13.583 13.565 13.532 15.373 14.774 14.494 14.454 14.502 14.722 14.493 14.455 14.489 14.542 14.463 14.661 14.096 14.481 14.693 14.114 20.852 17.279 4.336E+09
  6750. 8.499 14.336 -0.110 14.312 14.833 14.445 14.185 13.928 13.791 13.673 13.618 13.876 13.758 13.652 13.588 13.533 13.505 13.438 13.410 13.526 13.506 13.489 13.462 15.141 14.595 14.353 14.335 14.397 14.548 14.353 14.336 14.382 14.444 14.318 14.493 13.977 14.335 14.527 13.996 20.312 16.935 4.000E+09
  7000. 8.498 14.177 -0.122 14.096 14.653 14.299 14.059 13.822 13.713 13.607 13.557 13.788 13.680 13.585 13.528 13.471 13.441 13.387 13.373 13.464 13.442 13.425 13.403 14.925 14.427 14.222 14.223 14.300 14.386 14.222 14.224 14.282 14.351 14.181 14.334 13.866 14.199 14.370 13.885 19.812 16.615 3.713E+09
  7500. 8.498 13.876 -0.157 13.706 14.328 14.033 13.828 13.629 13.568 13.482 13.445 13.625 13.535 13.459 13.416 13.365 13.337 13.307 13.314 13.358 13.337 13.324 13.312 14.536 14.124 13.982 14.018 14.119 14.092 13.983 14.020 14.099 14.181 13.931 14.046 13.662 13.948 14.085 13.682 18.918 16.040 3.212E+09
  8000. 8.497 13.594 -0.202 13.365 14.041 13.795 13.620 13.453 13.433 13.367 13.342 13.475 13.402 13.343 13.314 13.274 13.254 13.252 13.284 13.269 13.254 13.247 13.245 14.195 13.854 13.767 13.832 13.955 13.830 13.769 13.835 13.931 14.025 13.705 13.789 13.477 13.722 13.831 13.498 18.143 15.540 2.767E+09
  8500. 8.497 13.329 -0.268 13.071 13.797 13.596 13.445 13.304 13.317 13.265 13.253 13.347 13.286 13.242 13.225 13.201 13.194 13.214 13.229 13.198 13.193 13.196 13.203 13.902 13.627 13.587 13.675 13.815 13.610 13.589 13.679 13.790 13.892 13.514 13.571 13.322 13.530 13.615 13.342 17.473 15.091 2.389E+09
  9000. 8.496 13.079 -0.324 12.799 13.566 13.403 13.274 13.159 13.205 13.169 13.168 13.223 13.175 13.145 13.141 13.131 13.131 13.157 13.154 13.130 13.130 13.137 13.148 13.630 13.409 13.410 13.522 13.679 13.398 13.413 13.526 13.651 13.762 13.328 13.361 13.169 13.344 13.408 13.190 16.860 14.700 2.049E+09
  9500. 8.495 12.843 -0.388 12.555 13.359 13.231 13.122 13.029 13.105 13.083 13.093 13.112 13.076 13.058 13.066 13.067 13.074 13.099 13.084 13.068 13.072 13.082 13.093 13.386 13.214 13.253 13.385 13.557 13.208 13.257 13.390 13.527 13.646 13.161 13.173 13.033 13.176 13.221 13.055 16.304 14.341 1.742E+09
 10000. 8.495 12.618 -0.459 12.334 13.174 13.077 12.987 12.914 13.016 13.007 13.026 13.013 12.987 12.982 12.999 13.010 13.021 13.041 13.024 13.012 13.019 13.031 13.040 13.165 13.040 13.114 13.264 13.449 13.039 13.118 13.269 13.418 13.544 13.012 13.004 12.912 13.027 13.055 12.934 15.798 14.011 1.482E+09
 11000. 8.493 12.201 -0.612 11.953 12.855 12.812 12.754 12.713 12.857 12.867 12.900 12.839 12.829 12.842 12.875 12.901 12.919 12.935 12.921 12.905 12.917 12.930 12.937 12.785 12.739 12.874 13.053 13.259 12.747 12.878 13.059 13.225 13.363 12.752 12.712 12.701 12.767 12.766 12.724 14.921 13.435 1.065E+09
 12000. 8.492 11.819 -0.772 11.635 12.589 12.591 12.560 12.546 12.728 12.756 12.801 12.696 12.701 12.729 12.776 12.811 12.830 12.840 12.829 12.815 12.828 12.838 12.842 12.467 12.488 12.675 12.878 13.103 12.503 12.679 12.885 13.066 13.214 12.535 12.466 12.527 12.549 12.525 12.550 14.194 12.951 8.436E+08
 13000. 8.490 11.468 -0.930 11.366 12.361 12.398 12.390 12.399 12.612 12.654 12.708 12.569 12.585 12.627 12.683 12.725 12.742 12.753 12.743 12.729 12.740 12.750 12.753 12.198 12.272 12.501 12.724 12.964 12.292 12.504 12.731 12.925 13.081 12.345 12.254 12.373 12.359 12.315 12.397 13.583 12.543 6.867E+08
 14000. 8.489 11.143 -1.081 11.134 12.161 12.224 12.236 12.264 12.503 12.558 12.619 12.451 12.478 12.530 12.595 12.640 12.657 12.669 12.661 12.644 12.655 12.664 12.668 11.967 12.080 12.343 12.584 12.836 12.104 12.346 12.591 12.796 12.959 12.175 12.065 12.233 12.188 12.129 12.257 13.063 12.195 5.650E+08
 15000. 8.488 10.840 -1.221 10.931 11.981 12.062 12.091 12.135 12.397 12.462 12.529 12.336 12.372 12.434 12.505 12.553 12.571 12.585 12.576 12.558 12.569 12.579 12.584 11.764 11.906 12.195 12.451 12.713 11.933 12.198 12.458 12.672 12.841 12.017 11.893 12.099 12.030 11.959 12.124 12.614 11.896 4.689E+08
 16000. 8.487 10.557 -1.352 10.752 11.817 11.909 11.952 12.010 12.289 12.363 12.436 12.221 12.264 12.335 12.413 12.465 12.484 12.499 12.487 12.470 12.483 12.493 12.499 11.585 11.746 12.053 12.322 12.593 11.774 12.056 12.330 12.550 12.724 11.868 11.734 11.970 11.881 11.801 11.995 12.224 11.636 3.923E+08
 17000. 8.485 10.291 -1.473 10.591 11.666 11.764 11.820 11.887 12.179 12.262 12.341 12.106 12.155 12.234 12.317 12.377 12.399 12.414 12.401 12.382 12.397 12.408 12.413 11.425 11.598 11.919 12.197 12.474 11.626 11.922 12.205 12.431 12.607 11.729 11.587 11.846 11.741 11.655 11.871 11.881 11.407 3.306E+08
 18000. 8.484 10.039 -1.592 10.447 11.530 11.631 11.698 11.772 12.072 12.162 12.245 11.995 12.048 12.133 12.222 12.290 12.317 12.337 12.327 12.297 12.315 12.328 12.335 11.281 11.463 11.796 12.080 12.362 11.491 11.798 12.088 12.319 12.496 11.600 11.453 11.729 11.613 11.522 11.754 11.578 11.203 2.800E+08
 19000. 8.483  9.801 -1.714 10.318 11.410 11.515 11.591 11.671 11.974 12.069 12.154 11.896 11.950 12.040 12.131 12.208 12.243 12.271 12.265 12.216 12.240 12.258 12.268 11.153 11.344 11.688 11.978 12.263 11.372 11.690 11.986 12.219 12.397 11.487 11.334 11.627 11.500 11.404 11.652 11.306 11.019 2.382E+08
 20000. 8.481  9.575 -1.841 10.204 11.304 11.415 11.500 11.586 11.891 11.989 12.075 11.812 11.867 11.960 12.052 12.133 12.174 12.215 12.213 12.142 12.171 12.194 12.209 11.039 11.240 11.596 11.891 12.180 11.270 11.597 11.899 12.136 12.315 11.390 11.232 11.540 11.403 11.302 11.566 11.063 10.855 2.032E+08
 21000. 8.480  9.360 -1.971 10.103 11.213 11.331 11.423 11.515 11.823 11.924 12.010 11.744 11.800 11.895 11.987 12.069 12.114 12.165 12.166 12.078 12.110 12.137 12.157 10.938 11.151 11.518 11.819 12.111 11.181 11.519 11.827 12.067 12.246 11.307 11.143 11.468 11.320 11.214 11.493 10.845 10.709 1.737E+08
 22000. 8.479  9.155 -2.107 10.016 11.135 11.261 11.359 11.457 11.769 11.873 11.959 11.689 11.746 11.844 11.936 12.018 12.063 12.122 12.125 12.027 12.059 12.087 12.111 10.851 11.076 11.453 11.759 12.054 11.107 11.454 11.767 12.010 12.191 11.238 11.068 11.408 11.250 11.140 11.434 10.651 10.582 1.488E+08
 23000. 8.478  8.958 -2.248  9.946 11.073 11.207 11.309 11.412 11.729 11.834 11.920 11.647 11.705 11.805 11.897 11.980 12.024 12.085 12.090 11.989 12.021 12.049 12.073 10.782 11.016 11.402 11.713 12.011 11.049 11.403 11.721 11.966 12.149 11.183 11.009 11.362 11.195 11.082 11.387 10.488 10.479 1.275E+08
 24000. 8.476  8.770 -2.400  9.899 11.031 11.170 11.276 11.382 11.701 11.808 11.894 11.619 11.678 11.779 11.871 11.953 11.998 12.057 12.063 11.962 11.994 12.021 12.045 10.735 10.976 11.368 11.681 11.982 11.009 11.369 11.690 11.937 12.120 11.146 10.969 11.330 11.158 11.042 11.356 10.367 10.408 1.090E+08
 25000. 8.475  8.589 -2.554  9.867 11.001 11.144 11.252 11.360 11.682 11.789 11.876 11.599 11.658 11.760 11.853 11.934 11.977 12.034 12.041 11.943 11.973 12.000 12.022 10.703 10.947 11.343 11.659 11.961 10.981 11.344 11.668 11.916 12.100 11.120 10.941 11.308 11.132 11.014 11.334 10.280 10.359 9.292E+07
 26000. 8.473  8.415 -2.701  9.832 10.969 11.116 11.226 11.338 11.661 11.769 11.856 11.577 11.638 11.740 11.833 11.913 11.955 12.010 12.017 11.922 11.952 11.977 11.999 10.668 10.916 11.317 11.636 11.939 10.951 11.318 11.644 11.894 12.078 11.092 10.911 11.284 11.104 10.985 11.310 10.183 10.306 7.886E+07
 27000. 8.472  8.248 -2.834  9.788 10.930 11.082 11.195 11.310 11.636 11.745 11.832 11.551 11.613 11.715 11.809 11.889 11.930 11.982 11.990 11.897 11.926 11.951 11.971 10.625 10.879 11.285 11.607 11.912 10.915 11.287 11.615 11.867 12.052 11.058 10.874 11.255 11.070 10.948 11.281 10.068 10.240 6.654E+07
 28000. 8.470  8.086 -2.956  9.737 10.885 11.043 11.159 11.278 11.608 11.717 11.805 11.522 11.585 11.688 11.782 11.861 11.901 11.952 11.960 11.869 11.898 11.922 11.941 10.574 10.835 11.248 11.574 11.881 10.872 11.250 11.582 11.835 12.022 11.018 10.831 11.222 11.030 10.905 11.248  9.946 10.162 5.571E+07
 29000. 8.469  7.930 -3.068  9.680 10.833 10.998 11.118 11.242 11.577 11.687 11.776 11.489 11.554 11.658 11.753 11.831 11.870 11.920 11.930 11.839 11.867 11.890 11.909 10.517 10.786 11.207 11.537 11.847 10.824 11.209 11.545 11.801 11.988 10.973 10.782 11.185 10.985 10.857 11.211  9.825 10.076 4.619E+07
 30000. 8.467  7.779 -3.172  9.618 10.779 10.951 11.075 11.204 11.543 11.655 11.744 11.453 11.520 11.626 11.721 11.799 11.838 11.888 11.899 11.807 11.834 11.857 11.876 10.456 10.734 11.163 11.497 11.810 10.773 11.164 11.505 11.763 11.952 10.925 10.730 11.145 10.937 10.806 11.171  9.709  9.989 3.788E+07
 31000. 8.466  7.633 -3.269  9.554 10.722 10.902 11.029 11.163 11.507 11.621 11.711 11.416 11.484 11.591 11.688 11.766 11.804 11.855 11.869 11.774 11.801 11.824 11.843 10.391 10.680 11.116 11.454 11.770 10.720 11.118 11.463 11.724 11.914 10.875 10.676 11.102 10.887 10.753 11.128  9.597  9.901 3.069E+07
 32000. 8.464  7.491 -3.361  9.487 10.664 10.853 10.982 11.120 11.469 11.584 11.675 11.376 11.447 11.555 11.652 11.731 11.769 11.823 11.839 11.739 11.766 11.789 11.809 10.325 10.624 11.068 11.410 11.729 10.666 11.070 11.419 11.682 11.873 10.824 10.621 11.058 10.835 10.698 11.084  9.489  9.815 2.458E+07
 33000. 8.463  7.354 -3.449  9.421 10.606 10.803 10.934 11.076 11.430 11.546 11.639 11.335 11.408 11.517 11.616 11.696 11.735 11.790 11.809 11.704 11.731 11.755 11.776 10.259 10.569 11.020 11.365 11.686 10.612 11.021 11.374 11.638 11.831 10.772 10.565 11.012 10.783 10.643 11.039  9.383  9.730 1.946E+07
 34000. 8.461  7.220 -3.533  9.356 10.549 10.753 10.886 11.032 11.391 11.509 11.602 11.294 11.368 11.479 11.579 11.660 11.700 11.758 11.781 11.669 11.697 11.722 11.743 10.194 10.514 10.971 11.320 11.643 10.559 10.973 11.329 11.595 11.790 10.721 10.511 10.967 10.732 10.589 10.994  9.280  9.647 1.531E+07
 35000. 8.460  7.091 -3.614  9.291 10.492 10.705 10.839 10.988 11.352 11.471 11.566 11.254 11.329 11.442 11.543 11.626 11.667 11.727 11.754 11.634 11.663 11.688 11.711 10.130 10.461 10.924 11.275 11.600 10.507 10.926 11.285 11.553 11.748 10.671 10.457 10.922 10.682 10.536 10.949  9.178  9.566 1.205E+07
 36000. 8.458  6.965 -3.691  9.227 10.436 10.655 10.792 10.944 11.312 11.433 11.529 11.213 11.290 11.404 11.507 11.591 11.633 11.697 11.727 11.599 11.629 11.655 11.679 10.066 10.407 10.876 11.230 11.557 10.454 10.878 11.240 11.509 11.706 10.620 10.402 10.877 10.631 10.482 10.904  9.077  9.484 9.568E+06
 37000. 8.457  6.842 -3.765  9.164 10.381 10.607 10.746 10.901 11.274 11.396 11.493 11.172 11.251 11.366 11.471 11.556 11.599 11.667 11.701 11.565 11.596 11.623 11.648 10.003 10.355 10.829 11.186 11.515 10.403 10.832 11.196 11.467 11.665 10.570 10.350 10.833 10.581 10.430 10.860  8.977  9.405 7.749E+06
 38000. 8.455  6.722 -3.837  9.103 10.327 10.559 10.700 10.858 11.235 11.358 11.457 11.132 11.213 11.329 11.435 11.522 11.566 11.638 11.675 11.531 11.563 11.591 11.617  9.941 10.303 10.783 11.142 11.473 10.352 10.785 11.152 11.425 11.624 10.521 10.297 10.789 10.531 10.378 10.816  8.878  9.327 6.404E+06
 39000. 8.454  6.606 -3.905  9.041 10.273 10.512 10.654 10.816 11.196 11.321 11.422 11.092 11.174 11.292 11.399 11.488 11.534 11.609 11.648 11.498 11.530 11.559 11.587  9.880 10.251 10.736 11.098 11.432 10.301 10.739 11.108 11.383 11.583 10.472 10.245 10.745 10.482 10.327 10.772  8.778  9.250 5.406E+06
 40000. 8.453  6.493 -3.971  8.980 10.219 10.464 10.608 10.772 11.157 11.284 11.386 11.052 11.135 11.254 11.363 11.454 11.501 11.581 11.622 11.464 11.497 11.527 11.556  9.819 10.199 10.690 11.054 11.390 10.251 10.693 11.064 11.340 11.542 10.423 10.192 10.701 10.433 10.275 10.728  8.678  9.172 4.653E+06
 42500. 8.449  6.221 -4.116  8.814 10.074 10.336 10.485 10.656 11.052 11.181 11.287 10.943 11.030 11.152 11.265 11.361 11.411 11.492 11.522 11.371 11.406 11.439 11.469  9.654 10.061 10.566 10.936 11.275 10.115 10.569 10.946 11.226 11.430 10.291 10.052 10.583 10.301 10.137 10.610  8.410  8.964 3.408E+06
 45000. 8.446  5.964 -4.246  8.655  9.934 10.210 10.364 10.543 10.950 11.084 11.194 10.838 10.928 11.054 11.172 11.273 11.324 11.406 11.429 11.284 11.320 11.353 11.384  9.495  9.925 10.444 10.821 11.165  9.983 10.447 10.831 11.115 11.323 10.162  9.915 10.467 10.171 10.001 10.494  8.150  8.758 2.658E+06
 47500. 8.443  5.721 -4.319  8.439  9.744 10.041 10.202 10.391 10.813 10.954 11.069 10.698 10.792 10.924 11.047 11.151 11.203 11.273 11.278 11.162 11.199 11.230 11.257  9.279  9.743 10.280 10.665 11.017  9.805 10.283 10.676 10.966 11.179  9.989  9.731 10.313  9.998  9.819 10.340  7.880  8.503 2.159E+06
 50000. 8.439  5.491 -4.354  8.198  9.525  9.845  9.999 10.191 10.622 10.757 10.870 10.510 10.601 10.727 10.849 10.945 10.991 11.054 11.068 10.955 10.988 11.015 11.039  9.038  9.533 10.078 10.464 10.819  9.601 10.082 10.474 10.766 10.986  9.782  9.517 10.113  9.790  9.607 10.141  7.686  8.283 1.801E+06
 52500. 8.436  5.270 -4.495  8.105  9.438  9.766  9.918 10.110 10.543 10.676 10.789 10.431 10.522 10.646 10.767 10.865 10.915 10.990 11.013 10.876 10.911 10.942 10.970  8.945  9.449  9.996 10.382 10.738  9.519 10.001 10.393 10.685 10.907  9.699  9.431 10.032  9.707  9.523 10.059  7.601  8.196 1.532E+06
 55000. 8.433  5.060 -4.660  8.051  9.388  9.720  9.872 10.066 10.501 10.634 10.748 10.388 10.480 10.604 10.726 10.824 10.875 10.952 10.977 10.835 10.871 10.902 10.931  8.892  9.400  9.950 10.337 10.694  9.471  9.955 10.348 10.641 10.864  9.652  9.383  9.988  9.660  9.474 10.015  7.541  8.141 1.321E+06
 57500. 8.430  4.859 -4.825  8.009  9.348  9.684  9.836 10.032 10.468 10.601 10.715 10.354 10.447 10.571 10.693 10.792 10.842 10.920 10.945 10.802 10.838 10.870 10.899  8.850  9.362  9.914 10.302 10.660  9.433  9.919 10.313 10.606 10.830  9.614  9.344  9.952  9.622  9.436  9.979  7.490  8.096 1.151E+06
 60000. 8.426  4.666 -4.986  7.972  9.313  9.651  9.803 10.001 10.438 10.571 10.685 10.323 10.416 10.541 10.663 10.761 10.812 10.890 10.915 10.772 10.808 10.840 10.869  8.813  9.327  9.881 10.271 10.629  9.399  9.887 10.281 10.575 10.799  9.581  9.309  9.921  9.589  9.401  9.948  7.442  8.055 1.011E+06
 65000. 8.420  4.302 -5.286  7.900  9.244  9.587  9.740  9.940 10.378 10.511 10.625 10.263 10.357 10.481 10.603 10.701 10.752 10.830 10.854 10.712 10.748 10.780 10.809  8.741  9.260  9.818 10.209 10.568  9.333  9.823 10.220 10.515 10.739  9.515  9.242  9.859  9.523  9.334  9.886  7.348  7.973 7.989E+05
 70000. 8.413  3.963 -5.558  7.827  9.174  9.521  9.675  9.876 10.315 10.449 10.563 10.199 10.294 10.419 10.542 10.640 10.692 10.770 10.791 10.651 10.687 10.720 10.749  8.668  9.191  9.752 10.145 10.505  9.264  9.757 10.156 10.451 10.675  9.448  9.173  9.794  9.455  9.265  9.821  7.251  7.890 6.451E+05
 75000. 8.406  3.646 -5.804  7.750  9.099  9.450  9.605  9.808 10.249 10.384 10.499 10.132 10.228 10.354 10.477 10.577 10.629 10.707 10.724 10.588 10.625 10.657 10.687  8.591  9.117  9.682 10.077 10.438  9.191  9.687 10.088 10.384 10.608  9.376  9.099  9.725  9.383  9.192  9.753  7.150  7.801 5.259E+05
 80000. 8.399  3.348 -6.027  7.669  9.021  9.375  9.532  9.737 10.180 10.316 10.432 10.062 10.159 10.286 10.411 10.512 10.565 10.641 10.652 10.523 10.561 10.593 10.623  8.511  9.040  9.608 10.005 10.367  9.114  9.614 10.016 10.313 10.538  9.301  9.022  9.653  9.308  9.116  9.681  7.045  7.709 4.315E+05
 85000. 8.392  3.067 -6.232  7.586  8.941  9.299  9.456  9.664 10.110 10.248 10.365  9.991 10.089 10.218 10.344 10.446 10.499 10.573 10.576 10.458 10.495 10.528 10.556  8.428  8.961  9.532  9.932 10.295  9.035  9.538  9.942 10.241 10.466  9.223  8.943  9.580  9.230  9.037  9.607  6.938  7.614 3.551E+05
 90000. 8.384  2.799 -6.421  7.503  8.860  9.221  9.380  9.590 10.039 10.179 10.297  9.919 10.019 10.149 10.276 10.379 10.432 10.499 10.495 10.391 10.428 10.460 10.486  8.344  8.881  9.456  9.857 10.222  8.955  9.461  9.868 10.168 10.393  9.145  8.863  9.505  9.152  8.957  9.532  6.830  7.518 2.924E+05
100000. 8.368  2.302 -6.760  7.332  8.695  9.062  9.225  9.440  9.895 10.037 10.157  9.772  9.874 10.007 10.135 10.237 10.286 10.338 10.316 10.248 10.282 10.310 10.331  8.174  8.718  9.300  9.705 10.073  8.793  9.305  9.716 10.019 10.245  8.985  8.700  9.353  8.992  8.794  9.380  6.615  7.325 1.948E+05
110000. 8.351  1.846 -7.049  7.154  8.522  8.896  9.062  9.281  9.738  9.880  9.997  9.614  9.717  9.850  9.975 10.071 10.113 10.144 10.105 10.081 10.110 10.133 10.146  7.997  8.547  9.135  9.545  9.914  8.623  9.141  9.556  9.860 10.087  8.817  8.529  9.192  8.824  8.624  9.219  6.394  7.125 1.261E+05
120000. 8.334  1.425 -7.282  6.958  8.329  8.707  8.874  9.094  9.548  9.685  9.797  9.424  9.527  9.655  9.775  9.861  9.895  9.903  9.844  9.869  9.892  9.909  9.913  7.800  8.355  8.948  9.358  9.728  8.431  8.953  9.370  9.674  9.898  8.627  8.337  9.004  8.634  8.432  9.032  6.162  6.909 0.000E+00
130000. 8.315  1.030 -7.482  6.762  8.134  8.512  8.679  8.898  9.344  9.477  9.583  9.222  9.322  9.447  9.561  9.639  9.667  9.654  9.587  9.647  9.665  9.675  9.672  7.605  8.160  8.753  9.163  9.529  8.236  8.758  9.174  9.476  9.697  8.432  8.142  8.807  8.439  8.237  8.835  5.945  6.701 0.000E+00
140000. 8.296  0.659 -7.680  6.590  7.962  8.339  8.506  8.722  9.164  9.294  9.398  9.044  9.142  9.265  9.376  9.449  9.471  9.446  9.381  9.455  9.469  9.476  9.467  7.433  7.987  8.579  8.988  9.353  8.063  8.585  8.999  9.300  9.520  8.258  7.969  8.632  8.265  8.064  8.660  5.761  6.523 0.000E+00
150000. 8.275  0.309 -7.878  6.439  7.810  8.187  8.353  8.568  9.007  9.136  9.237  8.888  8.985  9.106  9.214  9.283  9.301  9.273  9.214  9.288  9.300  9.304  9.294  7.282  7.836  8.426  8.835  9.198  7.911  8.432  8.846  9.145  9.364  8.106  7.817  8.478  8.113  7.912  8.506  5.602  6.368 0.000E+00
