   61  1.0 Mo  Pure-hydrogen grid                          Wed Jan 13 09:14:54 2021
 Teff   log g  Mbol     BC    U      B      V      R      I      J      H      Ks     Y      J      H      K      W1     W2     W3     W4    S3.6   S4.5   S5.8   S8.0    u      g      r      i      z      g      r      i      z      y      G2    G2_BP  G2_RP   G3    G3_BP  G3_RP  FUV    NUV      Age
  1500. 8.642 21.111  1.161 24.400 22.194 19.950 19.963 22.397 22.357 22.013 23.328 22.442 22.285 21.882 23.298 18.731 17.971 17.086 16.207 18.420 17.973 17.941 17.620 25.426 21.062 19.810 22.522 22.161 20.718 19.885 22.597 22.248 21.982 20.517 20.417 21.058 20.559 20.424 21.126 58.886 35.141 1.221E+10
  1750. 8.642 20.441  1.009 23.704 21.640 19.433 19.235 21.048 21.287 21.186 22.331 21.348 21.209 21.062 22.296 18.303 17.618 16.813 16.022 18.019 17.621 17.572 17.279 24.693 20.560 19.106 21.220 21.019 20.224 19.175 21.281 21.049 20.980 19.835 19.813 20.014 19.871 19.820 20.073 57.066 34.085 1.213E+10
  2000. 8.642 19.861  0.810 23.108 21.215 19.052 18.679 19.809 20.195 20.339 21.327 20.263 20.116 20.224 21.287 17.862 17.258 16.519 15.817 17.607 17.262 17.200 16.924 24.079 20.170 18.601 20.059 19.947 19.843 18.653 20.103 19.937 20.020 19.275 19.374 19.139 19.305 19.380 19.185 55.188 33.098 1.203E+10
  2250. 8.642 19.350  0.600 22.594 20.835 18.750 18.229 18.829 19.283 19.626 20.482 19.354 19.208 19.519 20.439 17.484 16.950 16.262 15.628 17.256 16.955 16.882 16.622 23.542 19.842 18.219 19.134 19.080 19.527 18.253 19.164 19.048 19.222 18.793 19.032 18.427 18.817 19.038 18.463 53.563 32.243 1.192E+10
  2500. 8.642 18.892  0.403 22.123 20.488 18.489 17.859 18.056 18.517 18.939 19.677 18.603 18.448 18.847 19.635 17.099 16.637 16.008 15.427 16.897 16.641 16.568 16.329 23.050 19.541 17.926 18.400 18.387 19.240 17.941 18.420 18.341 18.570 18.373 18.752 17.846 18.392 18.758 17.873 52.221 31.502 1.177E+10
  2750. 8.642 18.478  0.210 21.707 20.185 18.268 17.553 17.426 17.853 18.331 18.892 17.931 17.791 18.251 18.853 16.742 16.337 15.747 15.220 16.569 16.344 16.256 16.033 22.615 19.280 17.696 17.821 17.802 18.991 17.698 17.832 17.752 17.992 18.010 18.521 17.364 18.025 18.527 17.385 50.867 30.791 1.158E+10
  3000. 8.642 18.100  0.046 21.303 19.890 18.054 17.284 16.916 17.268 17.773 18.212 17.326 17.213 17.702 18.176 16.415 16.062 15.503 15.019 16.267 16.070 15.973 15.764 22.196 19.024 17.490 17.362 17.310 18.748 17.485 17.366 17.264 17.480 17.685 18.303 16.958 17.699 18.309 16.974 49.546 30.086 1.141E+10
  3250. 8.641 17.752 -0.092 20.888 19.587 17.845 17.051 16.517 16.726 17.229 17.575 16.764 16.678 17.167 17.541 16.096 15.793 15.257 14.814 15.972 15.801 15.696 15.497 21.770 18.764 17.302 17.008 16.904 18.503 17.293 17.005 16.871 17.025 17.401 18.093 16.625 17.415 18.099 16.637 48.139 29.366 1.127E+10
  3500. 8.641 17.430 -0.201 20.457 19.273 17.631 16.843 16.219 16.218 16.689 16.972 16.255 16.176 16.633 16.941 15.777 15.520 15.004 14.602 15.674 15.529 15.419 15.227 21.333 18.496 17.118 16.738 16.585 18.251 17.108 16.732 16.571 16.640 17.155 17.879 16.357 17.171 17.886 16.368 46.590 28.591 1.112E+10
  3750. 8.641 17.130 -0.276 20.000 18.943 17.406 16.646 15.995 15.765 16.157 16.386 15.839 15.726 16.109 16.357 15.450 15.234 14.740 14.391 15.366 15.243 15.131 14.944 20.872 18.213 16.928 16.523 16.342 17.984 16.918 16.516 16.345 16.342 16.936 17.653 16.140 16.954 17.661 16.151 44.878 27.769 1.096E+10
  4000. 8.641 16.850 -0.318 19.519 18.589 17.168 16.450 15.805 15.389 15.647 15.815 15.530 15.349 15.606 15.788 15.112 14.925 14.474 14.206 15.045 14.935 14.823 14.650 20.386 17.911 16.728 16.334 16.145 17.700 16.718 16.326 16.158 16.114 16.725 17.411 15.948 16.745 17.420 15.959 43.013 26.896 1.078E+10
  4250. 8.641 16.586 -0.332 18.997 18.214 16.918 16.250 15.630 15.103 15.184 15.280 15.307 15.061 15.150 15.254 14.775 14.607 14.234 14.073 14.722 14.616 14.510 14.362 19.859 17.591 16.519 16.151 15.972 17.400 16.510 16.144 15.988 15.930 16.514 17.154 15.766 16.534 17.164 15.778 41.036 25.953 1.055E+10
  4500. 8.641 16.337 -0.319 18.441 17.820 16.656 16.040 15.454 14.896 14.795 14.831 15.131 14.854 14.767 14.803 14.471 14.322 14.064 13.992 14.429 14.331 14.239 14.135 19.298 17.257 16.297 15.965 15.805 17.086 16.289 15.959 15.820 15.765 16.294 16.879 15.583 16.314 16.891 15.595 36.991 24.951 1.030E+10
  4750. 8.640 16.101 -0.282 17.873 17.419 16.383 15.819 15.273 14.735 14.506 14.484 14.972 14.692 14.484 14.454 14.226 14.106 13.956 13.926 14.195 14.113 14.048 13.989 18.723 16.912 16.065 15.772 15.637 16.762 16.058 15.767 15.649 15.603 16.062 16.591 15.393 16.083 16.604 15.406 33.192 23.913 9.965E+09
  5000. 8.640 15.878 -0.229 17.315 17.022 16.107 15.594 15.088 14.591 14.307 14.241 14.818 14.549 14.289 14.210 14.051 13.966 13.879 13.866 14.030 13.970 13.930 13.896 18.159 16.568 15.827 15.575 15.466 16.437 15.821 15.570 15.475 15.442 15.824 16.296 15.199 15.844 16.311 15.213 30.237 22.927 9.533E+09
  5250. 8.639 15.664 -0.179 16.799 16.652 15.843 15.377 14.911 14.459 14.166 14.085 14.671 14.418 14.149 14.054 13.936 13.875 13.817 13.810 13.921 13.878 13.850 13.828 17.638 16.243 15.599 15.385 15.302 16.129 15.594 15.381 15.308 15.289 15.594 16.013 15.013 15.614 16.030 15.028 28.968 22.012 8.901E+09
  5500. 8.638 15.459 -0.136 16.321 16.309 15.595 15.172 14.743 14.335 14.051 13.974 14.532 14.295 14.034 13.943 13.850 13.803 13.763 13.760 13.838 13.805 13.785 13.770 17.155 15.941 15.384 15.205 15.147 15.842 15.380 15.202 15.149 15.142 15.374 15.744 14.836 15.394 15.764 14.852 27.986 21.237 7.911E+09
  6000. 8.636 15.076 -0.089 15.483 15.722 15.164 14.815 14.449 14.119 13.865 13.809 14.289 14.081 13.847 13.779 13.718 13.689 13.673 13.676 13.710 13.690 13.680 13.674 16.311 15.419 15.011 14.891 14.875 15.345 15.008 14.890 14.872 14.887 14.986 15.272 14.528 15.005 15.297 14.545 26.508 19.842 6.077E+09
  6500. 8.635 14.725 -0.090 14.818 15.258 14.815 14.524 14.210 13.943 13.718 13.684 14.091 13.905 13.699 13.655 13.618 13.604 13.606 13.605 13.614 13.604 13.602 13.603 15.645 15.001 14.708 14.636 14.655 14.945 14.706 14.636 14.647 14.679 14.667 14.885 14.278 14.685 14.916 14.295 25.155 18.509 5.237E+09
  7000. 8.633 14.400 -0.119 14.317 14.882 14.519 14.277 14.007 13.793 13.595 13.581 13.922 13.757 13.575 13.553 13.537 13.535 13.545 13.535 13.536 13.534 13.538 13.543 15.146 14.655 14.450 14.419 14.467 14.613 14.449 14.419 14.455 14.502 14.395 14.561 14.064 14.413 14.596 14.082 23.919 17.357 4.573E+09
  7500. 8.633 14.098 -0.159 13.925 14.564 14.257 14.055 13.823 13.660 13.490 13.492 13.770 13.626 13.469 13.464 13.464 13.470 13.479 13.467 13.464 13.469 13.475 13.480 14.755 14.358 14.220 14.223 14.297 14.324 14.219 14.224 14.281 14.342 14.153 14.279 13.871 14.171 14.318 13.890 22.705 16.469 3.994E+09
  8000. 8.632 13.815 -0.203 13.603 14.285 14.018 13.850 13.651 13.538 13.397 13.410 13.628 13.506 13.374 13.383 13.393 13.404 13.413 13.401 13.395 13.403 13.410 13.414 14.434 14.093 14.007 14.040 14.138 14.065 14.007 14.042 14.119 14.194 13.932 14.027 13.692 13.949 14.068 13.711 21.433 15.789 3.490E+09
  8500. 8.631 13.550 -0.247 13.329 14.035 13.797 13.658 13.491 13.425 13.310 13.333 13.496 13.395 13.287 13.306 13.323 13.337 13.349 13.340 13.326 13.337 13.344 13.349 14.161 13.852 13.810 13.869 13.990 13.829 13.809 13.872 13.968 14.055 13.727 13.797 13.524 13.744 13.840 13.544 20.168 15.248 3.051E+09
  9000. 8.630 13.299 -0.290 13.089 13.808 13.590 13.479 13.340 13.319 13.229 13.261 13.372 13.293 13.205 13.233 13.255 13.272 13.288 13.281 13.258 13.273 13.280 13.287 13.922 13.631 13.625 13.709 13.851 13.610 13.625 13.712 13.826 13.925 13.536 13.585 13.367 13.553 13.629 13.387 19.051 14.804 2.664E+09
  9500. 8.629 13.062 -0.332 12.873 13.599 13.394 13.310 13.198 13.220 13.153 13.191 13.257 13.196 13.128 13.162 13.187 13.208 13.229 13.225 13.191 13.209 13.218 13.226 13.707 13.426 13.451 13.557 13.721 13.406 13.450 13.562 13.693 13.804 13.356 13.388 13.220 13.373 13.433 13.240 18.108 14.427 2.321E+09
 10000. 8.628 12.837 -0.373 12.675 13.405 13.210 13.151 13.066 13.128 13.080 13.124 13.150 13.106 13.054 13.095 13.121 13.145 13.172 13.171 13.125 13.147 13.156 13.167 13.511 13.235 13.288 13.416 13.600 13.216 13.287 13.421 13.570 13.692 13.188 13.204 13.082 13.205 13.250 13.103 17.302 14.096 2.015E+09
 10500. 8.627 12.623 -0.417 12.494 13.227 13.040 13.005 12.945 13.043 13.012 13.061 13.052 13.023 12.986 13.032 13.058 13.084 13.115 13.119 13.062 13.086 13.096 13.108 13.330 13.058 13.137 13.286 13.490 13.040 13.137 13.291 13.457 13.590 13.033 13.035 12.956 13.050 13.081 12.977 16.542 13.799 1.747E+09
 11000. 8.626 12.418 -0.470 12.329 13.067 12.889 12.876 12.839 12.967 12.951 13.004 12.966 12.949 12.925 12.975 13.000 13.026 13.060 13.068 13.004 13.029 13.038 13.052 13.166 12.901 13.004 13.172 13.393 12.884 13.004 13.178 13.358 13.501 12.895 12.883 12.845 12.912 12.931 12.867 15.731 13.534 1.506E+09
 11500. 8.625 12.223 -0.538 12.183 12.930 12.761 12.767 12.750 12.902 12.898 12.954 12.893 12.885 12.871 12.925 12.950 12.977 13.012 13.024 12.954 12.980 12.988 13.003 13.021 12.767 12.892 13.076 13.312 12.750 12.892 13.083 13.275 13.425 12.778 12.754 12.752 12.795 12.802 12.774 14.950 13.302 1.296E+09
 12000. 8.624 12.035 -0.617 12.053 12.812 12.653 12.675 12.675 12.847 12.852 12.911 12.831 12.830 12.824 12.882 12.907 12.935 12.973 12.987 12.911 12.938 12.947 12.962 12.891 12.652 12.797 12.996 13.243 12.636 12.797 13.003 13.205 13.361 12.678 12.643 12.673 12.695 12.692 12.695 14.312 13.095 1.108E+09
 12500. 8.623 11.855 -0.703 11.935 12.706 12.558 12.595 12.610 12.798 12.810 12.872 12.777 12.782 12.782 12.843 12.870 12.898 12.939 12.955 12.874 12.901 12.911 12.927 12.774 12.550 12.715 12.926 13.184 12.536 12.714 12.933 13.144 13.305 12.590 12.544 12.604 12.606 12.594 12.627 13.810 12.903 9.551E+08
 13000. 8.622 11.683 -0.799 11.838 12.618 12.481 12.530 12.558 12.757 12.776 12.839 12.733 12.742 12.748 12.810 12.839 12.867 12.909 12.926 12.843 12.870 12.880 12.897 12.677 12.465 12.647 12.870 13.135 12.452 12.647 12.878 13.095 13.259 12.517 12.463 12.549 12.534 12.514 12.571 13.356 12.734 8.432E+08
 13500. 8.621 11.517 -0.906 11.762 12.550 12.422 12.481 12.518 12.726 12.748 12.813 12.699 12.710 12.721 12.784 12.813 12.842 12.884 12.902 12.817 12.845 12.854 12.871 12.602 12.400 12.596 12.828 13.098 12.388 12.596 12.835 13.057 13.224 12.461 12.401 12.506 12.478 12.452 12.529 12.942 12.593 7.613E+08
 14000. 8.620 11.357 -1.012 11.692 12.487 12.368 12.435 12.481 12.697 12.723 12.788 12.667 12.681 12.695 12.759 12.789 12.818 12.859 12.878 12.794 12.820 12.830 12.847 12.531 12.339 12.548 12.789 13.064 12.329 12.548 12.797 13.022 13.191 12.410 12.343 12.467 12.426 12.395 12.490 12.620 12.459 6.898E+08
 14500. 8.619 11.202 -1.111 11.618 12.421 12.313 12.389 12.443 12.666 12.696 12.762 12.634 12.650 12.668 12.734 12.765 12.793 12.835 12.854 12.769 12.795 12.805 12.822 12.458 12.276 12.500 12.749 13.028 12.267 12.500 12.757 12.986 13.157 12.357 12.283 12.426 12.373 12.335 12.449 12.365 12.329 6.268E+08
 15000. 8.618 11.053 -1.204 11.538 12.351 12.257 12.339 12.402 12.633 12.667 12.734 12.599 12.617 12.639 12.706 12.739 12.767 12.809 12.829 12.743 12.769 12.780 12.796 12.378 12.210 12.448 12.706 12.990 12.204 12.449 12.714 12.947 13.120 12.301 12.220 12.383 12.317 12.273 12.406 12.157 12.202 5.707E+08
 15500. 8.618 10.908 -1.292 11.455 12.280 12.200 12.289 12.360 12.599 12.637 12.705 12.561 12.582 12.609 12.677 12.711 12.740 12.783 12.803 12.716 12.742 12.753 12.769 12.295 12.144 12.396 12.661 12.949 12.140 12.397 12.669 12.907 13.081 12.243 12.156 12.338 12.260 12.210 12.361 11.978 12.079 5.209E+08
 16000. 8.617 10.768 -1.377 11.370 12.210 12.145 12.238 12.317 12.563 12.606 12.675 12.523 12.547 12.577 12.648 12.684 12.713 12.756 12.777 12.688 12.714 12.726 12.742 12.210 12.079 12.344 12.616 12.908 12.077 12.345 12.624 12.865 13.042 12.187 12.092 12.292 12.203 12.147 12.315 11.817 11.960 4.766E+08
 16500. 8.616 10.632 -1.459 11.285 12.142 12.091 12.189 12.274 12.528 12.574 12.645 12.484 12.511 12.546 12.618 12.656 12.685 12.729 12.751 12.661 12.687 12.699 12.716 12.126 12.016 12.293 12.571 12.867 12.016 12.294 12.580 12.823 13.002 12.131 12.030 12.246 12.147 12.086 12.270 11.667 11.847 4.371E+08
 17000. 8.615 10.500 -1.539 11.202 12.076 12.040 12.141 12.231 12.492 12.542 12.615 12.446 12.476 12.514 12.588 12.628 12.658 12.703 12.726 12.633 12.659 12.671 12.689 12.043 11.955 12.244 12.527 12.826 11.958 12.245 12.536 12.782 12.962 12.077 11.970 12.201 12.093 12.027 12.225 11.525 11.738 4.018E+08
 20000. 8.610  9.782 -1.974 10.746 11.719 11.757 11.873 11.989 12.287 12.355 12.437 12.225 12.271 12.326 12.411 12.463 12.499 12.555 12.587 12.469 12.499 12.516 12.537 11.587 11.625 11.970 12.278 12.591 11.640 11.972 12.287 12.545 12.734 11.779 11.639 11.948 11.793 11.702 11.972 10.798 11.155 2.515E+08
 25000. 8.602  8.793 -2.554 10.120 11.220 11.347 11.482 11.629 11.978 12.068 12.164 11.895 11.962 12.038 12.139 12.210 12.256 12.334 12.374 12.219 12.256 12.280 12.309 10.962 11.159 11.572 11.910 12.242 11.190 11.575 11.920 12.193 12.393 11.348 11.167 11.575 11.361 11.238 11.600  9.860 10.369 1.250E+08
 30000. 8.594  7.981 -2.978  9.565 10.760 10.959 11.105 11.275 11.663 11.770 11.878 11.563 11.646 11.741 11.854 11.939 11.990 12.065 12.093 11.949 11.988 12.015 12.044 10.407 10.726 11.191 11.551 11.895 10.770 11.194 11.561 11.845 12.053 10.940 10.725 11.211 10.951 10.804 11.237  9.163  9.721 6.163E+07
 35000. 8.585  7.290 -3.364  9.159 10.406 10.654 10.803 10.984 11.390 11.505 11.612 11.282 11.372 11.475 11.589 11.674 11.718 11.766 11.758 11.684 11.715 11.738 11.757 10.001 10.390 10.886 11.258 11.607 10.442 10.890 11.268 11.556 11.767 10.618 10.384 10.913 10.628 10.467 10.940  8.706  9.278 2.609E+07
 40000. 8.576  6.688 -3.764  8.907 10.180 10.452 10.604 10.791 11.204 11.322 11.428 11.093 11.185 11.292 11.405 11.489 11.529 11.567 11.547 11.498 11.526 11.547 11.562  9.749 10.172 10.685 11.063 11.415 10.229 10.689 11.074 11.363 11.576 10.408 10.163 10.716 10.417 10.249 10.743  8.410  9.000 8.206E+06
 45000. 8.568  6.155 -4.146  8.724 10.013 10.301 10.454 10.645 11.062 11.183 11.288 10.949 11.043 11.153 11.265 11.348 11.385 11.416 11.386 11.356 11.382 11.402 11.415  9.567 10.010 10.534 10.917 11.270 10.070 10.539 10.927 11.218 11.432 10.251 10.000 10.568 10.260 10.087 10.595  8.190  8.798 3.088E+06
 50000. 8.560  5.678 -4.500  8.579  9.879 10.177 10.332 10.526 10.946 11.067 11.172 10.832 10.926 11.038 11.150 11.231 11.267 11.292 11.255 11.240 11.264 11.283 11.293  9.421  9.879 10.411 10.797 11.151  9.941 10.416 10.807 11.099 11.313 10.124  9.868 10.447 10.133  9.956 10.474  8.013  8.636 1.766E+06
 55000. 8.552  5.244 -4.826  8.454  9.763 10.070 10.226 10.422 10.844 10.967 11.071 10.729 10.824 10.937 11.049 11.129 11.164 11.184 11.141 11.137 11.160 11.179 11.187  9.297  9.766 10.304 10.692 11.047  9.829 10.309 10.703 10.995 11.210 10.013  9.754 10.342 10.022  9.843 10.369  7.863  8.499 1.198E+06
 60000. 8.544  4.847 -5.127  8.344  9.659  9.974 10.130 10.328 10.752 10.875 10.980 10.636 10.731 10.846 10.957 11.037 11.070 11.087 11.040 11.045 11.067 11.085 11.092  9.187  9.665 10.208 10.598 10.954  9.729 10.213 10.609 10.902 11.117  9.914  9.652 10.247  9.923  9.742 10.274  7.730  8.378 8.791E+05
 65000. 8.537  4.480 -5.405  8.244  9.565  9.885 10.042 10.241 10.667 10.791 10.895 10.551 10.646 10.761 10.873 10.952 10.984 10.997 10.948 10.960 10.980 10.998 11.003  9.087  9.572 10.120 10.511 10.868  9.638 10.125 10.522 10.816 11.031  9.824  9.559 10.160  9.832  9.649 10.187  7.610  8.269 6.765E+05
 70000. 8.529  4.138 -5.664  8.151  9.477  9.802  9.960 10.161 10.587 10.712 10.816 10.471 10.566 10.682 10.793 10.872 10.903 10.913 10.862 10.880 10.900 10.916 10.921  8.994  9.486 10.037 10.430 10.787  9.552 10.042 10.441 10.735 10.950  9.739  9.472 10.078  9.747  9.563 10.105  7.500  8.168 5.348E+05
 75000. 8.521  3.819 -5.905  8.065  9.394  9.724  9.882 10.084 10.511 10.637 10.741 10.395 10.491 10.607 10.718 10.796 10.826 10.834 10.782 10.804 10.823 10.839 10.843  8.908  9.405  9.959 10.353 10.711  9.472  9.964 10.364 10.658 10.874  9.659  9.391 10.001  9.667  9.482 10.028  7.398  8.074 4.291E+05
 80000. 8.513  3.518 -6.130  7.982  9.315  9.649  9.808 10.010 10.439 10.565 10.668 10.322 10.418 10.535 10.646 10.723 10.753 10.759 10.706 10.731 10.750 10.765 10.768  8.825  9.327  9.884 10.280 10.638  9.395  9.890 10.290 10.585 10.801  9.583  9.313  9.927  9.591  9.404  9.954  7.301  7.985 3.464E+05
 85000. 8.504  3.234 -6.342  7.903  9.239  9.576  9.736  9.940 10.369 10.495 10.599 10.252 10.348 10.465 10.576 10.653 10.682 10.686 10.634 10.661 10.679 10.694 10.696  8.746  9.253  9.812 10.208 10.567  9.320  9.818 10.219 10.515 10.731  9.509  9.238  9.856  9.517  9.329  9.883  7.210  7.900 2.801E+05
 90000. 8.496  2.964 -6.542  7.827  9.166  9.506  9.666  9.871 10.301 10.427 10.531 10.183 10.280 10.398 10.508 10.585 10.613 10.616 10.564 10.592 10.610 10.624 10.626  8.670  9.180  9.742 10.139 10.498  9.249  9.748 10.150 10.446 10.662  9.438  9.165  9.786  9.446  9.257  9.814  7.122  7.818 2.260E+05
100000. 8.478  2.462 -6.909  7.682  9.025  9.370  9.531  9.737 10.169 10.296 10.399 10.051 10.148 10.266 10.377 10.452 10.479 10.481 10.431 10.459 10.476 10.490 10.491  8.525  9.041  9.607 10.006 10.365  9.110  9.612 10.016 10.313 10.529  9.300  9.025  9.652  9.308  9.118  9.679  6.955  7.663 1.444E+05
110000. 8.459  2.000 -7.239  7.542  8.890  9.239  9.401  9.608 10.041 10.168 10.272  9.923 10.020 10.139 10.249 10.324 10.351 10.351 10.304 10.331 10.347 10.361 10.361  8.385  8.907  9.476  9.876 10.236  8.977  9.482  9.887 10.184 10.401  9.168  8.891  9.522  9.176  8.984  9.550  6.798  7.515 0.000E+00
120000. 8.439  1.572 -7.539  7.408  8.759  9.112  9.274  9.483  9.916 10.044 10.147  9.798  9.895 10.014 10.125 10.199 10.225 10.226 10.182 10.206 10.222 10.235 10.235  8.251  8.777  9.349  9.750 10.111  8.847  9.355  9.761 10.059 10.276  9.039  8.761  9.396  9.047  8.854  9.424  6.648  7.374 0.000E+00
130000. 8.418  1.172 -7.814  7.276  8.630  8.987  9.150  9.359  9.794  9.922 10.025  9.675  9.773  9.892 10.002 10.077 10.102 10.103 10.063 10.083 10.099 10.112 10.112  8.120  8.650  9.225  9.627  9.988  8.721  9.230  9.638  9.935 10.153  8.913  8.633  9.272  8.921  8.726  9.300  6.502  7.236 0.000E+00
140000. 8.396  0.797 -8.068  7.149  8.505  8.864  9.028  9.238  9.674  9.802  9.905  9.555  9.652  9.772  9.883  9.957  9.982  9.984  9.948  9.963  9.979  9.991  9.993  7.992  8.525  9.103  9.506  9.867  8.597  9.108  9.517  9.815 10.032  8.790  8.509  9.151  8.797  8.602  9.179  6.362  7.102 0.000E+00
150000. 8.374  0.442 -8.302  7.024  8.383  8.744  8.909  9.120  9.556  9.685  9.788  9.437  9.535  9.655  9.765  9.839  9.864  9.869  9.837  9.846  9.861  9.874  9.876  7.868  8.404  8.983  9.387  9.749  8.476  8.989  9.398  9.696  9.914  8.669  8.387  9.032  8.677  8.481  9.060  6.227  6.973 0.000E+00
   72  1.0 Mo  Pure-helium grid                            Wed Jan 13 09:14:54 2021
 Teff   log g  Mbol     BC    U      B      V      R      I      J      H      Ks     Y      J      H      K      W1     W2     W3     W4    S3.6   S4.5   S5.8   S8.0    u      g      r      i      z      g      r      i      z      y      G2    G2_BP  G2_RP   G3    G3_BP  G3_RP  FUV    NUV      Age
  3250. 8.657 17.791 -1.104 21.010 20.352 18.894 17.960 17.063 16.060 15.581 15.443 16.462 16.010 15.570 15.421 15.792 15.923 15.868 15.401 15.834 15.912 16.017 16.019 21.854 19.692 18.324 17.682 17.295 19.476 18.304 17.668 17.343 17.167 18.170 19.090 17.253 18.195 19.098 17.261 35.634 26.741 8.743E+09
  3500. 8.657 17.469 -0.881 20.174 19.668 18.350 17.507 16.691 15.805 15.379 15.260 16.163 15.757 15.366 15.237 15.537 15.805 15.768 15.300 15.593 15.787 15.918 15.915 21.017 19.067 17.842 17.282 16.954 18.873 17.825 17.270 16.994 16.850 17.731 18.547 16.867 17.754 18.556 16.876 33.690 25.521 8.599E+09
  3750. 8.657 17.169 -0.686 19.409 19.045 17.855 17.098 16.357 15.579 15.203 15.113 15.897 15.533 15.189 15.090 15.366 15.671 15.652 15.169 15.419 15.650 15.805 15.798 20.251 18.496 17.405 16.922 16.650 18.322 17.392 16.912 16.681 16.567 17.329 18.049 16.519 17.351 18.060 16.529 31.927 24.406 8.454E+09
  4000. 8.657 16.889 -0.535 18.737 18.499 17.424 16.741 16.067 15.382 15.048 14.970 15.666 15.338 15.032 14.947 15.183 15.420 15.367 14.892 15.227 15.403 15.520 15.505 19.577 17.997 17.025 16.609 16.386 17.841 17.014 16.600 16.410 16.321 16.973 17.610 16.216 16.994 17.624 16.227 30.371 23.419 8.291E+09
  4250. 8.657 16.625 -0.410 18.128 18.005 17.035 16.420 15.809 15.209 14.909 14.838 15.462 15.166 14.892 14.814 15.025 15.206 15.118 14.662 15.064 15.195 15.273 15.252 18.966 17.545 16.685 16.330 16.151 17.406 16.676 16.323 16.169 16.103 16.649 17.212 15.944 16.669 17.227 15.957 28.959 22.520 8.109E+09
  4500. 8.657 16.377 -0.319 17.601 17.576 16.696 16.136 15.578 15.048 14.777 14.708 15.275 15.006 14.759 14.683 14.856 15.022 14.931 14.492 14.890 15.011 15.086 15.064 18.436 17.151 16.384 16.081 15.939 17.026 16.377 16.075 15.951 15.905 16.360 16.861 15.701 16.379 16.878 15.715 27.712 21.734 7.908E+09
  4750. 8.657 16.142 -0.247 17.131 17.192 16.389 15.878 15.366 14.900 14.655 14.588 15.104 14.860 14.637 14.562 14.712 14.866 14.763 14.345 14.743 14.856 14.922 14.895 17.965 16.798 16.112 15.854 15.745 16.685 16.107 15.849 15.753 15.724 16.094 16.542 15.479 16.113 16.561 15.493 26.596 21.032 7.687E+09
  5000. 8.656 15.919 -0.191 16.701 16.841 16.110 15.643 15.175 14.768 14.547 14.482 14.950 14.729 14.528 14.455 14.573 14.694 14.569 14.197 14.599 14.687 14.732 14.696 17.534 16.475 15.865 15.649 15.570 16.373 15.861 15.645 15.574 15.561 15.850 16.250 15.278 15.869 16.271 15.293 25.577 20.389 7.441E+09
  5250. 8.656 15.707 -0.151 16.309 16.522 15.857 15.431 15.003 14.648 14.446 14.381 14.811 14.610 14.427 14.354 14.435 14.523 14.383 14.067 14.454 14.517 14.544 14.502 17.141 16.181 15.642 15.464 15.412 16.090 15.639 15.461 15.412 15.414 15.628 15.983 15.096 15.647 16.006 15.112 24.637 19.796 7.143E+09
  5500. 8.656 15.504 -0.124 15.956 16.235 15.628 15.237 14.844 14.534 14.349 14.282 14.681 14.497 14.329 14.254 14.299 14.356 14.213 13.971 14.312 14.353 14.365 14.318 16.788 15.916 15.439 15.294 15.266 15.834 15.436 15.292 15.263 15.277 15.423 15.740 14.928 15.442 15.765 14.945 23.793 19.264 6.724E+09
  5750. 8.656 15.310 -0.108 15.636 15.972 15.418 15.058 14.697 14.428 14.258 14.190 14.560 14.391 14.238 14.161 14.172 14.203 14.068 13.890 14.179 14.201 14.202 14.156 16.467 15.673 15.251 15.136 15.130 15.600 15.249 15.135 15.124 15.149 15.234 15.516 14.773 15.252 15.543 14.790 23.030 18.781 6.207E+09
  6000. 8.655 15.124 -0.099 15.341 15.731 15.223 14.892 14.560 14.328 14.172 14.106 14.447 14.293 14.152 14.076 14.059 14.066 13.946 13.823 14.061 14.065 14.057 14.014 16.172 15.449 15.078 14.990 15.003 15.383 15.077 14.989 14.995 15.030 15.057 15.309 14.629 15.075 15.338 14.646 22.330 18.337 5.618E+09
  6250. 8.655 14.946 -0.097 15.068 15.506 15.043 14.738 14.433 14.236 14.094 14.029 14.343 14.202 14.073 14.000 13.962 13.953 13.851 13.770 13.960 13.953 13.940 13.902 15.899 15.241 14.917 14.855 14.886 15.182 14.917 14.855 14.875 14.920 14.892 15.115 14.495 14.910 15.146 14.513 21.684 17.926 5.043E+09
  6500. 8.655 14.775 -0.102 14.817 15.299 14.877 14.595 14.315 14.149 14.019 13.958 14.244 14.115 13.998 13.929 13.878 13.858 13.775 13.726 13.873 13.858 13.842 13.810 15.647 15.049 14.768 14.729 14.777 14.997 14.768 14.730 14.763 14.817 14.738 14.936 14.370 14.756 14.968 14.389 21.091 17.548 4.618E+09
  6750. 8.654 14.610 -0.111 14.585 15.107 14.721 14.460 14.203 14.067 13.949 13.894 14.151 14.033 13.927 13.864 13.808 13.781 13.715 13.687 13.802 13.782 13.765 13.739 15.415 14.870 14.628 14.610 14.673 14.823 14.629 14.611 14.658 14.719 14.593 14.768 14.252 14.611 14.802 14.271 20.551 17.202 4.303E+09
  7000. 8.654 14.451 -0.123 14.369 14.928 14.575 14.335 14.099 13.989 13.883 13.833 14.064 13.956 13.861 13.804 13.747 13.717 13.664 13.650 13.740 13.718 13.701 13.680 15.199 14.703 14.498 14.499 14.576 14.662 14.498 14.500 14.559 14.628 14.457 14.610 14.142 14.474 14.646 14.161 20.053 16.881 4.045E+09
  7500. 8.653 14.150 -0.159 13.981 14.604 14.310 14.105 13.906 13.845 13.759 13.722 13.902 13.812 13.736 13.693 13.642 13.614 13.585 13.590 13.635 13.615 13.601 13.589 14.811 14.400 14.259 14.295 14.396 14.368 14.261 14.297 14.376 14.458 14.208 14.323 13.939 14.225 14.362 13.959 19.162 16.307 3.592E+09
  8000. 8.653 13.869 -0.205 13.640 14.318 14.074 13.898 13.732 13.712 13.645 13.621 13.754 13.681 13.622 13.592 13.552 13.532 13.529 13.561 13.547 13.532 13.525 13.522 14.470 14.132 14.045 14.111 14.233 14.108 14.047 14.113 14.210 14.304 13.983 14.067 13.756 14.000 14.108 13.777 18.392 15.807 3.193E+09
  8500. 8.653 13.605 -0.272 13.348 14.076 13.877 13.726 13.585 13.597 13.545 13.532 13.628 13.567 13.521 13.504 13.480 13.472 13.492 13.510 13.477 13.471 13.474 13.481 14.178 13.906 13.867 13.956 14.096 13.890 13.870 13.960 14.070 14.172 13.794 13.851 13.602 13.810 13.895 13.623 17.721 15.356 2.841E+09
  9000. 8.652 13.355 -0.328 13.076 13.845 13.683 13.555 13.440 13.485 13.449 13.448 13.504 13.456 13.425 13.421 13.410 13.410 13.436 13.435 13.409 13.408 13.416 13.426 13.907 13.688 13.691 13.803 13.959 13.677 13.694 13.807 13.932 14.043 13.608 13.641 13.450 13.624 13.687 13.471 17.117 14.968 2.528E+09
  9500. 8.652 13.119 -0.391 12.832 13.638 13.510 13.402 13.309 13.385 13.363 13.372 13.392 13.356 13.338 13.345 13.346 13.353 13.378 13.364 13.346 13.351 13.361 13.372 13.663 13.493 13.533 13.666 13.837 13.488 13.536 13.670 13.807 13.926 13.440 13.452 13.313 13.456 13.501 13.335 16.569 14.612 2.249E+09
 10000. 8.651 12.895 -0.461 12.611 13.452 13.356 13.266 13.194 13.295 13.286 13.305 13.293 13.267 13.261 13.278 13.289 13.300 13.320 13.303 13.291 13.298 13.310 13.319 13.443 13.318 13.393 13.544 13.728 13.318 13.397 13.549 13.697 13.823 13.291 13.283 13.191 13.306 13.333 13.213 16.069 14.285 1.999E+09
 11000. 8.650 12.479 -0.613 12.231 13.133 13.091 13.033 12.992 13.136 13.146 13.179 13.118 13.108 13.120 13.153 13.180 13.198 13.214 13.199 13.183 13.196 13.209 13.215 13.063 13.018 13.153 13.332 13.538 13.026 13.157 13.338 13.504 13.642 13.031 12.990 12.980 13.046 13.045 13.003 15.198 13.712 1.559E+09
 12000. 8.649 12.098 -0.773 11.914 12.868 12.871 12.839 12.826 13.007 13.035 13.080 12.975 12.980 13.008 13.055 13.091 13.109 13.119 13.108 13.095 13.107 13.118 13.121 12.746 12.767 12.955 13.158 13.382 12.782 12.958 13.164 13.346 13.493 12.814 12.745 12.806 12.829 12.804 12.829 14.472 13.229 1.207E+09
 13000. 8.648 11.748 -0.931 11.645 12.641 12.679 12.671 12.679 12.892 12.934 12.988 12.849 12.866 12.907 12.964 13.005 13.022 13.033 13.023 13.009 13.020 13.030 13.033 12.477 12.552 12.782 13.005 13.244 12.572 12.785 13.011 13.206 13.362 12.626 12.534 12.653 12.639 12.596 12.677 13.862 12.821 9.234E+08
 14000. 8.647 11.423 -1.083 11.413 12.442 12.506 12.518 12.545 12.785 12.839 12.900 12.732 12.759 12.811 12.876 12.920 12.937 12.949 12.942 12.925 12.935 12.944 12.949 12.246 12.362 12.625 12.866 13.117 12.386 12.628 12.873 13.077 13.241 12.456 12.346 12.514 12.470 12.410 12.538 13.342 12.474 7.197E+08
 15000. 8.646 11.121 -1.225 11.211 12.264 12.346 12.375 12.419 12.680 12.745 12.812 12.620 12.655 12.717 12.788 12.836 12.853 12.867 12.859 12.840 12.851 12.861 12.866 12.044 12.190 12.480 12.735 12.997 12.217 12.482 12.742 12.956 13.125 12.301 12.176 12.384 12.314 12.242 12.408 12.894 12.175 6.012E+08
 16000. 8.645 10.838 -1.357 11.033 12.102 12.195 12.239 12.296 12.575 12.649 12.722 12.508 12.551 12.621 12.698 12.750 12.769 12.783 12.772 12.754 12.767 12.777 12.783 11.866 12.032 12.341 12.608 12.879 12.060 12.343 12.616 12.836 13.010 12.154 12.019 12.257 12.167 12.087 12.282 12.504 11.915 5.078E+08
 17000. 8.644 10.573 -1.480 10.872 11.953 12.052 12.108 12.175 12.467 12.550 12.628 12.394 12.443 12.522 12.605 12.663 12.684 12.699 12.687 12.668 12.682 12.693 12.699 11.705 11.884 12.208 12.485 12.762 11.913 12.210 12.492 12.718 12.895 12.016 11.873 12.133 12.028 11.941 12.158 12.162 11.685 4.316E+08
 18000. 8.643 10.322 -1.598 10.728 11.817 11.919 11.986 12.060 12.360 12.450 12.533 12.284 12.336 12.422 12.510 12.578 12.604 12.622 12.612 12.584 12.602 12.615 12.621 11.561 11.750 12.085 12.368 12.650 11.779 12.086 12.376 12.606 12.785 11.888 11.739 12.017 11.900 11.808 12.042 11.859 11.481 3.693E+08
 19000. 8.642 10.085 -1.717 10.598 11.696 11.802 11.878 11.957 12.261 12.356 12.442 12.183 12.237 12.327 12.419 12.496 12.530 12.556 12.550 12.503 12.527 12.544 12.554 11.432 11.630 11.975 12.264 12.549 11.659 11.977 12.271 12.505 12.684 11.774 11.620 11.913 11.786 11.690 11.938 11.589 11.298 3.177E+08
 20000. 8.641  9.859 -1.841 10.482 11.589 11.700 11.785 11.869 12.175 12.273 12.360 12.097 12.151 12.244 12.337 12.419 12.460 12.500 12.497 12.428 12.457 12.480 12.495 11.317 11.525 11.881 12.174 12.463 11.555 11.882 12.182 12.419 12.599 11.675 11.515 11.824 11.687 11.586 11.849 11.345 11.133 2.745E+08
 21000. 8.640  9.645 -1.969 10.379 11.495 11.614 11.706 11.795 12.105 12.205 12.292 12.026 12.081 12.176 12.269 12.352 12.397 12.450 12.450 12.361 12.393 12.421 12.441 11.214 11.434 11.801 12.100 12.391 11.465 11.802 12.107 12.347 12.528 11.590 11.425 11.749 11.602 11.496 11.774 11.127 10.985 2.380E+08
 22000. 8.639  9.440 -2.101 10.289 11.414 11.541 11.639 11.734 12.048 12.150 12.237 11.968 12.024 12.121 12.214 12.297 12.343 12.405 12.409 12.307 12.340 12.369 12.393 11.124 11.356 11.733 12.037 12.332 11.388 11.734 12.045 12.287 12.470 11.517 11.347 11.687 11.529 11.420 11.712 10.932 10.855 2.069E+08
 23000. 8.638  9.245 -2.237 10.213 11.347 11.482 11.585 11.685 12.003 12.108 12.195 11.923 11.979 12.079 12.172 12.255 12.301 12.367 12.373 12.264 12.297 12.326 12.353 11.049 11.291 11.678 11.987 12.285 11.324 11.679 11.995 12.240 12.424 11.458 11.283 11.636 11.470 11.356 11.662 10.761 10.745 1.803E+08
 24000. 8.637  9.057 -2.382 10.159 11.299 11.440 11.546 11.651 11.972 12.078 12.166 11.890 11.948 12.049 12.143 12.226 12.271 12.336 12.344 12.235 12.268 12.296 12.322 10.995 11.245 11.639 11.951 12.251 11.279 11.639 11.959 12.206 12.391 11.415 11.237 11.600 11.427 11.311 11.626 10.627 10.664 1.575E+08
 25000. 8.636  8.877 -2.533 10.122 11.266 11.410 11.520 11.627 11.951 12.058 12.146 11.868 11.927 12.029 12.123 12.206 12.250 12.313 12.320 12.214 12.247 12.275 12.299 10.958 11.213 11.611 11.926 12.228 11.247 11.612 11.935 12.183 12.369 11.386 11.206 11.575 11.398 11.280 11.601 10.532 10.608 1.377E+08
 26000. 8.635  8.704 -2.680 10.089 11.236 11.385 11.496 11.606 11.931 12.039 12.128 11.848 11.908 12.010 12.105 12.187 12.231 12.291 12.298 12.196 12.227 12.254 12.278 10.925 11.185 11.587 11.904 12.208 11.220 11.588 11.913 12.162 12.348 11.360 11.178 11.553 11.372 11.252 11.579 10.443 10.559 1.203E+08
 27000. 8.634  8.538 -2.818 10.052 11.203 11.356 11.469 11.582 11.910 12.019 12.108 11.826 11.887 11.990 12.085 12.166 12.209 12.266 12.274 12.175 12.205 12.232 12.254 10.889 11.153 11.560 11.880 12.185 11.189 11.561 11.888 12.139 12.326 11.331 11.146 11.528 11.343 11.221 11.554 10.341 10.502 1.051E+08
 28000. 8.632  8.377 -2.944 10.008 11.163 11.321 11.437 11.554 11.886 11.995 12.084 11.800 11.862 11.966 12.061 12.142 12.184 12.239 12.248 12.151 12.181 12.206 12.227 10.844 11.115 11.528 11.851 12.158 11.151 11.529 11.859 12.112 12.300 11.296 11.108 11.499 11.308 11.183 11.525 10.228 10.433 9.164E+07
 29000. 8.631  8.222 -3.060  9.957 11.117 11.282 11.401 11.522 11.858 11.969 12.058 11.771 11.835 11.939 12.035 12.116 12.157 12.210 12.220 12.124 12.153 12.178 12.198 10.794 11.071 11.491 11.818 12.127 11.108 11.492 11.826 12.081 12.270 11.256 11.065 11.466 11.268 11.140 11.492 10.110 10.354 7.968E+07
 30000. 8.630  8.072 -3.167  9.900 11.067 11.238 11.362 11.487 11.828 11.940 12.030 11.739 11.804 11.910 12.007 12.087 12.127 12.180 12.191 12.095 12.123 12.147 12.167 10.737 11.023 11.450 11.781 12.094 11.061 11.451 11.790 12.047 12.238 11.212 11.017 11.430 11.224 11.093 11.456  9.995 10.271 6.903E+07
 31000. 8.629  7.926 -3.266  9.840 11.014 11.192 11.319 11.450 11.795 11.908 11.999 11.705 11.772 11.879 11.977 12.056 12.095 12.149 12.162 12.064 12.092 12.116 12.136 10.677 10.972 11.407 11.742 12.058 11.011 11.408 11.751 12.011 12.202 11.166 10.967 11.390 11.177 11.043 11.417  9.884 10.187 5.951E+07
 32000. 8.628  7.785 -3.359  9.777 10.959 11.145 11.275 11.410 11.760 11.875 11.967 11.668 11.737 11.846 11.944 12.024 12.063 12.117 12.133 12.032 12.059 12.083 12.104 10.615 10.919 11.362 11.701 12.019 10.960 11.363 11.710 11.972 12.165 11.117 10.914 11.349 11.128 10.991 11.375  9.776 10.103 5.098E+07
 33000. 8.627  7.649 -3.448  9.713 10.903 11.096 11.229 11.368 11.723 11.839 11.932 11.629 11.700 11.810 11.909 11.990 12.030 12.086 12.105 11.998 12.026 12.050 12.072 10.551 10.865 11.315 11.658 11.978 10.908 11.316 11.667 11.931 12.125 11.067 10.860 11.306 11.078 10.938 11.332  9.672 10.020 4.336E+07
 34000. 8.625  7.516 -3.532  9.649 10.847 11.048 11.183 11.326 11.685 11.803 11.897 11.590 11.662 11.774 11.874 11.956 11.996 12.056 12.078 11.964 11.993 12.018 12.040 10.487 10.812 11.268 11.614 11.937 10.856 11.270 11.623 11.889 12.085 11.018 10.807 11.262 11.028 10.886 11.288  9.571  9.938 3.657E+07
 35000. 8.624  7.387 -3.613  9.586 10.791 11.001 11.137 11.283 11.647 11.766 11.862 11.550 11.624 11.737 11.839 11.922 11.963 12.025 12.052 11.931 11.960 11.986 12.009 10.424 10.760 11.221 11.571 11.896 10.805 11.223 11.580 11.848 12.044 10.968 10.754 11.218 10.979 10.833 11.245  9.471  9.858 3.056E+07
 36000. 8.623  7.262 -3.691  9.523 10.736 10.952 11.090 11.240 11.608 11.729 11.826 11.510 11.586 11.700 11.803 11.888 11.930 11.996 12.025 11.897 11.927 11.953 11.977 10.361 10.707 11.175 11.527 11.854 10.753 11.176 11.536 11.805 12.003 10.918 10.701 11.174 10.929 10.781 11.201  9.372  9.779 2.523E+07
 37000. 8.622  7.140 -3.765  9.461 10.682 10.905 11.044 11.198 11.570 11.692 11.791 11.470 11.548 11.663 11.768 11.854 11.898 11.967 12.000 11.863 11.894 11.921 11.947 10.300 10.655 11.128 11.483 11.812 10.702 11.130 11.493 11.764 11.963 10.869 10.648 11.131 10.880 10.729 11.157  9.274  9.701 2.058E+07
 38000. 8.620  7.021 -3.837  9.400 10.628 10.858 10.999 11.156 11.532 11.656 11.756 11.431 11.510 11.626 11.733 11.821 11.865 11.938 11.974 11.830 11.862 11.890 11.917 10.239 10.603 11.083 11.440 11.771 10.652 11.085 11.450 11.722 11.922 10.821 10.597 11.087 10.831 10.678 11.114  9.177  9.624 1.654E+07
 39000. 8.619  6.905 -3.906  9.340 10.575 10.811 10.954 11.114 11.494 11.620 11.720 11.392 11.472 11.590 11.698 11.787 11.833 11.910 11.949 11.797 11.830 11.859 11.887 10.179 10.552 11.037 11.397 11.730 10.602 11.039 11.407 11.681 11.882 10.772 10.545 11.044 10.783 10.627 11.071  9.080  9.547 1.313E+07
 40000. 8.618  6.792 -3.972  9.280 10.522 10.764 10.909 11.071 11.456 11.583 11.685 11.352 11.434 11.553 11.663 11.754 11.801 11.881 11.922 11.764 11.797 11.828 11.857 10.119 10.501 10.991 11.354 11.689 10.552 10.994 11.364 11.639 11.842 10.724 10.494 11.001 10.734 10.576 11.028  8.981  9.471 1.032E+07
 42500. 8.615  6.520 -4.117  9.115 10.378 10.637 10.786 10.956 11.351 11.481 11.587 11.243 11.329 11.451 11.565 11.661 11.711 11.795 11.826 11.672 11.707 11.740 11.771  9.954 10.363 10.867 11.236 11.575 10.418 10.870 11.246 11.525 11.731 10.593 10.354 10.883 10.602 10.439 10.910  8.717  9.266 5.757E+06
 45000. 8.612  6.265 -4.252  8.963 10.243 10.516 10.671 10.848 11.254 11.388 11.498 11.143 11.232 11.358 11.476 11.577 11.629 11.712 11.737 11.588 11.625 11.659 11.690  9.802 10.234 10.751 11.126 11.470 10.290 10.754 11.136 11.419 11.628 10.469 10.223 10.773 10.479 10.309 10.800  8.465  9.069 3.629E+06
 47500. 8.609  6.023 -4.340  8.768 10.071 10.363 10.525 10.711 11.131 11.272 11.386 11.017 11.110 11.241 11.364 11.469 11.522 11.598 11.610 11.480 11.517 11.551 11.580  9.608 10.069 10.603 10.986 11.337 10.129 10.606 10.997 11.285 11.499 10.313 10.056 10.634 10.322 10.144 10.661  8.201  8.830 2.581E+06
 50000. 8.606  5.794 -4.367  8.517  9.844 10.160 10.318 10.509 10.941 11.078 11.192 10.829 10.919 11.048 11.170 11.268 11.316 11.377 11.388 11.279 11.312 11.340 11.363  9.357  9.851 10.396 10.782 11.137  9.918 10.400 10.792 11.084 11.305 10.100  9.834 10.432 10.108  9.925 10.459  7.988  8.593 1.981E+06
 52500. 8.604  5.576 -4.490  8.405  9.738 10.066 10.219 10.411 10.845 10.978 11.092 10.733 10.823 10.948 11.070 11.168 11.217 11.293 11.318 11.178 11.213 11.244 11.273  9.245  9.749 10.298 10.683 11.039  9.819 10.302 10.694 10.986 11.208 10.000  9.732 10.334 10.007  9.823 10.361  7.891  8.491 1.593E+06
 55000. 8.601  5.367 -4.651  8.348  9.685 10.018 10.170 10.364 10.800 10.933 11.048 10.687 10.778 10.903 11.026 11.125 11.176 11.255 11.283 11.136 11.172 11.204 11.234  9.188  9.697 10.249 10.635 10.992  9.769 10.253 10.646 10.939 11.162  9.949  9.680 10.286  9.957  9.771 10.313  7.831  8.434 1.322E+06
 57500. 8.599  5.168 -4.814  8.306  9.645  9.982 10.134 10.330 10.767 10.901 11.016 10.654 10.746 10.871 10.994 11.094 11.145 11.225 11.253 11.105 11.141 11.173 11.203  9.147  9.659 10.213 10.601 10.958  9.731 10.218 10.611 10.905 11.129  9.912  9.641 10.251  9.920  9.733 10.278  7.781  8.389 1.120E+06
 60000. 8.596  4.977 -4.974  8.270  9.612  9.951 10.104 10.301 10.739 10.873 10.988 10.625 10.718 10.843 10.966 11.065 11.117 11.197 11.225 11.076 11.113 11.145 11.176  9.111  9.626 10.182 10.571 10.929  9.699 10.187 10.582 10.876 11.100  9.880  9.608 10.221  9.888  9.700 10.248  7.735  8.350 9.638E+05
 65000. 8.591  4.617 -5.275  8.203  9.548  9.892 10.045 10.245 10.684 10.818 10.933 10.570 10.663 10.789 10.912 11.011 11.062 11.143 11.169 11.022 11.058 11.091 11.121  9.044  9.564 10.123 10.514 10.874  9.637 10.128 10.525 10.820 11.045  9.820  9.546 10.164  9.827  9.638 10.191  7.646  8.274 7.398E+05
 70000. 8.586  4.282 -5.549  8.136  9.484  9.832  9.986 10.187 10.628 10.762 10.878 10.512 10.607 10.733 10.856 10.956 11.008 11.089 11.112 10.967 11.003 11.036 11.067  8.977  9.501 10.063 10.456 10.817  9.574 10.068 10.467 10.763 10.987  9.758  9.483 10.106  9.766  9.576 10.133  7.556  8.197 5.858E+05
 75000. 8.581  3.970 -5.797  8.066  9.416  9.768  9.923 10.126 10.569 10.704 10.819 10.452 10.548 10.674 10.798 10.898 10.951 11.032 11.051 10.910 10.947 10.980 11.011  8.908  9.434 10.000 10.395 10.756  9.508 10.005 10.406 10.702 10.927  9.693  9.416 10.044  9.701  9.509 10.071  7.462  8.116 4.727E+05
 80000. 8.576  3.677 -6.023  7.993  9.345  9.700  9.857 10.062 10.506 10.643 10.759 10.388 10.485 10.613 10.738 10.840 10.893 10.972 10.986 10.851 10.889 10.922 10.953  8.834  9.364  9.933 10.330 10.692  9.439  9.938 10.341 10.638 10.863  9.625  9.346  9.979  9.632  9.440 10.006  7.365  8.031 3.845E+05
 85000. 8.571  3.401 -6.229  7.917  9.272  9.630  9.788  9.996 10.443 10.581 10.699 10.324 10.422 10.551 10.677 10.781 10.834 10.910 10.916 10.792 10.830 10.863 10.893  8.758  9.292  9.864 10.263 10.627  9.367  9.869 10.274 10.573 10.798  9.554  9.274  9.911  9.562  9.368  9.939  7.265  7.943 3.142E+05
 90000. 8.566  3.140 -6.419  7.840  9.197  9.559  9.718  9.929 10.378 10.518 10.637 10.258 10.357 10.488 10.616 10.720 10.774 10.844 10.842 10.732 10.769 10.802 10.829  8.681  9.218  9.794 10.195 10.560  9.293  9.799 10.206 10.506 10.732  9.482  9.200  9.843  9.490  9.294  9.871  7.165  7.854 2.568E+05
100000. 8.555  2.655 -6.759  7.683  9.046  9.413  9.577  9.792 10.248 10.390 10.510 10.125 10.227 10.360 10.489 10.592 10.642 10.696 10.678 10.603 10.638 10.667 10.688  8.525  9.069  9.651 10.057 10.425  9.144  9.657 10.068 10.370 10.597  9.336  9.051  9.704  9.343  9.145  9.732  6.963  7.674 1.699E+05
110000. 8.543  2.212 -7.048  7.518  8.886  9.260  9.427  9.646 10.104 10.247 10.365  9.980 10.084 10.217 10.343 10.440 10.483 10.517 10.481 10.450 10.480 10.503 10.517  8.360  8.911  9.500  9.910 10.280  8.988  9.506  9.921 10.225 10.452  9.182  8.893  9.557  9.189  8.988  9.585  6.756  7.488 1.066E+05
120000. 8.532  1.805 -7.281  7.336  8.708  9.086  9.254  9.474  9.929 10.067 10.180  9.805  9.908 10.037 10.158 10.245 10.281 10.291 10.233 10.254 10.278 10.295 10.300  8.178  8.734  9.327  9.738 10.108  8.810  9.333  9.749 10.054 10.278  9.006  8.716  9.384  9.013  8.811  9.412  6.539  7.286 0.000E+00
130000. 8.519  1.426 -7.483  7.158  8.530  8.909  9.077  9.296  9.743  9.877  9.985  9.621  9.722  9.847  9.962 10.042 10.071 10.060  9.992 10.049 10.068 10.080 10.078  8.000  8.557  9.150  9.560  9.928  8.633  9.156  9.572  9.874 10.096  8.829  8.538  9.205  8.836  8.634  9.233  6.339  7.096 0.000E+00
140000. 8.507  1.073 -7.681  7.004  8.377  8.755  8.922  9.139  9.582  9.714  9.818  9.461  9.561  9.684  9.796  9.870  9.893  9.869  9.802  9.876  9.891  9.898  9.891  7.847  8.402  8.995  9.405  9.770  8.478  9.001  9.416  9.717  9.937  8.674  8.384  9.049  8.681  8.480  9.077  6.173  6.936 0.000E+00
150000. 8.494  0.743 -7.880  6.873  8.245  8.623  8.789  9.005  9.445  9.574  9.677  9.325  9.423  9.545  9.654  9.724  9.743  9.714  9.653  9.730  9.742  9.746  9.736  7.716  8.271  8.862  9.271  9.635  8.346  8.868  9.282  9.582  9.802  8.542  8.252  8.915  8.549  8.348  8.943  6.035  6.801 0.000E+00
