# Evolutionary track for a 1.0124 Msun sequence with He atmosphere.
# log Teff [K], log L/Lsun, log g [cm/s^2], log radius [Rsun], mass [Msun], cooling age [Gyr], total age [Gyr]
5.492321625735395,3.799921665552448,7.566106981511371,-1.5614235822419396,1.0124427239507132,0.0,0.028530462082036752
5.485008934503302,3.7243250098572216,7.612452872278225,-1.5845965276253666,1.0124427239507132,2.4090949771553276e-07,0.028530702991534467
5.4817535240307915,3.679052394033697,7.644703846211708,-1.6007220145921082,1.0124427239507132,5.192965568229556e-07,0.028530981378593574
5.481019909078806,3.6482647324318185,7.672557048005647,-1.6146486154890776,1.0124427239507132,8.533610277511179e-07,0.028531315443064503
5.481782283793599,3.6239048385819905,7.699966440714645,-1.6283533118435767,1.0124427239507132,1.2542383928596973e-06,0.028531716320429612
5.48346530198544,3.601537331132999,7.7290660209310005,-1.6429031019517544,1.0124427239507132,1.7352912309989334e-06,0.028532197373267752
5.48571733308031,3.57842421542408,7.7611872610193995,-1.658963721995954,1.0124427239507132,2.312554636761546e-06,0.028532774636673513
5.488244559066712,3.5524637004408484,7.797256679948239,-1.6769984314603734,1.0124427239507132,3.0052707236781715e-06,0.028533467352760432
5.490688722963012,3.522071651349209,7.837425384625077,-1.6970827837987925,1.0124427239507132,3.826535142756999e-06,0.02853428861717951
5.4924380303047675,3.4898949697414845,7.8765992955998225,-1.7166697392861656,1.0124427239507132,4.679759081192314e-06,0.028535141841117946
5.493332382474354,3.457795351188848,7.912276322830806,-1.734508252901657,1.0124427239507132,5.507744122378528e-06,0.028535969826159132
5.49346806865269,3.421646370703457,7.948968048029542,-1.752854115501025,1.0124427239507132,6.419746363412589e-06,0.028536881828400164
5.492611575386082,3.3783230682725884,7.988865377393978,-1.7728027801832433,1.0124427239507132,7.496334580156952e-06,0.02853795841661691
5.490688204608262,3.3332158373670984,8.026279125188193,-1.7915096540803503,1.0124427239507132,8.60377855090797e-06,0.02853906586058766
5.487982265672214,3.289672865505359,8.058998341305735,-1.8078692621391212,1.0124427239507132,9.666925126492977e-06,0.028540129007163247
5.484158149174482,3.2408479810199182,8.09252675980025,-1.8246334713863792,1.0124427239507132,1.0872247377227993e-05,0.02854133432941398
5.478820617511305,3.183737733004433,8.128286881163026,-1.8425135320677675,1.0124427239507132,1.2318634078107775e-05,0.02854278071611486
5.47245678699887,3.1249912976177425,8.161577994499975,-1.8591590887362417,1.0124427239507132,1.3849136595830322e-05,0.028544311218632584
5.465827088307592,3.070404234820654,8.189646262531953,-1.8731932227522308,1.0124427239507132,1.531413521564007e-05,0.02854577621725239
5.457735381582183,3.009047908657657,8.218635761793315,-1.8876879723829116,1.0124427239507132,1.7042829613696785e-05,0.028547504911650447
5.447883720167204,2.939680181254554,8.248596843536502,-1.9026685132545054,1.0124427239507132,1.911726289136708e-05,0.02854957934492812
5.437012636101703,2.8681378350147098,8.276654853514342,-1.9166975182434256,1.0124427239507132,2.1394165820799768e-05,0.02855185624785755
5.426741297343633,2.804234421407411,8.299472912089362,-1.9281065475309356,1.0124427239507132,2.3542705736208706e-05,0.028554004787772962
5.416739546541448,2.7445579911756273,8.319142339112407,-1.9379412610424573,1.0124427239507132,2.566335543159768e-05,0.02855612543746835
5.406964210656065,2.6881762702731944,8.336422716473308,-1.946581449722908,1.0124427239507132,2.777665854914114e-05,0.028558238740585894
5.395635909027461,2.6247003860790836,8.354585394152997,-1.955662788562753,1.0124427239507132,3.0312622290186585e-05,0.028560774704326938
5.382680012234415,2.5542071531758315,8.373255039884068,-1.964997611428288,1.0124427239507132,3.332707816725224e-05,0.028563789160204005
5.371637315272667,2.4957805250827274,8.38751088013018,-1.9721255315513437,1.0124427239507132,3.595005381970852e-05,0.02856641213585646
5.361458686364568,2.44300953830772,8.399567351272792,-1.9781537671226503,1.0124427239507132,3.843329214910045e-05,0.028568895374185853
5.351730910457822,2.3933976747849233,8.410268111168604,-1.9835041470705563,1.0124427239507132,4.0878251269243656e-05,0.028571340333305995
5.340539720172316,2.3371347534716764,8.421766271339825,-1.989253227156167,1.0124427239507132,4.3812202213417736e-05,0.02857427428425017
5.3277584594700444,2.2738207673268267,8.43395521467559,-1.9953476988240493,1.0124427239507132,4.7332943346422164e-05,0.028577795025383174
5.316990746054638,2.221242792247251,8.44346233609354,-2.0001012595330243,1.0124427239507132,5.0408933088719845e-05,0.02858087101512547
5.307104933337346,2.173486025387025,8.451675852084595,-2.0042080175285517,1.0124427239507132,5.334643349077552e-05,0.02858380851552753
5.295848230712232,2.1195992421432384,8.460535824827927,-2.008638003900218,1.0124427239507132,5.68714339732416e-05,0.028587333516009995
5.283133779815224,2.0593103311647627,8.469966932218373,-2.0133535575954404,1.0124427239507132,6.110143455220387e-05,0.028591563516588956
5.272523747033486,2.0094823379622464,8.477354794293937,-2.017047488633223,1.0124427239507132,6.479653551391885e-05,0.028595258617550672
5.26278904753733,1.9641025862802193,8.483795747991337,-2.020267965481923,1.0124427239507132,6.834308400547877e-05,0.02859880516604223
5.251729038782205,1.9128801732477083,8.49077812600335,-2.023759154487929,1.0124427239507132,7.259894219534472e-05,0.028603061024232098
5.239224592369047,1.8553811047523214,8.498259408846106,-2.0274997959093075,1.0124427239507132,7.770597202318907e-05,0.02860816805405994
5.228682692841803,1.8072652171650483,8.504207698324398,-2.030473940648453,1.0124427239507132,8.220558177909627e-05,0.028612667663815847
5.218943377361262,1.76307396929339,8.509441684273895,-2.0330909336232015,1.0124427239507132,8.654000347343833e-05,0.02861700208551019
5.20781990961908,1.7128716305622043,8.515150152036357,-2.035945167504433,1.0124427239507132,9.174130950664357e-05,0.028622203391543397
5.195176397795717,1.6561408014881414,8.52130693381697,-2.0390235583947387,1.0124427239507132,9.798287674649432e-05,0.028628444958783247
5.184537315882411,1.6086838737446858,8.526207533907195,-2.041473858439852,1.0124427239507132,0.00010345907296090574,0.028633921154997657
5.174741142963674,1.5651866709047706,8.530520045072162,-2.0436301140223354,1.0124427239507132,0.00010871312126505747,0.02863917520330181
5.163564137182195,1.5157591671784159,8.535239525672605,-2.045989854322557,1.0124427239507132,0.00011501797923004255,0.028645480061266795
5.150909036612634,1.460035291561173,8.540342999011603,-2.0485415909920555,1.0124427239507132,0.00012258380878802017,0.028653045890824774
5.1403354600142634,1.4136784620051843,8.544405522174106,-2.0505728525733073,1.0124427239507132,0.00012921240119311957,0.028659674483229872
5.130639649819129,1.37131034328703,8.547990400111727,-2.0523652915421176,1.0124427239507132,0.00013558274136609585,0.028666044823402848
5.119647042893829,1.3234136970130466,8.551916618684508,-2.0543284008285085,1.0124427239507132,0.00014322714957366883,0.02867368923161042
5.107286434478725,1.2697211782582187,8.556166703778919,-2.056453443375714,1.0124427239507132,0.0001524004394227527,0.028682862521459504
5.096922475488616,1.224844320662344,8.559587725414357,-2.0581639541934327,1.0124427239507132,0.00016051846782562138,0.028690980549862372
5.087389116465711,1.1836669456528714,8.562631664332212,-2.05968592365236,1.0124427239507132,0.0001683858635578379,0.028698847945594592
5.076627202695336,1.1372852520394061,8.565965702864176,-2.061352942918342,1.0124427239507132,0.00017782673843649776,0.02870828882047325
5.06456738577627,1.0854335241532005,8.56957816307412,-2.0631591730233136,1.0124427239507132,0.00018915578829088435,0.028719617870327636
5.054369782740269,1.0416994757826576,8.572521799300658,-2.064630991136583,1.0124427239507132,0.00019929711553381383,0.028729759197570565
5.044939834794481,1.001339606094167,8.575161877205996,-2.065951030089252,1.0124427239507132,0.0002091977257375121,0.028739659807774265
5.034304021860557,0.9559028772177156,8.57805535434675,-2.067397768659629,1.0124427239507132,0.00022107845798194782,0.0287515405400187
5.022382200215291,0.9050778803977856,8.581193064585616,-2.068966623779062,1.0124427239507132,0.00023533533667526767,0.02876579741871202
5.012237861680684,0.8619270157018112,8.583766575143164,-2.0702533790578364,1.0124427239507132,0.00024817206333996355,0.028778634145376715
5.002821745043957,0.8219470881897384,8.586082036108328,-2.0714111095404184,1.0124427239507132,0.00026073835303234684,0.028791200435069098
4.9921835161916475,0.7768535588674149,8.588622650021414,-2.0726814164969607,1.0124427239507132,0.0002758179006632045,0.028806279982699957
4.980239235799431,0.7263187385502878,8.591380348769675,-2.0740602658710925,1.0124427239507132,0.0002939133578202389,0.02882437543985699
4.970075766098235,0.6834038743129947,8.593641334202186,-2.075190758587347,1.0124427239507132,0.0003101977097081356,0.02884065979174489
4.9606509017450495,0.6436716068997436,8.595674144202693,-2.076207163587601,1.0124427239507132,0.0003261260906315595,0.028856588172668313
4.950012178977975,0.5988874681513442,8.597903391882795,-2.0773217874276515,1.0124427239507132,0.00034524014773967116,0.028875702229776423
4.9380948872850725,0.5488006254995964,8.600321067762934,-2.0785306253677214,1.0124427239507132,0.0003681770162694007,0.02889863909830615
4.927983371360276,0.5063736605379436,8.602301969025397,-2.0795210759989535,1.0124427239507132,0.00038882965344924853,0.028919291735486
4.9186275320841535,0.4671688259634444,8.604083446495409,-2.0804118147339588,1.0124427239507132,0.00040906536669125035,0.028939527448728002
4.908113182025204,0.423161055073838,8.606033817149218,-2.0813870000608627,1.0124427239507132,0.0004333482225816548,0.028963810304618406
4.896400564661783,0.374200065205264,8.608144337564106,-2.082442260268307,1.0124427239507132,0.00046248764965013786,0.02899294973168689
4.886447786964055,0.33265020150097274,8.609883090477489,-2.083311636724998,1.0124427239507132,0.0004889165597901642,0.029019378641826916
4.875363108370574,0.2864235501021799,8.611771027502353,-2.0842556052374306,1.0124427239507132,0.0005206312519581988,0.02905109333399495
4.863134553962799,0.23548256335877532,8.613797796614659,-2.085268989793583,1.0124427239507132,0.0005586888825598322,0.029089150964596584
4.853062935068287,0.19357408653276353,8.615419797862627,-2.0860799904175673,1.0124427239507132,0.0005923886875085346,0.029122850769545287
4.843860631999288,0.1553170922027757,8.616867579916615,-2.086803881444562,1.0124427239507132,0.0006253659855126404,0.02915582806754939
4.833639872740301,0.11286113836062052,8.61844049672282,-2.0875903398476647,1.0124427239507132,0.0006649387431175709,0.029195400825154323
4.822404090515386,0.06622836891195583,8.620130137271829,-2.0884351601221685,1.0124427239507132,0.0007124260522434861,0.029242888134280238
4.812815869735173,0.026466786492964803,8.621538836569968,-2.089139509771238,1.0124427239507132,0.0007562550856807046,0.02928671716771746
4.802403340995459,-0.017179959230986034,8.623535467335062,-2.0901378251537848,1.0124427239507132,0.0008088499258053675,0.02933931200784212
4.790981031408298,-0.06454824288483785,8.625214512640266,-2.0909773478063878,1.0124427239507132,0.000871963733954966,0.029402425815991718
4.782014903045627,-0.10169397970728904,8.626495736012037,-2.0916179594922726,1.0124427239507132,0.0009257968842864633,0.029456258966323215
4.772220419360994,-0.14224094345612415,8.62786476502234,-2.0923024739974236,1.0124427239507132,0.0009903966646842583,0.029520858746721012
4.76165481454158,-0.18594470174016975,8.629306104028727,-2.0930231435006177,1.0124427239507132,0.0010679164011616186,0.029598378483198372
4.750412848798036,-0.23240719094276746,8.630800730257153,-2.093770456614831,1.0124427239507132,0.001160940084934447,0.0296914021669712
4.74116667317026,-0.27058751776588896,8.631996354569166,-2.0943682687708374,1.0124427239507132,0.0012460765548025741,0.029776538636839326
4.731330405246596,-0.3111787805758111,8.633242545684435,-2.094991364328472,1.0124427239507132,0.001348240318644326,0.02987870240068108
4.721022334700236,-0.3536905815071131,8.634522064430293,-2.095631123701401,1.0124427239507132,0.0014708368352544308,0.030001298917291183
4.710388165283341,-0.39752145978220593,8.635816265037809,-2.096278224005159,1.0124427239507132,0.0016179526551865562,0.03014841473722331
4.701719562048952,-0.4332294048572338,8.636849797175282,-2.0967949900738954,1.0124427239507132,0.0017553234363941177,0.03028578551843087
4.6927760665689195,-0.4700579143546822,8.6379043247526,-2.097322253862554,1.0124427239507132,0.0019201683738431894,0.03045063045587994
4.683692051591014,-0.5074549119864178,8.638965262472713,-2.0978527227226107,1.0124427239507132,0.002117982298782077,0.030648444380818828
4.674606814092988,-0.5448502016602381,8.640019602154432,-2.09837989256347,1.0124427239507132,0.0023553590087087416,0.030885821090745495
4.665655429558558,-0.5816916206233183,8.641055482979791,-2.0988978329761494,1.0124427239507132,0.00264021106062074,0.031170673142657493
4.656955154356653,-0.6175000030815994,8.642062764630447,-2.0994014738014775,1.0124427239507132,0.002982033522915136,0.03151249560495189
4.648595619975053,-0.651910507262193,8.643035131284643,-2.099887657128576,1.0124427239507132,0.003392220477668412,0.031922682559705165
4.640629248258877,-0.6847111291677093,8.643970266325457,-2.1003552246489825,1.0124427239507132,0.0038844448233723416,0.032414906905409095
4.633064589358244,-0.7158686768862725,8.644869178441489,-2.1008046807069984,1.0124427239507132,0.00447511403821706,0.033005576120253816
4.627296310906717,-0.7396326894567339,8.645560077205841,-2.1011501300891746,1.0124427239507132,0.005023898005780458,0.03355436008781721
4.621586133266908,-0.7631690134289781,8.646255690618851,-2.1014979367956794,1.0124427239507132,0.00568243876685654,0.03421290084889329
4.61588330067277,-0.7866849986645423,8.646960345477863,-2.1018502642251855,1.0124427239507132,0.006472687680147838,0.03500314976218459
4.611338538819626,-0.8054297664598952,8.647526065860639,-2.1021331244165737,1.0124427239507132,0.007205035690371107,0.03573549777240786
4.606589713006336,-0.825022202887577,8.64812319903516,-2.102431691003834,1.0124427239507132,0.008083853302639034,0.036614315384675786
4.601576198291694,-0.8457107395863042,8.648757676875318,-2.1027489299239135,1.0124427239507132,0.009138434437360551,0.0376688965193973
4.597427625359266,-0.862832516924311,8.649285162483613,-2.1030126727280605,1.0124427239507132,0.010110354130004894,0.03864081621204165
4.592902401092466,-0.8815134768335223,8.649865225325627,-2.1033027041490677,1.0124427239507132,0.011276657761178102,0.039807119843214854
4.587938903824988,-0.9020092211962419,8.650506980618431,-2.10362358179547,1.0124427239507132,0.012676222118585956,0.041206684200622706
4.583746164154139,-0.9193261831722552,8.651052983911049,-2.1038965834417787,1.0124427239507132,0.013957810297117453,0.04248827237915421
4.579053654204644,-0.9387069871640337,8.65166374810485,-2.104201965538679,1.0124427239507132,0.015495716111355256,0.04402617819339201
4.573681009533341,-0.9608833881433357,8.65234957039894,-2.104544876685724,1.0124427239507132,0.017341203088440622,0.045871665170477374
4.569145124956731,-0.9795964680111959,8.652919111960358,-2.1048296474664334,1.0124427239507132,0.019013954516462143,0.047544416598498895
4.564037707685181,-1.0006568071741406,8.653549782037102,-2.1051449825048056,1.0124427239507132,0.021021256230087968,0.04955171831212472
4.558402869905079,-1.0238828684355057,8.654236492178057,-2.105488337575283,1.0124427239507132,0.023430018286438953,0.051960480368475705
4.553445385835366,-1.0442981655829233,8.654821853046627,-2.105781018009568,1.0124427239507132,0.02557452027597994,0.054104982358016696
4.54888138183063,-1.0630854817350222,8.655353153179782,-2.106046668076145,1.0124427239507132,0.027669516747431358,0.05619997882946811
4.5436468223379665,-1.084622624588178,8.655952058062283,-2.106346120517396,1.0124427239507132,0.03018351251317307,0.05871397459520982
4.537646318190739,-1.1092957942748385,8.656623211160035,-2.106681697066272,1.0124427239507132,0.03320030743206311,0.061730769514099865
4.532473069198003,-1.1305559789104638,8.657190399824717,-2.106965291398613,1.0124427239507132,0.035916110012813286,0.06444657209485004
4.52760235873536,-1.150565501173911,8.657717080237589,-2.107228631605049,1.0124427239507132,0.03856473481611854,0.0670951968981553
4.521957376833336,-1.1737482813430493,8.658319932798632,-2.1075300578855702,1.0124427239507132,0.04174308458008486,0.07027354666212161
4.5154484752498005,-1.2004699102576517,8.659005955379094,-2.107873069175801,1.0124427239507132,0.045557104296844425,0.07408756637888117
4.509783587411934,-1.223715895949855,8.65959238971983,-2.108166286346169,1.0124427239507132,0.048932178680189356,0.0774626407622261
4.504533956166292,-1.245254118619127,8.660132087406534,-2.108436135189521,1.0124427239507132,0.05218839028617543,0.08071885236821218
4.498395940444274,-1.2704302234351634,8.6607561293345,-2.108748156153504,1.0124427239507132,0.05609584421335872,0.08462630629539547
4.491260925621047,-1.299688133247268,8.661473979853694,-2.109107081413101,1.0124427239507132,0.06078478892597866,0.0893152510080154
4.485315301732679,-1.3240710828459423,8.662074433898896,-2.109407308435702,1.0124427239507132,0.06489545830205165,0.0934259203840884
4.47983938005197,-1.3465301887008085,8.662629853030925,-2.1096850180017173,1.0124427239507132,0.06883281470531949,0.09736327678735625
4.473513539398496,-1.3724787109101706,8.663275012626395,-2.1100075977994517,1.0124427239507132,0.07355764238924091,0.10208810447127765
4.466234107360439,-1.4023453459825501,8.664023919546546,-2.1103820512595273,1.0124427239507132,0.0792274356099466,0.10775789769198335
4.460170371437934,-1.4272318400796093,8.664655469953585,-2.110697826463047,1.0124427239507132,0.0841224789045091,0.11265294098654585
4.454601110609088,-1.4500961079578987,8.665242694516492,-2.1109914387444997,1.0124427239507132,0.08876495935019846,0.11729542143223522
4.449248429161112,-1.472078104774262,8.665813965540945,-2.111277074256727,1.0124427239507132,0.09336766769669835,0.1218981297787351
4.442911813103805,-1.4981001553611233,8.666489551898582,-2.1116148674355455,1.0124427239507132,0.09889091771249822,0.12742137979453497
4.435490259676037,-1.528573116161432,8.667276298987817,-2.112008240980163,1.0124427239507132,0.10551881773145805,0.1340492798134948
4.429592898683545,-1.5528046728136495,8.667918411670067,-2.1123292973212875,1.0124427239507132,0.1113566009324791,0.13988706301451584
4.424172469135384,-1.5750702248118151,8.668502245475594,-2.112621214224051,1.0124427239507132,0.11693886654115929,0.14546932862319603
4.418792701956199,-1.5971689292054305,8.669081881152463,-2.1129110320624855,1.0124427239507132,0.1224635458036599,0.15099400788569664
4.412661845426588,-1.6222788410755424,8.669668366904135,-2.1132042749383215,1.0124427239507132,0.12909316091866066,0.1576236230006974
4.405401894729377,-1.651932020638225,8.670281743677974,-2.113510963325241,1.0124427239507132,0.1370486990566615,0.16557916113869828
4.399414687257841,-1.6763812341572986,8.670782127310904,-2.1137611551417064,1.0124427239507132,0.14400254702547519,0.17253300910751193
4.393856089006846,-1.6990905754182901,8.671257075567912,-2.11399862927021,1.0124427239507132,0.15062956518222198,0.17916002726425875
4.388393071845461,-1.7213997936454748,8.671714225149557,-2.1142272040610326,1.0124427239507132,0.1571985670626024,0.18572902914463915
4.381834433817359,-1.7481605481727909,8.672240427564466,-2.114490305268488,1.0124427239507132,0.1650813693190589,0.19361183140109567
4.374924922011132,-1.7763806723517366,8.672822504518503,-2.1147813437455056,1.0124427239507132,0.1745407320268067,0.20307119410884347
4.369266360185193,-1.799502669138606,8.673310254001617,-2.115025218487063,1.0124427239507132,0.1828352134248988,0.21136567550693558
4.3641759736888295,-1.820333372462075,8.673779411339632,-2.1152597971560705,1.0124427239507132,0.190671602937708,0.21920206501974476
4.35881201161248,-1.8422375707510903,8.67422776132325,-2.115483972147879,1.0124427239507132,0.19834759328468132,0.2268780553667181
4.352786791968492,-1.8668184684539038,8.67470778045011,-2.115723981711309,1.0124427239507132,0.20755878170104936,0.23608924378308613
4.345540814859526,-1.896337700081888,8.67524310364223,-2.1159916433073698,1.0124427239507132,0.21861220780069102,0.24714266988272776
4.33943046181983,-1.9212168665732445,8.6756808579748,-2.1162105204736545,1.0124427239507132,0.22826028446206648,0.2567907465441032
4.333798870669292,-1.944151175552917,8.676088802352323,-2.1164144926624155,1.0124427239507132,0.23746772062818472,0.26599818271022146
4.32714323275838,-1.9712577659794444,8.676572841135204,-2.1166565120538565,1.0124427239507132,0.2485166440275266,0.27704710610956335
4.319448634523459,-2.002549929012139,8.677086611228214,-2.116913397100361,1.0124427239507132,0.2617753521067368,0.29030581418877355
4.31312947897933,-2.02822666322479,8.67748672326435,-2.1171134531184292,1.0124427239507132,0.2732098960061925,0.30174035808822924
4.307371872127797,-2.0516176444968846,8.677847277130313,-2.1172937300514105,1.0124427239507132,0.28403028076687864,0.3125607428489154
4.301875493404107,-2.07394358269417,8.678187700432836,-2.117463941702672,1.0124427239507132,0.29471195608879636,0.3232424181708331
4.295370649398608,-2.1003640295758492,8.678588771292521,-2.1176644771325144,1.0124427239507132,0.3075299664750976,0.3360604285571343
4.28799081606236,-2.130314994933946,8.679020403305623,-2.1178802931390655,1.0124427239507132,0.32291157893865907,0.3514420410206958
4.281786390177987,-2.1554743787913435,8.679362083625533,-2.1180511332990206,1.0124427239507132,0.33633750852861954,0.36486797061065623
4.2760831563804205,-2.1785961028587026,8.679670872502626,-2.118205527737567,1.0124427239507132,0.3490965238164106,0.37762698589844734
4.270610441998571,-2.200775007813875,8.679958919930398,-2.118349551451453,1.0124427239507132,0.36172745627184993,0.3902579183538867
4.264279264919117,-2.2264269189068266,8.680286122705537,-2.1185131528390224,1.0124427239507132,0.3768845752183771,0.40541503730041384
4.256991629691276,-2.255944586887028,8.68065324977437,-2.118696716373439,1.0124427239507132,0.3950731179542098,0.42360358003624654
4.250857887718628,-2.2807798186072836,8.680953513604036,-2.1188468482882725,1.0124427239507132,0.41092391141305645,0.43945437349509314
4.245212516560979,-2.303631585780205,8.68122379614636,-2.118981989559435,1.0124427239507132,0.4259960321155087,0.4545264941975454
4.239790177835204,-2.325574931254174,8.68147778671723,-2.119108984844869,1.0124427239507132,0.4409323240739906,0.4694627861560273
4.233506030023908,-2.350997180026947,8.681763444244819,-2.1192518136086638,1.0124427239507132,0.45885587442416886,0.4873863365062056
4.2262604860012125,-2.3802967799195147,8.682080868046603,-2.1194105255095557,1.0124427239507132,0.4803641348443829,0.5088945969264196
4.220163092696659,-2.404946097269612,8.682340612178486,-2.1195403975754967,1.0124427239507132,0.49911543467742725,0.5276458967594639
4.21455720567033,-2.427604586172842,8.682575552976399,-2.119657867974454,1.0124427239507132,0.5169444991493024,0.5454749612313391
4.209180112507381,-2.44933482807011,8.682797422221878,-2.119768802597193,1.0124427239507132,0.5346081744171628,0.5631386364991995
4.2029622638714175,-2.4744583854443767,8.683049585052286,-2.1198948840123975,1.0124427239507132,0.5558045847385952,0.5843350468206319
4.195813349919011,-2.5033382121053696,8.683333755903655,-2.1200369694380816,1.0124427239507132,0.581240277124314,0.6097707392063508
4.1898170486125865,-2.527557708820254,8.68356804739284,-2.1201541151826735,1.0124427239507132,0.6033895560136328,0.6319200180956696
4.184318419709919,-2.5497643200909863,8.683780143052898,-2.1202601630127034,1.0124427239507132,0.624425490289439,0.6529559523714757
4.179059165572095,-2.5710015681098395,8.683980374520461,-2.120360278746485,1.0124427239507132,0.6452418575924372,0.673772319674474
4.17299636098443,-2.595480976389722,8.684208564449683,-2.1204743737110956,1.0124427239507132,0.6702214983560351,0.6987519604380719
4.166064365615089,-2.623467753398241,8.684467359980836,-2.120603771476672,1.0124427239507132,0.7001970672723526,0.7287275293543894
4.16031400598536,-2.646683430178318,8.684681598241998,-2.120710890607253,1.0124427239507132,0.7262158761325626,0.7547463382145992
4.1551027365026485,-2.667723612133895,8.68487670226673,-2.120808442619619,1.0124427239507132,0.7508543122206942,0.7793847743027309
4.150188017009271,-2.6875683176976852,8.685062529857008,-2.1209013564147585,1.0124427239507132,0.7751645002760542,0.803694962358091
4.144595898671736,-2.710151806022,8.68527754483118,-2.1210088639018445,1.0124427239507132,0.8043367259424864,0.8328671880245231
4.1379534607088155,-2.7369765697583053,8.68553255671581,-2.121136369844159,1.0124427239507132,0.8393433967422049,0.8678738588242416
4.13293886553089,-2.7572395177028564,8.685737123948654,-2.121238653460581,1.0124427239507132,0.869568022499483,0.8980984845815198
4.128778814763975,-2.774059482857282,8.685916886035422,-2.121328534503965,1.0124427239507132,0.898789756703225,0.9273202187852617
4.12449577999752,-2.791376828031438,8.686102092143761,-2.1214211375581344,1.0124427239507132,0.9280934285169102,0.9566238905989469
4.1198836199121915,-2.8100349098564603,8.686311533627467,-2.1215258582999885,1.0124427239507132,0.9632578346933326,0.9917882967753693
4.114672914648494,-2.831118335468956,8.686552138185174,-2.1216461605788415,1.0124427239507132,1.0054551221050394,1.0339855841870762
4.110488736355422,-2.8480500228845673,8.686747112428494,-2.121743647700501,1.0124427239507132,1.041191456479722,1.0697219185617586
4.106756700502161,-2.8631523114668296,8.686921257597715,-2.1218307202851117,1.0124427239507132,1.0743968862622892,1.102927348344326
4.103246657737859,-2.8773554491952926,8.687084224268972,-2.12191220362074,1.0124427239507132,1.106655385010333,1.1351858470923695
4.0999053312486975,-2.890877491630957,8.687240960747985,-2.121990571860247,1.0124427239507132,1.1386182411426644,1.1671487032247012
4.09605255413906,-2.9064712733801277,8.687423634058606,-2.122081908515557,1.0124427239507132,1.1769736685014622,1.205504130583499
4.091544435913516,-2.9247140857761704,8.687633973552474,-2.1221870782624914,1.0124427239507132,1.2230001813320197,1.2515306434140565
4.087945157789983,-2.9392802236602855,8.687802998942455,-2.122271590957482,1.0124427239507132,1.2614256147759997,1.2899560768580365
4.084833416633866,-2.951870602872195,8.687946413529898,-2.122343298251203,1.0124427239507132,1.295323680256318,1.3238541423383545
4.082105237557755,-2.962906830749457,8.688069925102717,-2.1224050540376123,1.0124427239507132,1.3243908690175719,1.3529213310996087
4.0799840589313146,-2.971487266947899,8.688165646795396,-2.1224529148839517,1.0124427239507132,1.3494931115495215,1.3780235736315583
4.077958976299855,-2.9796718764270107,8.688249925748673,-2.1224950543605905,1.0124427239507132,1.3716722030875907,1.4002026651696273
4.076090520139355,-2.987223471693011,8.688327696372673,-2.12253393967259,1.0124427239507132,1.3906831230332415,1.4192135851152783
4.074985155117858,-2.991694836716766,8.688377601310435,-2.122558892141472,1.0124427239507132,1.4058918589897622,1.434422321071799
4.073899438590585,-2.996082461149383,8.688422359633963,-2.1225812713032353,1.0124427239507132,1.418058847754979,1.4465893098370157
4.072929683757674,-2.9999980104335116,8.688458889586446,-2.122599536279477,1.0124427239507132,1.4287500320296975,1.457280494111734
4.0721121146520645,-3.0033009823589545,8.68849158508945,-2.1226158840309792,1.0124427239507132,1.438155361605558,1.4666858236875946
4.071337573213133,-3.0064309709308428,8.688523407905615,-2.1226317954390623,1.0124427239507132,1.446656263161774,1.475186725243811
4.070534556557626,-3.0096723745050014,8.688552744857745,-2.122646463915127,1.0124427239507132,1.4541023525393846,1.4826328146214214
4.07012679242065,-3.011322452508935,8.688571766313776,-2.1226559746431426,1.0124427239507132,1.4603431238643887,1.4888735859464255
4.069579041962678,-3.013531721871083,8.688590033844033,-2.1226651084082704,1.0124427239507132,1.4660873324986137,1.4946177945806502
4.069055041595787,-3.015647352180062,8.688609662685446,-2.122674922828977,1.0124427239507132,1.4715275395404936,1.5000580016225304
4.068480101286061,-3.0179675197058256,8.68863006897231,-2.12268512597241,1.0124427239507132,1.4764885184487695,1.5050189805308063
4.0679135564891045,-3.020252948392446,8.688649318471104,-2.122694750721806,1.0124427239507132,1.480932352355267,1.5094628144373037
4.067637271880265,-3.0213716753496085,8.688662906992906,-2.122701544982708,1.0124427239507132,1.4849307724748948,1.5134612345569316
4.067206012058512,-3.0231100783121554,8.68867627066844,-2.122708226820474,1.0124427239507132,1.4887391405522195,1.517269602634256
4.066870495456884,-3.024466424344875,8.688690550294648,-2.1227153666335785,1.0124427239507132,1.4921341971514208,1.5206646592334576
4.066676468018119,-3.0252478186141487,8.688695834808863,-2.122718008890686,1.0124427239507132,1.4952112854251085,1.523741747507145
4.0663976737115375,-3.0263741793687235,8.688707018337114,-2.122723600654812,1.0124427239507132,1.4989037913535335,1.5274342534355703
4.066210442392109,-3.0271349488418355,8.688718862532511,-2.12272952275251,1.0124427239507132,1.5033347984676435,1.5318652605496803
4.0657135423860495,-3.0291385813890184,8.688734895055457,-2.122737539013983,1.0124427239507132,1.5086520070045755,1.5371824690866123
4.065173280135443,-3.031319300170364,8.688754564834378,-2.1227473739034433,1.0124427239507132,1.515032657248894,1.5435631193309307
4.064673544579817,-3.0333362106643986,8.688772533105904,-2.122756358039206,1.0124427239507132,1.5202393688227485,1.5487698309047853
4.064353744212799,-3.034630755816788,8.688787876790224,-2.122764029881366,1.0124427239507132,1.5251675456500142,1.5536980077320508
4.063802961385674,-3.036850086231088,8.688804075896021,-2.1227721294342654,1.0124427239507132,1.5298024299415247,1.5583328920235615
4.0635202566856,-3.0379948460565314,8.688818016921173,-2.122779099946841,1.0124427239507132,1.5341684328764826,1.5626988949585194
4.063092549973194,-3.039718434186183,8.6888307782012,-2.122785480586855,1.0124427239507132,1.5382795138218026,1.5668099759038394
4.062810437108808,-3.040859785232651,8.68884367779012,-2.1227919303813145,1.0124427239507132,1.5420465635654252,1.5705770256474618
4.062513975710548,-3.0420565300449867,8.688854577009417,-2.122797379990963,1.0124427239507132,1.5455219504192301,1.574052412501267
4.062217409078839,-3.043253515643423,8.688865296081019,-2.122802739526764,1.0124427239507132,1.5489140727999264,1.5774445348819632
4.06192953635119,-3.0444153141744343,8.688875603701435,-2.1228078933369714,1.0124427239507132,1.55217862254226,1.5807090846242966
4.061565683847277,-3.045880525994744,8.688885405506095,-2.1228127942393016,1.0124427239507132,1.5553314789620307,1.5838619410440673
4.0613186251009115,-3.046877313687171,8.688893958213056,-2.122817070592782,1.0124427239507132,1.5582022430778035,1.5867327051598403
4.061064096771857,-3.0479074136002424,8.68890594480991,-2.12282306389121,1.0124427239507132,1.5616471600167312,1.590177622098768
4.060660182346242,-3.0495348535453495,8.688917727052557,-2.1228289550125328,1.0124427239507132,1.5657810603434443,1.5943115224254811
4.060410252308148,-3.0505461548021042,8.688929308156933,-2.122834745564721,1.0124427239507132,1.5693462403560277,1.5978767024380642
4.060122966569635,-3.0517057166937867,8.688939727094565,-2.122839955033537,1.0124427239507132,1.572685605369285,1.6012160674513218
4.059749080288157,-3.053210955334645,8.68894942060951,-2.1228448017910093,1.0124427239507132,1.5759326413747654,1.6044631034568022
4.059482810780167,-3.05428517887791,8.688958566120816,-2.1228493745466617,1.0124427239507132,1.578965936895435,1.6074963989774715
4.059228020313029,-3.0553164023163957,8.688970627690749,-2.1228554053316286,1.0124427239507132,1.5826058915202381,1.611136353602275
4.058770635403118,-3.057158677992908,8.688983363727619,-2.1228617733500634,1.0124427239507132,1.5869738370700022,1.6155042991520387
4.058490005895364,-3.0582940295721968,8.68899619727589,-2.122868190124199,1.0124427239507132,1.5908452302828326,1.6193756923648694
4.058095321261262,-3.0598832727943295,8.689006701961615,-2.1228734424670623,1.0124427239507132,1.5945465182550342,1.623076980337071
4.057839270218628,-3.0609191813425656,8.689018406339319,-2.122879294655913,1.0124427239507132,1.598018798934276,1.6265492610163128
4.057565964930884,-3.0620220354738907,8.689028039319666,-2.122884111146087,1.0124427239507132,1.6012916979678773,1.629822160049914
4.057220255522689,-3.063414844373851,8.689038010586849,-2.1228890967796783,1.0124427239507132,1.6044690986653343,1.6329995607473708
4.057011857549656,-3.064256967520389,8.689046541841254,-2.122893362406881,1.0124427239507132,1.607358452506128,1.6358889145881648
4.056667451285408,-3.0656429090330644,8.689054858296934,-2.122897520634721,1.0124427239507132,1.610029192593858,1.6385596546758947
4.0565444734916625,-3.066142410002794,8.689062448091684,-2.122901315532096,1.0124427239507132,1.6125559126155704,1.641086374697607
4.056161434039922,-3.0676838682185044,8.689071748500432,-2.12290596573647,1.0124427239507132,1.615587976641625,1.6441184387236616
4.05594333688399,-3.0685669159823177,8.689082407640516,-2.1229112953065123,1.0124427239507132,1.6192264534728906,1.6477569155549274
4.055577262186124,-3.07004147901768,8.689092671884417,-2.122916427428463,1.0124427239507132,1.6224513046870648,1.6509817667691016
4.055309104654571,-3.071121829859236,8.689100392599757,-2.122920287786133,1.0124427239507132,1.6254513312140044,1.6539817932960412
4.054957941415523,-3.072538067274583,8.689111977058918,-2.122926080015713,1.0124427239507132,1.6290513630463321,1.657581825128369
4.054564530089177,-3.0741230939851985,8.689123358464144,-2.1229317707183264,1.0124427239507132,1.6333714012451255,1.6619018633271623
4.054118655554274,-3.075921642181212,8.689138408520547,-2.1229392957465283,1.0124427239507132,1.6385554470836774,1.667085909165714
4.053555085889922,-3.078194110996928,8.689156598678855,-2.1229483908256817,1.0124427239507132,1.6447763020899393,1.673306764171976
4.053105565538889,-3.0800083601094403,8.689172766387237,-2.122956474679873,1.0124427239507132,1.6501232580859444,1.6786537201679812
4.052606978071214,-3.082017019943207,8.689187076350303,-2.1229636296614056,1.0124427239507132,1.654865980155608,1.6833964422376446
4.052296291460672,-3.0832725673256633,8.689199877290589,-2.122970030131549,1.0124427239507132,1.6590397941485469,1.6875702562305837
4.051903762431416,-3.084853508437914,8.689210702285816,-2.122975442629163,1.0124427239507132,1.6630373066536617,1.6915677687356985
4.0516476593269735,-3.085888207086105,8.689220988516237,-2.122980585744372,1.0124427239507132,1.6665172320712196,1.6950476941532564
4.051378605558496,-3.086972924842935,8.689229491199159,-2.1229848370858337,1.0124427239507132,1.6696197740127239,1.6981502360947607
4.051028274536434,-3.0883826168438935,8.689237859111868,-2.122989021042188,1.0124427239507132,1.6726739884317439,1.7012044505137807
4.05076623684063,-3.08943938392978,8.68924647541454,-2.1229933291935246,1.0124427239507132,1.6755183679453372,1.7040488300273737
4.050532576165434,-3.0903844519600123,8.689256900743988,-2.122998541858248,1.0124427239507132,1.6789316233616487,1.7074620854436855
4.050115161865957,-3.092066303610567,8.689269095196636,-2.1230046390845723,1.0124427239507132,1.683027529861223,1.7115579919432597
4.04982421686365,-3.0932406005687314,8.689279612145567,-2.123009897559038,1.0124427239507132,1.6865599430380311,1.715090405120068
4.049444233492806,-3.094769206470664,8.689288284564128,-2.123014233768318,1.0124427239507132,1.6898686166346988,1.7183990787167356
4.04922287215025,-3.0956641809695364,8.689297813692777,-2.1230189983326424,1.0124427239507132,1.6929885231692512,1.721518985251288
4.048964657670245,-3.096705321185756,8.689306095988975,-2.123023139480742,1.0124427239507132,1.6959255164935658,1.7244559785756026
4.048716834108254,-3.0977040699757636,8.689313550531018,-2.1230268667517636,1.0124427239507132,1.6987777261045534,1.7273081881865902
4.04847870347627,-3.0986641455296104,8.689321103556932,-2.12303064326472,1.0124427239507132,1.7015261307830072,1.730056592865044
4.048246842618463,-3.09959855518506,8.689328069781148,-2.123034126376828,1.0124427239507132,1.7041796651603291,1.7327101272423657
4.04802038234914,-3.1005111198893545,8.689334793408156,-2.123037488190332,1.0124427239507132,1.7067403584328324,1.7352708205148692
4.047804037350725,-3.101383192443483,8.689341485968622,-2.1230408344705656,1.0124427239507132,1.7092117593369325,1.737742221418969
4.047592726452196,-3.1022350808461665,8.689348130777189,-2.123044156874849,1.0124427239507132,1.7115969090392913,1.740127371121328
4.047383741585523,-3.1030775616204886,8.68935467208482,-2.1230474275286637,1.0124427239507132,1.7138988351730866,1.7424292972551234
4.047182611483006,-3.1038879290611576,8.68936051911542,-2.123050351043964,1.0124427239507132,1.7161204373873853,1.744650899469422
4.046987316785683,-3.104674863992636,8.689366275257607,-2.1230532291150577,1.0124427239507132,1.7182645195409603,1.746794981622997
4.046795843429206,-3.105446685317567,8.689372203156632,-2.1230561930645697,1.0124427239507132,1.7203337863547672,1.7488642484368038
4.046609101048912,-3.106199427140718,8.689377975458605,-2.1230590792155564,1.0124427239507132,1.7223308484853688,1.7508613105674056
4.046427294932385,-3.1069318966280113,8.689383220479789,-2.1230617017261486,1.0124427239507132,1.7242582254177583,1.7527886874997949
4.046171598824381,-3.1079593975459407,8.689387936965707,-2.1230640599691073,1.0124427239507132,1.7261183487406515,1.7546488108226883
4.046046916118699,-3.1084648762112015,8.689394684808239,-2.1230674338903732,1.0124427239507132,1.7283504967281234,1.7568809588101602
4.045792688104347,-3.1094894400485185,8.689402336588147,-2.1230712597803274,1.0124427239507132,1.7310290743130896,1.7595595363951264
4.04541400763079,-3.1110122698864404,8.689410444531841,-2.1230753137521745,1.0124427239507132,1.734243367415049,1.7627738294970858
4.045142314979323,-3.1121069678987108,8.68941837193824,-2.123079277455374,1.0124427239507132,1.7370922565225717,1.7656227186046085
4.0448979802433875,-3.113094146067401,8.689428211163191,-2.1230841970678496,1.0124427239507132,1.740510923451599,1.7690413855336355
4.044481688126548,-3.1147705351000483,8.68943943172848,-2.1230898073504942,1.0124427239507132,1.7446133237664312,1.7731437858484678
4.044201517869279,-3.1159005774820687,8.689448793081425,-2.1230944880269664,1.0124427239507132,1.747988863254263,1.7765193253362999
4.043975099681567,-3.1168100084886197,8.689452551337128,-2.1230963671548184,1.0124427239507132,1.7495149492115742,1.778045411293611
4.043804092347858,-3.1174988031859203,8.689457316699594,-2.123098749836051,1.0124427239507132,1.7513462523603474,1.779876714442384
4.043680940538029,-3.117997792590353,8.689463698864706,-2.1231019409186076,1.0124427239507132,1.753543816138875,1.7820742782209118
4.043435756280941,-3.1189857813345947,8.6894709505806,-2.123105566776554,1.0124427239507132,1.7561808926731084,1.784711354755145
4.043069100311713,-3.1204605137282337,8.689479059097323,-2.1231096210349163,1.0124427239507132,1.7593453845141882,1.787875846596225
4.0427992376699,-3.121547642745636,8.689486737547474,-2.123113460259992,1.0124427239507132,1.7621501338170444,1.7906805958990812
4.042561985419309,-3.1225062473930816,8.689496333192553,-2.123118258082531,1.0124427239507132,1.765515832980472,1.794046295062509
4.0423572677047845,-3.1233300568515467,8.689501271792928,-2.1231207273827177,1.0124427239507132,1.7675352524785286,1.7960657145605652
4.042153392995137,-3.1241520027483474,8.689507718851134,-2.1231239509118214,1.0124427239507132,1.7699585558761963,1.7984890179582331
4.041884277810899,-3.1252361440757417,8.689515399441577,-2.1231277912070428,1.0124427239507132,1.7728665199533977,1.8013969820354345
4.041631567695497,-3.126253901823389,8.689522316727613,-2.1231312498500605,1.0124427239507132,1.7755242662552349,1.8040547283372717
4.0413901221367645,-3.1272265561116717,8.689529188780968,-2.1231346858767384,1.0124427239507132,1.7781244330262456,1.8066548951082824
4.041158740386888,-3.128158453055482,8.689535558725272,-2.12313787084889,1.0124427239507132,1.7806253435549848,1.8091558056370216
4.040936353185301,-3.129054120666366,8.689541677529807,-2.1231409302511577,1.0124427239507132,1.7830410422466225,1.8115715043286593
4.040722726647627,-3.1299147247946997,8.689547775507448,-2.123143979239978,1.0124427239507132,1.785371952027877,1.8139024141099138
4.040515550746273,-3.1307494147565684,8.689553761863898,-2.1231469724182035,1.0124427239507132,1.787621647013657,1.8161521090956938
4.040308823212379,-3.1315822875728347,8.689559724544589,-2.1231499537585483,1.0124427239507132,1.789792812605578,1.8183232746876148
4.040104561533023,-3.1324048029783866,8.689565193232715,-2.123152688102612,1.0124427239507132,1.791888224825493,1.8204186869075298
4.039904784084397,-3.1332091687826438,8.68957044924247,-2.1231553161074896,1.0124427239507132,1.7939105183560764,1.8224409804381132
4.03963700561493,-3.1342850063403267,8.689575172922284,-2.1231576779473964,1.0124427239507132,1.7958622466759155,1.8243927087579521
4.039496239513409,-3.1348551117475467,8.689582213923421,-2.123161198447965,1.0124427239507132,1.7982043206597222,1.826734782741759
4.0392200350525975,-3.1359672699973333,8.689589554329965,-2.1231648686512363,1.0124427239507132,1.8010148094402905,1.8295452715223273
4.038815522464439,-3.137593936724587,8.689598170704587,-2.1231691768385472,1.0124427239507132,1.8043873959769723,1.832917858059009
4.038516163155122,-3.138799014727307,8.689605811470036,-2.123172997221272,1.0124427239507132,1.807376583566204,1.8359070456482405
4.038244957244438,-3.1398936808571745,8.689615653957167,-2.1231779184648376,1.0124427239507132,1.8109636086732817,1.8394940707553185
4.037807880010783,-3.141652841310651,8.689626505476022,-2.1231833442242656,1.0124427239507132,1.815268038801775,1.8437985008838118
4.037503728792403,-3.142879074627995,8.689636133919848,-2.123188158446178,1.0124427239507132,1.818809812582069,1.8473402746641059
4.037190903737115,-3.144138990458203,8.689644749528904,-2.1231924662507065,1.0124427239507132,1.8220122939925592,1.850542756074596
4.036803777290157,-3.145695001995564,8.689652255278427,-2.1231962191254676,1.0124427239507132,1.8251538077472882,1.853684269829325
4.036508096216565,-3.1468850111902986,8.689659540178797,-2.1231998615756527,1.0124427239507132,1.8280820657889265,1.8566125278709633
4.036241726469225,-3.1479598350217355,8.689668885020875,-2.1232045339966916,1.0124427239507132,1.8315959754388924,1.860126437520929
4.035765535615775,-3.1498749836142426,8.689679270199582,-2.123209726586045,1.0124427239507132,1.8358126670188513,1.864343129100888
4.035469190373265,-3.1510706359902962,8.689689541605595,-2.123214862289052,1.0124427239507132,1.8395500009616097,1.8680804630436463
4.035124683058704,-3.152457654380568,8.689698530737628,-2.123219356855068,1.0124427239507132,1.8431231200972704,1.8716535821793072
4.034783421923372,-3.1538316975416243,8.689707529357348,-2.123223856164928,1.0124427239507132,1.8465796867714404,1.875110148853477
4.03445545764933,-3.1551518164010286,8.689715791120587,-2.1232279870465476,1.0124427239507132,1.8499136778442626,1.8784441399262994
4.034138653353478,-3.156427262900089,8.68972402043624,-2.123232101704374,1.0124427239507132,1.8531318065529354,1.881662268634972
4.033835122113231,-3.1576489846422646,8.689731617217427,-2.1232359000949677,1.0124427239507132,1.8562375281130978,1.8847679901951346
4.033542717508155,-3.158825859557866,8.689738873712724,-2.123239528342616,1.0124427239507132,1.8592349066383058,1.8877653687203426
4.0332588926121336,-3.159968502796598,8.689746217367373,-2.1232432001699406,1.0124427239507132,1.8621276884236564,1.8906581505056932
4.03298222567739,-3.1610823709294418,8.689753417761242,-2.1232468003668754,1.0124427239507132,1.8649195315067988,1.8934499935888354
4.032712733910792,-3.162167307996313,8.689760387761721,-2.123250285367115,1.0124427239507132,1.867613956036592,1.8961444181186287
4.03244993680309,-3.163224851090121,8.689766742424718,-2.1232534626986133,1.0124427239507132,1.870214361802362,1.8987448238843987
4.032196955655633,-3.1642427917109206,8.68977275845569,-2.1232564707140997,1.0124427239507132,1.872724029365245,1.9012544914472815
4.031956433894925,-3.165210642980554,8.689778522682493,-2.123259352827501,1.0124427239507132,1.875146124958859,1.9036765870408956
4.031653016047401,-3.1664296566248002,8.689783864936647,-2.1232620239545774,1.0124427239507132,1.8774837043000066,1.9060141663820434
4.031385215023287,-3.167507991902675,8.689790996118065,-2.1232655895452868,1.0124427239507132,1.880288799509384,1.9088192615914206
4.031044465967267,-3.168878990863648,8.689798998854954,-2.123269590913731,1.0124427239507132,1.8836549137606367,1.9121853758426732
4.030719553786183,-3.1701887642983535,8.689809123565324,-2.123274653268916,1.0124427239507132,1.8876942508621395,1.9162247129441763
4.0301726878739625,-3.172387740782946,8.689820636401034,-2.1232804096867715,1.0124427239507132,1.8925414553839432,1.92107191746598
4.029806866474512,-3.173862233149291,8.689831843169582,-2.123286013071045,1.0124427239507132,1.8968376249385126,1.9253680870205494
4.029397073572313,-3.1755112830044236,8.689841721415915,-2.123290952194212,1.0124427239507132,1.9009450249944322,1.929475487076469
4.028999345596714,-3.1771115251498783,8.689851051658973,-2.123295617315741,1.0124427239507132,1.9049184447466811,1.933448906828718
4.028612945837817,-3.178666481942738,8.689860409416244,-2.1233002961943765,1.0124427239507132,1.9087509604280857,1.9372814225101223
4.028237104339237,-3.180178995634961,8.689869557114147,-2.1233048700433277,1.0124427239507132,1.9124502890919517,1.9409807511739883
4.02787392223225,-3.1816401058321766,8.689877938883418,-2.1233090609279635,1.0124427239507132,1.9160204026049799,1.9445508646870164
4.02752593055237,-3.1830400246954986,8.68988589102722,-2.123313036999864,1.0124427239507132,1.9194659727789993,1.9479964348610361
4.0271893768592495,-3.1843942867037938,8.689893938263033,-2.1233170606177705,1.0124427239507132,1.9227913060846615,1.9513217681666981
4.026864260680483,-3.1857022230876235,8.689901409931798,-2.1233207964521528,1.0124427239507132,1.9260006075382212,1.9545310696202578
4.026537756560549,-3.1870160809788075,8.689909251343243,-2.1233247171578755,1.0124427239507132,1.929097923648924,1.9576283857309609
4.0262242043560255,-3.1882773039317875,8.689916265478127,-2.1233282242253173,1.0124427239507132,1.932087162569378,1.9606176246514149
4.025926418791845,-3.189475366760048,8.689923186049667,-2.1233316845110877,1.0124427239507132,1.9349720953960634,1.9635025574781
4.0256434605962985,-3.190613566267948,8.68992955277538,-2.123334867873945,1.0124427239507132,1.9377563618027902,1.966286823884827
4.0252990188417135,-3.191997302597042,8.689935522086136,-2.123337852529322,1.0124427239507132,1.9404434744212085,1.968973936503245
4.024978923508031,-3.193285049121874,8.689942887276235,-2.1233415351243714,1.0124427239507132,1.94366800956331,1.972198471645347
4.024649576618651,-3.194611691680051,8.68995214227689,-2.1233461626246997,1.0124427239507132,1.9475374517338326,1.9760679138158694
4.024177731176128,-3.1965101017710573,8.689963170597812,-2.1233516767851603,1.0124427239507132,1.9521807823384596,1.9807112444204962
4.0237442475616785,-3.1982539588392958,8.68997309320825,-2.123356638090379,1.0124427239507132,1.9564245743575586,1.9849550364395951
4.0233152366594025,-3.199979770560742,8.689982861320592,-2.1233615221465505,1.0124427239507132,1.9605764254892912,1.989106887571328
4.022894266591309,-3.201673177863455,8.68999238835093,-2.123366285661719,1.0124427239507132,1.9645697878862243,1.993100249968261
4.022498391766516,-3.203265173637502,8.690000884825805,-2.1233705338991564,1.0124427239507132,1.9684270871404963,1.9969575492225329
4.022114479894273,-3.2048090878973166,8.69000915159665,-2.123374667284579,1.0124427239507132,1.9721489985660117,2.0006794606480485
4.021737048359411,-3.20632726972901,8.690017607288894,-2.1233788951307013,1.0124427239507132,1.97574122917864,2.004271691260677
4.0213720207474495,-3.2077951520829364,8.690025379194973,-2.123382781083741,1.0124427239507132,1.979208066929394,2.007738529011431
4.021020360951991,-3.2092092244742365,8.69003281240444,-2.123386497688474,1.0124427239507132,1.9825539444683646,2.0110844065504017
4.020669915158059,-3.210618762333334,8.690040567087813,-2.1233903750301604,1.0124427239507132,1.9857830687604134,2.01431353084245
4.020332619174254,-3.211975334410892,8.690047955230147,-2.1233940691013284,1.0124427239507132,1.9888995171066897,2.0174299791887265
4.020009998989915,-3.2132723969602415,8.690054537042139,-2.1233973600073237,1.0124427239507132,1.991907220401724,2.020437682483761
4.019505249856216,-3.2152988035116725,8.690061947058776,-2.1234010650156425,1.0124427239507132,1.995516464355765,2.024046926437802
4.019056501724661,-3.2171031819958333,8.690071333016714,-2.123405757994611,1.0124427239507132,1.9998475571006142,2.028378019182651
4.018513856435164,-3.21928546973533,8.690083039598223,-2.123411611285366,1.0124427239507132,2.0050448683944335,2.03357533047647
4.018012656770618,-3.2213005851400043,8.690093356344716,-2.123416769658612,1.0124427239507132,2.0097949734521063,2.038325435534143
4.0175198900370575,-3.2232821051686718,8.690103809439142,-2.123421996205825,1.0124427239507132,2.014442168453838,2.0429726305358744
4.017045230839171,-3.2251904017253072,8.69011346920423,-2.123426826088369,1.0124427239507132,2.0189119659447194,2.047442428026756
4.016588021762831,-3.227028460406749,8.690122691580312,-2.12343143727641,1.0124427239507132,2.0232294670414306,2.051759929123467
4.016125446398778,-3.228888404250655,8.690132333968005,-2.1234362584702566,1.0124427239507132,2.0273954276273836,2.0559258897094206
4.015684850378206,-3.2306598507405573,8.69014139637562,-2.123440789674065,1.0124427239507132,2.0314162356039716,2.0599466976860086
4.0152644666391275,-3.2323499796521196,8.69014999033087,-2.123445086651689,1.0124427239507132,2.035296690503711,2.063827152585748
4.0148741228084885,-3.2339189638330756,8.69015759918927,-2.123448891080889,1.0124427239507132,2.039041753821774,2.0675722159038106
4.014494435273923,-3.2354451628745466,8.690165048092474,-2.1234526155324915,1.0124427239507132,2.042656134442333,2.07118659652437
4.014083179453577,-3.2370976074862856,8.69017246942283,-2.1234563261976698,1.0124427239507132,2.0461443961160906,2.074674858198127
4.013695364710503,-3.238655627709709,8.69017923067396,-2.1234597068232346,1.0124427239507132,2.0491752130257535,2.07770567510779
4.013282702524195,-3.240314652472181,8.690187606691198,-2.1234638948318536,1.0124427239507132,2.0528121933173495,2.081342655399386
4.012868793210903,-3.2419798165141716,8.690197133480025,-2.1234686582262667,1.0124427239507132,2.0571765696672646,2.085707031749301
4.012281220542728,-3.244341490514135,8.690208516807285,-2.123474349889897,1.0124427239507132,2.062413821287162,2.090944283369199
4.011738377269782,-3.246523445814856,8.690219099016222,-2.1234796409943653,1.0124427239507132,2.0672004299779996,2.0957308920600366
4.011205659739335,-3.2486643430500357,8.690229126129614,-2.123484654551061,1.0124427239507132,2.0718833377691386,2.100413799851175
4.0107043553529556,-3.2506788384018677,8.690238403935929,-2.123489293454219,1.0124427239507132,2.076387484784072,2.1049179468661086
4.010236345044034,-3.252559839108101,8.69024736340648,-2.1234937731894936,1.0124427239507132,2.080738165036677,2.109268627118714
4.009773071311303,-3.254421958889707,8.69025638825716,-2.123498285614834,1.0124427239507132,2.0849361402191833,2.1134666023012203
4.009309414650601,-3.2562854533937657,8.690265256118408,-2.1235027195454586,1.0124427239507132,2.088987847322764,2.1175183094048005
4.008815245010403,-3.2582698580829756,8.690272982246826,-2.123506582609667,1.0124427239507132,2.092898122763407,2.121428584845444
4.00834452141573,-3.260161523973867,8.69028175375903,-2.1235109683657685,1.0124427239507132,2.0975904532921787,2.1261209153742158
4.007814694173632,-3.2622920783628055,8.690292999179572,-2.1235165910760405,1.0124427239507132,2.1032212499267056,2.131751712008742
4.007037177098738,-3.2654163387770936,8.690307191294286,-2.123523687133397,1.0124427239507132,2.109978205888137,2.1385086679701737
4.006311713690293,-3.268331302406732,8.690320301290141,-2.123530242131325,1.0124427239507132,2.1161537549119256,2.144684216993962
4.005601327158967,-3.2711853071201302,8.690332759878238,-2.1235364714253735,1.0124427239507132,2.1221955119273708,2.1507259740094073
4.004934960791078,-3.2738623172968486,8.690344304583398,-2.1235422437779534,1.0124427239507132,2.1280066367753903,2.1565370988574273
4.004314529216645,-3.27635511463692,8.690355375625737,-2.1235477792991224,1.0124427239507132,2.1336197630871823,2.162150225169219
4.003694557872206,-3.278846175815174,8.690366551426239,-2.1235533671993734,1.0124427239507132,2.1390358735768165,2.167566335658853
4.003101628020273,-3.2812279797826474,8.69037663598598,-2.123558409479245,1.0124427239507132,2.14426327307076,2.172793735152797
4.002513567725027,-3.283590509247862,8.69038692427021,-2.1235635536213597,1.0124427239507132,2.149308201378025,2.177838663460062
4.001955077760334,-3.285833807179933,8.69039626234351,-2.123568222658009,1.0124427239507132,2.154177108873141,2.182707570955178
4.001407674371168,-3.288032772051605,8.690405613658518,-2.1235728983155133,1.0124427239507132,2.1588761175144,2.187406579596437
4.000871131497588,-3.290187826933104,8.690414497045696,-2.123577340009102,1.0124427239507132,2.163411160573984,2.1919416226560204
4.000299007765353,-3.2924846605190616,8.690422835702714,-2.123581509337612,1.0124427239507132,2.1677879582737534,2.19631842035579
3.999676530580307,-3.2949852147037735,8.690433481147238,-2.1235868320598734,1.0124427239507132,2.1730401155134764,2.2015705775955134
3.9990046787814504,-3.297684799917688,8.690445659165729,-2.1235929210691182,1.0124427239507132,2.1793427042011446,2.2078731662831816
3.998114773768058,-3.30125870897534,8.69045994816981,-2.1236000655711593,1.0124427239507132,2.186905810626346,2.215436272708383
3.9973067721209077,-3.304503488546616,8.690472721152485,-2.1236064520624964,1.0124427239507132,2.1938181443410483,2.2223486064230853
3.9965365888338136,-3.307596666093136,8.690485165550628,-2.1236126742615684,1.0124427239507132,2.200580723757555,2.229111185839592
3.9957573520640923,-3.3107262252340917,8.690497777612698,-2.123618980292603,1.0124427239507132,2.2070851550320176,2.2356156171140547
3.994985980390267,-3.313823554631637,8.690509620314941,-2.123624901643725,1.0124427239507132,2.2133679652081533,2.2418984272901903
3.9942512854287737,-3.316773733998334,8.690521019835666,-2.1236306014040873,1.0124427239507132,2.2194302542444535,2.2479607163264905
3.993539039018876,-3.3196334755562695,8.69053177575401,-2.1236359793632595,1.0124427239507132,2.2252813177892516,2.2538117798712887
3.992813031891451,-3.322547449960268,8.690541721648312,-2.12364095231041,1.0124427239507132,2.2309281401029013,2.2594586021849383
3.9920432519106597,-3.325639516170837,8.690554667935714,-2.123647425454112,1.0124427239507132,2.2377043268792813,2.2662347889613184
3.99103867699394,-3.32967268873234,8.690569540830339,-2.1236548619014237,1.0124427239507132,2.245835751010937,2.274366213092974
3.9901349211693793,-3.333300768230436,8.690582597030192,-2.12366139000135,1.0124427239507132,2.2532675011429317,2.2817979632249688
3.989273736620534,-3.3367582293904476,8.69059531999482,-2.1236677514836644,1.0124427239507132,2.260538243926134,2.289068706008171
3.9883994752321823,-3.340268112243253,8.690608157294221,-2.1236741701333646,1.0124427239507132,2.267531440432218,2.2960619025142552
3.9875306359919667,-3.343755988436244,8.690620676526349,-2.1236804297494283,1.0124427239507132,2.274286362472004,2.302816824554041
3.986717183756404,-3.347021076800144,8.690631955948,-2.123686069460254,1.0124427239507132,2.2808041926586293,2.3093346547406663
3.9859241725553844,-3.350203968033231,8.690642802377008,-2.1236914926747588,1.0124427239507132,2.2870949251472656,2.3156253872293022
3.985118149674727,-3.35343809270895,8.690652835530097,-2.1236965092513023,1.0124427239507132,2.293166069019495,2.321696531101532
3.9842179906580544,-3.3570519677591704,8.690666074513626,-2.1237031287430668,1.0124427239507132,2.3004514416661705,2.3289819037482076
3.9830774184502666,-3.3616295117284896,8.690681329651795,-2.123710756312152,1.0124427239507132,2.3091938888421812,2.3377243509242183
3.982065352980774,-3.365691365103988,8.690694921149323,-2.1237175520609153,1.0124427239507132,2.317184086119106,2.3457145482011432
3.9810490573638373,-3.36976982064531,8.690708194222898,-2.1237241885977034,1.0124427239507132,2.3250011774038972,2.3535316394859342
3.9800944352436747,-3.373600539060715,8.690720424157654,-2.1237303035650807,1.0124427239507132,2.332519866634224,2.361050328716261
3.9791360574405052,-3.377445749686919,8.690732123571179,-2.1237361532718437,1.0124427239507132,2.3397823766392056,2.368312838721242
3.9780408450019573,-3.38184162462124,8.690747148751306,-2.1237436658619075,1.0124427239507132,2.348497388645183,2.3770278507272202
3.9766853987393533,-3.3872806934517063,8.69076443253136,-2.123752307751934,1.0124427239507132,2.3589554030523567,2.3874858651343938
3.9753924727502388,-3.3924684409679338,8.690780476091128,-2.1237603295318186,1.0124427239507132,2.368513550394389,2.397044012476426
3.97415964678538,-3.397414523815156,8.690795255078918,-2.1237677190257127,1.0124427239507132,2.377864622426354,2.4063950845083912
3.972865162120553,-3.402607952890582,8.690810745495032,-2.1237754642337703,1.0124427239507132,2.3868587357118862,2.4153891977939232
3.9717113906680366,-3.407236692082653,8.690824398877039,-2.1237822909247734,1.0124427239507132,2.3955463986436967,2.4240768607257337
3.97057468558705,-3.41179588560486,8.690836772075297,-2.1237884775239024,1.0124427239507132,2.403929132208151,2.432459594290188
3.9692408518760556,-3.4171470728052653,8.690852624431727,-2.1237964037021175,1.0124427239507132,2.413988412485496,2.4425188745675324
3.9675299622391567,-3.4240096374483846,8.69087163052725,-2.123805906749879,1.0124427239507132,2.4260595488183094,2.4545900109003465
3.9659561466167337,-3.4303214890638603,8.690888219653033,-2.123814201312771,1.0124427239507132,2.4370920158969214,2.465622477978958
3.963833749931026,-3.4388236933299363,8.690900837176276,-2.1238205100743923,1.0124427239507132,2.4478854668294807,2.4764159289115177
3.9620560268548037,-3.4459529826071984,8.690919234148653,-2.1238297085605806,1.0124427239507132,2.4608376079485517,2.4893680700305887
3.9598634411654703,-3.454746439675003,8.690942348459123,-2.123841265715815,1.0124427239507132,2.476380177291437,2.5049106393734735
3.9571914821644243,-3.4654611771552064,8.690969249935142,-2.1238547164538253,1.0124427239507132,2.4950312605028993,2.5235617225849363
3.954662509113147,-3.4756014798282537,8.69099366040308,-2.1238669216877946,1.0124427239507132,2.5120774983911707,2.5406079604732077
3.952213983467057,-3.4854188370720354,8.691016915062502,-2.1238785490175047,1.0124427239507132,2.5287544330170153,2.5572848950990523
3.9497663289561507,-3.495231372542147,8.69103883248899,-2.123889507730749,1.0124427239507132,2.5447947585291613,2.5733252206111983
3.946853857405311,-3.5069073064452803,8.691064880188764,-2.1239025315806357,1.0124427239507132,2.564043149143737,2.5925736112257742
3.9432488133790664,-3.5213580469315673,8.69109544457007,-2.1239178137712895,1.0124427239507132,2.587141217881228,2.615671679963265
3.9387978787208886,-3.5391973487124853,8.691131007718278,-2.123935595345393,1.0124427239507132,2.614858900366217,2.643389362448254
3.934874444141529,-3.5549208408898907,8.691160761578246,-2.123950472275377,1.0124427239507132,2.6387657623388043,2.6672962244208414
3.931079075348963,-3.570129621937151,8.691188067455242,-2.1239641252138752,1.0124427239507132,2.6606843606901065,2.6892148227721435
3.9273096415694155,-3.585233190182438,8.691213900582339,-2.1239770417774233,1.0124427239507132,2.6816283956292115,2.7101588577112485
3.9236871348771,-3.599747390370268,8.691238074000907,-2.123989128486708,1.0124427239507132,2.7021058882753226,2.730636350357359
3.917917702545431,-3.6228395692223936,8.691252523526355,-2.123996353249432,1.0124427239507132,2.722283502944222,2.750813965026259
3.9142836594615926,-3.637397302149974,8.691274084118582,-2.1240071335455455,1.0124427239507132,2.742235902798234,2.770766364880271
3.9105696972971065,-3.652274040155163,8.691294973465826,-2.1240175782191675,1.0124427239507132,2.7618869544192264,2.790417416501263
3.906979273585469,-3.666655503464079,8.691314741928194,-2.124027462450351,1.0124427239507132,2.781339864208009,2.809870326290046
3.9033050712375994,-3.681371560987288,8.691333990059924,-2.1240370865162164,1.0124427239507132,2.800552829052656,2.829083291134693
3.8996631869161824,-3.6959579252612,8.691352817048166,-2.124046500010338,1.0124427239507132,2.8195460956630694,2.8480765577451064
3.8960376840905795,-3.710477697669935,8.69137057815449,-2.1240553805634996,1.0124427239507132,2.838382022721143,2.86691248480318
3.8923745577100233,-3.7251474355250425,8.691387810487374,-2.1240639967299413,1.0124427239507132,2.8568673877422013,2.8853978498242383
3.8886406840056402,-3.7401004310379102,8.69140531118271,-2.124072747077609,1.0124427239507132,2.8751252243469207,2.9036556864289578
3.8848408886859884,-3.7553169513196254,8.69142265018582,-2.1240814165791635,1.0124427239507132,2.893101874094608,2.921632336176645
3.8811503347849516,-3.770095735252481,8.691439218514526,-2.1240897007435176,1.0124427239507132,2.9109038216763006,2.9394342837583376
3.8775597737405008,-3.7844740510813315,8.691455290165571,-2.12409773656904,1.0124427239507132,2.928646077022905,2.957176539104942
3.8674997050392337,-3.824712709089105,8.691453673368278,-2.124096928170393,1.0124427239507132,2.9460763049254557,2.9746067670074927
3.8641844638307266,-3.837983997222923,8.691463996668068,-2.1241020898202883,1.0124427239507132,2.960695939965447,2.989226402047484
3.859546974576442,-3.856547286115882,8.69147732854389,-2.124108755758199,1.0124427239507132,2.978239502013437,3.006769964095474
3.8586507803921237,-3.860134418676366,8.6914796843671,-2.124109933669804,1.0124427239507132,2.981397343182075,3.009927805264112
3.8577411314962746,-3.8637748624405366,8.691481532547872,-2.12411085776019,1.0124427239507132,2.984555184350713,3.0130856464327502
3.856834616704832,-3.8674025526076643,8.691483163549231,-2.1241116732608694,1.0124427239507132,2.9877130255193514,3.0162434876013884
3.8563870087133796,-3.8691939906380197,8.691484169613778,-2.124112176293143,1.0124427239507132,2.989291946103671,3.017822408185708
3.856275309830558,-3.86964124878436,8.69148463222883,-2.1241124076006694,1.0124427239507132,2.9896866762497503,3.0182171383317873
3.8562121234451956,-3.8698939459822705,8.69148458388529,-2.124112383428899,1.0124427239507132,2.9899235143373986,3.0184539764194356
3.85618728196615,-3.8699934890606555,8.691484761047493,-2.12411247201,1.0124427239507132,2.9900087760489518,3.018539238130989
3.8562295252545646,-3.869824482005539,8.691484727146037,-2.1241124550592727,1.0124427239507132,2.990042880733573,3.01857334281561
3.856185952333777,-3.8699988939502017,8.69148484740755,-2.124112515190029,1.0124427239507132,2.9900768815685654,3.0186073436506025
3.856026301430232,-3.870637472901356,8.691484822744522,-2.124112502858515,1.0124427239507132,2.990076881568566,3.018607343650603
