# Evolutionary track for a 1.0358 Msun sequence with He atmosphere.
# log Teff [K], log L/Lsun, log g [cm/s^2], log radius [Rsun], mass [Msun], cooling age [Gyr], total age [Gyr]
5.563356957330284,3.6490456341690476,8.011012236809231,-1.7789322611234184,1.0357581544405299,0.0,0.026238920941191343
5.56022216962232,3.6134551316859214,8.0340635884605,-1.7904579369490532,1.0357581544405299,3.1062996615841984e-07,0.0262392315711575
5.557847011873529,3.580068203847065,8.05794988530419,-1.8024010853708978,1.0357581544405299,6.833859255462885e-07,0.02623960432711689
5.55520072660795,3.543549831965717,8.083883116123223,-1.8153677007804152,1.0357581544405299,1.1306930768080056e-06,0.02624005163426815
5.551865686318773,3.501989889930006,8.112102897002226,-1.8294775912199162,1.0357581544405299,1.6674616583250463e-06,0.026240588402849666
5.547573418126984,3.454381426736591,8.142542287428485,-1.8446972864330458,1.0357581544405299,2.31158395614475e-06,0.026241232525147488
5.5420606409828475,3.399957924258487,8.17491468133004,-1.860883483383824,1.0357581544405299,3.08453071353212e-06,0.026242005471904875
5.535089528008015,3.338194838691616,8.208793314997589,-1.8778228002175974,1.0357581544405299,4.012066822398454e-06,0.02624293300801374
5.5264329330199455,3.2687331651192957,8.243628608617627,-1.895240447027617,1.0357581544405299,5.125110153030604e-06,0.026244046051344373
5.515892106935866,3.1913989502012114,8.278799519199396,-1.9128259023185012,1.0357581544405299,6.46076214979589e-06,0.026245381703341137
5.504674791247964,3.1153817393432637,8.309947467305733,-1.9283998763716694,1.0357581544405299,7.872608007751405e-06,0.026246793549199093
5.494093970142248,3.048050601886468,8.334955320339667,-1.9409038028886363,1.0357581544405299,9.207892205219715e-06,0.026248128833396563
5.4840142584128415,2.9867530187062097,8.355934056602296,-1.951393171019951,1.0357581544405299,1.050514806491509e-05,0.026249426089256258
5.474295108248974,2.92970155854125,8.374108916111789,-1.9604806007746973,1.0357581544405299,1.1790940457113087e-05,0.026250711881648455
5.463151060608739,2.8661903937395414,8.393043890352555,-1.9699480878950806,1.0357581544405299,1.3333891327753663e-05,0.026252254832519095
5.450658825541966,2.797130025352478,8.412135318472528,-1.9794938019550667,1.0357581544405299,1.5150951945193112e-05,0.026254071893136534
5.4399778419471225,2.739661810717962,8.42687959872767,-1.986865942082638,1.0357581544405299,1.6756786903012545e-05,0.026255677728094354
5.430081252278356,2.6875582718863824,8.439396778884184,-1.9931245321608952,1.0357581544405299,1.829780938375369e-05,0.026257218750575094
5.41877720646346,2.6290528736611662,8.452685993849814,-1.9997691396437096,1.0357581544405299,2.014703636064753e-05,0.026259067977551988
5.405913287664798,2.5636297535047987,8.466653438811532,-2.0067528621245696,1.0357581544405299,2.236610873292014e-05,0.02626128704992426
5.395046351020048,2.509523529704172,8.477291916033161,-2.012072100735384,1.0357581544405299,2.4296893070753664e-05,0.026263217834262095
5.385056393888596,2.460420764321122,8.486434852890401,-2.016643569164004,1.0357581544405299,2.6135456370707602e-05,0.026265056397562048
5.373595509589302,2.4047781178795247,8.496233962134824,-2.0215431237862154,1.0357581544405299,2.834173233065009e-05,0.02626726267352199
5.36054316540425,2.3421784241471517,8.506624279126989,-2.026738282282297,1.0357581544405299,3.0989263482581826e-05,0.026269910204673924
5.349684158147277,2.2907186479182107,8.514648026328041,-2.030750155882824,1.0357581544405299,3.327660084412992e-05,0.026272197542035473
5.339762862141978,2.244118412956315,8.521563077268736,-2.0342076813531715,1.0357581544405299,3.545102715381235e-05,0.026274371968345155
5.328458573458032,2.1914215288699936,8.529042806619273,-2.0379475460284393,1.0357581544405299,3.806033872543275e-05,0.026276981279916775
5.3156840777137635,2.132338758638935,8.537027593873258,-2.0419399396554323,1.0357581544405299,4.119151261137426e-05,0.026280112453802715
5.305058089327699,2.0835792496452377,8.543283149322697,-2.0450677173801517,1.0357581544405299,4.392064122683555e-05,0.026282841582418177
5.295333342270825,2.039220251662705,8.548743159077736,-2.047797722257671,1.0357581544405299,4.6537446716774254e-05,0.026285458387908116
5.284307706241825,1.9891854937928164,8.554675372831625,-2.050763829134615,1.0357581544405299,4.9677613304704425e-05,0.026288598554496046
5.271881959424107,1.933109843368831,8.561048035984735,-2.053950160711171,1.0357581544405299,5.344581321021914e-05,0.02629236675440156
5.261423690962782,1.8861863162119872,8.56613848929628,-2.056495387366944,1.0357581544405299,5.677366033255309e-05,0.026295694601523895
5.25176723503725,1.8430596169313422,8.5706393648748,-2.058745825156203,1.0357581544405299,5.998890385650843e-05,0.02629890984504785
5.24076635306468,1.7941484415561526,8.575547012359708,-2.0611996488986577,1.0357581544405299,6.384719608524814e-05,0.02630276813727659
5.228305654659065,1.7389911253737975,8.580861534919606,-2.0638569101786057,1.0357581544405299,6.847714675974101e-05,0.026307398087951083
5.217757303057479,1.692540987873059,8.585118266014002,-2.0659852757258035,1.0357581544405299,7.256546765890344e-05,0.026311486408850244
5.208003318873932,1.6497545292568951,8.588888787895973,-2.0678705366667898,1.0357581544405299,7.650436513877288e-05,0.026315425306330114
5.196839991991175,1.6009843847569958,8.59300562486485,-2.069928955151228,1.0357581544405299,8.123104211461172e-05,0.026320151983305954
5.184186852911949,1.5458565856949196,8.597520867610017,-2.0721865765238117,1.0357581544405299,8.690305448561906e-05,0.02632582399567696
5.17355945483439,1.499756977352581,8.601110883642118,-2.0739815845398626,1.0357581544405299,9.187414501182736e-05,0.02633079508620317
5.163797017078264,1.4575351070986937,8.604283002871503,-2.0755676441545545,1.0357581544405299,9.664527376512437e-05,0.026335566214956467
5.1526841903051395,1.4095992717004278,8.607767531177272,-2.0773099083074387,1.0357581544405299,0.00010237062826908007,0.026341291569460423
5.140136879998084,1.3556288641003458,8.611548697549132,-2.0792004914933693,1.0357581544405299,0.00010924105367382616,0.026348161994865168
5.129649216348006,1.3106459479829053,8.614580959066258,-2.0807166222519324,1.0357581544405299,0.00011528195333117246,0.026354202894522515
5.120022439491059,1.2694454392483865,8.61727436037299,-2.082063322905298,1.0357581544405299,0.0001211065878813751,0.026360027529072717
5.109124070717507,1.2228913220700854,8.62023500245708,-2.083543643947344,1.0357581544405299,0.00012809614934161307,0.026367017090532956
5.096882080214194,1.1707047048010173,8.6234536577129,-2.0851529715752535,1.0357581544405299,0.00013648362309390307,0.026375404564285245
5.086583111101061,1.1268945573686313,8.626067928692754,-2.08646010706518,1.0357581544405299,0.00014394016815227643,0.026382861109343618
5.077087821497445,1.0865707309758985,8.628410596671019,-2.087631441054313,1.0357581544405299,0.00015118706939569115,0.026390108010587034
5.066365991525595,1.0411063762360617,8.630987631523462,-2.0889199584805347,1.0357581544405299,0.00015988335088779033,0.026398804292079133
5.054337048712755,0.9901924991140721,8.633785737394088,-2.090319011415848,1.0357581544405299,0.0001703188886783123,0.026409239829869653
5.044138619417748,0.9470990906569307,8.636085428671203,-2.0914688570544047,1.0357581544405299,0.00017967508709556981,0.02641859602828691
5.034684966735276,0.9072089298374164,8.63816097876083,-2.0925066320992176,1.0357581544405299,0.0001888112787123658,0.02642773221990371
5.023995254033695,0.8621652852456176,8.640445772546304,-2.093649028991955,1.0357581544405299,0.0001997747086525187,0.02643869564984386
5.011992695179574,0.8116690048654235,8.642931817510012,-2.094892051473809,1.0357581544405299,0.0002129308245806992,0.02645185176577204
5.001807880495221,0.768890660941673,8.64497090269635,-2.095911594066978,1.0357581544405299,0.0002247415413952954,0.026463662482586636
4.992379133870061,0.7293397578778181,8.646806819259568,-2.0968295523485874,1.0357581544405299,0.00023628097277076542,0.026475201913962108
4.981729529385775,0.6847221458062129,8.648826013394029,-2.097839149415818,1.0357581544405299,0.0002501282904213369,0.026489049231612678
4.969769760800219,0.6346812633154537,8.651027821542565,-2.098940053490086,1.0357581544405299,0.0002667450716020204,0.02650566601279336
4.9595965820155925,0.5921759575743463,8.652840412145164,-2.099846348791385,1.0357581544405299,0.00028168990771443027,0.026520610848905772
4.950152037980021,0.552765594669831,8.654472598907393,-2.1006624421724998,1.0357581544405299,0.00029630199143407493,0.026535222932625415
4.939487995945801,0.5083031596212214,8.656278865819125,-2.101565575628366,1.0357581544405299,0.00031383649189765006,0.02655275743308899
4.927504360612268,0.45840744792380195,8.65824003618241,-2.102546160810008,1.0357581544405299,0.00033487789245393874,0.02657379883364528
4.917361028368613,0.41621705440622386,8.659857100725368,-2.1033546930814873,1.0357581544405299,0.00035378632210822034,0.026592707263299563
4.9079662174969885,0.3771826246189797,8.661312287026114,-2.10408228623186,1.0357581544405299,0.00037228198630182447,0.026611202927493166
4.897386623069663,0.3332643158013585,8.662912218134437,-2.1048822517860213,1.0357581544405299,0.0003944767833341509,0.02663339772452549
4.88555158441223,0.28418157410126815,8.664654805204794,-2.1057535453212,1.0357581544405299,0.0004211105397729464,0.026660031480964286
4.875485705053826,0.24247868390964267,8.666094177962805,-2.1064732317002055,1.0357581544405299,0.00044516693493980167,0.026684087876131142
4.866158097618222,0.203866335375249,8.66739609675478,-2.1071241910961938,1.0357581544405299,0.00046878679241342845,0.02670770773360477
4.855735753274963,0.16075261946752945,8.668820435289463,-2.107836360363535,1.0357581544405299,0.0004971306213817857,0.026736051562573127
4.8441995296176685,0.11306980236889522,8.670358357758918,-2.108605321598262,1.0357581544405299,0.0005311432161438167,0.02677006415733516
4.834413141940214,0.07264504978342275,8.671637559634574,-2.1092449225360905,1.0357581544405299,0.0005621773235174269,0.026801098264708768
4.823507785661302,0.027633434996549713,8.673027749305799,-2.1099400173717022,1.0357581544405299,0.0005994182523657642,0.026838339193557107
4.811507139702308,-0.02186872855542878,8.674527329021803,-2.1106898072297042,1.0357581544405299,0.0006441073669837639,0.026883028308175107
4.808898692505789,-0.03262778086267722,8.674852592542972,-2.110852438990289,1.0357581544405299,0.0006540875736277104,0.02689300851481905
4.808113271990691,-0.03586833445770819,8.674951464077614,-2.11090187475761,1.0357581544405299,0.0006570816356208921,0.026896002576812232
4.808118780862719,-0.03586076777198811,8.674965932880005,-2.1109091091588055,1.0357581544405299,0.0006576205667796657,0.02689654150797101
4.807993919210715,-0.036379508050311385,8.674985226550312,-2.1109187559939597,1.0357581544405299,0.0006581594979384392,0.02689708043912978
4.807794971688474,-0.03719562500032468,8.675005553411363,-2.1109289194244845,1.0357581544405299,0.0006586984290972128,0.026897619370288554
4.807746663893301,-0.03739556463038927,8.675012261860735,-2.1109322736491705,1.0357581544405299,0.0006588331618869044,0.026897754103078247
4.8077347271528845,-0.03744477518857375,8.675013725457255,-2.1109330054474307,1.0357581544405299,0.0006588668450843282,0.02689778778627567
4.807753889378434,-0.037376352536214144,8.675021951707093,-2.11093711857235,1.0357581544405299,0.0006588668451305851,0.026897787786321927
4.816384427022316,-0.0031618856600047333,8.675329635406412,-2.111090960422009,1.0357581544405299,0.0006588668451768421,0.026897787786368185
4.812270318957279,-0.019653621998905715,8.675364939485164,-2.1111086124613845,1.0357581544405299,0.000658866845223099,0.02689778778641444
4.810483360848097,-0.026816989418731663,8.675380474468257,-2.1111163799529318,1.0357581544405299,0.0006588668452693522,0.026897787786460695
4.80942731725602,-0.03105039602801018,8.67538970670923,-2.111120996073418,1.0357581544405299,0.0006588668453248628,0.026897787786516206
4.8087854571226165,-0.033623494183911085,8.67539536433152,-2.111123824884563,1.0357581544405299,0.0006588668453914746,0.026897787786582816
4.8083966716827655,-0.035182092283044385,8.675398820671248,-2.1111255530544275,1.0357581544405299,0.0006588668454714045,0.026897787786662745
4.808165309329075,-0.03610961872260908,8.675400897696054,-2.11112659156683,1.0357581544405299,0.0006588668455673232,0.026897787786758665
4.808030520946347,-0.03664999649911881,8.675402121941646,-2.1111272036896263,1.0357581544405299,0.0006588668456824235,0.026897787786873767
4.807953223632123,-0.036959898148652706,8.675402834334289,-2.111127559885947,1.0357581544405299,0.0006588668458205461,0.02689778778701189
4.807908980508325,-0.03713728569679738,8.675403249387236,-2.111127767412421,1.0357581544405299,0.0006588668459862918,0.026897787787177635
4.80788321150272,-0.03724060858466079,8.67540349625268,-2.1111278908451427,1.0357581544405299,0.000658866846185185,0.026897787787376528
4.807867659997376,-0.03730296707839316,8.675403648725037,-2.111127967081322,1.0357581544405299,0.0006588668464238606,0.0268977877876152
4.807857784861375,-0.03734256311367853,8.67540374421632,-2.111128014826963,1.0357581544405299,0.0006588668467102721,0.026897787787901615
4.807851196453398,-0.03736898181052941,8.675403809281262,-2.111128047359434,1.0357581544405299,0.0006588668470539637,0.026897787788245305
4.807846604887424,-0.037387393860618595,8.67540385506746,-2.1111280702525326,1.0357581544405299,0.0006588668474663943,0.026897787788657736
4.8078432949595555,-0.03740066770278365,8.675403889198149,-2.1111280873178777,1.0357581544405299,0.0006588668479613066,0.02689778778915265
4.807840847290445,-0.037410484248931876,8.675403915067852,-2.111128100252729,1.0357581544405299,0.0006588668485552073,0.02689778778974655
4.8078390024704225,-0.03741788357567485,8.675403935114504,-2.1111281102760553,1.0357581544405299,0.0006588668492678888,0.026897787790459232
4.807837591819251,-0.03742354107798378,8.675403950012127,-2.111128117724866,1.0357581544405299,0.0006588668501231037,0.026897787791314444
4.8078365004814785,-0.03742791774457235,8.675403961327628,-2.1111281233826173,1.0357581544405299,0.0006588668511493653,0.026897787792340706
4.80783559312549,-0.03743150055313718,8.67540391471224,-2.1111281000749225,1.0357581544405299,0.0006588668523808755,0.026897787793572218
4.807834920323873,-0.03743419949010581,8.675403922442738,-2.1111281039401724,1.0357581544405299,0.000658866853858687,0.02689778779505003
4.807834390996041,-0.03743632302573586,8.67540392866704,-2.1111281070523225,1.0357581544405299,0.000658866855632063,0.026897787796823405
4.807833970798328,-0.0374380087083788,8.675403933558833,-2.1111281094982197,1.0357581544405299,0.0006588668577601164,0.026897787798951456
4.807833635248484,-0.03743935497488413,8.675403937625958,-2.1111281115317824,1.0357581544405299,0.0006588668603137806,0.026897787801505122
4.807833367115937,-0.03744043080967215,8.675403940930563,-2.111128113184084,1.0357581544405299,0.0006588668633781746,0.026897787804569518
4.8078331510454975,-0.037441297821723986,8.675403943660855,-2.111128114549231,1.0357581544405299,0.0006588668670554459,0.02689778780824679
4.807832977105148,-0.03744199583526323,8.675403945912997,-2.1111281156753017,1.0357581544405299,0.0006588668714681715,0.026897787812659512
4.807832835642722,-0.03744256355321212,8.675403947781241,-2.1111281166094233,1.0357581544405299,0.0006588668767634444,0.026897787817954787
4.807832721377101,-0.037443022195634626,8.67540394936118,-2.1111281173993928,1.0357581544405299,0.0006588668831177689,0.02689778782430911
4.807832628157517,-0.03744339637583237,8.675403950663043,-2.1111281180503245,1.0357581544405299,0.0006588668907429613,0.026897787831934302
4.807832551692457,-0.037443703494043336,8.675403951921014,-2.11112811867931,1.0357581544405299,0.0006588668998931944,0.026897787841084535
4.80783248826557,-0.03744395841053535,8.675403953129956,-2.111128119283781,1.0357581544405299,0.0006588669108734727,0.026897787852064814
4.807832435056939,-0.03744417238627483,8.675403954271173,-2.11112811985439,1.0357581544405299,0.0006588669240498021,0.026897787865241145
4.807832390778186,-0.037444350606561684,8.675403955376447,-2.111128120407027,1.0357581544405299,0.0006588669398613982,0.02689778788105274
4.807832352681218,-0.03744450411360936,8.675403956495623,-2.1111281209666144,1.0357581544405299,0.0006588669588353187,0.02689778790002666
4.8078323189330705,-0.03744464027571029,8.675403957665134,-2.11112812155137,1.0357581544405299,0.0006588669816040211,0.026897787922795364
4.807832288757013,-0.037444762241128214,8.675403958926323,-2.111128122181965,1.0357581544405299,0.0006588670089264624,0.026897787950117803
4.807832260331461,-0.03744487734692442,8.67540396032991,-2.1111281228837573,1.0357581544405299,0.0006588670417133942,0.026897787982904736
4.807832232760977,-0.03744498921780069,8.67540396191885,-2.1111281236782276,1.0357581544405299,0.0006588670810577087,0.026897788022249052
4.807832205204075,-0.03744510127676381,8.675403963750208,-2.1111281245939066,1.0357581544405299,0.0006588671282708868,0.02689778806946223
4.807832176790566,-0.037445217065248566,8.675403965884653,-2.1111281256611303,1.0357581544405299,0.0006588671849266999,0.026897788126118042
4.807832145529364,-0.037445344633971964,8.675403968408569,-2.1111281269230875,1.0357581544405299,0.00065886725291368,0.026897788194105023
4.807832110667497,-0.037445487077853806,8.675403971404982,-2.111128128421295,1.0357581544405299,0.0006588673344980516,0.026897788275689394
4.807832071070119,-0.037445649037357455,8.675403974974977,-2.111128130206291,1.0357581544405299,0.000658867432399299,0.02689778837359064
4.807832026146226,-0.03744583295286944,8.675403979194916,-2.111128132316261,1.0357581544405299,0.0006588675498807914,0.026897788491072133
4.807831972694917,-0.03744605176649685,8.675403984203305,-2.111128134820456,1.0357581544405299,0.0006588676908585876,0.02689778863204993
4.807831910085197,-0.03744630816801236,8.675403990165938,-2.111128137801772,1.0357581544405299,0.0006588678600319438,0.026897788801223284
4.807831835701784,-0.03744661246096626,8.675403996925247,-2.111128141181427,1.0357581544405299,0.0006588680630399697,0.02689778900423131
4.807831746544827,-0.03744697677541828,8.675404004611869,-2.111128145024738,1.0357581544405299,0.0006588683066495992,0.02689778924784094
4.807831640550618,-0.03744741032839876,8.675404014188011,-2.1111281498128087,1.0357581544405299,0.0006588685989811569,0.0268977895401725
4.807831514379187,-0.037447926964237634,8.67540402613813,-2.1111281557878683,1.0357581544405299,0.0006588689497790262,0.02689778989097037
4.807831362546775,-0.03744854780332976,8.675404039647571,-2.1111281625425886,1.0357581544405299,0.0006588693707364686,0.02689779031192781
4.807831180652013,-0.037449291167692696,8.675404055432884,-2.111128170435245,1.0357581544405299,0.000658869875885401,0.026897790817076744
4.807830963637431,-0.037450179301682957,8.675404075508549,-2.1111281804730777,1.0357581544405299,0.0006588704820641168,0.02689779142325546
4.807830704815695,-0.03745123986644767,8.675404100786368,-2.1111281931119867,1.0357581544405299,0.0006588712094785758,0.026897792150669918
4.807830388785579,-0.037452527840947575,8.675404124640403,-2.1111282050390052,1.0357581544405299,0.0006588720823759325,0.026897793023567273
4.807830018320863,-0.037454046522239534,8.675404161462836,-2.1111282234502213,1.0357581544405299,0.0006588731298527531,0.026897794071044093
4.8078295738461,-0.037455868911881,8.675404205953425,-2.1111282456955154,1.0357581544405299,0.0006588743868249394,0.02689779532801628
4.807829010916357,-0.037458142723901446,8.67540422804647,-2.1111282567420377,1.0357581544405299,0.0006588758951915615,0.026897796836382902
4.807828371845278,-0.03746076435382616,8.675404293392079,-2.1111282894148427,1.0357581544405299,0.0006588777052315101,0.026897798646422853
4.807827604221059,-0.037463913549896,8.675404372091268,-2.111128328764438,1.0357581544405299,0.0006588798772794493,0.02689780081847079
4.807826685009773,-0.037467686638883536,8.675404468335115,-2.111128376886361,1.0357581544405299,0.0006588824837369807,0.026897803424928323
4.807825584458537,-0.037472202648995576,8.675404582140285,-2.1111284337889455,1.0357581544405299,0.000658885611486014,0.026897806552677355
4.807824274265188,-0.037477579789432384,8.675404718507325,-2.1111285019724657,1.0357581544405299,0.0006588893647848554,0.026897810305976197
4.807822724343313,-0.03748394249502831,8.67540488152542,-2.1111285834815137,1.0357581544405299,0.0006588938687434607,0.026897814809934802
4.807820901720949,-0.03749142763190921,8.675405076172847,-2.1111286808052263,1.0357581544405299,0.0006588992734937891,0.02689782021468513
4.80781876694528,-0.037500201245124515,8.675405310683384,-2.1111287980604954,1.0357581544405299,0.0006589057591941879,0.02689782670038553
4.807816257988121,-0.03751051446759089,8.675405588077219,-2.111128936757413,1.0357581544405299,0.0006589135420346633,0.026897834483226003
4.807813291347845,-0.03752271313282999,8.675405920181348,-2.111129102809477,1.0357581544405299,0.0006589228814432286,0.02689784382263457
4.807809747548541,-0.03753728651778558,8.67540631836909,-2.1111293019033486,1.0357581544405299,0.000658934088733513,0.026897855029924856
4.807805473643312,-0.037554860700308466,8.675406796930698,-2.111129541184152,1.0357581544405299,0.0006589475374818482,0.02689786847867319
4.807800290223497,-0.03757617145574257,8.675407374006873,-2.11112982972224,1.0357581544405299,0.0006589636759798564,0.026897884617171196
4.807793993861797,-0.03760205098785747,8.675408068092185,-2.1111301767648962,1.0357581544405299,0.0006589830421774648,0.026897903983368807
4.807786372478895,-0.03763337439555112,8.675408905968272,-2.1111305957029387,1.0357581544405299,0.0006590062816145941,0.026897927222805935
4.807777189399618,-0.03767110647464702,8.675409905730264,-2.111131095583935,1.0357581544405299,0.0006590341689391508,0.026897955110130493
4.807766201764589,-0.03771625290037663,8.675411101615875,-2.1111316935267403,1.0357581544405299,0.000659067633728616,0.026897988574919957
4.8077531325017056,-0.03776996068191129,8.675412532345874,-2.1111324088917405,1.0357581544405299,0.0006591077914759778,0.02689802873266732
4.807737655782405,-0.03783357572730155,8.67541424051406,-2.111133262975833,1.0357581544405299,0.0006591559807728082,0.02689807692196415
4.80771939177421,-0.0379086687127302,8.675416277466713,-2.1111342814521596,1.0357581544405299,0.0006592138079290092,0.02689813474912035
4.807697888225992,-0.03799711088034282,8.675418705441453,-2.11113549543953,1.0357581544405299,0.0006592832005164474,0.02689820414170779
4.807672588545129,-0.03810120290027596,8.675421598737938,-2.1111369420877715,1.0357581544405299,0.0006593664716213718,0.026898287412812714
4.807642836705402,-0.03822365760001568,8.675425046078768,-2.111138665758187,1.0357581544405299,0.0006594663969472832,0.026898387338138624
4.80760783019953,-0.03836778888038854,8.675429151335651,-2.111140718386629,1.0357581544405299,0.0006595863073383757,0.026898507248529716
4.807566585963826,-0.0385376580566741,8.67543404356912,-2.1111431645033636,1.0357581544405299,0.0006597301998076886,0.02689865114099903
4.807517949212599,-0.03873803690846917,8.675439875416007,-2.1111460804268067,1.0357581544405299,0.0006599028707708604,0.0268988238119622
4.807460483764739,-0.03897485641397147,8.675446833130072,-2.111149559283839,1.0357581544405299,0.0006601100759266727,0.026899031017118016
4.80739247291018,-0.03925520430932651,8.675455137607187,-2.1111537115223973,1.0357581544405299,0.0006603587221136429,0.026899279663304985
4.807311806888566,-0.039587786144198576,8.675465055355605,-2.1111586703966063,1.0357581544405299,0.0006606570975380056,0.026899578038729346
4.807215995741046,-0.03998287905519679,8.675476903676522,-2.111164594557064,1.0357581544405299,0.000661015148047246,0.026899936089238588
4.807102025444818,-0.04045291977536303,8.675491063211778,-2.111171674324692,1.0357581544405299,0.0006614448086583317,0.026900365749849674
4.806966251028602,-0.041012941209532555,8.675507986981083,-2.111180136209345,1.0357581544405299,0.0006619604013916291,0.02690088134258297
4.806804344959853,-0.041680792584765855,8.675528214081318,-2.1111902497594626,1.0357581544405299,0.0006625791126715951,0.026901500053862937
4.806611121143848,-0.042477874800526914,8.675552401033059,-2.1112023432353326,1.0357581544405299,0.0006633215662075467,0.02690224250739889
4.80638034703656,-0.04342990212524062,8.675581331928623,-2.111216808683114,1.0357581544405299,0.000664212510450691,0.026903133451642032
4.806104699831526,-0.044567094811137985,8.675615935794385,-2.1112341106159955,1.0357581544405299,0.0006652816435424611,0.0269042025847338
4.805775349786791,-0.04592588545498413,8.675657326259289,-2.111254805848448,1.0357581544405299,0.0006665646032525897,0.02690548554444393
4.805381831214374,-0.04754942146845604,8.675706787983096,-2.1112795367103505,1.0357581544405299,0.0006681041549047418,0.026907025096096084
4.8049117678215465,-0.04948875456087028,8.675765867504195,-2.1113090764709006,1.0357581544405299,0.0006699516168873273,0.02690887255807867
4.804350452336119,-0.05180454461584575,8.675836395617463,-2.1113443405275345,1.0357581544405299,0.0006721685712664276,0.02691108951245777
4.803680510578294,-0.05456840474964598,8.675920488719962,-2.1113863870787846,1.0357581544405299,0.0006748289165213481,0.02691374985771269
4.80288154281557,-0.057864437582013144,8.676020650501435,-2.1114364679695203,1.0357581544405299,0.0006780213308272548,0.026916942272018598
4.801929591196002,-0.06179137336123461,8.676139779802384,-2.1114960326199954,1.0357581544405299,0.0006818522279943414,0.026920773169185685
4.800796805990831,-0.06646395060807032,8.676281216228537,-2.1115667508330715,1.0357581544405299,0.0006864493045948483,0.02692537024578619
4.79945103232636,-0.07201458453340163,8.676448755495981,-2.1116505204667937,1.0357581544405299,0.0006919657965154536,0.026930886737706796
4.7978557069051355,-0.0785941790714898,8.676647048349173,-2.1117496668933895,1.0357581544405299,0.0006985855868201778,0.02693750652801152
4.795968546358452,-0.0863757114994467,8.676879938590396,-2.111866112014001,1.0357581544405299,0.0007065293351858482,0.02694545027637719
4.793745148091272,-0.09554250568703891,8.677153139709269,-2.1120027125734375,1.0357581544405299,0.0007160618332246505,0.026954982774415992
4.791138867447888,-0.1062866607664025,8.677472172215094,-2.1121622288263495,1.0357581544405299,0.0007275008308712169,0.026966421772062557
4.788100200974523,-0.11881170615004846,8.677842551705284,-2.112347418571445,1.0357581544405299,0.0007412276280470975,0.02698014856923844
4.7845718518806475,-0.1333534554323949,8.678270904612125,-2.1125615950248657,1.0357581544405299,0.0007576997846581526,0.026996620725849494
4.780490256852416,-0.15017137297027758,8.678762442037081,-2.1128073637373435,1.0357581544405299,0.0007774663725914172,0.02701638731378276
4.7757932291574905,-0.1695203557357945,8.679323314022898,-2.113087799730252,1.0357581544405299,0.0008011862781113349,0.027040107219302677
4.7704195653093375,-0.19164987135836917,8.679958174252864,-2.1134052298452346,1.0357581544405299,0.0008296501647352427,0.027068571105926583
4.764312457433294,-0.2167909125112585,8.680670783901576,-2.113761534669591,1.0357581544405299,0.000863806828683924,0.027102727769875264
4.757410469519068,-0.24519226264606644,8.68146418237948,-2.1141582339085434,1.0357581544405299,0.0009047948254223429,0.027143715766613685
4.749707244770483,-0.2768752931119637,8.682334313851037,-2.114593299644322,1.0357581544405299,0.0009539804215084501,0.027192901362699792
4.74118739481159,-0.31190003464537125,8.683279655548871,-2.115065970493239,1.0357581544405299,0.0010130031368117743,0.027251924078003115
4.73188284680031,-0.3501304904625397,8.68429191932092,-2.115572102379263,1.0357581544405299,0.0010838303951757663,0.027322751336367107
4.721822756310776,-0.39144074401302714,8.685361810913275,-2.11610704817544,1.0357581544405299,0.0011688231052125544,0.027407744046403896
4.711100017172835,-0.43544759476378053,8.68647770511226,-2.1166649952749332,1.0357581544405299,0.001270814357256703,0.027509735298448044
4.702188474479403,-0.47200298191143536,8.687386921486189,-2.1171196034618975,1.0357581544405299,0.001366432697389096,0.027605353638580438
4.692784443624258,-0.5105656703298519,8.688333486484025,-2.1175928859608155,1.0357581544405299,0.0014811747055479697,0.02772009564673931
4.683122725753923,-0.5501758154714045,8.689296760144236,-2.1180745227909217,1.0357581544405299,0.0016188651153386199,0.02785778605652996
4.673227302553149,-0.590730916045585,8.690270167915324,-2.118561226676465,1.0357581544405299,0.0017840936070874036,0.028023014548278744
4.6630293925435975,-0.6325149601691431,8.691262572000676,-2.119057428719141,1.0357581544405299,0.001982367797185939,0.02822128873837728
4.653116408150076,-0.6731267390695722,8.692222413327018,-2.1195373493823126,1.0357581544405299,0.0022202968253041805,0.028459217766495522
4.643174160044775,-0.7138537592033044,8.693180441039546,-2.120016363238576,1.0357581544405299,0.002505811659046076,0.028744732600237417
4.634817058940975,-0.7481164094043754,8.694014686825417,-2.1204334861315113,1.0357581544405299,0.002848429459536344,0.029087350400727685
4.626941114574835,-0.7804331302720188,8.694827630228502,-2.120839957833055,1.0357581544405299,0.0032595708201246707,0.029498491761316012
4.618930056586559,-0.8132901088795313,8.695640376882912,-2.121246331160259,1.0357581544405299,0.003752940452830661,0.029991861394022004
4.611476800182858,-0.8438787500957401,8.696415992484313,-2.1216341389609603,1.0357581544405299,0.004344984012077853,0.030583904953269195
4.604004381249362,-0.8745506925986881,8.697198259253275,-2.1220252723454407,1.0357581544405299,0.005055436283174478,0.03129435722436582
4.599331623118607,-0.8937664008550691,8.697722934986636,-2.122287610212121,1.0357581544405299,0.005680532761403602,0.03191945370259494
4.595550825460547,-0.9093355152944911,8.69816885879382,-2.122510572115714,1.0357581544405299,0.006296862808487985,0.032535783749679324
4.591050975504837,-0.9278476855689176,8.698681629245408,-2.1227669573415073,1.0357581544405299,0.0070364588649892475,0.03327537980618059
4.585940679018802,-0.9488653904458074,8.699258148178156,-2.123055216807882,1.0357581544405299,0.007923974132790763,0.034162895073982104
4.5811331738597385,-0.9686707402071866,8.699833477303283,-2.1233428813704447,1.0357581544405299,0.00898899245415258,0.035227913395343924
4.576258971464746,-0.9887069189073299,8.700372846423454,-2.1236125659305296,1.0357581544405299,0.009972461533645642,0.03621138247483698
4.57295354321923,-1.0023369937217086,8.700781208255767,-2.123816746846687,1.0357581544405299,0.010964686190837677,0.03720360713202902
4.568570167141386,-1.0203710872493024,8.701281797471989,-2.1240670414547975,1.0357581544405299,0.012155355779468123,0.03839427672065947
4.564924022765836,-1.0354143858479428,8.701740518568425,-2.124296402003015,1.0357581544405299,0.013584159285824652,0.03982308022701599
4.558766553378577,-1.0606874425890582,8.702383697760506,-2.1246179915990564,1.0357581544405299,0.015298723493452493,0.04153764443464383
4.5539262193929595,-1.0806168551776858,8.702951774406666,-2.124902029922136,1.0357581544405299,0.01735620054260589,0.04359512148379723
4.55002415947507,-1.0966926936614079,8.703419373218829,-2.1251358293282174,1.0357581544405299,0.019188056442074334,0.045426977383265676
4.5459944013377,-1.1132700200704182,8.70387766707836,-2.125364976257984,1.0357581544405299,0.0209981908843251,0.04723711182551644
4.541544855140463,-1.131577645298796,8.70438710751779,-2.1256196964776986,1.0357581544405299,0.023170352215026026,0.04940927315621737
4.534293193665323,-1.1612898613080638,8.705092677626494,-2.12597248153205,1.0357581544405299,0.025776945811867135,0.05201586675305848
4.5316216347893645,-1.1723647755538327,8.70548135636843,-2.126166820903018,1.0357581544405299,0.02820214184750163,0.05444106278869297
4.524764726512352,-1.2004709288673507,8.706159876573901,-2.1265060810057532,1.0357581544405299,0.031112377090263037,0.057351298031454376
4.5214370525415495,-1.2142785228249928,8.706656774648332,-2.126754530042969,1.0357581544405299,0.03460465938157672,0.06084358032276806
4.513899492732341,-1.2451262854569716,8.707354298043475,-2.1271032917405406,1.0357581544405299,0.0377614058217236,0.06400032676291494
4.511102694736078,-1.2567135952148436,8.707754415816295,-2.1273033506269505,1.0357581544405299,0.04085959802657336,0.0670985189677647
4.501215149466506,-1.2970889990743326,8.708579638597495,-2.1277159620175508,1.0357581544405299,0.04457742867239307,0.07081634961358442
4.499413002435427,-1.3047207308297797,8.709002782228627,-2.1279275338331165,1.0357581544405299,0.04903882544737673,0.07527774638856807
4.489149525332842,-1.3465942406231475,8.709822383611657,-2.1283373345246317,1.0357581544405299,0.05308934652941869,0.07932826747061003
4.488903490608606,-1.3478664553878827,8.710110459479449,-2.128481372458528,1.0357581544405299,0.05704180017089036,0.08328072111208171
4.4802947701629074,-1.3830567807130423,8.710865903021812,-2.128859094229709,1.0357581544405299,0.06178474454065637,0.08802366548184772
4.475353468424291,-1.4034423348672866,8.711486250221588,-2.1291692678295973,1.0357581544405299,0.0674762777843756,0.09371519872556694
4.468304142086981,-1.432307903986626,8.71215451399169,-2.1295033997146477,1.0357581544405299,0.07247685379993841,0.09871577474112976
4.4642508612795915,-1.4488703982323436,8.712503885007852,-2.129678085222729,1.0357581544405299,0.07487529033844355,0.1011142112796349
4.462585581541258,-1.4557898581156363,8.712762225937809,-2.129807255687707,1.0357581544405299,0.07775341418464972,0.10399233512584106
4.4566267725866,-1.4801335977441203,8.71327072974766,-2.130061507592633,1.0357581544405299,0.08120716280009713,0.10744608374128847
4.455391329691406,-1.48538351812644,8.71357887854921,-2.130215581993408,1.0357581544405299,0.08535166113863402,0.11159058207982536
4.450496131476206,-1.5055067778660782,8.714121345428044,-2.1304868154328247,1.0357581544405299,0.09032505914487829,0.11656398008606964
4.443712037221356,-1.5333271940121584,8.714805384554724,-2.130828834996165,1.0357581544405299,0.09629313675237139,0.12253205769356273
4.435053631885057,-1.5687817582699737,8.715626327467344,-2.131239306452475,1.0357581544405299,0.10345482988136312,0.12969375082255447
4.430021444521441,-1.5894979148532982,8.716213734596204,-2.131533010016905,1.0357581544405299,0.1099073220157285,0.13614624295691985
4.424805757260083,-1.6109312499519823,8.716784320649456,-2.131818303043531,1.0357581544405299,0.11617698140128925,0.1424159023424806
4.4207642093254185,-1.6275997451069157,8.717286624065732,-2.132069454751669,1.0357581544405299,0.12241233424716326,0.14865125518835462
4.413537621841636,-1.6571737231492323,8.717954252172916,-2.132403268805261,1.0357581544405299,0.12989475766221206,0.1561336786034034
4.406090454840461,-1.6875939430519094,8.718585804070894,-2.1327190447542503,1.0357581544405299,0.13887366576027066,0.165112586701462
4.400371597561205,-1.7109593494181201,8.719075781320083,-2.1329640333788444,1.0357581544405299,0.14675731714572862,0.17299623808691997
4.397711984293949,-1.7219880278331403,8.719466006666078,-2.133159146051842,1.0357581544405299,0.1542735660781225,0.18051248701931386
4.391921533016159,-1.74560594516481,8.719922118886585,-2.133387202162096,1.0357581544405299,0.16168833210371267,0.187927253044904
4.384660891006754,-1.77516970254062,8.720443308224775,-2.1336477968311907,1.0357581544405299,0.17058605133442087,0.19682497227561221
4.377237963175009,-1.8054215602592782,8.721003454616454,-2.1339278700270303,1.0357581544405299,0.18126331441127067,0.207502235352462
4.371332218188186,-1.829495018425744,8.72145393283563,-2.1341531091366184,1.0357581544405299,0.1905370917625699,0.2167760127037612
4.366766101316742,-1.848153129568137,8.721847576492245,-2.1343499309649254,1.0357581544405299,0.1993512809670922,0.22559020190828355
4.35927529274643,-1.8785911162389,8.72232232888176,-2.134587307159683,1.0357581544405299,0.20802923014689528,0.23426815108808663
4.35189354187932,-1.9085849999268494,8.72278920910127,-2.134820747269438,1.0357581544405299,0.21844276916265895,0.2446816901038503
4.347782129948951,-1.9254402636432293,8.723198825096176,-2.1350255552668913,1.0357581544405299,0.23093901598157537,0.2571779369227667
4.341496367400374,-1.9509855969178702,8.723601108176508,-2.1352266968070572,1.0357581544405299,0.24191773410647455,0.2681566550476659
4.337005350451754,-1.9692715380450192,8.723922981509178,-2.135387633473392,1.0357581544405299,0.25227862257289224,0.2785175435140836
4.330534484974693,-1.995528595268928,8.724296576824841,-2.135574431131224,1.0357581544405299,0.26245358961054643,0.2886925105517378
4.326650429866381,-2.0114006843581866,8.72463244548085,-2.1357423654592282,1.0357581544405299,0.2746635500557315,0.30090247099692286
4.318951339928518,-2.042645571374302,8.725080972745518,-2.135966629091562,1.0357581544405299,0.28931550258995364,0.315554423531145
4.313047831472805,-2.066582738257614,8.725404105805977,-2.1361281956217915,1.0357581544405299,0.30195858190441327,0.3281975028456046
4.30414448246215,-2.1025696269620506,8.72577759846779,-2.1363149419526986,1.0357581544405299,0.3138976024527562,0.34013652339394757
4.296555207373216,-2.133288609579979,8.726139480729985,-2.1364958830837963,1.0357581544405299,0.3282244271107677,0.35446334805195906
4.288239057650929,-2.1669578672729966,8.726544139533855,-2.136698212485731,1.0357581544405299,0.34541661670038154,0.37165553764157283
4.28158078137048,-2.1938880392246003,8.726841206363664,-2.1368467459006353,1.0357581544405299,0.36047350241133147,0.3867124233525228
4.275239908263636,-2.219542996363706,8.72713267107539,-2.136992478256498,1.0357581544405299,0.37484569166426923,0.4010846126054605
4.271652737600505,-2.23411168930686,8.727352681366021,-2.1371024834018133,1.0357581544405299,0.39209231876779443,0.4183312397089857
4.264649939193394,-2.262442118818555,8.72767191724927,-2.137262101343438,1.0357581544405299,0.4127882712920248,0.4390271922332161
4.257585324145693,-2.2909813113712785,8.727952649611192,-2.1374024675243986,1.0357581544405299,0.43011609251979915,0.4563550134609905
4.252517522391574,-2.3114781291381163,8.728178260361554,-2.1375152728995803,1.0357581544405299,0.44638499788879227,0.4726239188299836
4.246414254879312,-2.33614797160016,8.72843503277455,-2.1376436591060783,1.0357581544405299,0.46590768433158397,0.4921466052727753
4.2392202880582435,-2.3652147308500924,8.728725924740209,-2.1377891050889075,1.0357581544405299,0.489334908062934,0.5155738290041253
4.23173916468698,-2.395395986842861,8.728982687247921,-2.1379174863427632,1.0357581544405299,0.509347495638492,0.5355864165796833
4.226360376023787,-2.4171191475779783,8.729190693330269,-2.138021489383937,1.0357581544405299,0.528225945671719,0.5544648666129103
4.21928172011447,-2.445675932388484,8.729432854503504,-2.138142569970555,1.0357581544405299,0.5508800857115912,0.5771190066527826
4.211681254200119,-2.476339121419884,8.729694179877503,-2.1382732326575544,1.0357581544405299,0.5780650537594381,0.6043039747006294
4.2025776010133935,-2.513017187678953,8.729957633389672,-2.1384049594136387,1.0357581544405299,0.6013931985121154,0.6276321194533067
4.200720735547155,-2.520551591100288,8.73006457494605,-2.1384584301918284,1.0357581544405299,0.623639735061941,0.6498786560031323
4.193398262204006,-2.5500510933303024,8.73027418380347,-2.1385632346205377,1.0357581544405299,0.645609820574386,0.6718487415155773
4.190064495310403,-2.563512488997236,8.73040051189599,-2.138626398666798,1.0357581544405299,0.6719739231893198,0.6982128441305112
4.17896110122426,-2.608220757979148,8.730695204533331,-2.138773744985469,1.0357581544405299,0.7036108463272407,0.729849767268432
4.175498779830318,-2.622195532162779,8.730820693141188,-2.1388364892893974,1.0357581544405299,0.7309102598167596,0.7571491807579509
4.167740416455661,-2.653441815063727,8.731033522543514,-2.13894290399056,1.0357581544405299,0.7569154367299586,0.7831543576711499
4.16603549656857,-2.660362195967824,8.731134223899247,-2.1389932546684265,1.0357581544405299,0.7881216490257974,0.8143605699669887
4.154282670086696,-2.7076986405147534,8.731459362518677,-2.1391558239781414,1.0357581544405299,0.825569103780804,0.8518080247219952
4.151559493509902,-2.7187033529011724,8.73157136859792,-2.1392118270177636,1.0357581544405299,0.8578254062306235,0.8840643271718148
4.141221087160472,-2.760352553403099,8.731866943702132,-2.1393596145698686,1.0357581544405299,0.8883441400066605,0.9145830609478518
4.141740673641149,-2.7583101054005223,8.73190284162226,-2.139377563529933,1.0357581544405299,0.9178663759743645,0.9441052969155558
4.132940478716566,-2.7937823216359994,8.732174278159402,-2.1395132817985036,1.0357581544405299,0.9532930591356094,0.9795319800768008
4.129505599940959,-2.8076659774756134,8.732318418896593,-2.1395853521670998,1.0357581544405299,0.9958050789291033,1.0220439998702946
4.123615953107022,-2.831434166289248,8.732528020374478,-2.1396901529060424,1.0357581544405299,1.0328784972577632,1.0591174181989544
4.119175691813751,-2.849355546477934,8.73268835539008,-2.139770320413843,1.0357581544405299,1.0676781154927106,1.093917036433902
4.116428717943814,-2.860463254434188,8.732808167866585,-2.1398302266520957,1.0357581544405299,1.1019941291784814,1.1282330501196727
4.112390437765273,-2.8767696783837593,8.732961471101993,-2.1399068782697994,1.0357581544405299,1.1356843711105535,1.1619232920517448
4.1099599831757985,-2.8866139621194846,8.733083936479822,-2.139968110958714,1.0357581544405299,1.17611266142904,1.2023515823702313
4.102672450718747,-2.916024036857011,8.733343881389137,-2.1400980834133723,1.0357581544405299,1.224626609811224,1.2508655307524155
4.09712934268909,-2.93840102926055,8.733548441674051,-2.140200363555828,1.0357581544405299,1.2656369976443451,1.2918759185855364
4.095646214376952,-2.944416354405865,8.733631253570813,-2.1402417695042097,1.0357581544405299,1.304242561806039,1.3304814827472302
4.091519581271551,-2.9610802224764976,8.733788589219843,-2.140320437328725,1.0357581544405299,1.3411310944592723,1.3673700154004635
4.0879668910183025,-2.975426954324934,8.733924560055286,-2.140388422746446,1.0357581544405299,1.3751857322146834,1.401424653155875
4.086405279601706,-2.9817490164457543,8.73400017650972,-2.1404262309736635,1.0357581544405299,1.4048573638581214,1.4310962847993127
4.081984225386571,-2.9995828561459197,8.734149799349346,-2.1405010423934767,1.0357581544405299,1.4319044127997536,1.458143333740945
4.080070483792827,-3.007309858454422,8.734221835282872,-2.140537060360239,1.0357581544405299,1.4557423513767835,1.481981272317975
4.078917704116935,-3.0119745710916326,8.734275429216517,-2.1405638573270616,1.0357581544405299,1.475248999507836,1.5014879204490272
4.078083348254786,-3.0153472697455674,8.734310704421857,-2.1405814949297315,1.0357581544405299,1.4933113159309936,1.519550236872185
4.075678869479112,-3.0250501352769574,8.734395654850546,-2.140623970144077,1.0357581544405299,1.514986095638783,1.5412250165799743
4.073519600926747,-3.033762697269477,8.734471142633605,-2.1406617140356055,1.0357581544405299,1.5409958312881302,1.5672347522293217
4.070238394448934,-3.046987481039294,8.73457110049217,-2.140711692964888,1.0357581544405299,1.5618036198076082,1.5880425407487995
4.070277041807381,-3.046844517481231,8.734582726367895,-2.140717505902751,1.0357581544405299,1.5805940936472096,1.606833014588401
4.066356590698874,-3.0626362247409786,8.734692629193617,-2.140772457315612,1.0357581544405299,1.6031426622547316,1.629381583195923
4.064442462396427,-3.0703562893415617,8.734756180584409,-2.1408042330110075,1.0357581544405299,1.6302009445837582,1.6564398655249495
4.061885009507695,-3.0806586123294952,8.73482869201742,-2.1408404887275134,1.0357581544405299,1.6518475704469793,1.6780864913881708
4.060076974481705,-3.0879442735005758,8.734882213084534,-2.1408672492610705,1.0357581544405299,1.6708685517674517,1.6971074727086433
4.058172785278206,-3.095610227703645,8.73493141047361,-2.140891847955608,1.0357581544405299,1.68644517383106,1.7126840947722515
4.056889722234879,-3.100778116622311,8.734967047218968,-2.140909666328287,1.0357581544405299,1.699751333654411,1.7259902545956025
4.055558345828953,-3.106136492196914,8.734999917169866,-2.140926101303736,1.0357581544405299,1.7118666736689245,1.738105594610116
4.0548969413417435,-3.108801700746398,8.735019507770515,-2.1409358966040606,1.0357581544405299,1.722224650382895,1.7484635713240864
4.054756736006544,-3.1093739149449737,8.735030900628288,-2.140941593032948,1.0357581544405299,1.7346542224396595,1.760893143380851
4.054448173980112,-3.1106257829401875,8.735048520517774,-2.14095040297769,1.0357581544405299,1.749569708907777,1.7758086298489686
4.050920488762304,-3.124813471491727,8.735125468198088,-2.140988876817847,1.0357581544405299,1.767468292669518,1.7937072136107095
4.050547303897289,-3.1263305667957577,8.735149824042054,-2.14100105473983,1.0357581544405299,1.788946593183607,1.8151855141247986
4.049568188744361,-3.130281454262972,8.735184250897557,-2.141018268167582,1.0357581544405299,1.814720553800514,1.8409594747417055
4.046857289604495,-3.1411951362135087,8.735254336288632,-2.141053310863119,1.0357581544405299,1.8456493065408022,1.8718882274819937
4.0438292044696285,-3.1533831500738607,8.735330009609516,-2.1410911475235612,1.0357581544405299,1.8827638098291486,1.9090027307703399
4.041948145709728,-3.1609569126992634,8.73537953719532,-2.141115911316463,1.0357581544405299,1.9124554124598252,1.9386943334010167
4.038240284672546,-3.1758658102075272,8.735456990554855,-2.1411546379962303,1.0357581544405299,1.9392684148106192,1.9655073357518105
4.035922034321866,-3.1851889091998835,8.735507088144487,-2.1411796867910464,1.0357581544405299,1.9627595216156504,1.9889984425568419
4.032224359166816,-3.200049163276855,8.735576641601257,-2.141214463519432,1.0357581544405299,1.983496690089562,2.0097356110307536
4.032098564003875,-3.2005640620716345,8.735588359744275,-2.141220322590941,1.0357581544405299,2.002223595518213,2.0284625164594043
4.031626032475736,-3.20247584862816,8.735610020188245,-2.1412311528129258,1.0357581544405299,2.0246958820325935,2.050934802973785
4.030858362843731,-3.205573599679636,8.735637092711704,-2.1412446890746546,1.0357581544405299,2.0516626258498505,2.077901546791042
4.026350327291256,-3.2236867626259404,8.735718113448108,-2.1412851994428572,1.0357581544405299,2.084022718430559,2.11026163937175
4.024840880475637,-3.2297646146819528,8.735758178241639,-2.1413052318396226,1.0357581544405299,2.122854829527409,2.1490937504686003
4.017133165931274,-3.260709007430545,8.735871712812786,-2.1413619991251958,1.0357581544405299,2.155634640329327,2.1818735612705185
4.0132460674791215,-3.276317812169419,8.735932123743048,-2.141392204590327,1.0357581544405299,2.185034010996411,2.211272931937602
4.010665826284271,-3.286678594002505,8.735971940796727,-2.1414121131171666,1.0357581544405299,2.2107654672482555,2.237004388189447
4.004840132981039,-3.310055679423299,8.736046253004595,-2.141449269221101,1.0357581544405299,2.2347784244643263,2.261017345405518
4.004256250549428,-3.3124054626023036,8.736060506457154,-2.1414563959473805,1.0357581544405299,2.2574422688175346,2.2836811897587257
4.000429367743686,-3.327763619191117,8.736111131823002,-2.1414817086303044,1.0357581544405299,2.284638882041383,2.3108778029825743
3.9975807505623226,-3.339198081350349,8.736151125256779,-2.141501705347193,1.0357581544405299,2.3172748179100027,2.3435137388511937
3.9932048433748104,-3.3567544321676714,8.736203847324054,-2.1415280663808303,1.0357581544405299,2.3474458863375713,2.3736848072787624
3.99149109139372,-3.3636346330773375,8.73622904030936,-2.1415406628734828,1.0357581544405299,2.3772177686918052,2.4034566896329967
3.9852777606086103,-3.3885537339046854,8.736294817996267,-2.1415735517169368,1.0357581544405299,2.406404427830231,2.4326433487714225
3.9856701106642967,-3.386989901745302,8.73630038605963,-2.141576335748618,1.0357581544405299,2.4350641419294483,2.4613030628706394
3.9842813303118048,-3.3925667898933156,8.736322152797676,-2.1415872191176413,1.0357581544405299,2.463137181233828,2.489376102175019
3.9788710890957164,-3.4142613862862423,8.736375784326249,-2.1416140348819277,1.0357581544405299,2.4968248283990846,2.5230637493402757
3.97427832513307,-3.4326787192849433,8.73642206147436,-2.141637173455984,1.0357581544405299,2.537250004997392,2.5634889259385836
3.967452121168845,-3.4600407468065355,8.736479273139054,-2.1416657792883305,1.0357581544405299,2.57277496767458,2.5990138886157714
3.9651423323678046,-3.46929782611802,8.73649719724638,-2.1416747413419923,1.0357581544405299,2.6064528827678903,2.632691803709082
3.958670800902224,-3.4952325052190525,8.736545750485087,-2.141699017961347,1.0357581544405299,2.6387740649502796,2.665012985891471
3.955113824691322,-3.5094895803213237,8.736574920743752,-2.14171360309068,1.0357581544405299,2.669761738278368,2.696000659219559
3.949721184319359,-3.531099446416044,8.73661422535062,-2.141733255394113,1.0357581544405299,2.706946946272074,2.733185867213265
3.9457708213682436,-3.5469332938014366,8.73664662093155,-2.141749453184578,1.0357581544405299,2.7509802904747245,2.7772192114159155
3.944089778996757,-3.553674685574799,8.736663843218967,-2.1417580643282865,1.0357581544405299,2.788320932676049,2.81455985361724
3.935847650731233,-3.586691342561075,8.736711987143151,-2.141782136290378,1.0357581544405299,2.82129538066481,2.8475343016060015
3.934882846115633,-3.590562040878032,8.736723466997704,-2.1417878762176548,1.0357581544405299,2.8552328193538603,2.8814717402950514
3.929621580870943,-3.6116396961325674,8.736756061273478,-2.141804173355543,1.0357581544405299,2.8894682501358266,2.9157071710770177
3.927024614582406,-3.622045153782334,8.736773653769099,-2.1418129696033525,1.0357581544405299,2.9211455956791177,2.9473845166203088
3.9256259188344123,-3.6276533080362965,8.736787025031088,-2.1418196552343467,1.0357581544405299,2.9520667662763396,2.9783056872175306
3.9131740903287264,-3.677501229582951,8.736827632554999,-2.141839958996302,1.0357581544405299,2.98145453343923,3.007693454380421
3.9132204607040975,-3.6773200075075003,8.73683189198103,-2.1418420887093186,1.0357581544405299,3.008832941658037,3.035071862599228
3.906071598651416,-3.7059449283407435,8.736861364603548,-2.1418568250205774,1.0357581544405299,3.0351067066529427,3.0613456275941338
3.9033774202898868,-3.7167364957837563,8.736876218600443,-2.1418642520190243,1.0357581544405299,3.065742417554429,3.09198133849562
3.899822221593549,-3.7309750247611575,8.736893952792496,-2.1418731191150506,1.0357581544405299,3.102505270636213,3.128744191577404
3.8907304706422323,-3.7673768213471215,8.73692874557319,-2.141890515505398,1.0357581544405299,3.146620694334353,3.172859615275544
3.8888830352438806,-3.7747772436901035,8.736939426322767,-2.141895855880186,1.0357581544405299,3.1827560909443604,3.2089950118855515
3.8814238888669452,-3.8046414896599026,8.736967086784825,-2.1419096861112155,1.0357581544405299,3.21579977515904,3.242038696100231
3.880756844909928,-3.8073158234109146,8.736973244707768,-2.141912765072687,1.0357581544405299,3.2470266728495503,3.2732655937907413
3.8781430308872347,-3.8177795706133684,8.736981735819448,-2.1419170106285277,1.0357581544405299,3.262172048018471,3.2884109689596626
3.8677260136553557,-3.8594480429664375,8.736982139245002,-2.141917212341304,1.0357581544405299,3.280346498221176,3.306585419162367
3.866731551462394,-3.8634306768335485,8.736986924340266,-2.141919604888937,1.0357581544405299,3.3021558384644223,3.3283947594056134
3.866131282699407,-3.8658350624981432,8.736990234952911,-2.141921260195259,1.0357581544405299,3.328327046756318,3.3545659676975093
3.8610121588163,-3.886324819373936,8.737003496296277,-2.141927890866941,1.0357581544405299,3.359732496706592,3.385971417647783
3.8602718096885758,-3.8892887273821963,8.73700600779364,-2.141929146615623,1.0357581544405299,3.368276390811159,3.39451531175235
3.854668613502212,-3.9117117394170755,8.737016235083065,-2.1419342602603355,1.0357581544405299,3.3768202849157256,3.403059205856917
3.8546437731003866,-3.9118113296941646,8.737016463752852,-2.141934374595229,1.0357581544405299,3.3773542782972608,3.403593199238452
3.854291481143061,-3.913221194867682,8.737017161097066,-2.1419347232673367,1.0357581544405299,3.3778882716787964,3.4041271926199874
3.854278666619569,-3.9132725292128088,8.737017237348226,-2.1419347613929163,1.0357581544405299,3.378422265060332,3.404661186001523
3.8542716408831548,-3.9133005936223864,8.737017198812145,-2.141934742124876,1.0357581544405299,3.3784890142330237,3.404727935174215
3.854247849249963,-3.9133960499950136,8.737017488652008,-2.141934887044807,1.0357581544405299,3.378555763405716,3.404794684346907
3.8542042645338324,-3.9135706150630605,8.737017714855533,-2.141935000146569,1.0357581544405299,3.3786225125784077,3.404861433519599
3.854146499924032,-3.913802103026114,8.737018144379382,-2.1419352149084943,1.0357581544405299,3.3786892617510995,3.4049281826922906
3.854083188180228,-3.914055748873397,8.737018543251448,-2.1419354143445273,1.0357581544405299,3.3787560109237913,3.404994931864983
3.854011546878827,-3.914342238598473,8.737018467770922,-2.1419353766042635,1.0357581544405299,3.3788361099310222,3.4050750308722133
3.8539648465725262,-3.914529358270766,8.737018786218012,-2.1419355358278094,1.0357581544405299,3.3789322287396986,3.4051711496808896
3.853910254107121,-3.914747600321167,8.737018658406791,-2.1419354719221984,1.0357581544405299,3.3790475713101102,3.4052864922513013
3.8538460580060256,-3.915004541200301,8.737018814881543,-2.1419355501595745,1.0357581544405299,3.3791859823946035,3.405424903335795
3.8538272847525303,-3.915079979051111,8.737019159718374,-2.14193572257799,1.0357581544405299,3.379227505719952,3.4054664266611434
3.853802438082203,-3.9151796351965054,8.737019429182459,-2.1419358573100324,1.0357581544405299,3.3792669975734224,3.4055059185146135
3.853796414923397,-3.9152038329614416,8.737019534312171,-2.1419359098748885,1.0357581544405299,3.3792827943148103,3.4055217152560013
3.8537850329841046,-3.9152498856556037,8.737020059249163,-2.1419361723433843,1.0357581544405299,3.3792978810060155,3.4055368019472065
3.853780948778893,-3.9152640078776035,8.737017844650316,-2.141935065043961,1.0357581544405299,3.3793008983442565,3.4055398192854476
3.853833000560807,-3.915055276623896,8.737017320524263,-2.1419348029809346,1.0357581544405299,3.3793027087472014,3.4055416296883925
3.85379365111777,-3.9152108789133675,8.737015525041588,-2.141933905239598,1.0357581544405299,3.379304881230735,3.405543802171926
3.8537735637131907,-3.9152913932350404,8.737015689744943,-2.141933987591275,1.0357581544405299,3.3793074882109746,3.405546409152166
3.8537578969817754,-3.915349211329547,8.737010840913788,-2.1419315631756977,1.0357581544405299,3.3793106165872633,3.4055495375284544
3.8538136156442273,-3.915126187975265,8.737010692209315,-2.141931488823461,1.0357581544405299,3.3793124936130363,3.4055514145542274
3.85377717164156,-3.9152707510804996,8.73700947930388,-2.1419308823707435,1.0357581544405299,3.3793147460439634,3.4055536669851545
3.853757367185378,-3.9153496216999697,8.737009132098622,-2.141930708768114,1.0357581544405299,3.3793174489610767,3.4055563699022677
3.8537557070885624,-3.9153560815116255,8.737008951523014,-2.1419306184803104,1.0357581544405299,3.379319070711344,3.4055579916525356
3.853794947065915,-3.915197494619653,8.737007324540455,-2.1419298049890303,1.0357581544405299,3.379321016811666,3.4055599377528574
3.8537642650644655,-3.915322244094842,8.737009346009845,-2.1419308157237253,1.0357581544405299,3.3793233521320514,3.405562273073243
3.853743965599614,-3.915403394481251,8.737009298536849,-2.1419307919872277,1.0357581544405299,3.379323772489721,3.405562693430912
3.853728156787597,-3.915466707407397,8.737009376214926,-2.1419308308262663,1.0357581544405299,3.3793241087758563,3.405563029717048
3.8537245684841217,-3.915481181511645,8.737009497105273,-2.1419308912714397,1.0357581544405299,3.379324243290311,3.405563164231502
3.855318306733151,-3.9091051971329294,8.737008465722674,-2.14193037558014,1.0357581544405299,3.3793242970960926,3.4055632180372837
