 Teff  logg   M/Mo  Mbol     BC    U      B      V      R      I      J      H      K      u      g      r      i      z      G     G_BP   G_RP   G/R   G_BP/R G_RP/R    Age
  1500. 7.0  0.052 20.218  0.983 24.188 21.760 19.235 18.977 20.702 20.836 20.787 21.789 25.199 20.459 18.848 20.933 20.600 19.607 19.620 19.838 19.614 19.613 19.733 1.026E+08
  1750. 7.0  0.144 18.441  0.778 22.316 20.087 17.663 17.215 18.302 18.465 18.566 19.434 23.310 18.861 17.130 18.600 18.380 17.835 17.971 17.711 17.843 17.965 17.651 9.003E+09
  2000. 7.0  0.147 17.840  0.538 21.644 19.602 17.302 16.696 17.233 17.445 17.659 18.379 22.618 18.450 16.684 17.572 17.439 17.270 17.564 16.874 17.279 17.559 16.849 1.013E+10
  2250. 7.0  0.146 17.332  0.310 21.071 19.199 17.022 16.294 16.384 16.616 16.911 17.485 22.024 18.114 16.372 16.768 16.677 16.801 17.264 16.215 16.812 17.259 16.210 9.596E+09
  2500. 7.0  0.146 16.874  0.094 20.561 18.843 16.780 15.966 15.707 15.915 16.262 16.704 21.497 17.816 16.132 16.147 16.049 16.399 17.016 15.685 16.410 17.012 15.690 8.252E+09
  2750. 7.0  0.147 16.454 -0.097 20.080 18.504 16.552 15.686 15.176 15.297 15.671 16.011 21.001 17.533 15.921 15.674 15.535 16.050 16.787 15.256 16.062 16.783 15.264 4.857E+09
  3000. 7.0  0.148 16.069 -0.259 19.608 18.171 16.328 15.444 14.782 14.745 15.106 15.361 20.516 17.253 15.725 15.322 15.130 15.757 16.564 14.918 15.767 16.561 14.927 3.661E+09
  3250. 7.0  0.149 15.714 -0.392 19.140 17.840 16.106 15.234 14.500 14.255 14.562 14.748 20.035 16.976 15.536 15.064 14.828 15.514 16.344 14.660 15.523 16.340 14.667 3.162E+09
  3500. 7.0  0.150 15.387 -0.491 18.659 17.498 15.878 15.038 14.286 13.830 14.036 14.152 19.542 16.689 15.344 14.856 14.598 15.299 16.116 14.451 15.307 16.112 14.456 2.892E+09
  3750. 7.0  0.151 15.084 -0.546 18.140 17.129 15.630 14.834 14.095 13.477 13.543 13.581 19.011 16.378 15.134 14.662 14.402 15.085 15.865 14.256 15.092 15.861 14.262 2.782E+09
  4000. 7.0  0.151 14.797 -0.545 17.547 16.705 15.342 14.603 13.899 13.204 13.108 13.086 18.406 16.019 14.891 14.455 14.213 14.849 15.572 14.052 14.855 15.568 14.057 2.480E+09
  4250. 7.0  0.152 14.527 -0.500 16.915 16.249 15.027 14.347 13.686 12.997 12.752 12.705 17.764 15.629 14.621 14.229 14.014 14.587 15.246 13.831 14.594 15.243 13.836 2.186E+09
  4500. 7.0  0.153 14.271 -0.429 16.275 15.784 14.700 14.079 13.467 12.822 12.484 12.406 17.114 15.229 14.338 13.994 13.812 14.312 14.904 13.601 14.319 14.901 13.606 1.950E+09
  4750. 7.0  0.155 14.026 -0.349 15.653 15.332 14.375 13.812 13.247 12.659 12.292 12.185 16.483 14.836 14.056 13.759 13.610 14.035 14.563 13.371 14.041 14.559 13.376 1.733E+09
  5000. 7.0  0.157 13.791 -0.276 15.055 14.906 14.067 13.557 13.037 12.504 12.145 12.036 15.878 14.464 13.788 13.534 13.416 13.767 14.234 13.151 13.773 14.231 13.156 1.543E+09
  5250. 7.0  0.159 13.564 -0.220 14.492 14.518 13.784 13.321 12.843 12.360 12.018 11.920 15.309 14.124 13.541 13.326 13.236 13.517 13.928 12.947 13.524 13.925 12.952 1.374E+09
  5500. 7.0  0.161 13.345 -0.184 13.992 14.174 13.528 13.107 12.666 12.226 11.901 11.819 14.808 13.819 13.317 13.138 13.073 13.288 13.650 12.762 13.295 13.647 12.767 1.226E+09
  6000. 7.0  0.167 12.931 -0.150 13.208 13.595 13.080 12.731 12.355 11.988 11.696 11.643 14.027 13.295 12.924 12.806 12.784 12.884 13.165 12.436 12.892 13.162 12.441 9.879E+08
  6500. 7.0  0.171 12.556 -0.147 12.632 13.126 12.703 12.410 12.089 11.788 11.534 11.503 13.453 12.862 12.590 12.523 12.537 12.540 12.761 12.157 12.547 12.757 12.162 8.236E+08
  7000. 7.0  0.175 12.209 -0.161 12.175 12.724 12.369 12.122 11.847 11.609 11.393 11.380 12.999 12.486 12.292 12.266 12.312 12.231 12.406 11.904 12.238 12.403 11.908 6.916E+08
  7500. 7.0  0.180 11.882 -0.182 11.796 12.367 12.064 11.857 11.624 11.443 11.265 11.266 12.624 12.147 12.018 12.029 12.105 11.948 12.087 11.671 11.955 12.083 11.675 5.810E+08
  8000. 7.0  0.184 11.574 -0.206 11.475 12.044 11.780 11.611 11.416 11.289 11.147 11.159 12.307 11.836 11.763 11.809 11.912 11.685 11.794 11.454 11.692 11.790 11.458 4.893E+08
  8500. 7.0  0.189 11.283 -0.228 11.196 11.746 11.511 11.378 11.222 11.144 11.038 11.059 12.033 11.546 11.524 11.601 11.733 11.438 11.521 11.251 11.444 11.517 11.254 4.139E+08
  9000. 7.0  0.194 11.007 -0.250 10.947 11.468 11.257 11.159 11.040 11.008 10.935 10.963 11.788 11.274 11.298 11.406 11.565 11.205 11.265 11.060 11.211 11.262 11.063 3.519E+08
  9500. 7.0  0.199 10.745 -0.275 10.721 11.211 11.020 10.957 10.873 10.883 10.841 10.873 11.566 11.022 11.089 11.227 11.412 10.988 11.029 10.886 10.994 11.025 10.888 3.009E+08
 10000. 7.0  0.202 10.503 -0.314 10.523 10.988 10.817 10.784 10.735 10.780 10.764 10.798 11.372 10.803 10.912 11.077 11.286 10.802 10.824 10.740 10.808 10.820 10.741 2.602E+08
 10500. 7.0  0.205 10.275 -0.379 10.353 10.804 10.653 10.648 10.626 10.698 10.701 10.735 11.204 10.624 10.770 10.960 11.187 10.652 10.657 10.624 10.657 10.653 10.626 2.273E+08
 11000. 7.0  0.208 10.058 -0.473 10.217 10.662 10.531 10.547 10.546 10.636 10.649 10.683 11.069 10.487 10.665 10.874 11.113 10.538 10.529 10.539 10.543 10.525 10.540 1.996E+08
 11500. 7.0  0.211  9.851 -0.587 10.104 10.549 10.438 10.470 10.484 10.586 10.604 10.637 10.956 10.380 10.585 10.807 11.054 10.450 10.429 10.473 10.454 10.426 10.474 1.758E+08
 12000. 7.0  0.214  9.652 -0.693  9.978 10.435 10.345 10.389 10.416 10.532 10.555 10.590 10.830 10.273 10.502 10.737 10.990 10.359 10.328 10.402 10.363 10.324 10.402 1.553E+08
 12500. 7.0  0.216  9.462 -0.793  9.843 10.323 10.255 10.308 10.346 10.474 10.503 10.540 10.695 10.169 10.418 10.663 10.923 10.267 10.227 10.328 10.272 10.223 10.328 1.375E+08
 13000. 7.0  0.219  9.279 -0.891  9.709 10.218 10.170 10.229 10.277 10.417 10.452 10.492 10.561 10.071 10.338 10.591 10.856 10.181 10.131 10.255 10.185 10.127 10.255 1.221E+08
 13500. 7.0  0.221  9.103 -0.988  9.580 10.119 10.091 10.155 10.210 10.363 10.402 10.444 10.432  9.980 10.262 10.523 10.792 10.098 10.040 10.186 10.103 10.037 10.186 1.086E+08
 14000. 7.0  0.224  8.932 -1.083  9.455 10.026 10.015 10.084 10.145 10.309 10.352 10.397 10.307  9.894 10.189 10.456 10.730 10.020  9.954 10.119 10.025  9.950 10.119 9.675E+07
 14500. 7.0  0.226  8.768 -1.175  9.336  9.937  9.943 10.015 10.083 10.257 10.304 10.351 10.187  9.812 10.119 10.392 10.670  9.945  9.872 10.054  9.949  9.868 10.054 8.639E+07
 15000. 7.0  0.229  8.609 -1.265  9.221  9.853  9.873  9.949 10.022 10.206 10.256 10.306 10.072  9.734 10.051 10.330 10.611  9.872  9.792  9.991  9.877  9.788  9.991 7.737E+07
 15500. 7.0  0.231  8.455 -1.352  9.110  9.773  9.806  9.885  9.963 10.157 10.210 10.262  9.961  9.658  9.986 10.270 10.554  9.802  9.716  9.930  9.807  9.712  9.930 6.950E+07
 16000. 7.0  0.234  8.305 -1.436  9.005  9.695  9.741  9.823  9.906 10.109 10.165 10.219  9.855  9.586  9.923 10.211 10.499  9.735  9.643  9.871  9.740  9.638  9.871 6.269E+07
 16500. 7.0  0.236  8.161 -1.517  8.903  9.621  9.678  9.763  9.851 10.062 10.121 10.177  9.753  9.517  9.862 10.155 10.445  9.670  9.572  9.814  9.675  9.567  9.814 5.679E+07
 17000. 7.0  0.238  8.021 -1.597  8.806  9.550  9.617  9.705  9.797 10.017 10.078 10.136  9.655  9.450  9.803 10.100 10.393  9.607  9.503  9.758  9.612  9.499  9.758 5.170E+07
 20000. 7.0  0.247  7.275 -2.027  8.307  9.182  9.302  9.404  9.518  9.781  9.856  9.925  9.154  9.104  9.498  9.815 10.124  9.280  9.148  9.472  9.287  9.143  9.472 4.561E+07
 25000. 7.0  0.271  6.206 -2.605  7.597  8.625  8.811  8.933  9.077  9.394  9.488  9.574  8.444  8.575  9.021  9.364  9.694  8.774  8.605  9.019  8.782  8.599  9.019 2.532E+07
 30000. 7.0  0.296  5.319 -3.024  6.961  8.104  8.344  8.480  8.646  9.008  9.119  9.219  7.806  8.078  8.563  8.927  9.273  8.292  8.093  8.581  8.301  8.087  8.580 1.571E+07
 35000. 7.0  0.321  4.561 -3.388  6.456  7.674  7.949  8.090  8.266  8.649  8.764  8.863  7.301  7.663  8.171  8.544  8.896  7.884  7.667  8.196  7.895  7.660  8.196 1.052E+07
 40000. 7.0  0.346  3.900 -3.775  6.130  7.383  7.676  7.819  8.000  8.393  8.509  8.607  6.975  7.380  7.900  8.278  8.632  7.604  7.377  7.928  7.615  7.370  7.928 7.443E+06
 45000. 7.0  0.369  3.319 -4.148  5.888  7.162  7.466  7.612  7.796  8.194  8.310  8.408  6.733  7.164  7.692  8.073  8.429  7.391  7.158  7.722  7.402  7.151  7.722 5.491E+06
 50000. 7.0  0.390  2.800 -4.494  5.694  6.982  7.294  7.441  7.627  8.028  8.145  8.242  6.538  6.987  7.520  7.904  8.261  7.216  6.979  7.552  7.227  6.972  7.553 4.185E+06
 55000. 7.0  0.410  2.333 -4.814  5.529  6.828  7.147  7.295  7.483  7.886  8.003  8.100  6.374  6.836  7.374  7.758  8.116  7.066  6.826  7.407  7.077  6.819  7.407 3.274E+06
 60000. 7.0  0.427  1.910 -5.108  5.386  6.693  7.017  7.166  7.355  7.761  7.878  7.975  6.231  6.703  7.245  7.631  7.989  6.934  6.692  7.279  6.946  6.685  7.279 2.616E+06
 65000. 7.0  0.443  1.522 -5.380  5.259  6.573  6.902  7.052  7.242  7.649  7.766  7.864  6.104  6.585  7.130  7.517  7.876  6.817  6.573  7.165  6.829  6.565  7.165 2.128E+06
 70000. 7.0  0.458  1.166 -5.632  5.145  6.465  6.798  6.948  7.139  7.548  7.666  7.763  5.990  6.479  7.026  7.415  7.774  6.712  6.465  7.062  6.724  6.458  7.062 1.757E+06
 75000. 7.0  0.470  0.836 -5.867  5.042  6.367  6.703  6.854  7.046  7.456  7.574  7.672  5.887  6.382  6.932  7.321  7.681  6.616  6.368  6.969  6.628  6.360  6.969 1.469E+06
 80000. 7.0  0.482  0.530 -6.086  4.947  6.277  6.616  6.768  6.961  7.372  7.490  7.588  5.793  6.293  6.845  7.235  7.596  6.528  6.278  6.883  6.540  6.271  6.883 1.243E+06
 85000. 7.0  0.492  0.243 -6.292  4.861  6.194  6.535  6.688  6.882  7.294  7.413  7.511  5.706  6.211  6.765  7.156  7.517  6.447  6.196  6.804  6.459  6.188  6.804 1.062E+06
 90000. 7.0  0.501 -0.025 -6.486  4.780  6.117  6.461  6.614  6.809  7.223  7.342  7.440  5.626  6.136  6.691  7.083  7.445  6.371  6.119  6.730  6.384  6.112  6.731 9.150E+05
100000. 7.0  0.517 -0.515 -6.841  4.636  5.979  6.327  6.481  6.677  7.093  7.212  7.311  5.482  5.999  6.558  6.951  7.313  6.236  5.982  6.598  6.248  5.974  6.598 6.947E+05
110000. 7.0  0.528 -0.953 -7.162  4.511  5.858  6.210  6.365  6.562  6.980  7.101  7.200  5.356  5.880  6.442  6.836  7.199  6.118  5.862  6.483  6.130  5.854  6.483 5.408E+05
120000. 7.0  0.537 -1.348 -7.454  4.400  5.752  6.106  6.262  6.461  6.881  7.003  7.103  5.246  5.774  6.339  6.734  7.099  6.013  5.756  6.381  6.026  5.748  6.382 4.298E+05
  1500. 7.5  0.315 19.512  1.071 23.209 20.823 18.441 18.320 20.182 20.246 20.170 21.172 24.235 19.576 18.186 20.432 20.059 18.904 18.875 19.306 18.910 18.868 19.190 1.304E+10
  1750. 7.5  0.312 18.853  0.870 22.496 20.319 17.983 17.645 18.889 19.006 19.082 19.966 23.487 19.127 17.546 19.188 18.946 18.248 18.330 18.259 18.255 18.324 18.188 1.496E+10
  2000. 7.5  0.312 18.274  0.646 21.865 19.872 17.628 17.110 17.805 17.994 18.183 18.913 22.834 18.744 17.073 18.133 17.997 17.687 17.915 17.393 17.696 17.909 17.358 1.290E+10
  2250. 7.5  0.312 17.762  0.420 21.310 19.481 17.342 16.684 16.916 17.147 17.425 18.012 22.259 18.413 16.731 17.281 17.202 17.206 17.597 16.695 17.216 17.593 16.685 1.144E+10
  2500. 7.5  0.312 17.303  0.196 20.826 19.145 17.107 16.349 16.209 16.435 16.772 17.226 21.758 18.131 16.482 16.626 16.553 16.803 17.350 16.144 16.814 17.346 16.146 1.010E+10
  2750. 7.5  0.312 16.889  0.003 20.367 18.821 16.885 16.061 15.647 15.819 16.188 16.538 21.285 17.858 16.270 16.118 16.015 16.448 17.125 15.693 16.460 17.121 15.701 8.569E+09
  3000. 7.5  0.312 16.510 -0.164 19.924 18.507 16.674 15.820 15.224 15.273 15.646 15.915 20.829 17.595 16.081 15.743 15.590 16.151 16.913 15.340 16.162 16.910 15.349 7.355E+09
  3250. 7.5  0.313 16.162 -0.301 19.480 18.192 16.463 15.611 14.920 14.779 15.115 15.318 20.374 17.330 15.900 15.468 15.266 15.904 16.703 15.069 15.913 16.699 15.077 6.330E+09
  3500. 7.5  0.313 15.839 -0.406 19.025 17.868 16.246 15.418 14.694 14.344 14.604 14.747 19.907 17.057 15.716 15.254 15.021 15.689 16.485 14.853 15.697 16.482 14.859 5.294E+09
  3750. 7.5  0.313 15.538 -0.474 18.539 17.520 16.012 15.224 14.504 13.973 14.112 14.190 19.411 16.764 15.519 15.064 14.822 15.482 16.250 14.661 15.490 16.246 14.667 4.356E+09
  4000. 7.5  0.313 15.257 -0.491 17.989 17.127 15.748 15.012 14.319 13.680 13.666 13.676 18.850 16.432 15.297 14.871 14.640 15.262 15.980 14.470 15.269 15.976 14.476 3.836E+09
  4250. 7.5  0.314 14.993 -0.464 17.397 16.700 15.457 14.777 14.123 13.462 13.291 13.266 18.247 16.069 15.049 14.663 14.455 15.021 15.680 14.266 15.028 15.676 14.272 3.421E+09
  4500. 7.5  0.314 14.743 -0.407 16.781 16.256 15.149 14.528 13.919 13.288 13.000 12.947 17.621 15.689 14.786 14.444 14.266 14.764 15.358 14.052 14.771 15.355 14.058 3.021E+09
  4750. 7.5  0.315 14.506 -0.336 16.181 15.821 14.842 14.277 13.714 13.133 12.794 12.704 17.013 15.313 14.520 14.224 14.078 14.502 15.034 13.837 14.509 15.031 13.842 2.636E+09
  5000. 7.5  0.316 14.281 -0.266 15.608 15.410 14.547 14.034 13.516 12.989 12.644 12.542 16.433 14.955 14.265 14.012 13.896 14.248 14.720 13.629 14.255 14.717 13.635 2.333E+09
  5250. 7.5  0.316 14.066 -0.209 15.071 15.032 14.275 13.809 13.332 12.856 12.525 12.429 15.890 14.625 14.029 13.815 13.727 14.009 14.427 13.436 14.016 14.424 13.442 2.076E+09
  5500. 7.5  0.317 13.860 -0.169 14.577 14.695 14.029 13.606 13.166 12.734 12.421 12.337 15.393 14.330 13.816 13.637 13.574 13.791 14.159 13.262 13.798 14.156 13.267 1.829E+09
  6000. 7.5  0.321 13.471 -0.135 13.771 14.130 13.605 13.254 12.878 12.520 12.238 12.183 14.588 13.826 13.448 13.329 13.308 13.410 13.695 12.959 13.417 13.692 12.964 1.319E+09
  6500. 7.5  0.323 13.114 -0.136 13.185 13.677 13.250 12.957 12.635 12.340 12.091 12.059 14.005 13.412 13.137 13.068 13.084 13.087 13.310 12.703 13.094 13.306 12.708 1.060E+09
  7000. 7.5  0.325 12.786 -0.154 12.733 13.298 12.941 12.693 12.417 12.182 11.968 11.954 13.556 13.060 12.864 12.836 12.882 12.803 12.978 12.474 12.810 12.974 12.479 8.880E+08
  7500. 7.5  0.327 12.481 -0.181 12.366 12.968 12.662 12.454 12.217 12.039 11.861 11.861 13.192 12.748 12.615 12.623 12.698 12.545 12.683 12.265 12.552 12.679 12.270 7.535E+08
  8000. 7.5  0.329 12.194 -0.211 12.058 12.673 12.405 12.232 12.033 11.908 11.763 11.775 12.887 12.465 12.387 12.427 12.528 12.308 12.417 12.073 12.315 12.413 12.076 6.447E+08
  8500. 7.5  0.331 11.924 -0.240 11.793 12.404 12.165 12.026 11.862 11.786 11.674 11.695 12.625 12.205 12.173 12.243 12.371 12.087 12.171 11.893 12.094 12.167 11.897 5.554E+08
  9000. 7.5  0.333 11.669 -0.269 11.558 12.156 11.938 11.832 11.702 11.672 11.590 11.619 12.393 11.963 11.973 12.072 12.225 11.880 11.943 11.726 11.887 11.939 11.729 4.814E+08
  9500. 7.5  0.335 11.428 -0.298 11.346 11.927 11.726 11.651 11.555 11.567 11.512 11.547 12.185 11.737 11.787 11.913 12.091 11.687 11.730 11.572 11.694 11.726 11.574 4.192E+08
 10000. 7.5  0.337 11.199 -0.334 11.155 11.719 11.532 11.488 11.423 11.472 11.443 11.482 11.996 11.532 11.619 11.770 11.972 11.512 11.537 11.433 11.518 11.533 11.435 3.665E+08
 10500. 7.5  0.339 10.981 -0.386 10.985 11.538 11.367 11.349 11.313 11.392 11.383 11.425 11.828 11.355 11.475 11.650 11.873 11.361 11.370 11.317 11.367 11.366 11.318 3.214E+08
 11000. 7.5  0.341 10.773 -0.460 10.839 11.388 11.233 11.238 11.225 11.328 11.333 11.376 11.683 11.209 11.360 11.555 11.794 11.238 11.233 11.224 11.244 11.229 11.225 2.827E+08
 11500. 7.5  0.342 10.575 -0.554 10.720 11.269 11.129 11.153 11.159 11.278 11.293 11.337 11.565 11.094 11.271 11.483 11.733 11.142 11.125 11.153 11.148 11.121 11.154 2.491E+08
 12000. 7.5  0.344 10.386 -0.668 10.628 11.178 11.054 11.091 11.110 11.241 11.260 11.303 11.473 11.008 11.207 11.431 11.688 11.072 11.045 11.101 11.077 11.041 11.102 2.197E+08
 12500. 7.5  0.345 10.204 -0.776 10.530 11.088 10.980 11.030 11.061 11.201 11.225 11.269 11.376 10.923 11.143 11.378 11.641 11.001 10.965 11.048 11.006 10.961 11.049 1.940E+08
 13000. 7.5  0.347 10.029 -0.876 10.420 10.994 10.905 10.964 11.005 11.157 11.186 11.231 11.266 10.835 11.075 11.320 11.588 10.925 10.880 10.989 10.931 10.876 10.990 1.715E+08
 13500. 7.5  0.348  9.860 -0.972 10.306 10.902 10.832 10.898 10.948 11.111 11.145 11.193 11.152 10.750 11.007 11.261 11.534 10.851 10.798 10.930 10.857 10.793 10.930 1.519E+08
 14000. 7.5  0.350  9.697 -1.067 10.193 10.814 10.764 10.835 10.893 11.066 11.105 11.154 11.039 10.670 10.942 11.203 11.481 10.780 10.719 10.871 10.786 10.714 10.871 1.348E+08
 14500. 7.5  0.351  9.540 -1.159 10.084 10.731 10.699 10.774 10.839 11.022 11.065 11.116 10.931 10.594 10.880 11.148 11.429 10.712 10.643 10.814 10.718 10.639 10.814 1.198E+08
 15000. 7.5  0.353  9.388 -1.249  9.979 10.653 10.637 10.715 10.786 10.979 11.025 11.079 10.825 10.521 10.820 11.093 11.379 10.647 10.571 10.759 10.653 10.566 10.759 1.067E+08
 15500. 7.5  0.354  9.241 -1.336  9.877 10.577 10.577 10.659 10.735 10.937 10.987 11.042 10.724 10.452 10.762 11.041 11.329 10.584 10.501 10.706 10.590 10.497 10.706 9.512E+07
 16000. 7.5  0.356  9.098 -1.420  9.779 10.505 10.519 10.603 10.685 10.896 10.948 11.006 10.626 10.386 10.705 10.989 11.281 10.523 10.434 10.654 10.529 10.429 10.654 8.506E+07
 16500. 7.5  0.358  8.960 -1.502  9.685 10.436 10.462 10.550 10.636 10.855 10.911 10.971 10.531 10.322 10.651 10.939 11.234 10.464 10.369 10.603 10.470 10.364 10.603 7.631E+07
 17000. 7.5  0.359  8.825 -1.582  9.594 10.369 10.407 10.498 10.589 10.815 10.874 10.936 10.440 10.260 10.597 10.890 11.188 10.407 10.306 10.553 10.413 10.301 10.553 6.869E+07
 20000. 7.5  0.369  8.091 -2.014  9.108 10.008 10.105 10.209 10.323 10.592 10.665 10.737  9.953  9.923 10.304 10.619 10.931 10.091  9.961 10.279 10.098  9.956 10.279 3.909E+07
 25000. 7.5  0.385  7.076 -2.592  8.452  9.499  9.668  9.792  9.935 10.258 10.351 10.439  9.296  9.445  9.881 10.223 10.555  9.638  9.469  9.881  9.646  9.464  9.880 1.970E+07
 30000. 7.5  0.399  6.245 -3.013  7.873  9.031  9.258  9.396  9.562  9.927 10.036 10.138  8.717  9.001  9.480  9.842 10.189  9.211  9.013  9.498  9.221  9.006  9.497 1.136E+07
 35000. 7.5  0.413  5.539 -3.384  7.428  8.656  8.922  9.064  9.240  9.626  9.740  9.842  8.272  8.643  9.146  9.518  9.871  8.861  8.644  9.171  8.871  8.637  9.171 1.438E+07
 40000. 7.5  0.429  4.915 -3.774  7.143  8.403  8.690  8.834  9.015  9.411  9.527  9.627  7.988  8.399  8.915  9.293  9.648  8.621  8.394  8.944  8.632  8.387  8.944 1.059E+07
 45000. 7.5  0.444  4.367 -4.151  6.939  8.218  8.517  8.664  8.848  9.248  9.365  9.465  7.784  8.219  8.744  9.125  9.481  8.444  8.212  8.775  8.456  8.204  8.775 8.229E+06
 50000. 7.5  0.459  3.874 -4.500  6.773  8.065  8.374  8.522  8.708  9.112  9.229  9.329  7.618  8.070  8.601  8.984  9.342  8.297  8.061  8.634  8.309  8.053  8.634 6.600E+06
 55000. 7.5  0.472  3.430 -4.822  6.634  7.936  8.252  8.401  8.589  8.995  9.113  9.212  7.479  7.944  8.480  8.865  9.224  8.173  7.933  8.514  8.185  7.925  8.514 5.504E+06
 60000. 7.5  0.484  3.025 -5.119  6.512  7.822  8.144  8.294  8.483  8.891  9.009  9.108  7.357  7.832  8.372  8.759  9.118  8.062  7.820  8.407  8.074  7.812  8.407 5.076E+06
 65000. 7.5  0.500  2.641 -5.393  6.391  7.708  8.034  8.185  8.376  8.785  8.904  9.003  7.236  7.720  8.263  8.651  9.011  7.951  7.706  8.299  7.963  7.699  8.299 4.002E+06
 70000. 7.5  0.516  2.285 -5.648  6.280  7.602  7.933  8.084  8.276  8.687  8.806  8.905  7.125  7.616  8.162  8.551  8.911  7.848  7.601  8.199  7.860  7.594  8.199 2.838E+06
 75000. 7.5  0.527  1.963 -5.885  6.186  7.514  7.848  8.000  8.193  8.605  8.724  8.823  7.031  7.529  8.077  8.467  8.828  7.762  7.513  8.115  7.774  7.506  8.115 1.941E+06
 80000. 7.5  0.534  1.668 -6.107  6.106  7.438  7.775  7.927  8.122  8.535  8.654  8.753  6.951  7.454  8.005  8.396  8.757  7.688  7.438  8.044  7.700  7.430  8.044 1.418E+06
 85000. 7.5  0.534  1.405 -6.315  6.045  7.380  7.720  7.873  8.068  8.482  8.602  8.701  6.890  7.397  7.951  8.342  8.704  7.632  7.381  7.990  7.644  7.373  7.990 1.299E+06
 90000. 7.5  0.473  1.288 -6.511  6.118  7.456  7.799  7.953  8.148  8.564  8.684  8.783  6.963  7.474  8.030  8.422  8.785  7.710  7.458  8.070  7.722  7.450  8.070 3.675E+06
100000. 7.5  1.041 -0.025 -6.871  5.155  6.499  6.846  7.000  7.197  7.614  7.735  7.834  6.000  6.519  7.077  7.471  7.834  6.755  6.501  7.118  6.768  6.493  7.118 1.806+118
110000. 7.5  0.498  0.360 -7.196  5.856  7.205  7.556  7.711  7.910  8.328  8.449  8.548  6.702  7.226  7.788  8.183  8.547  7.464  7.208  7.830  7.477  7.200  7.830 2.714E+03
120000. 7.5  0.886 -0.643 -7.491  5.142  6.494  6.848  7.005  7.204  7.624  7.746  7.846  5.987  6.517  7.081  7.477  7.842  6.756  6.498  7.124  6.768  6.490  7.124 4.773E-05
  1500. 8.0  0.567 20.123  1.126 23.502 21.218 18.997 19.002 20.929 20.884 20.784 21.776 24.515 20.032 18.867 21.212 20.787 19.527 19.467 20.074 19.532 19.460 19.952 1.333E+10
  1750. 8.0  0.567 19.454  0.941 22.851 20.746 18.513 18.287 19.637 19.662 19.694 20.558 23.835 19.594 18.179 19.953 19.677 18.859 18.897 18.998 18.865 18.891 18.917 1.243E+10
  2000. 8.0  0.567 18.874  0.729 22.261 20.325 18.144 17.717 18.538 18.652 18.798 19.519 23.223 19.223 17.662 18.868 18.715 18.286 18.458 18.094 18.294 18.453 18.051 1.169E+10
  2250. 8.0  0.567 18.362  0.512 21.733 19.950 17.850 17.265 17.624 17.823 18.067 18.649 22.677 18.900 17.284 17.980 17.901 17.795 18.122 17.361 17.805 18.117 17.345 1.104E+10
  2500. 8.0  0.567 17.904  0.294 21.267 19.623 17.611 16.910 16.889 17.113 17.429 17.888 22.195 18.621 17.012 17.287 17.231 17.381 17.863 16.781 17.392 17.858 16.780 1.045E+10
  2750. 8.0  0.567 17.490  0.097 20.830 19.314 17.393 16.613 16.301 16.505 16.865 17.224 21.745 18.359 16.793 16.747 16.675 17.022 17.637 16.311 17.033 17.633 16.317 9.911E+09
  3000. 8.0  0.567 17.112 -0.073 20.407 19.011 17.185 16.363 15.844 15.959 16.334 16.611 21.310 18.103 16.602 16.339 16.224 16.714 17.428 15.935 16.725 17.424 15.944 9.401E+09
  3250. 8.0  0.567 16.765 -0.213 19.981 18.706 16.978 16.147 15.507 15.463 15.819 16.036 20.873 17.845 16.420 16.037 15.872 16.455 17.220 15.642 16.465 17.216 15.650 8.936E+09
  3500. 8.0  0.567 16.443 -0.324 19.544 18.392 16.766 15.952 15.261 15.018 15.319 15.482 20.425 17.580 16.241 15.809 15.605 16.234 17.008 15.412 16.243 17.004 15.419 8.499E+09
  3750. 8.0  0.567 16.143 -0.400 19.086 18.061 16.543 15.763 15.064 14.631 14.833 14.943 19.957 17.300 16.052 15.616 15.395 16.029 16.783 15.217 16.037 16.780 15.223 8.041E+09
  4000. 8.0  0.568 15.862 -0.431 18.569 17.689 16.294 15.562 14.883 14.314 14.379 14.427 19.430 16.985 15.843 15.429 15.212 15.818 16.529 15.031 15.825 16.526 15.037 7.573E+09
  4250. 8.0  0.568 15.599 -0.421 18.007 17.284 16.020 15.342 14.697 14.075 13.984 13.984 18.859 16.642 15.612 15.233 15.035 15.590 16.247 14.838 15.598 16.243 14.844 7.107E+09
  4500. 8.0  0.568 15.350 -0.379 17.418 16.860 15.729 15.107 14.503 13.892 13.666 13.639 18.261 16.280 15.364 15.027 14.854 15.347 15.943 14.635 15.354 15.940 14.641 6.643E+09
  4750. 8.0  0.568 15.115 -0.319 16.831 16.436 15.433 14.867 14.307 13.737 13.434 13.368 17.665 15.916 15.110 14.816 14.672 15.096 15.631 14.429 15.103 15.628 14.434 6.152E+09
  5000. 8.0  0.568 14.891 -0.255 16.272 16.033 15.147 14.632 14.115 13.595 13.270 13.179 17.099 15.566 14.862 14.611 14.496 14.849 15.326 14.228 14.856 15.323 14.233 5.609E+09
  5250. 8.0  0.569 14.678 -0.198 15.747 15.658 14.877 14.409 13.934 13.463 13.144 13.052 16.568 15.238 14.629 14.416 14.329 14.613 15.036 14.037 14.620 15.033 14.043 4.812E+09
  5500. 8.0  0.570 14.475 -0.156 15.263 15.318 14.631 14.206 13.767 13.342 13.038 12.956 16.080 14.941 14.416 14.237 14.176 14.395 14.768 13.862 14.402 14.765 13.868 3.938E+09
  6000. 8.0  0.572 14.094 -0.117 14.433 14.748 14.211 13.858 13.483 13.133 12.862 12.805 15.249 14.438 14.052 13.933 13.914 14.017 14.306 13.564 14.024 14.303 13.569 2.566E+09
  6500. 8.0  0.573 13.743 -0.121 13.817 14.296 13.864 13.570 13.247 12.959 12.718 12.684 14.636 14.029 13.751 13.680 13.697 13.702 13.926 13.316 13.709 13.922 13.321 1.868E+09
  7000. 8.0  0.574 13.419 -0.144 13.350 13.922 13.564 13.316 13.039 12.808 12.598 12.583 14.172 13.684 13.487 13.458 13.505 13.426 13.601 13.098 13.433 13.597 13.102 1.548E+09
  7500. 8.0  0.575 13.118 -0.177 12.977 13.600 13.294 13.086 12.848 12.672 12.495 12.494 13.801 13.382 13.249 13.254 13.329 13.177 13.315 12.898 13.184 13.311 12.902 1.310E+09
  8000. 8.0  0.576 12.836 -0.212 12.665 13.316 13.048 12.874 12.672 12.547 12.401 12.413 13.492 13.111 13.030 13.066 13.166 12.949 13.057 12.713 12.956 13.053 12.716 1.115E+09
  8500. 8.0  0.577 12.570 -0.249 12.398 13.059 12.819 12.677 12.507 12.431 12.315 12.336 13.227 12.862 12.826 12.890 13.015 12.738 12.821 12.540 12.745 12.817 12.544 9.523E+08
  9000. 8.0  0.578 12.320 -0.283 12.163 12.824 12.604 12.491 12.353 12.324 12.235 12.264 12.994 12.633 12.635 12.725 12.874 12.541 12.603 12.380 12.548 12.599 12.383 8.197E+08
  9500. 8.0  0.579 12.083 -0.318 11.951 12.606 12.401 12.318 12.210 12.224 12.160 12.195 12.785 12.419 12.456 12.572 12.744 12.356 12.400 12.231 12.363 12.396 12.233 7.119E+08
 10000. 8.0  0.580 11.859 -0.354 11.758 12.407 12.213 12.159 12.080 12.132 12.091 12.132 12.594 12.222 12.292 12.431 12.626 12.186 12.213 12.095 12.193 12.209 12.097 6.233E+08
 10500. 8.0  0.581 11.645 -0.400 11.584 12.228 12.045 12.017 11.966 12.050 12.029 12.074 12.422 12.045 12.146 12.307 12.523 12.033 12.045 11.975 12.040 12.041 11.976 5.485E+08
 11000. 8.0  0.583 11.441 -0.463 11.431 12.075 11.904 11.899 11.871 11.982 11.976 12.024 12.269 11.895 12.024 12.204 12.437 11.905 11.903 11.875 11.911 11.898 11.876 4.848E+08
 11500. 8.0  0.583 11.246 -0.542 11.297 11.946 11.788 11.801 11.794 11.926 11.931 11.982 12.136 11.770 11.923 12.121 12.368 11.798 11.784 11.794 11.804 11.779 11.795 4.299E+08
 12000. 8.0  0.584 11.059 -0.633 11.183 11.838 11.693 11.723 11.732 11.880 11.893 11.946 12.024 11.666 11.841 12.054 12.311 11.710 11.685 11.728 11.716 11.680 11.729 3.826E+08
 12500. 8.0  0.585 10.881 -0.742 11.098 11.757 11.623 11.666 11.687 11.846 11.864 11.917 11.938 11.588 11.782 12.006 12.270 11.645 11.611 11.680 11.651 11.607 11.681 3.416E+08
 13000. 8.0  0.586 10.709 -0.854 11.019 11.684 11.563 11.616 11.647 11.814 11.837 11.890 11.860 11.519 11.730 11.963 12.233 11.587 11.546 11.638 11.594 11.542 11.638 3.057E+08
 13500. 8.0  0.587 10.543 -0.956 10.931 11.605 11.499 11.561 11.603 11.779 11.806 11.860 11.772 11.444 11.673 11.917 12.191 11.525 11.476 11.591 11.531 11.471 11.591 2.740E+08
 14000. 8.0  0.588 10.384 -1.050 10.834 11.523 11.434 11.504 11.556 11.741 11.773 11.828 11.676 11.369 11.614 11.867 12.146 11.460 11.403 11.540 11.466 11.398 11.540 2.459E+08
 14500. 8.0  0.589 10.230 -1.142 10.736 11.443 11.372 11.448 11.507 11.702 11.738 11.795 11.578 11.295 11.556 11.816 12.100 11.396 11.331 11.488 11.402 11.326 11.488 2.209E+08
 15000. 8.0  0.590 10.081 -1.232 10.638 11.367 11.312 11.393 11.459 11.664 11.704 11.763 11.480 11.225 11.499 11.766 12.055 11.334 11.262 11.438 11.340 11.257 11.438 1.987E+08
 15500. 8.0  0.590  9.937 -1.319 10.543 11.293 11.256 11.340 11.413 11.625 11.669 11.730 11.386 11.158 11.445 11.718 12.010 11.274 11.195 11.389 11.281 11.190 11.388 1.788E+08
 16000. 8.0  0.591  9.797 -1.404 10.451 11.224 11.201 11.289 11.367 11.588 11.636 11.698 11.294 11.094 11.392 11.671 11.966 11.217 11.131 11.341 11.224 11.126 11.340 1.610E+08
 16500. 8.0  0.592  9.662 -1.486 10.362 11.156 11.148 11.239 11.322 11.551 11.602 11.666 11.205 11.032 11.341 11.625 11.923 11.161 11.069 11.294 11.168 11.064 11.293 1.451E+08
 17000. 8.0  0.593  9.531 -1.566 10.276 11.092 11.097 11.190 11.279 11.515 11.569 11.635 11.119 10.973 11.292 11.580 11.881 11.107 11.009 11.248 11.114 11.004 11.248 1.307E+08
 20000. 8.0  0.598  8.816 -2.000  9.813 10.745 10.816 10.923 11.035 11.312 11.381 11.457 10.656 10.653 11.020 11.330 11.645 10.811 10.683 10.995 10.819 10.678 10.995 6.875E+07
 25000. 8.0  0.607  7.831 -2.578  9.188 10.259 10.409 10.536 10.678 11.008 11.097 11.189 10.031 10.201 10.626 10.965 11.299 10.386 10.219 10.626 10.395 10.213 10.626 2.275E+07
 30000. 8.0  0.615  7.024 -3.001  8.635  9.811 10.025 10.164 10.329 10.699 10.806 10.910  9.479  9.779 10.249 10.609 10.958  9.983  9.785 10.267  9.993  9.779 10.267 1.001E+07
 35000. 8.0  0.624  6.339 -3.378  8.221  9.458  9.716  9.860 10.035 10.424 10.538 10.641  9.065  9.444  9.942 10.313 10.666  9.659  9.442  9.967  9.669  9.435  9.967 1.016E+07
 40000. 8.0  0.633  5.745 -3.773  7.970  9.237  9.518  9.663  9.844 10.242 10.358 10.460  8.814  9.232  9.745 10.121 10.477  9.452  9.226  9.774  9.463  9.218  9.773 7.592E+06
 45000. 8.0  0.640  5.220 -4.152  7.793  9.078  9.372  9.520  9.704 10.107 10.224 10.325  8.638  9.078  9.600  9.980 10.338  9.301  9.069  9.632  9.313  9.062  9.632 6.107E+06
 50000. 8.0  0.648  4.749 -4.503  7.651  8.948  9.252  9.401  9.588  9.994 10.112 10.213  8.495  8.952  9.481  9.863 10.222  9.178  8.941  9.514  9.189  8.934  9.514 5.144E+06
 55000. 8.0  0.656  4.322 -4.828  7.531  8.838  9.150  9.300  9.488  9.897 10.015 10.116  8.376  8.845  9.379  9.763 10.123  9.072  8.832  9.413  9.084  8.825  9.413 4.474E+06
 60000. 8.0  0.663  3.932 -5.127  7.427  8.741  9.059  9.210  9.400  9.810  9.929 10.030  8.271  8.750  9.288  9.675 10.035  8.979  8.737  9.324  8.991  8.729  9.324 4.005E+06
 65000. 8.0  0.671  3.573 -5.403  7.332  8.652  8.976  9.128  9.319  9.731  9.851  9.951  8.177  8.664  9.206  9.594  9.955  8.894  8.649  9.243  8.906  8.642  9.243 3.641E+06
 70000. 8.0  0.678  3.239 -5.660  7.245  8.571  8.899  9.051  9.244  9.657  9.777  9.877  8.090  8.584  9.129  9.518  9.879  8.815  8.569  9.167  8.828  8.561  9.167 3.358E+06
 75000. 8.0  0.686  2.926 -5.899  7.163  8.493  8.825  8.978  9.172  9.587  9.707  9.807  8.008  8.508  9.056  9.446  9.808  8.741  8.492  9.095  8.753  8.485  9.095 3.124E+06
 80000. 8.0  0.695  2.632 -6.123  7.087  8.420  8.756  8.909  9.104  9.520  9.640  9.741  7.932  8.436  8.987  9.378  9.740  8.670  8.420  9.026  8.682  8.412  9.026 2.922E+06
 85000. 8.0  0.702  2.358 -6.333  7.015  8.353  8.691  8.845  9.041  9.458  9.579  9.679  7.861  8.370  8.922  9.315  9.677  8.604  8.353  8.963  8.616  8.345  8.963 2.749E+06
 90000. 8.0  0.708  2.100 -6.531  6.950  8.290  8.631  8.786  8.983  9.400  9.521  9.622  7.795  8.308  8.863  9.256  9.619  8.543  8.291  8.904  8.556  8.283  8.904 2.611E+06
100000. 8.0  0.722  1.621 -6.895  6.825  8.170  8.516  8.672  8.870  9.288  9.410  9.510  7.670  8.190  8.748  9.143  9.507  8.427  8.172  8.790  8.439  8.164  8.790 2.277E+06
110000. 8.0  0.741  1.180 -7.223  6.704  8.054  8.403  8.560  8.759  9.179  9.302  9.402  7.549  8.075  8.636  9.032  9.396  8.313  8.056  8.679  8.325  8.048  8.679 2.101E+06
120000. 8.0  0.636  0.967 -7.521  6.782  8.135  8.489  8.646  8.846  9.268  9.391  9.491  7.627  8.158  8.722  9.119  9.484  8.397  8.139  8.766  8.409  8.131  8.766 2.036E+06
  1500. 8.5  0.898 20.874  1.139 23.930 21.775 19.735 19.855 21.783 21.621 21.471 22.421 24.923 20.660 19.720 22.125 21.615 20.311 20.226 20.974 20.314 20.220 20.849 9.993E+09
  1750. 8.5  0.898 20.204  0.992 23.337 21.323 19.212 19.092 20.515 20.399 20.399 21.250 24.310 20.218 18.980 20.838 20.539 19.623 19.628 19.876 19.629 19.622 19.790 9.818E+09
  2000. 8.5  0.898 19.624  0.812 22.782 20.913 18.812 18.473 19.388 19.449 19.580 20.301 23.737 19.842 18.406 19.725 19.552 19.025 19.152 18.928 19.033 19.147 18.878 9.641E+09
  2250. 8.5  0.898 19.113  0.589 22.305 20.574 18.523 18.015 18.477 18.630 18.839 19.412 23.243 19.544 18.013 18.835 18.744 18.544 18.815 18.188 18.553 18.810 18.165 9.449E+09
  2500. 8.5  0.898 18.655  0.381 21.858 20.254 18.274 17.635 17.727 17.929 18.216 18.673 22.782 19.266 17.709 18.113 18.061 18.119 18.537 17.581 18.129 18.532 17.576 9.244E+09
  2750. 8.5  0.898 18.241  0.187 21.442 19.956 18.054 17.323 17.117 17.329 17.671 18.031 22.354 19.010 17.473 17.543 17.492 17.751 18.304 17.089 17.762 18.300 17.093 9.052E+09
  3000. 8.5  0.898 17.863  0.017 21.037 19.664 17.846 17.060 16.629 16.789 17.160 17.451 21.938 18.760 17.273 17.100 17.020 17.432 18.092 16.690 17.443 18.088 16.698 8.873E+09
  3250. 8.5  0.898 17.515 -0.127 20.630 19.369 17.643 16.835 16.257 16.295 16.662 16.887 21.520 18.509 17.091 16.766 16.640 17.161 17.887 16.373 17.171 17.883 16.382 8.700E+09
  3500. 8.5  0.898 17.194 -0.241 20.211 19.065 17.435 16.636 15.984 15.846 16.175 16.352 21.091 18.251 16.912 16.517 16.347 16.930 17.679 16.125 16.939 17.675 16.133 8.525E+09
  3750. 8.5  0.898 16.894 -0.325 19.774 18.747 17.219 16.448 15.774 15.446 15.699 15.834 20.646 17.981 16.730 16.316 16.120 16.723 17.462 15.922 16.731 17.458 15.928 8.342E+09
  4000. 8.5  0.898 16.614 -0.371 19.293 18.397 16.984 16.256 15.592 15.107 15.245 15.325 20.156 17.685 16.533 16.132 15.931 16.518 17.223 15.737 16.526 17.219 15.743 8.139E+09
  4250. 8.5  0.898 16.350 -0.375 18.763 18.013 16.726 16.049 15.413 14.842 14.835 14.863 19.616 17.359 16.316 15.945 15.756 16.302 16.956 15.552 16.309 16.953 15.557 7.908E+09
  4500. 8.5  0.899 16.102 -0.346 18.195 17.604 16.448 15.826 15.228 14.645 14.492 14.494 19.039 17.012 16.081 15.748 15.582 16.070 16.667 15.358 16.077 16.663 15.364 7.657E+09
  4750. 8.5  0.899 15.867 -0.299 17.625 17.194 16.166 15.597 15.041 14.486 14.231 14.191 18.461 16.660 15.839 15.548 15.409 15.830 16.369 15.162 15.837 16.365 15.168 7.371E+09
  5000. 8.5  0.899 15.644 -0.242 17.075 16.796 15.886 15.369 14.855 14.344 14.046 13.970 17.904 16.317 15.599 15.349 15.237 15.590 16.071 14.966 15.597 16.068 14.972 7.083E+09
  5250. 8.5  0.899 15.432 -0.188 16.555 16.424 15.620 15.150 14.676 14.212 13.909 13.824 17.378 15.992 15.369 15.157 15.073 15.358 15.785 14.779 15.365 15.782 14.785 6.755E+09
  5500. 8.5  0.899 15.230 -0.145 16.079 16.084 15.374 14.947 14.510 14.091 13.799 13.719 16.898 15.695 15.157 14.980 14.920 15.140 15.519 14.605 15.147 15.516 14.610 6.296E+09
  6000. 8.5  0.900 14.851 -0.099 15.245 15.503 14.950 14.597 14.223 13.881 13.620 13.562 16.060 15.185 14.790 14.672 14.655 14.759 15.053 14.303 14.766 15.050 14.308 5.283E+09
  6500. 8.5  0.900 14.503 -0.102 14.592 15.044 14.604 14.310 13.988 13.708 13.476 13.440 15.409 14.774 14.491 14.420 14.439 14.444 14.671 14.057 14.451 14.667 14.062 4.383E+09
  7000. 8.5  0.901 14.180 -0.130 14.101 14.670 14.310 14.063 13.786 13.561 13.356 13.340 14.921 14.433 14.235 14.204 14.252 14.173 14.349 13.845 14.180 14.345 13.849 3.693E+09
  7500. 8.5  0.901 13.880 -0.168 13.715 14.353 14.048 13.841 13.602 13.429 13.253 13.252 14.538 14.137 14.005 14.008 14.083 13.931 14.068 13.652 13.938 14.064 13.656 3.180E+09
  8000. 8.5  0.902 13.599 -0.210 13.398 14.075 13.810 13.636 13.431 13.308 13.161 13.173 14.222 13.873 13.793 13.825 13.925 13.710 13.816 13.473 13.717 13.812 13.477 2.744E+09
  8500. 8.5  0.902 13.335 -0.253 13.126 13.826 13.588 13.445 13.271 13.196 13.077 13.098 13.953 13.633 13.595 13.655 13.778 13.505 13.587 13.307 13.513 13.583 13.310 2.361E+09
  9000. 8.5  0.903 13.087 -0.294 12.889 13.599 13.381 13.266 13.121 13.091 12.997 13.026 13.717 13.413 13.411 13.495 13.640 13.315 13.376 13.151 13.322 13.372 13.154 2.023E+09
  9500. 8.5  0.903 12.851 -0.334 12.675 13.390 13.185 13.097 12.981 12.994 12.922 12.958 13.506 13.207 13.238 13.344 13.512 13.135 13.179 13.004 13.143 13.175 13.007 1.726E+09
 10000. 8.5  0.903 12.628 -0.374 12.480 13.197 13.002 12.940 12.850 12.903 12.852 12.894 13.312 13.016 13.076 13.204 13.393 12.969 12.996 12.869 12.976 12.992 12.871 1.467E+09
 10500. 8.5  0.904 12.416 -0.418 12.301 13.020 12.834 12.796 12.732 12.820 12.787 12.834 13.135 12.842 12.928 13.077 13.286 12.816 12.829 12.746 12.823 12.824 12.748 1.244E+09
 11000. 8.5  0.904 12.213 -0.473 12.140 12.864 12.686 12.671 12.630 12.747 12.729 12.780 12.975 12.688 12.799 12.967 13.194 12.681 12.681 12.639 12.688 12.676 12.641 1.055E+09
 11500. 8.5  0.905 12.019 -0.543 11.998 12.730 12.562 12.567 12.545 12.686 12.680 12.734 12.834 12.557 12.691 12.876 13.117 12.568 12.555 12.550 12.575 12.551 12.552 9.169E+08
 12000. 8.5  0.905 11.834 -0.624 11.872 12.615 12.458 12.478 12.474 12.633 12.636 12.693 12.708 12.445 12.600 12.799 13.052 12.471 12.448 12.475 12.478 12.443 12.476 8.196E+08
 12500. 8.5  0.906 11.656 -0.713 11.761 12.515 12.369 12.404 12.414 12.589 12.599 12.658 12.598 12.348 12.523 12.734 12.997 12.388 12.355 12.412 12.395 12.350 12.413 7.369E+08
 13000. 8.5  0.906 11.485 -0.812 11.671 12.433 12.297 12.344 12.367 12.553 12.568 12.629 12.508 12.270 12.461 12.684 12.953 12.321 12.280 12.362 12.328 12.275 12.362 6.675E+08
 13500. 8.5  0.907 11.321 -0.922 11.600 12.369 12.243 12.299 12.331 12.524 12.544 12.605 12.438 12.209 12.414 12.645 12.920 12.270 12.222 12.323 12.277 12.217 12.324 6.067E+08
 14000. 8.5  0.907 11.163 -1.028 11.530 12.306 12.190 12.254 12.295 12.496 12.519 12.581 12.368 12.149 12.368 12.607 12.886 12.219 12.164 12.285 12.226 12.159 12.286 5.521E+08
 14500. 8.5  0.907 11.010 -1.124 11.451 12.237 12.134 12.206 12.256 12.465 12.492 12.555 12.290 12.084 12.318 12.566 12.850 12.164 12.102 12.244 12.171 12.097 12.244 5.030E+08
 15000. 8.5  0.908 10.862 -1.215 11.368 12.166 12.077 12.156 12.215 12.432 12.463 12.527 12.207 12.017 12.266 12.522 12.811 12.107 12.038 12.199 12.114 12.033 12.199 4.591E+08
 15500. 8.5  0.908 10.719 -1.302 11.282 12.095 12.021 12.106 12.172 12.398 12.434 12.499 12.122 11.952 12.214 12.478 12.770 12.050 11.974 12.154 12.057 11.969 12.154 4.201E+08
 16000. 8.5  0.908 10.581 -1.386 11.196 12.025 11.967 12.057 12.129 12.363 12.403 12.470 12.036 11.888 12.163 12.433 12.730 11.994 11.911 12.109 12.001 11.906 12.109 3.853E+08
 16500. 8.5  0.909 10.447 -1.469 11.112 11.959 11.916 12.008 12.087 12.329 12.372 12.441 11.952 11.827 12.114 12.390 12.690 11.939 11.851 12.064 11.947 11.845 12.064 3.542E+08
 17000. 8.5  0.909 10.317 -1.549 11.030 11.894 11.866 11.962 12.046 12.294 12.342 12.412 11.870 11.768 12.066 12.347 12.650 11.887 11.792 12.021 11.894 11.787 12.021 3.263E+08
 20000. 8.5  0.912  9.608 -1.984 10.581 11.548 11.592 11.703 11.812 12.099 12.163 12.242 11.422 11.451 11.801 12.106 12.424 11.597 11.471 11.776 11.606 11.465 11.776 2.043E+08
 25000. 8.5  0.916  8.634 -2.563  9.969 11.067 11.197 11.327 11.467 11.805 11.890 11.984 10.811 11.005 11.418 11.753 12.089 11.182 11.016 11.419 11.191 11.009 11.418 9.954E+07
 30000. 8.5  0.920  7.838 -2.986  9.429 10.623 10.824 10.965 11.129 11.505 11.609 11.714 10.272 10.590 11.052 11.409 11.758 10.788 10.590 11.070 10.798 10.584 11.069 4.723E+07
 35000. 8.5  0.926  7.160 -3.370  9.032 10.280 10.530 10.675 10.849 11.242 11.354 11.458  9.875 10.265 10.758 11.127 11.481 10.476 10.260 10.784 10.487 10.253 10.783 1.934E+07
 40000. 8.5  0.931  6.575 -3.771  8.797 10.072 10.345 10.492 10.672 11.073 11.188 11.292  9.641 10.066 10.574 10.949 11.306 10.282 10.057 10.603 10.294 10.049 10.603 9.103E+06
 45000. 8.5  0.936  6.058 -4.152  8.631  9.922 10.210 10.359 10.543 10.948 11.065 11.168  9.475  9.922 10.440 10.819 11.177 10.142  9.910 10.472 10.154  9.903 10.471 5.982E+06
 50000. 8.5  0.939  5.597 -4.506  8.501  9.803 10.103 10.253 10.439 10.848 10.965 11.068  9.345  9.807 10.333 10.714 11.074 10.030  9.794 10.366 10.042  9.787 10.366 4.688E+06
 55000. 8.5  0.942  5.179 -4.832  8.392  9.703 10.011 10.162 10.350 10.761 10.880 10.983  9.236  9.710 10.241 10.625 10.985  9.935  9.696 10.276  9.947  9.688 10.276 4.029E+06
 60000. 8.5  0.945  4.797 -5.132  8.297  9.615  9.929 10.081 10.272 10.685 10.804 10.907  9.141  9.624 10.160 10.546 10.907  9.852  9.609 10.197  9.864  9.602 10.197 3.614E+06
 65000. 8.5  0.949  4.446 -5.410  8.212  9.536  9.856 10.009 10.201 10.615 10.735 10.838  9.057  9.547 10.087 10.475 10.836  9.776  9.531 10.125  9.788  9.524 10.125 3.327E+06
 70000. 8.5  0.952  4.120 -5.669  8.135  9.464  9.789  9.942 10.136 10.551 10.672 10.775  8.980  9.477 10.021 10.410 10.772  9.708  9.461 10.059  9.720  9.453 10.059 3.116E+06
 75000. 8.5  0.955  3.817 -5.910  8.065  9.398  9.727  9.881 10.075 10.492 10.614 10.716  8.910  9.412  9.959 10.349 10.712  9.644  9.395  9.998  9.656  9.388  9.998 2.965E+06
 80000. 8.5  0.958  3.533 -6.135  7.999  9.335  9.668  9.823 10.019 10.437 10.559 10.661  8.844  9.351  9.901 10.292 10.655  9.584  9.334  9.941  9.597  9.326  9.941 2.865E+06
 85000. 8.5  0.962  3.266 -6.347  7.937  9.277  9.613  9.769  9.965 10.384 10.506 10.609  8.783  9.294  9.846 10.238 10.602  9.528  9.276  9.887  9.540  9.269  9.887 2.820E+06
 90000. 8.5  0.964  3.015 -6.547  7.879  9.222  9.561  9.717  9.914 10.334 10.457 10.559  8.725  9.240  9.794 10.187 10.552  9.475  9.222  9.836  9.487  9.214  9.836 2.845E+06
100000. 8.5  0.970  2.551 -6.913  7.773  9.120  9.464  9.621  9.820 10.241 10.365 10.467  8.618  9.140  9.698 10.093 10.457  9.376  9.121  9.741  9.389  9.114  9.741 3.320E+06
110000. 8.5  0.973  2.134 -7.245  7.678  9.029  9.378  9.536  9.736 10.159 10.282 10.385  8.523  9.051  9.612 10.008 10.374  9.288  9.032  9.656  9.301  9.024  9.656 6.631E+06
120000. 8.5  0.949  1.783 -7.546  7.621  8.976  9.329  9.487  9.688 10.112 10.237 10.339  8.467  8.999  9.563  9.960 10.326  9.238  8.979  9.608  9.250  8.972  9.608 1.766E+09
  1500. 9.0  1.186 21.822  1.128 24.567 22.537 20.694 20.910 22.858 22.492 22.310 23.239 25.546 21.505 20.775 23.219 22.674 21.295 21.188 22.066 21.298 21.182 21.938 5.668E+09
  1750. 9.0  1.186 21.153  1.025 24.026 22.102 20.127 20.109 21.570 21.346 21.300 22.106 24.989 21.049 19.996 21.924 21.570 20.590 20.566 20.946 20.595 20.560 20.856 5.638E+09
  2000. 9.0  1.186 20.573  0.862 23.514 21.718 19.711 19.466 20.439 20.416 20.504 21.204 24.460 20.683 19.391 20.794 20.594 19.990 20.079 19.986 19.997 20.073 19.930 5.612E+09
  2250. 9.0  1.186 20.061  0.659 23.058 21.386 19.402 18.975 19.524 19.600 19.779 20.341 23.990 20.382 18.956 19.887 19.779 19.494 19.714 19.218 19.503 19.709 19.189 5.585E+09
  2500. 9.0  1.186 19.604  0.460 22.635 21.078 19.144 18.574 18.760 18.928 19.188 19.637 23.554 20.109 18.624 19.144 19.087 19.061 19.421 18.588 19.071 19.416 18.578 5.555E+09
  2750. 9.0  1.186 19.190  0.273 22.240 20.790 18.917 18.244 18.139 18.336 18.648 18.993 23.148 19.857 18.366 18.551 18.511 18.685 19.176 18.077 18.696 19.172 18.078 5.521E+09
  3000. 9.0  1.186 18.812  0.103 21.857 20.510 18.708 17.966 17.629 17.809 18.167 18.455 22.755 19.614 18.152 18.077 18.026 18.357 18.959 17.657 18.368 18.955 17.664 5.484E+09
  3250. 9.0  1.186 18.464 -0.042 21.472 20.228 18.506 17.728 17.224 17.324 17.688 17.917 22.361 19.371 17.962 17.711 17.623 18.073 18.753 17.316 18.084 18.749 17.325 5.442E+09
  3500. 9.0  1.186 18.142 -0.158 21.070 19.933 18.300 17.519 16.917 16.874 17.221 17.407 21.949 19.118 17.781 17.432 17.299 17.827 18.546 17.043 17.837 18.542 17.052 5.391E+09
  3750. 9.0  1.186 17.843 -0.250 20.658 19.630 18.093 17.331 16.689 16.468 16.758 16.909 21.529 18.860 17.604 17.218 17.052 17.616 18.337 16.828 17.625 18.333 16.836 5.326E+09
  4000. 9.0  1.186 17.562 -0.301 20.193 19.290 17.863 17.141 16.497 16.109 16.308 16.414 21.056 18.571 17.412 17.029 16.850 17.410 18.104 16.638 17.418 18.100 16.644 5.248E+09
  4250. 9.0  1.186 17.299 -0.324 19.705 18.933 17.623 16.947 16.324 15.821 15.894 15.951 20.559 18.268 17.211 16.850 16.676 17.206 17.857 16.460 17.214 17.854 16.466 5.162E+09
  4500. 9.0  1.186 17.051 -0.308 19.164 18.541 17.359 16.736 16.146 15.602 15.530 15.560 20.009 17.935 16.989 16.663 16.506 16.985 17.582 16.275 16.992 17.579 16.280 5.075E+09
  4750. 9.0  1.186 16.816 -0.272 18.611 18.143 17.088 16.518 15.967 15.434 15.240 15.230 19.448 17.596 16.759 16.472 16.338 16.756 17.297 16.087 16.763 17.294 16.092 4.986E+09
  5000. 9.0  1.186 16.593 -0.224 18.068 17.752 16.818 16.298 15.787 15.289 15.028 14.976 18.899 17.260 16.527 16.279 16.172 16.523 17.008 15.898 16.530 17.005 15.903 4.885E+09
  5250. 9.0  1.186 16.381 -0.176 17.557 17.384 16.557 16.085 15.613 15.157 14.876 14.801 18.382 16.941 16.303 16.093 16.011 16.296 16.729 15.715 16.303 16.726 15.721 4.776E+09
  5500. 9.0  1.186 16.179 -0.134 17.082 17.044 16.313 15.883 15.448 15.036 14.758 14.682 17.903 16.644 16.092 15.917 15.859 16.080 16.464 15.542 16.087 16.461 15.547 4.639E+09
  6000. 9.0  1.186 15.801 -0.083 16.254 16.456 15.884 15.529 15.157 14.822 14.571 14.513 17.069 16.127 15.722 15.605 15.591 15.695 15.995 15.237 15.702 15.992 15.242 4.293E+09
  6500. 9.0  1.186 15.453 -0.080 15.574 15.984 15.534 15.239 14.918 14.647 14.425 14.387 16.389 15.708 15.420 15.349 15.370 15.375 15.606 14.987 15.382 15.603 14.992 3.914E+09
  7000. 9.0  1.186 15.131 -0.110 15.052 15.605 15.241 14.995 14.718 14.500 14.303 14.285 15.870 15.366 15.167 15.135 15.186 15.106 15.283 14.777 15.113 15.279 14.782 3.545E+09
  7500. 9.0  1.186 14.832 -0.154 14.648 15.289 14.986 14.780 14.540 14.371 14.200 14.198 15.469 15.075 14.944 14.945 15.021 14.869 15.006 14.591 14.876 15.002 14.595 3.282E+09
  8000. 9.0  1.187 14.551 -0.203 14.320 15.016 14.754 14.582 14.375 14.254 14.108 14.120 15.144 14.817 14.740 14.770 14.869 14.654 14.759 14.419 14.662 14.755 14.423 3.062E+09
  8500. 9.0  1.187 14.288 -0.252 14.044 14.773 14.540 14.398 14.220 14.146 14.025 14.046 14.869 14.585 14.549 14.605 14.726 14.456 14.536 14.258 14.463 14.531 14.261 2.845E+09
  9000. 9.0  1.187 14.040 -0.301 13.803 14.553 14.340 14.225 14.075 14.044 13.947 13.976 14.630 14.372 14.371 14.449 14.592 14.271 14.330 14.107 14.279 14.326 14.110 2.635E+09
  9500. 9.0  1.187 13.805 -0.347 13.588 14.351 14.152 14.061 13.937 13.949 13.872 13.909 14.417 14.175 14.204 14.303 14.466 14.098 14.140 13.964 14.106 14.135 13.967 2.440E+09
 10000. 9.0  1.187 13.582 -0.392 13.392 14.165 13.974 13.907 13.808 13.860 13.801 13.843 14.222 13.990 14.045 14.165 14.348 13.935 13.962 13.830 13.943 13.957 13.833 2.262E+09
 10500. 9.0  1.187 13.370 -0.437 13.211 13.991 13.807 13.763 13.688 13.776 13.734 13.781 14.042 13.819 13.898 14.036 14.238 13.783 13.796 13.706 13.790 13.791 13.708 2.099E+09
 11000. 9.0  1.187 13.168 -0.488 13.044 13.834 13.655 13.633 13.579 13.700 13.672 13.723 13.877 13.663 13.764 13.920 14.140 13.644 13.645 13.593 13.652 13.640 13.595 1.949E+09
 11500. 9.0  1.187 12.975 -0.550 12.895 13.695 13.524 13.521 13.487 13.634 13.617 13.672 13.728 13.527 13.648 13.820 14.055 13.524 13.513 13.497 13.532 13.507 13.498 1.811E+09
 12000. 9.0  1.188 12.790 -0.623 12.761 13.574 13.413 13.425 13.408 13.576 13.569 13.627 13.595 13.410 13.550 13.736 13.983 13.421 13.399 13.415 13.429 13.394 13.416 1.683E+09
 12500. 9.0  1.188 12.612 -0.705 12.641 13.468 13.317 13.343 13.341 13.526 13.526 13.586 13.475 13.307 13.465 13.664 13.921 13.331 13.299 13.344 13.339 13.294 13.345 1.566E+09
 13000. 9.0  1.188 12.442 -0.791 12.532 13.373 13.233 13.271 13.282 13.481 13.487 13.550 13.367 13.216 13.391 13.601 13.867 13.252 13.210 13.282 13.260 13.205 13.283 1.458E+09
 13500. 9.0  1.188 12.278 -0.883 12.437 13.291 13.160 13.210 13.231 13.443 13.455 13.520 13.273 13.137 13.327 13.548 13.820 13.183 13.133 13.229 13.191 13.128 13.230 1.360E+09
 14000. 9.0  1.188 12.120 -0.982 12.361 13.224 13.102 13.160 13.192 13.412 13.428 13.495 13.197 13.073 13.276 13.505 13.784 13.128 13.072 13.187 13.136 13.066 13.188 1.268E+09
 14500. 9.0  1.188 11.967 -1.088 12.299 13.169 13.055 13.121 13.160 13.387 13.406 13.474 13.135 13.021 13.235 13.472 13.754 13.083 13.021 13.153 13.091 13.016 13.154 1.182E+09
 15000. 9.0  1.188 11.820 -1.189 12.236 13.114 13.009 13.081 13.128 13.361 13.384 13.453 13.073 12.968 13.194 13.438 13.724 13.038 12.971 13.119 13.046 12.965 13.119 1.100E+09
 15500. 9.0  1.188 11.677 -1.282 12.168 13.054 12.959 13.039 13.094 13.334 13.360 13.430 13.005 12.912 13.150 13.401 13.692 12.990 12.916 13.082 12.998 12.911 13.082 1.023E+09
 16000. 9.0  1.189 11.539 -1.369 12.095 12.992 12.908 12.994 13.057 13.305 13.335 13.406 12.933 12.853 13.104 13.362 13.658 12.939 12.860 13.043 12.948 12.854 13.044 9.515E+08
 16500. 9.0  1.189 11.406 -1.452 12.021 12.929 12.857 12.949 13.020 13.274 13.309 13.381 12.859 12.794 13.057 13.323 13.622 12.888 12.802 13.003 12.896 12.797 13.003 8.847E+08
 17000. 9.0  1.189 11.276 -1.532 11.945 12.866 12.808 12.904 12.981 13.243 13.282 13.355 12.784 12.736 13.011 13.283 13.586 12.837 12.745 12.963 12.846 12.740 12.963 8.220E+08
 20000. 9.0  1.190 10.569 -1.967 11.511 12.519 12.536 12.649 12.755 13.053 13.111 13.193 12.351 12.417 12.750 13.049 13.368 12.551 12.426 12.724 12.560 12.420 12.724 5.107E+08
 25000. 9.0  1.191  9.599 -2.547 10.907 12.034 12.146 12.278 12.415 12.763 12.843 12.939 11.749 11.970 12.371 12.701 13.039 12.138 11.972 12.371 12.147 11.966 12.371 2.507E+08
 30000. 9.0  1.192  8.806 -2.972 10.374 11.588 11.777 11.921 12.081 12.465 12.565 12.670 11.217 11.555 12.008 12.361 12.711 11.746 11.549 12.026 11.757 11.542 12.025 1.509E+08
 35000. 9.0  1.196  8.133 -3.364  9.995 11.254 11.496 11.643 11.815 12.212 12.322 12.427 10.838 11.239 11.727 12.093 12.448 11.446 11.230 11.752 11.457 11.223 11.752 1.204E+08
 40000. 9.0  1.199  7.551 -3.768  9.768 11.051 11.319 11.467 11.646 12.050 12.164 12.268 10.612 11.045 11.550 11.922 12.280 11.259 11.033 11.579 11.271 11.026 11.579 6.959E+07
 45000. 9.0  1.201  7.037 -4.152  9.608 10.905 11.189 11.339 11.522 11.930 12.046 12.150 10.452 10.905 11.421 11.797 12.156 11.123 10.892 11.453 11.135 10.884 11.452 4.038E+07
 50000. 9.0  1.202  6.578 -4.507  9.482 10.790 11.085 11.237 11.422 11.833 11.951 12.055 10.327 10.794 11.317 11.697 12.057 11.015 10.779 11.351 11.027 10.772 11.351 2.202E+07
 55000. 9.0  1.204  6.162 -4.834  9.377 10.692 10.997 11.149 11.337 11.750 11.869 11.973 10.222 10.700 11.229 11.612 11.973 10.924 10.684 11.265 10.936 10.677 11.264 1.208E+07
 60000. 9.0  1.208  5.782 -5.136  9.285 10.606 10.918 11.071 11.261 11.676 11.796 11.900 10.129 10.616 11.150 11.535 11.897 10.842 10.600 11.187 10.854 10.592 11.187 8.102E+06
 65000. 9.0  1.210  5.432 -5.416  9.203 10.530 10.848 11.001 11.193 11.610 11.731 11.835 10.048 10.542 11.080 11.467 11.829 10.770 10.525 11.118 10.782 10.517 11.118 6.621E+06
 70000. 9.0  1.212  5.109 -5.675  9.129 10.461 10.784 10.938 11.131 11.550 11.671 11.775  9.974 10.475 11.017 11.405 11.768 10.704 10.457 11.056 10.716 10.449 11.056 5.834E+06
 75000. 9.0  1.214  4.807 -5.917  9.062 10.397 10.724 10.879 11.074 11.493 11.615 11.719  9.906 10.412 10.957 11.347 11.711 10.643 10.394 10.997 10.655 10.386 10.997 4.702E+06
 80000. 9.0  1.218  4.523 -6.144  8.997 10.336 10.667 10.823 11.018 11.439 11.562 11.666  9.842 10.352 10.900 11.291 11.655 10.584 10.334 10.941 10.596 10.326 10.941 2.891E+06
 85000. 9.0  1.226  4.253 -6.357  8.933 10.275 10.610 10.766 10.963 11.384 11.508 11.612  9.779 10.293 10.844 11.236 11.600 10.526 10.274 10.885 10.538 10.266 10.885 1.082E+06
 90000. 9.0  1.239  3.993 -6.558  8.869 10.213 10.551 10.708 10.905 11.328 11.452 11.556  9.714 10.232 10.785 11.178 11.543 10.466 10.213 10.827 10.478 10.205 10.827 1.774E+05
100000. 9.0  1.295  3.487 -6.927  8.722 10.071 10.414 10.572 10.771 11.195 11.320 11.424  9.567 10.091 10.649 11.043 11.409 10.327 10.072 10.692 10.339 10.064 10.692 3.231E+01
110000. 9.0  1.424  2.970 -7.261  8.530  9.883 10.231 10.389 10.590 11.015 11.141 11.245  9.375  9.905 10.466 10.862 11.228 10.142  9.885 10.510 10.155  9.877 10.510 7.103E-09
  1500. 9.5  1.352 22.929  1.098 25.375 23.475 21.831 22.115 24.017 23.574 23.354 24.246 26.341 22.532 21.980 24.442 23.828 22.435 22.309 23.276 22.437 22.304 23.148 2.748E+09
  1750. 9.5  1.355 22.257  1.048 24.864 23.036 21.210 21.284 22.746 22.456 22.407 23.203 25.817 22.040 21.170 23.143 22.734 21.709 21.660 22.154 21.713 21.654 22.062 2.603E+09
  2000. 9.5  1.356 21.677  0.906 24.392 22.673 20.771 20.625 21.671 21.516 21.562 22.214 25.330 21.677 20.544 22.031 21.806 21.113 21.164 21.209 21.119 21.158 21.149 2.572E+09
  2250. 9.5  1.356 21.165  0.722 23.958 22.349 20.444 20.104 20.724 20.734 20.877 21.416 24.883 21.376 20.072 21.098 20.968 20.605 20.779 20.412 20.612 20.773 20.378 2.570E+09
  2500. 9.5  1.356 20.708  0.531 23.555 22.051 20.177 19.683 19.952 20.077 20.300 20.733 24.469 21.107 19.712 20.338 20.268 20.164 20.470 19.761 20.174 20.466 19.746 2.568E+09
  2750. 9.5  1.356 20.294  0.347 23.183 21.775 19.947 19.339 19.323 19.490 19.775 20.111 24.086 20.861 19.435 19.729 19.688 19.785 20.217 19.235 19.795 20.213 19.232 2.566E+09
  3000. 9.5  1.356 19.916  0.184 22.817 21.504 19.733 19.043 18.795 18.971 19.310 19.592 23.712 20.620 19.202 19.228 19.192 19.446 19.990 18.793 19.457 19.986 18.798 2.564E+09
  3250. 9.5  1.356 19.568  0.041 22.454 21.233 19.527 18.788 18.365 18.497 18.854 19.078 23.340 20.384 18.999 18.830 18.774 19.149 19.778 18.430 19.161 19.774 18.438 2.561E+09
  3500. 9.5  1.356 19.247 -0.078 22.078 20.955 19.324 18.567 18.026 18.059 18.410 18.599 22.957 20.142 18.812 18.521 18.427 18.892 19.572 18.135 18.902 19.568 18.143 2.557E+09
  3750. 9.5  1.356 18.947 -0.172 21.687 20.664 19.119 18.371 17.769 17.651 17.964 18.127 22.558 19.891 18.632 18.282 18.152 18.668 19.365 17.898 18.678 19.361 17.906 2.553E+09
  4000. 9.5  1.356 18.667 -0.235 21.257 20.345 18.902 18.185 17.567 17.285 17.530 17.654 22.119 19.619 18.449 18.087 17.935 18.464 19.145 17.701 18.472 19.141 17.708 2.550E+09
  4250. 9.5  1.356 18.403 -0.268 20.794 20.004 18.672 17.997 17.390 16.972 17.115 17.199 21.650 19.329 18.257 17.909 17.752 18.263 18.909 17.521 18.271 18.906 17.528 2.546E+09
  4500. 9.5  1.356 18.155 -0.265 20.281 19.630 18.420 17.796 17.217 16.726 16.738 16.799 21.128 19.011 18.047 17.728 17.583 18.051 18.648 17.342 18.058 18.645 17.348 2.537E+09
  4750. 9.5  1.356 17.920 -0.241 19.747 19.245 18.161 17.589 17.044 16.542 16.421 16.447 20.586 18.684 17.828 17.546 17.420 17.832 18.375 17.162 17.839 18.372 17.168 2.519E+09
  5000. 9.5  1.356 17.698 -0.203 19.218 18.864 17.901 17.379 16.872 16.392 16.180 16.155 20.050 18.358 17.607 17.362 17.259 17.609 18.098 16.981 17.616 18.095 16.987 2.481E+09
  5250. 9.5  1.356 17.486 -0.161 18.714 18.500 17.647 17.172 16.703 16.259 16.006 15.948 19.540 18.043 17.389 17.181 17.103 17.388 17.825 16.803 17.395 17.822 16.809 2.429E+09
  5500. 9.5  1.356 17.284 -0.122 18.239 18.159 17.405 16.973 16.540 16.137 15.876 15.808 19.060 17.748 17.181 17.008 16.953 17.175 17.563 16.633 17.182 17.560 16.639 2.376E+09
  6000. 9.5  1.356 16.906 -0.069 17.412 17.566 16.975 16.617 16.248 15.920 15.679 15.623 18.228 17.226 16.810 16.695 16.683 16.788 17.093 16.326 16.795 17.090 16.332 2.235E+09
  6500. 9.5  1.356 16.558 -0.059 16.722 17.081 16.617 16.321 16.003 15.740 15.527 15.489 17.536 16.798 16.502 16.433 16.457 16.461 16.696 16.071 16.468 16.693 16.076 2.060E+09
  7000. 9.5  1.356 16.236 -0.086 16.168 16.692 16.322 16.077 15.800 15.591 15.403 15.384 16.985 16.450 16.249 16.217 16.270 16.189 16.368 15.860 16.196 16.365 15.865 1.946E+09
  7500. 9.5  1.356 15.937 -0.134 15.739 16.373 16.070 15.866 15.626 15.463 15.298 15.296 16.560 16.159 16.030 16.030 16.108 15.955 16.091 15.678 15.962 16.087 15.682 1.890E+09
  8000. 9.5  1.356 15.656 -0.190 15.399 16.103 15.846 15.676 15.467 15.350 15.207 15.218 16.222 15.908 15.834 15.861 15.962 15.746 15.849 15.513 15.753 15.845 15.516 1.817E+09
  8500. 9.5  1.356 15.393 -0.246 15.116 15.865 15.639 15.498 15.318 15.245 15.125 15.146 15.940 15.682 15.651 15.703 15.824 15.554 15.631 15.358 15.561 15.627 15.361 1.750E+09
  9000. 9.5  1.356 15.145 -0.301 14.871 15.651 15.446 15.331 15.177 15.147 15.048 15.078 15.698 15.476 15.480 15.553 15.694 15.375 15.431 15.212 15.383 15.427 15.215 1.690E+09
  9500. 9.5  1.356 14.910 -0.355 14.655 15.456 15.265 15.174 15.044 15.055 14.974 15.011 15.482 15.286 15.318 15.411 15.571 15.208 15.247 15.074 15.216 15.242 15.077 1.633E+09
 10000. 9.5  1.356 14.687 -0.406 14.459 15.275 15.093 15.025 14.918 14.968 14.904 14.947 15.287 15.109 15.165 15.277 15.455 15.050 15.074 14.944 15.058 15.069 14.946 1.578E+09
 10500. 9.5  1.356 14.475 -0.456 14.277 15.107 14.931 14.884 14.798 14.885 14.836 14.884 15.107 14.943 15.021 15.149 15.346 14.901 14.912 14.821 14.909 14.907 14.823 1.522E+09
 11000. 9.5  1.356 14.273 -0.506 14.109 14.951 14.779 14.752 14.687 14.808 14.771 14.823 14.939 14.789 14.886 15.031 15.244 14.762 14.761 14.706 14.770 14.756 14.708 1.467E+09
 11500. 9.5  1.356 14.080 -0.562 13.954 14.809 14.642 14.633 14.587 14.738 14.712 14.767 14.786 14.649 14.764 14.924 15.153 14.636 14.624 14.603 14.645 14.619 14.604 1.414E+09
 12000. 9.5  1.356 13.895 -0.629 13.815 14.684 14.524 14.530 14.501 14.676 14.659 14.717 14.647 14.526 14.658 14.832 15.074 14.527 14.504 14.513 14.535 14.499 14.515 1.365E+09
 12500. 9.5  1.356 13.718 -0.704 13.688 14.572 14.422 14.442 14.427 14.621 14.611 14.672 14.521 14.419 14.567 14.753 15.006 14.431 14.399 14.436 14.439 14.393 14.437 1.322E+09
 13000. 9.5  1.356 13.547 -0.785 13.573 14.473 14.332 14.364 14.362 14.572 14.568 14.632 14.406 14.323 14.487 14.684 14.945 14.346 14.305 14.368 14.355 14.299 14.369 1.282E+09
 13500. 9.5  1.356 13.384 -0.869 13.467 14.382 14.252 14.294 14.304 14.527 14.530 14.595 14.301 14.236 14.415 14.623 14.891 14.270 14.220 14.307 14.278 14.214 14.308 1.241E+09
 14000. 9.5  1.357 13.226 -0.955 13.371 14.300 14.180 14.232 14.253 14.487 14.495 14.563 14.206 14.158 14.351 14.568 14.843 14.201 14.143 14.253 14.210 14.137 14.254 1.198E+09
 14500. 9.5  1.357 13.073 -1.045 13.287 14.228 14.118 14.178 14.208 14.453 14.465 14.535 14.123 14.090 14.295 14.521 14.802 14.141 14.076 14.206 14.150 14.070 14.207 1.155E+09
 15000. 9.5  1.357 12.926 -1.140 13.219 14.169 14.066 14.134 14.172 14.424 14.440 14.512 14.054 14.033 14.250 14.483 14.769 14.092 14.021 14.168 14.100 14.015 14.169 1.114E+09
 15500. 9.5  1.357 12.783 -1.241 13.162 14.120 14.024 14.098 14.143 14.401 14.420 14.493 13.998 13.986 14.212 14.452 14.741 14.051 13.975 14.137 14.060 13.970 14.138 1.076E+09
 16000. 9.5  1.357 12.646 -1.338 13.106 14.072 13.983 14.063 14.114 14.378 14.400 14.474 13.943 13.941 14.176 14.421 14.714 14.012 13.931 14.107 14.020 13.925 14.107 1.042E+09
 16500. 9.5  1.357 12.512 -1.428 13.048 14.022 13.940 14.026 14.084 14.354 14.379 14.455 13.885 13.893 14.137 14.389 14.686 13.970 13.884 14.075 13.979 13.878 14.075 1.009E+09
 17000. 9.5  1.357 12.382 -1.513 12.985 13.968 13.895 13.987 14.052 14.328 14.357 14.434 13.823 13.842 14.097 14.356 14.656 13.926 13.835 14.041 13.935 13.829 14.041 9.771E+08
 20000. 9.5  1.357 11.676 -1.950 12.581 13.632 13.627 13.742 13.841 14.153 14.203 14.287 13.421 13.530 13.845 14.135 14.455 13.649 13.527 13.817 13.659 13.520 13.817 8.044E+08
 25000. 9.5  1.357 10.707 -2.530 11.985 13.141 13.237 13.372 13.505 13.863 13.938 14.036 12.826 13.078 13.467 13.790 14.129 13.236 13.071 13.466 13.246 13.064 13.466 6.006E+08
 30000. 9.5  1.358  9.915 -2.956 11.458 12.692 12.871 13.016 13.173 13.564 13.660 13.766 12.301 12.660 13.105 13.453 13.804 12.844 12.647 13.122 12.855 12.640 13.122 3.815E+08
 35000. 9.5  1.465  9.163 -3.356 11.013 12.282 12.518 12.667 12.837 13.238 13.346 13.452 11.857 12.268 12.753 13.114 13.470 12.471 12.255 12.777 12.483 12.248 12.777 7.562E+08
 40000. 9.5  1.466  8.582 -3.765 10.794 12.084 12.347 12.497 12.674 13.081 13.194 13.299 11.638 12.079 12.581 12.950 13.308 12.290 12.064 12.610 12.302 12.057 12.609 5.359E+08
 45000. 9.5  1.467  8.070 -4.151 10.638 11.941 12.221 12.372 12.553 12.964 13.080 13.185 11.482 11.942 12.455 12.829 13.188 12.158 11.926 12.487 12.170 11.918 12.486 2.550E+08
 50000. 9.5  1.468  7.611 -4.508 10.515 11.827 12.119 12.272 12.456 12.869 12.987 13.092 11.359 11.832 12.353 12.731 13.092 12.051 11.815 12.387 12.063 11.808 12.387 9.286E+07
 55000. 9.5  1.470  7.196 -4.836 10.412 11.731 12.032 12.186 12.373 12.788 12.907 13.012 11.256 11.739 12.267 12.647 13.009 11.961 11.721 12.302 11.973 11.714 12.302 3.210E+07
 60000. 9.5  1.474  6.815 -5.139 10.320 11.645 11.954 12.109 12.298 12.715 12.835 12.940 11.165 11.656 12.189 12.572 12.934 11.880 11.638 12.226 11.892 11.630 12.226 1.587E+07
 65000. 9.5  1.475  6.467 -5.419 10.241 11.570 11.886 12.041 12.232 12.651 12.772 12.877 11.085 11.583 12.121 12.506 12.869 11.810 11.565 12.159 11.822 11.557 12.159 1.147E+07
 70000. 9.5  1.476  6.144 -5.680 10.169 11.503 11.824 11.980 12.172 12.593 12.715 12.821 11.014 11.518 12.059 12.446 12.810 11.746 11.499 12.098 11.758 11.491 12.098 9.488E+06
 75000. 9.5  1.478  5.843 -5.923 10.103 11.441 11.766 11.923 12.116 12.538 12.661 12.767 10.948 11.457 12.001 12.390 12.754 11.686 11.437 12.042 11.699 11.430 12.041 6.609E+06
 80000. 9.5  1.483  5.559 -6.151 10.039 11.380 11.710 11.867 12.062 12.484 12.608 12.714 10.884 11.397 11.945 12.335 12.699 11.628 11.378 11.986 11.641 11.370 11.986 2.877E+06
 85000. 9.5  1.494  5.288 -6.364  9.975 11.319 11.652 11.810 12.006 12.430 12.554 12.660 10.820 11.337 11.888 12.279 12.644 11.569 11.318 11.930 11.582 11.310 11.930 6.054E+05
 90000. 9.5  1.511  5.027 -6.566  9.910 11.256 11.593 11.751 11.948 12.373 12.498 12.604 10.755 11.276 11.829 12.221 12.586 11.509 11.256 11.871 11.521 11.248 11.871 5.665E+04
100000. 9.5  1.525  4.560 -6.937  9.804 11.155 11.497 11.656 11.855 12.281 12.407 12.513 10.650 11.176 11.733 12.127 12.494 11.411 11.156 11.777 11.424 11.148 11.777 7.279E+03
110000. 9.5  0.804  4.841 -7.273 10.412 11.767 12.114 12.273 12.474 12.902 13.029 13.135 11.258 11.789 12.350 12.746 13.113 12.026 11.769 12.395 12.039 11.761 12.395 1.427E+56
