#    5   51  Pure hydrogen grid                             Tue Aug 20 08:30:25 2019
 Teff   logg  M/Mo  Mbol     BC    U      B      V      R      I      J      H      Ks    MY     MJ      MH     MK      W1     W2     W3     W4    S3.6   S4.5   S5.8   S8.0   Su     Sg     Sr     Si     Sz     Pg     Pr     Pi     Pz     Py     G     G_BP   G_RP   FUV    NUV      Age
  2500. 7.0  0.152 16.837  0.101 20.582 18.827 16.736 15.930 15.740 16.159 16.595 17.184 16.243 16.094 16.511 17.143 14.862 14.424 13.810 13.265 14.676 14.431 14.342 14.111 21.493 17.840 16.089 16.155 16.079 17.526 16.087 16.166 16.033 16.256 16.393 16.972 15.689 51.792 30.247 5.479E+09
  2750. 7.0  0.152 16.420 -0.089 20.106 18.487 16.509 15.651 15.194 15.503 15.970 16.398 15.582 15.445 15.899 16.360 14.491 14.112 13.537 13.045 14.334 14.120 14.020 13.805 20.998 17.553 15.882 15.671 15.551 17.256 15.873 15.673 15.510 15.705 16.044 16.746 15.259 50.271 29.456 3.943E+09
  3000. 7.0  0.152 16.039 -0.246 19.637 18.151 16.286 15.409 14.779 14.902 15.377 15.693 14.971 14.851 15.314 15.657 14.141 13.816 13.271 12.826 14.010 13.825 13.716 13.514 20.517 17.270 15.689 15.304 15.127 16.990 15.676 15.299 15.102 15.223 15.743 16.525 14.910 48.677 28.639 3.472E+09
  3250. 7.0  0.153 15.689 -0.372 19.152 17.810 16.061 15.194 14.479 14.349 14.770 14.994 14.429 14.304 14.717 14.961 13.775 13.503 12.985 12.590 13.670 13.513 13.399 13.205 20.027 16.983 15.499 15.031 14.804 16.721 15.485 15.023 14.801 14.827 15.489 16.302 14.637 46.903 27.776 3.145E+09
  3500. 7.0  0.153 15.362 -0.464 18.650 17.456 15.827 14.993 14.255 13.865 14.169 14.314 13.999 13.823 14.126 14.284 13.396 13.171 12.686 12.355 13.314 13.181 13.064 12.880 19.522 16.685 15.303 14.816 14.564 16.442 15.289 14.806 14.579 14.531 15.266 16.068 14.419 44.810 26.865 2.927E+09
  3750. 7.0  0.154 15.058 -0.524 18.135 17.089 15.582 14.793 14.067 13.483 13.598 13.649 13.695 13.441 13.564 13.618 13.000 12.808 12.386 12.151 12.937 12.818 12.703 12.541 19.004 16.373 15.097 14.625 14.372 16.150 15.084 14.615 14.395 14.310 15.055 15.821 14.227 42.326 25.848 2.803E+09
  4000. 7.0  0.155 14.771 -0.539 17.541 16.680 15.310 14.575 13.878 13.197 13.115 13.093 13.470 13.153 13.088 13.062 12.640 12.469 12.145 12.023 12.592 12.479 12.376 12.248 18.404 16.028 14.867 14.427 14.188 15.825 14.855 14.418 14.214 14.120 14.829 15.543 14.031 39.138 24.652 2.550E+09
  4250. 7.0  0.157 14.497 -0.495 16.885 16.214 14.992 14.316 13.663 12.983 12.744 12.699 13.272 12.939 12.721 12.668 12.361 12.214 11.992 11.935 12.322 12.222 12.136 12.048 17.743 15.629 14.594 14.198 13.987 15.450 14.584 14.190 14.010 13.925 14.564 15.213 13.807 34.999 23.472 2.229E+09
  4500. 7.0  0.159 14.235 -0.422 16.234 15.740 14.657 14.041 13.436 12.802 12.467 12.391 13.080 12.759 12.450 12.360 12.137 12.023 11.887 11.856 12.108 12.029 11.970 11.917 17.085 15.217 14.304 13.956 13.776 15.060 14.295 13.949 13.795 13.726 14.282 14.864 13.569 31.125 22.382 1.955E+09
  4750. 7.0  0.162 13.975 -0.344 15.600 15.275 14.319 13.760 13.202 12.624 12.261 12.156 12.884 12.582 12.246 12.125 11.965 11.883 11.795 11.777 11.945 11.887 11.847 11.814 16.444 14.808 14.008 13.707 13.560 14.670 14.001 13.701 13.574 13.521 13.991 14.509 13.326 29.027 21.326 1.674E+09
  5000. 7.0  0.168 13.717 -0.270 14.979 14.826 13.988 13.482 12.969 12.446 12.090 11.984 12.687 12.405 12.076 11.952 11.828 11.767 11.703 11.693 11.813 11.769 11.741 11.716 15.817 14.410 13.716 13.459 13.343 14.291 13.710 13.454 13.353 13.315 13.700 14.157 13.082 27.813 20.353 1.360E+09
  5250. 7.0  0.174 13.467 -0.214 14.392 14.414 13.681 13.222 12.752 12.279 11.941 11.846 12.502 12.238 11.926 11.814 11.713 11.664 11.618 11.614 11.701 11.666 11.644 11.626 15.224 14.043 13.445 13.228 13.139 13.941 13.440 13.224 13.146 13.122 13.427 13.828 12.855 26.760 19.428 1.147E+09
  5500. 7.0  0.179 13.230 -0.178 13.874 14.052 13.407 12.991 12.557 12.127 11.807 11.727 12.336 12.088 11.791 11.696 11.614 11.575 11.544 11.544 11.604 11.576 11.560 11.548 14.703 13.719 13.203 13.022 12.958 13.631 13.199 13.019 12.961 12.950 13.180 13.532 12.652 25.828 18.500 9.696E+08
  6000. 7.0  0.188 12.802 -0.144 13.077 13.459 12.946 12.601 12.233 11.876 11.588 11.538 12.061 11.838 11.571 11.509 11.458 11.437 11.432 11.427 11.452 11.437 11.432 11.431 13.906 13.178 12.797 12.677 12.655 13.111 12.794 12.676 12.653 12.663 12.763 13.034 12.313 24.377 16.786 7.762E+08
  6500. 7.0  0.192 12.428 -0.141 12.501 12.990 12.569 12.281 11.967 11.676 11.426 11.397 11.837 11.640 11.407 11.369 11.342 11.336 11.340 11.325 11.340 11.335 11.337 11.340 13.332 12.743 12.463 12.394 12.408 12.691 12.461 12.394 12.401 12.430 12.419 12.629 12.033 22.876 15.516 6.329E+08
  7000. 7.0  0.197 12.083 -0.155 12.046 12.591 12.237 11.995 11.727 11.499 11.287 11.276 11.636 11.465 11.267 11.249 11.238 11.240 11.245 11.228 11.238 11.240 11.245 11.248 12.879 12.367 12.166 12.140 12.186 12.325 12.165 12.141 12.174 12.219 12.112 12.277 11.782 21.282 14.591 5.182E+08
  7500. 7.0  0.201 11.761 -0.176 11.672 12.240 11.937 11.735 11.509 11.338 11.164 11.167 11.452 11.306 11.143 11.140 11.141 11.148 11.152 11.137 11.142 11.148 11.153 11.155 12.508 12.032 11.897 11.908 11.983 11.998 11.896 11.910 11.968 12.028 11.834 11.962 11.554 19.562 13.878 4.253E+08
  8000. 7.0  0.205 11.459 -0.200 11.357 11.922 11.659 11.494 11.307 11.190 11.053 11.067 11.283 11.161 11.030 11.040 11.048 11.059 11.063 11.050 11.050 11.059 11.064 11.066 12.196 11.726 11.648 11.694 11.796 11.698 11.648 11.696 11.777 11.853 11.577 11.675 11.343 18.040 13.305 3.464E+08
  8500. 7.0  0.209 11.174 -0.222 11.085 11.631 11.397 11.269 11.119 11.052 10.950 10.973 11.124 11.025 10.926 10.946 10.959 10.972 10.977 10.967 10.961 10.972 10.977 10.979 11.927 11.442 11.415 11.493 11.623 11.418 11.415 11.497 11.601 11.690 11.336 11.409 11.146 16.823 12.829 2.836E+08
  9000. 7.0  0.213 10.906 -0.244 10.843 11.360 11.150 11.057 10.945 10.924 10.855 10.884 10.975 10.899 10.830 10.858 10.872 10.887 10.894 10.886 10.875 10.887 10.892 10.895 11.690 11.176 11.196 11.306 11.462 11.156 11.197 11.310 11.437 11.539 11.110 11.161 10.962 15.832 12.417 2.318E+08
  9500. 7.0  0.217 10.652 -0.269 10.624 11.111 10.921 10.862 10.786 10.806 10.768 10.802 10.839 10.785 10.743 10.775 10.790 10.805 10.815 10.811 10.793 10.806 10.811 10.814 11.475 10.931 10.995 11.134 11.317 10.913 10.995 11.139 11.289 11.401 10.900 10.932 10.794 14.944 12.052 1.878E+08
 10000. 7.0  0.220 10.411 -0.308 10.429 10.890 10.719 10.692 10.649 10.705 10.693 10.729 10.720 10.685 10.667 10.702 10.715 10.729 10.741 10.741 10.717 10.730 10.734 10.739 11.282 10.715 10.819 10.987 11.193 10.699 10.819 10.992 11.163 11.283 10.716 10.729 10.650 13.931 11.729 1.524E+08
 10500. 7.0  0.223 10.185 -0.373 10.260 10.707 10.557 10.556 10.542 10.624 10.631 10.667 10.627 10.606 10.604 10.640 10.652 10.664 10.679 10.683 10.654 10.666 10.670 10.675 11.115 10.537 10.678 10.870 11.095 10.524 10.679 10.877 11.064 11.190 10.567 10.563 10.535 12.941 11.449 1.239E+08
 11000. 7.0  0.226  9.969 -0.467 10.125 10.566 10.436 10.456 10.463 10.564 10.581 10.617 10.558 10.546 10.554 10.590 10.600 10.612 10.628 10.635 10.602 10.614 10.618 10.624 10.981 10.400 10.574 10.786 11.022 10.390 10.575 10.793 10.990 11.120 10.454 10.437 10.451 12.102 11.218 9.931E+07
 11500. 7.0  0.229  9.763 -0.581 10.013 10.454 10.344 10.381 10.402 10.514 10.537 10.572 10.503 10.497 10.510 10.546 10.555 10.568 10.585 10.593 10.558 10.569 10.574 10.580 10.869 10.294 10.495 10.721 10.964 10.286 10.496 10.728 10.932 11.064 10.366 10.338 10.386 11.483 11.028 7.990E+07
 12000. 7.0  0.231  9.566 -0.687  9.889 10.341 10.252 10.301 10.336 10.461 10.489 10.526 10.444 10.443 10.462 10.499 10.511 10.524 10.544 10.553 10.513 10.525 10.531 10.538 10.744 10.187 10.413 10.651 10.901 10.183 10.414 10.659 10.868 11.003 10.276 10.237 10.316 11.090 10.839 6.589E+07
 12500. 7.0  0.234  9.376 -0.787  9.755 10.231 10.163 10.221 10.266 10.405 10.438 10.477 10.382 10.387 10.411 10.451 10.465 10.480 10.502 10.511 10.468 10.481 10.487 10.495 10.610 10.084 10.330 10.578 10.835 10.083 10.331 10.586 10.801 10.938 10.186 10.137 10.242 10.797 10.656 5.545E+07
 13000. 7.0  0.237  9.194 -0.885  9.621 10.126 10.079 10.143 10.197 10.349 10.387 10.429 10.321 10.331 10.360 10.403 10.420 10.436 10.460 10.471 10.423 10.437 10.444 10.453 10.477  9.986 10.251 10.507 10.769  9.989 10.252 10.515 10.734 10.875 10.100 10.042 10.170 10.551 10.481 4.702E+07
 13500. 7.0  0.239  9.018 -0.982  9.492 10.028 10.000 10.069 10.131 10.294 10.337 10.382 10.262 10.276 10.310 10.355 10.376 10.393 10.418 10.430 10.379 10.394 10.401 10.411 10.348  9.895 10.175 10.439 10.705  9.901 10.177 10.447 10.670 10.813 10.018  9.952 10.101 10.331 10.313 3.995E+07
 14000. 7.0  0.242  8.848 -1.077  9.368  9.935  9.925  9.998 10.067 10.241 10.288 10.335 10.204 10.223 10.261 10.309 10.332 10.350 10.378 10.390 10.336 10.351 10.360 10.370 10.223  9.809 10.102 10.373 10.643  9.817 10.104 10.381 10.608 10.753  9.940  9.866 10.034 10.128 10.153 3.464E+07
 14500. 7.0  0.244  8.684 -1.169  9.249  9.847  9.853  9.930 10.005 10.190 10.240 10.289 10.149 10.172 10.213 10.264 10.289 10.309 10.337 10.351 10.293 10.309 10.318 10.329 10.103  9.726 10.033 10.310 10.583  9.738 10.035 10.318 10.547 10.695  9.866  9.784  9.970  9.939  9.999 2.999E+07
 15000. 7.0  0.247  8.525 -1.259  9.134  9.763  9.784  9.864  9.945 10.139 10.194 10.245 10.095 10.121 10.166 10.219 10.247 10.268 10.298 10.313 10.251 10.268 10.278 10.289  9.988  9.648  9.966 10.248 10.525  9.662  9.968 10.256 10.488 10.639  9.794  9.705  9.907  9.759  9.851 2.620E+07
 15500. 7.0  0.250  8.372 -1.346  9.025  9.683  9.717  9.801  9.886 10.090 10.148 10.201 10.043 10.072 10.120 10.176 10.206 10.228 10.260 10.275 10.211 10.228 10.239 10.250  9.878  9.573  9.901 10.188 10.468  9.590  9.904 10.197 10.431 10.584  9.724  9.629  9.847  9.589  9.710 2.306E+07
 16000. 7.0  0.252  8.223 -1.430  8.920  9.606  9.653  9.739  9.830 10.043 10.103 10.159  9.993 10.025 10.075 10.134 10.166 10.189 10.223 10.239 10.171 10.188 10.200 10.213  9.772  9.501  9.839 10.130 10.414  9.520  9.841 10.139 10.376 10.531  9.658  9.556  9.789  9.428  9.575 2.034E+07
 16500. 7.0  0.254  8.079 -1.511  8.819  9.533  9.590  9.680  9.775  9.997 10.060 10.118  9.944  9.979 10.032 10.092 10.127 10.151 10.186 10.204 10.132 10.150 10.163 10.176  9.671  9.432  9.778 10.074 10.361  9.452  9.781 10.083 10.322 10.480  9.593  9.486  9.732  9.273  9.446 1.805E+07
 17000. 7.0  0.257  7.939 -1.591  8.722  9.462  9.530  9.622  9.722  9.952 10.017 10.077  9.896  9.934  9.989 10.052 10.089 10.114 10.151 10.170 10.094 10.113 10.126 10.140  9.573  9.365  9.720 10.019 10.309  9.387  9.722 10.028 10.270 10.430  9.531  9.418  9.677  9.125  9.322 1.600E+07
 20000. 7.0  0.270  7.180 -2.021  8.209  9.080  9.201  9.308  9.430  9.703  9.782  9.854  9.635  9.685  9.753  9.829  9.878  9.909  9.958  9.987  9.884  9.908  9.925  9.943  9.058  9.005  9.401  9.721 10.026  9.036  9.404  9.731  9.984 10.157  9.192  9.048  9.377  8.350  8.671 7.439E+06
 25000. 7.0  0.288  6.141 -2.599  7.529  8.552  8.740  8.866  9.017  9.345  9.443  9.532  9.260  9.327  9.414  9.508  9.576  9.618  9.691  9.729  9.584  9.616  9.641  9.668  8.375  8.503  8.953  9.300  9.625  8.545  8.957  9.310  9.579  9.769  8.717  8.534  8.954  7.343  7.818 2.546E+06
 30000. 7.0  0.304  5.291 -3.018  6.929  8.069  8.309  8.450  8.624  8.995  9.110  9.213  8.896  8.978  9.081  9.190  9.273  9.322  9.397  9.424  9.284  9.320  9.348  9.376  7.774  8.041  8.532  8.900  9.241  8.092  8.537  8.910  9.192  9.394  8.273  8.058  8.552  6.563  7.107 1.096E+06
 35000. 7.0  0.320  4.566 -3.381  6.458  7.671  7.947  8.092  8.276  8.669  8.788  8.890  8.563  8.651  8.759  8.867  8.947  8.983  9.011  8.981  8.955  8.980  8.999  9.010  7.301  7.658  8.173  8.550  8.896  7.715  8.178  8.560  8.846  9.053  7.899  7.664  8.199  6.029  6.589 5.757E+05
 40000. 7.0  0.338  3.925 -3.768  6.151  7.399  7.693  7.841  8.030  8.432  8.552  8.653  8.324  8.413  8.523  8.630  8.706  8.738  8.754  8.710  8.714  8.735  8.752  8.759  6.994  7.394  7.921  8.303  8.652  7.454  7.926  8.313  8.601  8.810  7.639  7.394  7.951  5.673  6.253 3.166E+05
 45000. 7.0  0.353  3.368 -4.140  5.933  7.203  7.508  7.658  7.850  8.257  8.377  8.477  8.147  8.237  8.348  8.455  8.529  8.558  8.566  8.513  8.536  8.555  8.570  8.574  6.777  7.202  7.737  8.122  8.472  7.264  7.742  8.132  8.421  8.632  7.450  7.199  7.770  5.415  6.014 1.857E+05
 50000. 7.0  0.366  2.869 -4.487  5.758  7.042  7.356  7.507  7.700  8.111  8.232  8.331  8.001  8.091  8.202  8.309  8.381  8.409  8.411  8.353  8.388  8.406  8.420  8.422  6.601  7.044  7.585  7.972  8.324  7.108  7.591  7.983  8.273  8.484  7.294  7.039  7.620  5.208  5.823 1.156E+05
 55000. 7.0  0.379  2.417 -4.806  5.608  6.903  7.223  7.375  7.570  7.984  8.104  8.203  7.872  7.964  8.075  8.181  8.253  8.279  8.277  8.217  8.259  8.276  8.289  8.289  6.451  6.908  7.453  7.842  8.194  6.972  7.459  7.853  8.143  8.355  7.160  6.901  7.489  5.030  5.659 7.754E+04
 60000. 7.0  0.394  1.999 -5.100  5.471  6.774  7.099  7.253  7.449  7.864  7.985  8.084  7.752  7.844  7.955  8.061  8.132  8.158  8.153  8.093  8.139  8.155  8.167  8.166  6.314  6.781  7.330  7.720  8.073  6.846  7.335  7.731  8.021  8.234  7.034  6.772  7.367  4.869  5.511 5.576E+04
 65000. 7.0  0.411  1.605 -5.372  5.337  6.647  6.977  7.131  7.328  7.745  7.867  7.965  7.633  7.725  7.837  7.943  8.013  8.038  8.032  7.973  8.020  8.035  8.046  8.045  6.180  6.656  7.208  7.599  7.953  6.722  7.214  7.610  7.901  8.114  6.910  6.646  7.246  4.715  5.367 4.709E+04
 70000. 7.0  0.430  1.233 -5.624  5.208  6.524  6.858  7.013  7.211  7.629  7.751  7.849  7.516  7.609  7.721  7.827  7.897  7.921  7.914  7.856  7.904  7.919  7.929  7.928  6.051  6.534  7.089  7.482  7.836  6.601  7.095  7.492  7.784  7.997  6.790  6.524  7.128  4.568  5.230 4.410E+04
 75000. 7.0  0.452  0.879 -5.859  5.080  6.401  6.738  6.894  7.093  7.513  7.635  7.733  7.399  7.492  7.605  7.711  7.781  7.804  7.797  7.741  7.787  7.802  7.812  7.811  5.924  6.413  6.971  7.364  7.718  6.480  6.976  7.374  7.666  7.880  6.669  6.402  7.010  4.425  5.095 3.458E+04
 80000. 7.0  0.472  0.552 -6.079  4.966  6.291  6.631  6.787  6.987  7.408  7.530  7.629  7.294  7.387  7.501  7.606  7.676  7.700  7.693  7.639  7.683  7.697  7.707  7.706  5.809  6.303  6.863  7.257  7.612  6.371  6.869  7.268  7.561  7.774  6.561  6.291  6.903  4.295  4.973 2.808E+04
 85000. 7.0  0.489  0.251 -6.285  4.864  6.194  6.536  6.693  6.894  7.316  7.438  7.537  7.201  7.295  7.409  7.515  7.585  7.608  7.601  7.550  7.591  7.605  7.615  7.614  5.708  6.207  6.769  7.164  7.519  6.276  6.775  7.174  7.467  7.682  6.465  6.194  6.810  4.181  4.865 2.660E+04
 90000. 7.0  0.506 -0.034 -6.479  4.767  6.100  6.444  6.602  6.803  7.226  7.349  7.449  7.112  7.206  7.320  7.426  7.496  7.519  7.514  7.465  7.502  7.517  7.527  7.526  5.610  6.114  6.678  7.073  7.429  6.183  6.683  7.084  7.377  7.592  6.373  6.101  6.719  4.071  4.762 2.945E+04
  2500. 7.5  0.317 17.285  0.204 20.861 19.145 17.082 16.330 16.263 16.708 17.149 17.807 16.791 16.641 17.061 17.765 15.384 14.938 14.316 13.756 15.192 14.943 14.860 14.624 21.780 18.167 16.459 16.649 16.602 17.857 16.462 16.664 16.555 16.785 16.812 17.326 16.161 51.685 30.437 1.005E+10
  2750. 7.5  0.317 16.871  0.013 20.412 18.820 16.857 16.043 15.684 16.047 16.532 17.017 16.123 15.988 16.456 16.978 15.018 14.629 14.047 13.541 14.855 14.637 14.541 14.322 21.310 17.893 16.247 16.133 16.051 17.598 16.241 16.138 16.006 16.222 16.457 17.100 15.713 50.226 29.670 8.878E+09
  3000. 7.5  0.317 16.492 -0.152 19.965 18.502 16.645 15.798 15.239 15.450 15.951 16.328 15.511 15.398 15.885 16.292 14.679 14.344 13.793 13.330 14.541 14.352 14.248 14.043 20.849 17.625 16.057 15.741 15.603 17.346 16.046 15.739 15.571 15.727 16.152 16.887 15.348 48.724 28.900 7.765E+09
  3250. 7.5  0.318 16.144 -0.284 19.508 18.175 16.428 15.581 14.912 14.900 15.365 15.631 14.960 14.855 15.308 15.598 14.325 14.041 13.515 13.102 14.213 14.051 13.938 13.742 20.385 17.349 15.872 15.448 15.256 17.087 15.859 15.441 15.243 15.310 15.892 16.671 15.059 47.143 28.090 6.749E+09
  3500. 7.5  0.318 15.821 -0.379 19.025 17.833 16.200 15.380 14.671 14.400 14.785 14.982 14.496 14.360 14.736 14.952 13.970 13.733 13.234 12.873 13.881 13.743 13.628 13.440 19.898 17.059 15.680 15.220 14.995 16.816 15.667 15.212 15.002 14.985 15.663 16.444 14.828 45.362 27.210 5.702E+09
  3750. 7.5  0.319 15.519 -0.440 18.522 17.473 15.960 15.181 14.475 13.990 14.225 14.348 14.157 13.949 14.185 14.319 13.602 13.402 12.946 12.663 13.532 13.412 13.296 13.122 19.392 16.754 15.479 15.026 14.791 16.529 15.467 15.016 14.810 14.744 15.450 16.202 14.631 43.229 26.276 4.723E+09
  4000. 7.5  0.319 15.237 -0.469 17.983 17.091 15.706 14.977 14.295 13.681 13.716 13.750 13.918 13.638 13.685 13.720 13.229 13.052 12.680 12.511 13.175 13.062 12.953 12.808 18.849 16.431 15.265 14.838 14.613 16.226 15.254 14.830 14.635 14.553 15.237 15.943 14.445 40.651 25.270 4.157E+09
  4250. 7.5  0.320 14.972 -0.455 17.388 16.674 15.426 14.752 14.107 13.458 13.300 13.279 13.729 13.414 13.275 13.248 12.909 12.754 12.495 12.421 12.867 12.763 12.670 12.566 18.248 16.076 15.028 14.639 14.435 15.893 15.018 14.631 14.456 14.377 15.005 15.653 14.249 36.583 24.082 3.670E+09
  4500. 7.5  0.321 14.720 -0.400 16.758 16.227 15.120 14.504 13.902 13.282 12.999 12.948 13.552 13.239 12.979 12.918 12.671 12.545 12.384 12.349 12.639 12.552 12.484 12.421 17.610 15.692 14.765 14.421 14.245 15.531 14.757 14.414 14.263 14.196 14.748 15.332 14.035 32.570 22.973 3.136E+09
  4750. 7.5  0.323 14.479 -0.330 16.152 15.788 14.809 14.249 13.693 13.123 12.787 12.700 13.378 13.081 12.771 12.669 12.494 12.403 12.304 12.285 12.471 12.407 12.363 12.325 16.998 15.310 14.496 14.197 14.052 15.168 14.489 14.191 14.066 14.014 14.483 15.005 13.816 29.660 21.965 2.657E+09
  5000. 7.5  0.326 14.247 -0.260 15.571 15.369 14.507 13.999 13.488 12.970 12.630 12.530 13.208 12.929 12.614 12.498 12.368 12.301 12.234 12.222 12.352 12.304 12.274 12.248 16.411 14.941 14.233 13.977 13.862 14.818 14.227 13.972 13.872 13.835 14.220 14.683 13.600 28.354 20.988 2.162E+09
  5250. 7.5  0.329 14.022 -0.203 15.024 14.981 14.224 13.764 13.294 12.827 12.501 12.407 13.048 12.787 12.485 12.376 12.271 12.219 12.170 12.165 12.259 12.221 12.198 12.179 15.858 14.598 13.986 13.770 13.683 14.493 13.982 13.766 13.689 13.667 13.972 14.379 13.397 27.289 20.126 1.739E+09
  5500. 7.5  0.333 13.809 -0.163 14.523 14.637 13.972 13.554 13.121 12.699 12.390 12.309 12.904 12.660 12.374 12.278 12.192 12.150 12.116 12.116 12.182 12.152 12.135 12.121 15.353 14.293 13.766 13.585 13.523 14.202 13.762 13.582 13.526 13.516 13.747 14.105 13.216 26.368 19.297 1.512E+09
  6000. 7.5  0.338 13.415 -0.129 13.713 14.067 13.544 13.197 12.829 12.481 12.203 12.150 12.661 12.443 12.186 12.121 12.066 12.042 12.034 12.032 12.060 12.043 12.036 12.032 14.541 13.782 13.393 13.273 13.253 13.713 13.391 13.271 13.250 13.261 13.362 13.636 12.909 24.945 17.662 1.229E+09
  6500. 7.5  0.341 13.058 -0.130 13.126 13.614 13.188 12.899 12.584 12.300 12.055 12.025 12.457 12.263 12.036 11.997 11.967 11.958 11.963 11.952 11.964 11.958 11.959 11.962 13.955 13.365 13.082 13.012 13.027 13.312 13.080 13.011 13.019 13.049 13.038 13.250 12.651 23.531 16.317 1.022E+09
  7000. 7.5  0.343 12.729 -0.148 12.673 13.233 12.877 12.635 12.366 12.141 11.931 11.920 12.276 12.106 11.911 11.892 11.880 11.881 11.888 11.872 11.879 11.881 11.885 11.889 13.504 13.009 12.806 12.778 12.824 12.967 12.805 12.779 12.813 12.858 12.752 12.917 12.422 22.105 15.333 8.614E+08
  7500. 7.5  0.345 12.422 -0.175 12.305 12.902 12.598 12.394 12.165 11.997 11.823 11.825 12.110 11.965 11.802 11.799 11.798 11.805 11.812 11.797 11.799 11.805 11.811 11.814 13.138 12.695 12.557 12.565 12.639 12.661 12.556 12.567 12.624 12.684 12.494 12.621 12.211 20.556 14.591 7.333E+08
  8000. 7.5  0.347 12.135 -0.205 11.996 12.607 12.340 12.172 11.980 11.865 11.725 11.739 11.957 11.835 11.703 11.712 11.720 11.731 11.738 11.725 11.722 11.730 11.737 11.740 12.832 12.411 12.327 12.368 12.468 12.383 12.327 12.370 12.449 12.524 12.256 12.354 12.018 19.047 14.004 6.281E+08
  8500. 7.5  0.349 11.865 -0.235 11.730 12.338 12.100 11.965 11.809 11.743 11.635 11.658 11.814 11.716 11.611 11.631 11.644 11.658 11.667 11.657 11.647 11.658 11.665 11.668 12.568 12.150 12.113 12.184 12.310 12.126 12.113 12.188 12.288 12.377 12.035 12.108 11.837 17.788 13.523 5.411E+08
  9000. 7.5  0.352 11.610 -0.263 11.496 12.090 11.873 11.771 11.649 11.629 11.551 11.582 11.682 11.604 11.526 11.555 11.571 11.587 11.599 11.591 11.574 11.588 11.594 11.599 12.336 11.907 11.913 12.013 12.164 11.885 11.913 12.017 12.139 12.241 11.827 11.879 11.670 16.765 13.113 4.681E+08
  9500. 7.5  0.354 11.368 -0.292 11.284 11.860 11.660 11.591 11.501 11.523 11.473 11.510 11.559 11.502 11.448 11.483 11.500 11.519 11.533 11.528 11.504 11.519 11.526 11.532 12.127 11.681 11.726 11.854 12.030 11.661 11.727 11.858 12.002 12.116 11.634 11.667 11.514 15.899 12.752 4.066E+08
 10000. 7.5  0.356 11.138 -0.328 11.091 11.652 11.466 11.427 11.369 11.428 11.403 11.444 11.449 11.409 11.377 11.417 11.434 11.452 11.469 11.469 11.437 11.454 11.460 11.466 11.937 11.475 11.557 11.710 11.910 11.457 11.557 11.716 11.879 12.004 11.458 11.473 11.375 15.041 12.429 3.543E+08
 10500. 7.5  0.359 10.920 -0.380 10.921 11.470 11.300 11.287 11.258 11.347 11.343 11.386 11.356 11.329 11.316 11.359 11.374 11.392 11.410 11.414 11.377 11.393 11.399 11.406 11.768 11.297 11.412 11.590 11.809 11.281 11.413 11.596 11.777 11.910 11.306 11.305 11.257 14.076 12.144 3.097E+08
 11000. 7.5  0.361 10.711 -0.454 10.774 11.319 11.165 11.175 11.169 11.282 11.292 11.337 11.282 11.265 11.265 11.310 11.325 11.342 11.361 11.368 11.328 11.343 11.349 11.356 11.622 11.150 11.296 11.494 11.729 11.136 11.296 11.501 11.695 11.834 11.182 11.167 11.163 13.236 11.896 2.715E+08
 11500. 7.5  0.363 10.513 -0.548 10.654 11.199 11.060 11.089 11.102 11.232 11.251 11.297 11.224 11.215 11.223 11.269 11.284 11.301 11.322 11.330 11.287 11.302 11.308 11.316 11.503 11.034 11.206 11.421 11.668 11.021 11.207 11.428 11.633 11.776 11.085 11.058 11.091 12.543 11.684 2.384E+08
 12000. 7.5  0.364 10.322 -0.662 10.561 11.108 10.984 11.027 11.053 11.193 11.217 11.263 11.181 11.176 11.190 11.235 11.250 11.266 11.288 11.298 11.253 11.268 11.273 11.282 11.410 10.947 11.141 11.368 11.622 10.936 11.142 11.376 11.586 11.732 11.013 10.977 11.038 11.967 11.514 2.096E+08
 12500. 7.5  0.366 10.139 -0.771 10.463 11.017 10.910 10.964 11.002 11.153 11.181 11.227 11.137 11.136 11.154 11.200 11.215 11.232 11.256 11.267 11.218 11.234 11.240 11.249 11.312 10.860 11.077 11.315 11.574 10.852 11.077 11.323 11.538 11.686 10.942 10.896 10.984 11.583 11.349 1.846E+08
 13000. 7.5  0.368  9.964 -0.870 10.352 10.922 10.834 10.897 10.946 11.108 11.141 11.189 11.087 11.091 11.114 11.162 11.180 11.197 11.223 11.235 11.183 11.199 11.206 11.215 11.201 10.771 11.007 11.256 11.521 10.766 11.008 11.264 11.484 11.635 10.866 10.811 10.925 11.303 11.185 1.628E+08
 13500. 7.5  0.370  9.795 -0.966 10.237 10.829 10.761 10.831 10.889 11.062 11.100 11.150 11.036 11.045 11.073 11.123 11.143 11.162 11.190 11.202 11.146 11.163 11.171 11.181 11.086 10.685 10.939 11.196 11.466 10.683 10.940 11.204 11.429 11.582 10.791 10.728 10.864 11.073 11.029 1.438E+08
 14000. 7.5  0.372  9.631 -1.061 10.124 10.741 10.692 10.767 10.833 11.016 11.059 11.111 10.986 11.000 11.032 11.084 11.107 11.127 11.156 11.170 11.111 11.128 11.137 11.148 10.973 10.604 10.873 11.138 11.412 10.605 10.875 11.146 11.374 11.530 10.720 10.648 10.805 10.869 10.880 1.272E+08
 14500. 7.5  0.373  9.474 -1.153 10.015 10.658 10.627 10.706 10.778 10.972 11.019 11.073 10.938 10.955 10.991 11.046 11.072 11.093 11.123 11.138 11.075 11.093 11.103 11.114 10.863 10.527 10.811 11.082 11.360 10.531 10.812 11.090 11.321 11.479 10.651 10.572 10.748 10.683 10.737 1.126E+08
 15000. 7.5  0.375  9.321 -1.243  9.909 10.579 10.564 10.647 10.725 10.928 10.979 11.035 10.890 10.911 10.951 11.009 11.036 11.059 11.091 11.106 11.041 11.059 11.069 11.081 10.757 10.454 10.750 11.027 11.309 10.461 10.752 11.036 11.270 11.430 10.586 10.499 10.692 10.509 10.600 9.982E+07
 15500. 7.5  0.377  9.174 -1.330  9.807 10.503 10.503 10.590 10.673 10.886 10.940 10.998 10.844 10.869 10.912 10.972 11.002 11.025 11.059 11.075 11.006 11.025 11.036 11.049 10.655 10.384 10.692 10.974 11.259 10.393 10.694 10.983 11.219 11.381 10.522 10.429 10.638 10.344 10.468 8.868E+07
 16000. 7.5  0.379  9.030 -1.414  9.709 10.430 10.445 10.534 10.623 10.844 10.901 10.961 10.799 10.827 10.873 10.935 10.968 10.992 11.027 11.044 10.972 10.992 11.003 11.017 10.556 10.316 10.635 10.923 11.210 10.328 10.637 10.931 11.170 11.334 10.461 10.361 10.586 10.188 10.341 7.890E+07
 16500. 7.5  0.381  8.891 -1.496  9.614 10.361 10.388 10.480 10.574 10.803 10.863 10.925 10.755 10.786 10.835 10.899 10.934 10.959 10.996 11.014 10.939 10.959 10.971 10.985 10.461 10.251 10.580 10.872 11.163 10.266 10.582 10.881 11.122 11.288 10.402 10.296 10.534 10.039 10.219 7.048E+07
 17000. 7.5  0.383  8.756 -1.576  9.522 10.294 10.332 10.427 10.526 10.763 10.826 10.890 10.712 10.746 10.798 10.864 10.901 10.927 10.966 10.985 10.906 10.927 10.940 10.954 10.370 10.189 10.526 10.823 11.116 10.205 10.529 10.831 11.075 11.243 10.344 10.232 10.484  9.896 10.101 6.316E+07
 20000. 7.5  0.394  8.019 -2.008  9.033  9.929 10.027 10.136 10.257 10.536 10.614 10.688 10.472 10.519 10.585 10.664 10.713 10.745 10.796 10.824 10.719 10.744 10.761 10.780  9.879  9.848 10.230 10.548 10.856  9.874 10.233 10.558 10.812 10.992 10.027  9.884 10.207  9.145  9.478 3.171E+07
 25000. 7.5  0.411  7.003 -2.586  8.377  9.420  9.590  9.718  9.869 10.202 10.299 10.390 10.119 10.185 10.270 10.366 10.434 10.477 10.551 10.590 10.442 10.476 10.500 10.528  9.221  9.366  9.806 10.151 10.479  9.405  9.810 10.161 10.432 10.625  9.574  9.391  9.808  8.167  8.653 1.675E+07
 30000. 7.5  0.428  6.169 -3.007  7.794  8.949  9.176  9.319  9.492  9.868  9.981 10.085  9.769  9.851  9.952 10.062 10.145 10.195 10.269 10.297 10.156 10.193 10.221 10.249  8.638  8.918  9.402  9.768 10.110  8.967  9.406  9.778 10.061 10.265  9.145  8.931  9.422  7.416  7.965 9.661E+06
 35000. 7.5  0.450  5.445 -3.376  7.331  8.554  8.821  8.968  9.151  9.548  9.666  9.770  9.442  9.530  9.637  9.747  9.829  9.868  9.902  9.879  9.838  9.865  9.885  9.899  8.174  8.539  9.049  9.425  9.772  8.595  9.053  9.435  9.722  9.930  8.777  8.542  9.076  6.895  7.459 4.587E+06
 40000. 7.5  0.464  4.830 -3.767  7.055  8.310  8.598  8.747  8.935  9.341  9.461  9.564  9.232  9.322  9.432  9.541  9.620  9.654  9.677  9.639  9.628  9.651  9.670  9.679  7.898  8.304  8.827  9.208  9.558  8.363  8.832  9.219  9.507  9.718  8.546  8.302  8.858  6.571  7.154 3.095E+06
 45000. 7.5  0.480  4.283 -4.143  6.851  8.126  8.426  8.578  8.769  9.179  9.300  9.402  9.069  9.160  9.271  9.380  9.456  9.488  9.503  9.455  9.464  9.485  9.502  9.508  7.694  8.124  8.656  9.041  9.393  8.186  8.661  9.052  9.341  9.553  8.371  8.120  8.690  6.328  6.930 2.248E+06
 50000. 7.5  0.496  3.790 -4.493  6.685  7.973  8.282  8.435  8.629  9.042  9.164  9.265  8.931  9.023  9.134  9.243  9.318  9.348  9.356  9.303  9.325  9.345  9.360  9.364  7.528  7.975  8.513  8.900  9.253  8.038  8.518  8.911  9.201  9.414  8.223  7.968  8.548  6.129  6.747 1.691E+06
 55000. 7.5  0.512  3.341 -4.815  6.541  7.840  8.156  8.310  8.505  8.921  9.043  9.144  8.809  8.901  9.013  9.121  9.195  9.224  9.228  9.171  9.203  9.221  9.235  9.238  7.384  7.844  8.387  8.776  9.130  7.908  8.393  8.787  9.078  9.291  8.095  7.836  8.424  5.958  6.590 1.286E+06
 60000. 7.5  0.527  2.932 -5.112  6.415  7.721  8.043  8.198  8.395  8.812  8.935  9.035  8.700  8.792  8.905  9.013  9.086  9.113  9.114  9.056  9.093  9.110  9.124  9.125  7.257  7.727  8.275  8.666  9.020  7.792  8.280  8.676  8.968  9.181  7.980  7.718  8.313  5.809  6.452 9.633E+05
 65000. 7.5  0.541  2.555 -5.386  6.301  7.614  7.941  8.096  8.295  8.714  8.836  8.937  8.600  8.694  8.807  8.914  8.987  9.013  9.011  8.953  8.994  9.010  9.023  9.023  7.144  7.622  8.173  8.565  8.920  7.688  8.179  8.576  8.868  9.081  7.876  7.612  8.212  5.675  6.329 7.402E+05
 70000. 7.5  0.555  2.206 -5.641  6.197  7.515  7.847  8.003  8.202  8.623  8.745  8.845  8.509  8.602  8.716  8.823  8.895  8.921  8.917  8.859  8.902  8.918  8.930  8.929  7.040  7.525  8.080  8.472  8.827  7.592  8.085  8.483  8.776  8.989  7.780  7.514  8.119  5.553  6.217 5.684E+05
 75000. 7.5  0.569  1.880 -5.878  6.101  7.424  7.759  7.915  8.116  8.537  8.660  8.760  8.423  8.517  8.631  8.738  8.810  8.834  8.830  8.773  8.816  8.832  8.843  8.842  6.944  7.435  7.992  8.386  8.741  7.502  7.997  8.396  8.689  8.903  7.691  7.423  8.032  5.440  6.113 4.470E+05
 80000. 7.5  0.583  1.572 -6.100  6.007  7.334  7.672  7.829  8.031  8.453  8.577  8.677  8.339  8.433  8.547  8.654  8.726  8.750  8.745  8.689  8.732  8.747  8.759  8.757  6.850  7.346  7.906  8.301  8.657  7.414  7.911  8.311  8.605  8.819  7.603  7.334  7.947  5.332  6.013 3.536E+05
 85000. 7.5  0.599  1.281 -6.309  5.917  7.248  7.589  7.747  7.949  8.373  8.496  8.596  8.258  8.352  8.467  8.574  8.645  8.669  8.663  8.610  8.651  8.666  8.677  8.676  6.760  7.262  7.823  8.219  8.575  7.330  7.829  8.229  8.523  8.738  7.520  7.249  7.865  5.230  5.917 2.728E+05
 90000. 7.5  0.613  1.006 -6.505  5.833  7.167  7.511  7.669  7.872  8.296  8.420  8.520  8.181  8.276  8.391  8.498  8.569  8.593  8.587  8.536  8.575  8.590  8.601  8.599  6.676  7.182  7.745  8.141  8.498  7.250  7.751  8.152  8.446  8.661  7.440  7.168  7.787  5.133  5.827 2.056E+05
  2500. 8.0  0.575 17.889  0.297 21.313 19.632 17.592 16.891 16.950 17.412 17.842 18.552 17.493 17.345 17.752 18.511 16.042 15.589 14.965 14.393 15.844 15.594 15.518 15.281 22.235 18.670 16.990 17.314 17.286 18.362 16.999 17.331 17.239 17.470 17.393 17.843 16.796 51.812 30.791 1.235E+10
  2750. 8.0  0.575 17.475  0.105 20.875 19.315 17.370 16.597 16.343 16.747 17.228 17.772 16.823 16.687 17.150 17.733 15.683 15.287 14.703 14.183 15.514 15.294 15.205 14.985 21.778 18.397 16.773 16.765 16.716 18.105 16.770 16.773 16.668 16.899 17.033 17.616 16.331 50.407 30.061 1.181E+10
  3000. 8.0  0.575 17.097 -0.062 20.451 19.007 17.159 16.344 15.865 16.150 16.657 17.080 16.209 16.097 16.589 17.044 15.348 15.006 14.451 13.975 15.205 15.013 14.915 14.708 21.339 18.134 16.580 16.342 16.244 17.857 16.572 16.343 16.205 16.393 16.719 17.404 15.947 48.981 29.328 1.130E+10
  3250. 8.0  0.576 16.749 -0.198 20.014 18.693 16.946 16.121 15.505 15.597 16.091 16.418 15.644 15.551 16.031 16.386 15.015 14.723 14.191 13.758 14.896 14.731 14.625 14.427 20.893 17.867 16.396 16.023 15.869 17.606 16.385 16.018 15.847 15.953 16.448 17.192 15.638 47.462 28.547 1.081E+10
  3500. 8.0  0.576 16.427 -0.299 19.551 18.362 16.726 15.919 15.243 15.092 15.528 15.785 15.156 15.052 15.475 15.755 14.675 14.431 13.920 13.535 14.579 14.440 14.328 14.137 20.425 17.587 16.210 15.780 15.584 17.343 16.198 15.773 15.582 15.601 16.214 16.972 15.394 45.787 27.719 1.027E+10
  3750. 8.0  0.576 16.126 -0.365 19.072 18.016 16.492 15.722 15.037 14.661 14.979 15.157 14.784 14.621 14.934 15.128 14.323 14.116 13.638 13.321 14.246 14.125 14.011 13.829 19.942 17.291 16.013 15.579 15.366 17.065 16.001 15.570 15.378 15.337 15.999 16.736 15.189 43.967 26.837 9.645E+09
  4000. 8.0  0.576 15.845 -0.400 18.557 17.646 16.246 15.523 14.856 14.320 14.464 14.566 14.517 14.279 14.428 14.538 13.965 13.783 13.367 13.150 13.904 13.793 13.681 13.520 19.424 16.978 15.806 15.393 15.182 16.770 15.796 15.385 15.201 15.133 15.789 16.486 15.003 41.802 25.888 9.013E+09
  4250. 8.0  0.577 15.581 -0.403 18.003 17.253 15.984 15.313 14.677 14.074 14.019 14.042 14.320 14.031 13.990 14.013 13.622 13.459 13.151 13.045 13.575 13.468 13.368 13.245 18.864 16.644 15.586 15.205 15.011 16.457 15.576 15.198 15.030 14.959 15.570 16.215 14.817 38.473 24.871 8.352E+09
  4500. 8.0  0.578 15.332 -0.369 17.411 16.834 15.701 15.084 14.489 13.890 13.675 13.656 14.148 13.847 13.652 13.626 13.350 13.213 13.017 12.972 13.314 13.220 13.142 13.064 18.265 16.286 15.344 15.004 14.835 16.120 15.336 14.998 14.852 14.789 15.333 15.918 14.620 34.462 23.739 7.582E+09
  4750. 8.0  0.578 15.095 -0.313 16.812 16.411 15.408 14.846 14.294 13.734 13.436 13.373 13.984 13.692 13.418 13.342 13.147 13.045 12.929 12.906 13.121 13.050 12.998 12.954 17.660 15.921 15.093 14.796 14.654 15.776 15.086 14.790 14.668 14.618 15.084 15.609 14.415 30.704 22.713 6.737E+09
  5000. 8.0  0.580 14.870 -0.249 16.248 16.004 15.119 14.609 14.100 13.590 13.269 13.180 13.823 13.549 13.253 13.149 13.008 12.935 12.861 12.850 12.990 12.939 12.905 12.877 17.089 15.565 14.843 14.588 14.475 15.439 14.837 14.583 14.485 14.450 14.834 15.301 14.212 29.034 21.725 5.688E+09
  5250. 8.0  0.582 14.654 -0.193 15.720 15.627 14.847 14.384 13.916 13.455 13.141 13.051 13.672 13.415 13.125 13.020 12.911 12.856 12.803 12.797 12.897 12.858 12.833 12.813 16.556 15.232 14.606 14.391 14.306 15.123 14.602 14.387 14.311 14.290 14.596 15.009 14.019 27.916 20.866 4.401E+09
  5500. 8.0  0.584 14.447 -0.150 15.233 15.284 14.597 14.177 13.746 13.331 13.032 12.951 13.532 13.291 13.015 12.921 12.832 12.788 12.751 12.750 12.821 12.790 12.771 12.757 16.064 14.929 14.389 14.209 14.149 14.835 14.386 14.206 14.151 14.143 14.374 14.738 13.840 26.981 20.087 3.170E+09
  6000. 8.0  0.588 14.063 -0.111 14.400 14.711 14.175 13.827 13.459 13.119 12.853 12.797 13.294 13.081 12.835 12.768 12.709 12.683 12.671 12.672 12.702 12.683 12.675 12.670 15.228 14.419 14.023 13.902 13.884 14.348 14.020 13.901 13.881 13.894 13.994 14.273 13.539 25.544 18.567 2.241E+09
  6500. 8.0  0.590 13.712 -0.115 13.783 14.257 13.826 13.537 13.222 12.944 12.707 12.675 13.098 12.908 12.688 12.647 12.614 12.603 12.607 12.600 12.611 12.603 12.603 12.605 14.611 14.007 13.720 13.649 13.665 13.953 13.718 13.648 13.657 13.688 13.677 13.891 13.289 24.177 17.185 1.828E+09
  7000. 8.0  0.592 13.387 -0.138 13.315 13.883 13.525 13.283 13.013 12.792 12.586 12.574 12.925 12.758 12.566 12.546 12.533 12.533 12.541 12.527 12.532 12.532 12.537 12.541 14.145 13.659 13.455 13.425 13.472 13.617 13.454 13.426 13.460 13.506 13.401 13.565 13.070 22.860 16.120 1.520E+09
  7500. 8.0  0.593 13.084 -0.171 12.941 13.560 13.255 13.052 12.821 12.655 12.482 12.484 12.766 12.623 12.461 12.457 12.457 12.463 12.471 12.456 12.457 12.462 12.469 12.473 13.772 13.355 13.216 13.221 13.295 13.321 13.215 13.223 13.279 13.340 13.151 13.278 12.868 21.482 15.323 1.274E+09
  8000. 8.0  0.595 12.801 -0.207 12.628 13.275 13.008 12.839 12.643 12.529 12.388 12.401 12.620 12.499 12.365 12.375 12.383 12.394 12.402 12.390 12.384 12.393 12.400 12.404 13.461 13.081 12.995 13.032 13.130 13.053 12.995 13.034 13.112 13.186 12.922 13.019 12.682 20.046 14.704 1.075E+09
  8500. 8.0  0.596 12.535 -0.243 12.361 13.017 12.778 12.640 12.478 12.413 12.301 12.324 12.484 12.386 12.277 12.297 12.311 12.325 12.336 12.326 12.313 12.325 12.332 12.337 13.195 12.832 12.790 12.855 12.978 12.807 12.790 12.858 12.956 13.044 12.710 12.782 12.509 18.755 14.204 9.170E+08
  9000. 8.0  0.598 12.285 -0.277 12.125 12.781 12.562 12.455 12.324 12.304 12.220 12.251 12.357 12.280 12.196 12.224 12.241 12.259 12.273 12.266 12.244 12.259 12.267 12.273 12.961 12.601 12.598 12.690 12.837 12.579 12.598 12.694 12.812 12.913 12.512 12.564 12.347 17.687 13.785 7.919E+08
  9500. 8.0  0.599 12.047 -0.312 11.913 12.563 12.359 12.281 12.180 12.204 12.144 12.182 12.240 12.182 12.119 12.155 12.174 12.194 12.213 12.209 12.177 12.195 12.203 12.211 12.751 12.387 12.419 12.536 12.706 12.366 12.419 12.541 12.678 12.791 12.327 12.360 12.197 16.796 13.421 6.894E+08
 10000. 8.0  0.600 11.822 -0.349 11.719 12.363 12.170 12.121 12.049 12.111 12.074 12.118 12.134 12.091 12.049 12.091 12.110 12.132 12.154 12.154 12.114 12.133 12.142 12.151 12.559 12.189 12.254 12.395 12.587 12.170 12.254 12.400 12.557 12.681 12.156 12.172 12.060 15.998 13.096 6.033E+08
 10500. 8.0  0.602 11.607 -0.394 11.544 12.184 12.002 11.978 11.934 12.029 12.012 12.060 12.040 12.011 11.986 12.032 12.051 12.073 12.097 12.101 12.054 12.075 12.082 12.092 12.385 12.011 12.107 12.270 12.483 11.993 12.107 12.276 12.450 12.585 12.003 12.004 11.939 15.145 12.806 5.307E+08
 11000. 8.0  0.603 11.403 -0.457 11.390 12.030 11.860 11.859 11.839 11.960 11.959 12.009 11.962 11.944 11.932 11.982 12.000 12.022 12.047 12.055 12.003 12.024 12.031 12.041 12.232 11.861 11.984 12.167 12.397 11.844 11.984 12.174 12.362 12.505 11.874 11.861 11.839 14.271 12.552 4.695E+08
 11500. 8.0  0.604 11.208 -0.536 11.255 11.900 11.744 11.762 11.761 11.904 11.913 11.966 11.898 11.888 11.886 11.938 11.957 11.979 12.006 12.016 11.961 11.981 11.988 11.999 12.098 11.735 11.883 12.083 12.327 11.719 11.883 12.090 12.290 12.439 11.766 11.741 11.756 13.556 12.328 4.179E+08
 12000. 8.0  0.606 11.021 -0.627 11.142 11.792 11.648 11.683 11.699 11.857 11.875 11.930 11.846 11.841 11.847 11.902 11.922 11.944 11.972 11.984 11.925 11.946 11.953 11.964 11.985 11.630 11.800 12.016 12.270 11.616 11.800 12.023 12.232 12.386 11.678 11.642 11.690 12.978 12.129 3.735E+08
 12500. 8.0  0.607 10.841 -0.737 11.056 11.710 11.578 11.625 11.654 11.822 11.845 11.901 11.807 11.807 11.818 11.873 11.893 11.915 11.944 11.956 11.896 11.917 11.924 11.935 11.899 11.551 11.740 11.967 12.228 11.539 11.740 11.975 12.189 12.346 11.612 11.567 11.641 12.451 11.968 3.348E+08
 13000. 8.0  0.608 10.669 -0.848 10.976 11.637 11.517 11.574 11.613 11.791 11.817 11.873 11.772 11.775 11.790 11.846 11.866 11.887 11.917 11.931 11.869 11.889 11.897 11.908 11.820 11.481 11.687 11.925 12.190 11.470 11.688 11.932 12.151 12.310 11.554 11.502 11.598 12.060 11.820 3.005E+08
 13500. 8.0  0.609 10.503 -0.950 10.888 11.558 11.452 11.520 11.569 11.755 11.786 11.842 11.733 11.739 11.759 11.815 11.837 11.859 11.890 11.904 11.840 11.860 11.868 11.880 11.731 11.406 11.631 11.878 12.148 11.398 11.631 11.885 12.109 12.270 11.491 11.431 11.551 11.777 11.673 2.701E+08
 14000. 8.0  0.610 10.343 -1.044 10.791 11.476 11.387 11.462 11.521 11.717 11.752 11.810 11.691 11.701 11.725 11.783 11.807 11.829 11.861 11.876 11.810 11.831 11.839 11.852 11.635 11.329 11.571 11.827 12.103 11.324 11.572 11.835 12.063 12.226 11.426 11.357 11.499 11.552 11.529 2.431E+08
 14500. 8.0  0.611 10.188 -1.136 10.692 11.395 11.324 11.405 11.472 11.677 11.718 11.777 11.648 11.661 11.690 11.750 11.776 11.799 11.833 11.849 11.780 11.800 11.810 11.823 11.536 11.255 11.512 11.776 12.056 11.252 11.513 11.784 12.016 12.181 11.361 11.285 11.447 11.357 11.393 2.189E+08
 15000. 8.0  0.613 10.039 -1.226 10.594 11.318 11.265 11.350 11.424 11.638 11.683 11.744 11.605 11.622 11.655 11.717 11.745 11.769 11.804 11.821 11.749 11.770 11.780 11.794 11.438 11.184 11.455 11.726 12.010 11.184 11.456 11.734 11.969 12.136 11.299 11.215 11.396 11.181 11.262 1.972E+08
 15500. 8.0  0.614  9.895 -1.313 10.498 11.244 11.208 11.296 11.377 11.600 11.648 11.711 11.563 11.584 11.620 11.684 11.715 11.740 11.776 11.794 11.719 11.741 11.751 11.765 11.343 11.116 11.400 11.677 11.965 11.119 11.402 11.685 11.923 12.092 11.239 11.148 11.346 11.017 11.137 1.778E+08
 16000. 8.0  0.615  9.755 -1.398 10.406 11.174 11.153 11.245 11.330 11.562 11.614 11.678 11.521 11.546 11.586 11.652 11.685 11.710 11.749 11.767 11.689 11.711 11.722 11.737 11.250 11.051 11.348 11.629 11.920 11.057 11.349 11.638 11.878 12.049 11.181 11.084 11.298 10.863 11.017 1.603E+08
 16500. 8.0  0.616  9.619 -1.480 10.316 11.106 11.099 11.194 11.285 11.524 11.580 11.646 11.481 11.508 11.552 11.620 11.655 11.682 11.721 11.740 11.660 11.682 11.694 11.709 11.160 10.989 11.296 11.583 11.877 10.997 11.298 11.592 11.834 12.007 11.125 11.021 11.250 10.717 10.901 1.445E+08
 17000. 8.0  0.617  9.488 -1.560 10.230 11.041 11.048 11.146 11.241 11.488 11.546 11.615 11.441 11.472 11.518 11.589 11.626 11.654 11.695 11.716 11.631 11.654 11.667 11.682 11.074 10.929 11.246 11.538 11.834 10.939 11.248 11.547 11.791 11.966 11.071 10.961 11.205 10.578 10.789 1.303E+08
 20000. 8.0  0.624  8.770 -1.994  9.765 10.692 10.764 10.876 10.996 11.282 11.356 11.434 11.220 11.266 11.328 11.409 11.459 11.492 11.545 11.575 11.465 11.492 11.509 11.528 10.608 10.604 10.971 11.286 11.596 10.626 10.974 11.295 11.551 11.735 10.773 10.632 10.949  9.849 10.193 6.896E+07
 25000. 8.0  0.635  7.782 -2.572  9.136 10.203 10.354 10.485 10.635 10.974 11.068 11.162 10.892 10.959 11.039 11.138 11.207 11.251 11.327 11.366 11.215 11.251 11.275 11.303  9.979 10.146 10.574 10.917 11.246 10.181 10.577 10.927 11.198 11.395 10.346 10.164 10.576  8.904  9.400 2.216E+07
 30000. 8.0  0.646  6.972 -2.995  8.580  9.751  9.966 10.110 10.282 10.663 10.774 10.880 10.565 10.647 10.745 10.857 10.940 10.991 11.065 11.093 10.951 10.989 11.016 11.044  9.422  9.719 10.194 10.558 10.901  9.765 10.198 10.568 10.851 11.058  9.941  9.726 10.214  8.190  8.744 9.239E+06
 35000. 8.0  0.661  6.277 -3.371  8.156  9.390  9.648  9.796  9.978 10.379 10.496 10.602 10.272 10.361 10.467 10.579 10.662 10.703 10.744 10.729 10.672 10.700 10.722 10.738  8.999  9.374  9.878 10.252 10.600  9.428  9.882 10.262 10.550 10.759  9.607  9.373  9.905  7.712  8.280 6.331E+06
 40000. 8.0  0.672  5.679 -3.766  7.902  9.166  9.446  9.596  9.784 10.193 10.313 10.417 10.083 10.175 10.283 10.395 10.476 10.513 10.543 10.513 10.484 10.510 10.529 10.541  8.745  9.158  9.676 10.057 10.408  9.216  9.681 10.067 10.356 10.568  9.398  9.153  9.708  7.412  7.999 4.018E+06
 45000. 8.0  0.682  5.151 -4.145  7.721  9.002  9.296  9.449  9.640 10.053 10.175 10.278  9.942 10.035 10.145 10.256 10.335 10.370 10.391 10.351 10.343 10.366 10.385 10.394  8.564  9.000  9.528  9.912 10.264  9.060  9.533  9.922 10.213 10.425  9.243  8.992  9.562  7.193  7.797 2.808E+06
 50000. 8.0  0.694  4.676 -4.497  7.574  8.868  9.172  9.326  9.520  9.936 10.058 10.161  9.824  9.917 10.029 10.139 10.217 10.250 10.265 10.219 10.225 10.246 10.264 10.270  8.417  8.869  9.404  9.791 10.145  8.931  9.409  9.802 10.093 10.306  9.116  8.860  9.440  7.014  7.635 1.818E+06
 55000. 8.0  0.703  4.247 -4.821  7.453  8.756  9.068  9.223  9.419  9.838  9.960 10.063  9.724  9.818  9.931 10.041 10.118 10.149 10.160 10.108 10.125 10.145 10.162 10.167  8.296  8.760  9.301  9.690 10.044  8.823  9.306  9.700  9.992 10.206  9.009  8.750  9.338  6.866  7.500 1.534E+06
 60000. 8.0  0.713  3.854 -5.120  7.345  8.655  8.974  9.130  9.327  9.748  9.871  9.973  9.634  9.728  9.841  9.951 10.027 10.057 10.064 10.010 10.034 10.054 10.069 10.073  8.188  8.661  9.207  9.598  9.953  8.726  9.212  9.608  9.901 10.115  8.913  8.651  9.246  6.735  7.381 1.257E+06
 65000. 8.0  0.722  3.492 -5.397  7.248  8.565  8.889  9.045  9.244  9.666  9.789  9.892  9.552  9.646  9.760  9.869  9.945  9.974  9.978  9.922  9.952  9.970  9.985  9.987  8.091  8.573  9.122  9.514  9.870  8.638  9.127  9.525  9.818 10.032  8.825  8.561  9.162  6.618  7.275 1.055E+06
 70000. 8.0  0.732  3.156 -5.654  7.160  8.481  8.810  8.967  9.167  9.590  9.714  9.816  9.475  9.570  9.685  9.794  9.869  9.897  9.898  9.842  9.876  9.893  9.908  9.909  8.003  8.491  9.044  9.437  9.793  8.557  9.049  9.448  9.741  9.956  8.745  8.479  9.084  6.512  7.178 9.011E+05
 75000. 8.0  0.741  2.843 -5.893  7.078  8.404  8.737  8.894  9.095  9.520  9.644  9.746  9.405  9.500  9.614  9.723  9.798  9.825  9.825  9.769  9.805  9.822  9.835  9.836  7.921  8.415  8.971  9.365  9.721  8.482  8.976  9.376  9.669  9.884  8.670  8.402  9.012  6.414  7.089 7.773E+05
 80000. 8.0  0.750  2.550 -6.117  7.001  8.331  8.667  8.825  9.028  9.453  9.578  9.679  9.337  9.433  9.548  9.657  9.731  9.757  9.756  9.701  9.738  9.754  9.767  9.767  7.844  8.343  8.902  9.297  9.654  8.411  8.907  9.308  9.602  9.817  8.600  8.330  8.944  6.324  7.006 6.760E+05
 85000. 8.0  0.759  2.274 -6.328  6.929  8.262  8.601  8.760  8.963  9.389  9.514  9.616  9.273  9.369  9.484  9.593  9.667  9.693  9.690  9.636  9.673  9.690  9.702  9.702  7.772  8.275  8.836  9.232  9.589  8.343  8.841  9.243  9.537  9.753  8.533  8.261  8.878  6.238  6.927 5.907E+05
 90000. 8.0  0.768  2.013 -6.526  6.860  8.197  8.538  8.698  8.901  9.329  9.454  9.555  9.212  9.308  9.424  9.533  9.606  9.631  9.629  9.576  9.613  9.628  9.641  9.640  7.703  8.211  8.774  9.170  9.528  8.279  8.779  9.181  9.476  9.692  8.469  8.197  8.817  6.157  6.853 5.195E+05
  2500. 8.5  0.908 18.643  0.379 21.924 20.275 18.264 17.618 17.786 18.247 18.672 19.402 18.331 18.179 18.580 19.360 16.839 16.378 15.750 15.171 16.638 16.383 16.309 16.070 22.850 19.323 17.692 18.134 18.118 19.020 17.706 18.154 18.072 18.301 18.130 18.524 17.588 52.087 31.323 1.156E+10
  2750. 8.5  0.908 18.229  0.185 21.496 19.968 18.044 17.315 17.156 17.581 18.059 18.618 17.657 17.520 17.980 18.579 16.480 16.078 15.489 14.963 16.308 16.084 15.996 15.774 22.403 19.059 17.465 17.558 17.532 18.770 17.466 17.568 17.482 17.721 17.767 18.295 17.107 50.737 30.594 1.139E+10
  3000. 8.5  0.908 17.851  0.023 21.087 19.667 17.829 17.048 16.655 16.997 17.501 17.938 17.054 16.943 17.431 17.902 16.154 15.803 15.245 14.762 16.006 15.810 15.714 15.505 21.978 18.800 17.260 17.108 17.046 18.524 17.255 17.111 17.001 17.213 17.443 18.077 16.706 49.402 29.891 1.123E+10
  3250. 8.5  0.908 17.503 -0.116 20.669 19.363 17.619 16.818 16.264 16.450 16.952 17.295 16.490 16.404 16.890 17.262 15.831 15.530 14.995 14.554 15.708 15.539 15.434 15.235 21.550 18.539 17.074 16.761 16.646 18.278 17.065 16.758 16.615 16.759 17.162 17.867 16.378 47.961 29.163 1.106E+10
  3500. 8.5  0.908 17.182 -0.222 20.231 19.045 17.404 16.611 15.975 15.942 16.407 16.688 15.984 15.901 16.352 16.658 15.509 15.255 14.739 14.340 15.407 15.264 15.154 14.962 21.106 18.268 16.890 16.498 16.335 18.023 16.879 16.492 16.324 16.382 16.920 17.651 16.116 46.386 28.373 1.088E+10
  3750. 8.5  0.908 16.882 -0.296 19.769 18.711 17.178 16.415 15.756 15.493 15.871 16.092 15.576 15.454 15.824 16.064 15.177 14.963 14.472 14.128 15.094 14.972 14.859 14.673 20.639 17.983 16.699 16.287 16.099 17.754 16.689 16.280 16.104 16.091 16.702 17.424 15.902 44.652 27.536 1.068E+10
  4000. 8.5  0.909 16.601 -0.336 19.280 18.353 16.937 16.218 15.568 15.124 15.360 15.517 15.278 15.085 15.320 15.491 14.835 14.649 14.204 13.946 14.769 14.659 14.547 14.376 20.147 17.677 16.498 16.099 15.905 17.467 16.488 16.091 15.919 15.869 16.491 17.180 15.712 42.747 26.649 1.040E+10
  4250. 8.5  0.909 16.338 -0.348 18.751 17.975 16.685 16.017 15.393 14.848 14.900 14.982 15.062 14.806 14.867 14.954 14.495 14.328 13.967 13.818 14.443 14.337 14.232 14.088 19.614 17.356 16.286 15.916 15.733 17.166 16.277 15.909 15.750 15.689 16.279 16.920 15.530 40.619 25.691 1.004E+10
  4500. 8.5  0.909 16.089 -0.330 18.189 17.577 16.420 15.804 15.215 14.647 14.519 14.542 14.888 14.605 14.493 14.514 14.196 14.049 13.806 13.742 14.155 14.057 13.969 13.870 19.045 17.017 16.062 15.728 15.566 16.848 16.054 15.721 15.581 15.524 16.056 16.642 15.345 36.428 24.665 9.676E+09
  4750. 8.5  0.909 15.854 -0.289 17.616 17.172 16.144 15.580 15.032 14.489 14.242 14.209 14.729 14.447 14.222 14.180 13.960 13.844 13.703 13.675 13.930 13.850 13.789 13.734 18.465 16.669 15.826 15.532 15.395 16.520 15.819 15.526 15.408 15.361 15.822 16.350 15.153 32.545 23.623 9.230E+09
  5000. 8.5  0.910 15.631 -0.234 17.056 16.773 15.865 15.352 14.846 14.345 14.052 13.979 14.574 14.305 14.035 13.949 13.794 13.713 13.630 13.617 13.774 13.716 13.678 13.646 17.899 16.322 15.585 15.333 15.223 16.192 15.580 15.328 15.232 15.199 15.582 16.052 14.957 29.916 22.627 8.708E+09
  5250. 8.5  0.910 15.418 -0.182 16.539 16.403 15.601 15.135 14.669 14.215 13.916 13.833 14.428 14.175 13.899 13.802 13.686 13.627 13.570 13.563 13.672 13.629 13.603 13.581 17.377 15.998 15.357 15.143 15.060 15.884 15.353 15.139 15.065 15.046 15.351 15.769 14.771 28.707 21.735 8.025E+09
  5500. 8.5  0.911 15.215 -0.139 16.062 16.062 15.354 14.932 14.502 14.093 13.805 13.727 14.291 14.054 13.788 13.697 13.604 13.558 13.519 13.516 13.593 13.560 13.540 13.525 16.896 15.697 15.144 14.965 14.906 15.599 15.140 14.962 14.908 14.901 15.133 15.502 14.596 27.741 20.965 7.072E+09
  6000. 8.5  0.913 14.835 -0.093 15.226 15.481 14.928 14.579 14.213 13.881 13.625 13.568 14.052 13.844 13.607 13.539 13.478 13.450 13.435 13.437 13.470 13.450 13.441 13.435 16.054 15.181 14.775 14.655 14.639 15.108 14.772 14.654 14.635 14.650 14.750 15.034 14.292 26.277 19.555 5.244E+09
  6500. 8.5  0.914 14.486 -0.096 14.573 15.021 14.582 14.292 13.977 13.708 13.480 13.447 13.857 13.672 13.461 13.418 13.382 13.368 13.371 13.368 13.378 13.368 13.366 13.368 15.400 14.767 14.475 14.403 14.422 14.712 14.473 14.403 14.414 14.446 14.434 14.651 14.045 24.925 18.204 4.428E+09
  7000. 8.5  0.915 14.163 -0.124 14.082 14.647 14.287 14.045 13.775 13.560 13.360 13.346 13.690 13.525 13.339 13.318 13.303 13.301 13.311 13.300 13.301 13.300 13.304 13.309 14.911 14.423 14.218 14.187 14.235 14.380 14.217 14.188 14.223 14.270 14.163 14.328 13.832 23.678 17.067 3.793E+09
  7500. 8.5  0.916 13.863 -0.162 13.695 14.329 14.025 13.823 13.591 13.428 13.256 13.258 13.537 13.395 13.235 13.231 13.230 13.236 13.245 13.232 13.231 13.236 13.242 13.247 14.526 14.125 13.987 13.991 14.064 14.092 13.986 13.992 14.049 14.110 13.921 14.047 13.639 22.437 16.202 3.261E+09
  8000. 8.5  0.916 13.582 -0.204 13.377 14.051 13.786 13.617 13.419 13.306 13.164 13.178 13.396 13.276 13.142 13.151 13.160 13.171 13.180 13.168 13.162 13.170 13.177 13.181 14.209 13.860 13.775 13.808 13.906 13.832 13.774 13.810 13.887 13.962 13.700 13.795 13.460 21.130 15.537 2.791E+09
  8500. 8.5  0.917 13.318 -0.247 13.106 13.801 13.564 13.426 13.259 13.194 13.079 13.102 13.264 13.167 13.056 13.076 13.091 13.105 13.117 13.108 13.094 13.105 13.113 13.117 13.939 13.620 13.577 13.637 13.758 13.596 13.576 13.640 13.736 13.823 13.495 13.565 13.292 19.853 15.008 2.377E+09
  9000. 8.5  0.918 13.068 -0.288 12.868 13.574 13.357 13.246 13.109 13.089 13.000 13.031 13.142 13.065 12.975 13.004 13.024 13.041 13.057 13.050 13.027 13.042 13.050 13.056 13.702 13.398 13.392 13.477 13.620 13.377 13.392 13.481 13.596 13.695 13.304 13.353 13.136 18.745 14.572 2.018E+09
  9500. 8.5  0.919 12.833 -0.328 12.654 13.365 13.161 13.077 12.968 12.991 12.924 12.962 13.027 12.969 12.899 12.936 12.958 12.979 12.999 12.996 12.961 12.980 12.988 12.997 13.489 13.192 13.218 13.326 13.491 13.172 13.218 13.331 13.464 13.575 13.124 13.156 12.989 17.815 14.199 1.706E+09
 10000. 8.5  0.919 12.609 -0.368 12.458 13.171 12.977 12.920 12.837 12.900 12.853 12.897 12.921 12.880 12.828 12.871 12.893 12.917 12.943 12.943 12.897 12.919 12.928 12.939 13.295 13.001 13.056 13.186 13.372 12.982 13.055 13.191 13.342 13.465 12.957 12.973 12.852 17.015 13.871 1.435E+09
 10500. 8.5  0.920 12.396 -0.412 12.279 12.994 12.808 12.776 12.719 12.817 12.788 12.837 12.826 12.799 12.762 12.810 12.832 12.858 12.888 12.891 12.836 12.860 12.869 12.881 13.117 12.826 12.907 13.059 13.264 12.807 12.907 13.064 13.231 13.365 12.804 12.805 12.728 16.245 13.577 1.205E+09
 11000. 8.5  0.921 12.193 -0.467 12.118 12.838 12.661 12.650 12.616 12.744 12.730 12.783 12.743 12.727 12.704 12.756 12.777 12.803 12.835 12.843 12.781 12.806 12.814 12.827 12.956 12.671 12.778 12.948 13.171 12.654 12.778 12.954 13.136 13.279 12.669 12.657 12.621 15.417 13.316 1.037E+09
 11500. 8.5  0.922 12.000 -0.537 11.975 12.703 12.537 12.545 12.531 12.682 12.680 12.736 12.674 12.666 12.653 12.709 12.731 12.757 12.791 12.802 12.735 12.759 12.768 12.782 12.814 12.540 12.669 12.856 13.094 12.524 12.669 12.863 13.057 13.207 12.555 12.531 12.532 14.647 13.087 9.044E+08
 12000. 8.5  0.922 11.814 -0.618 11.849 12.588 12.432 12.457 12.460 12.629 12.637 12.695 12.615 12.614 12.609 12.668 12.691 12.718 12.754 12.768 12.695 12.720 12.729 12.744 12.688 12.428 12.578 12.779 13.029 12.412 12.578 12.786 12.990 13.146 12.458 12.422 12.456 14.029 12.881 8.015E+08
 12500. 8.5  0.923 11.636 -0.707 11.737 12.487 12.342 12.382 12.399 12.584 12.599 12.660 12.565 12.570 12.571 12.632 12.657 12.684 12.722 12.738 12.661 12.687 12.696 12.711 12.577 12.331 12.500 12.715 12.973 12.317 12.500 12.722 12.934 13.094 12.375 12.329 12.392 13.528 12.695 7.237E+08
 13000. 8.5  0.924 11.465 -0.806 11.647 12.405 12.271 12.322 12.352 12.548 12.568 12.631 12.525 12.533 12.540 12.603 12.629 12.656 12.695 12.712 12.633 12.659 12.668 12.684 12.487 12.252 12.438 12.664 12.929 12.239 12.438 12.671 12.889 13.053 12.308 12.254 12.342 13.078 12.531 6.551E+08
 13500. 8.5  0.924 11.300 -0.916 11.576 12.341 12.216 12.276 12.316 12.520 12.543 12.607 12.494 12.505 12.516 12.579 12.606 12.633 12.672 12.689 12.610 12.635 12.645 12.660 12.416 12.190 12.390 12.625 12.896 12.179 12.390 12.633 12.855 13.021 12.256 12.196 12.303 12.675 12.396 5.927E+08
 14000. 8.5  0.925 11.141 -1.022 11.505 12.278 12.163 12.232 12.280 12.491 12.519 12.582 12.463 12.476 12.491 12.555 12.583 12.609 12.649 12.666 12.586 12.612 12.621 12.637 12.346 12.130 12.344 12.587 12.862 12.120 12.344 12.595 12.821 12.988 12.205 12.138 12.264 12.375 12.264 5.365E+08
 14500. 8.5  0.926 10.988 -1.118 11.427 12.208 12.106 12.183 12.240 12.460 12.491 12.556 12.429 12.445 12.463 12.529 12.558 12.584 12.624 12.642 12.562 12.587 12.596 12.612 12.267 12.064 12.293 12.546 12.825 12.056 12.294 12.554 12.783 12.953 12.149 12.075 12.222 12.143 12.131 4.871E+08
 15000. 8.5  0.926 10.840 -1.209 11.343 12.137 12.049 12.133 12.199 12.426 12.462 12.528 12.392 12.411 12.434 12.501 12.531 12.558 12.599 12.618 12.535 12.560 12.571 12.586 12.184 11.997 12.241 12.501 12.786 11.991 12.242 12.510 12.744 12.915 12.092 12.011 12.177 11.948 12.003 4.439E+08
 15500. 8.5  0.927 10.697 -1.296 11.257 12.065 11.993 12.082 12.156 12.392 12.432 12.499 12.355 12.377 12.404 12.473 12.505 12.532 12.573 12.593 12.509 12.534 12.545 12.561 12.098 11.931 12.189 12.457 12.745 11.927 12.190 12.465 12.703 12.877 12.035 11.946 12.132 11.776 11.881 4.060E+08
 16000. 8.5  0.927 10.558 -1.380 11.171 11.996 11.939 12.033 12.113 12.357 12.401 12.470 12.317 12.342 12.373 12.444 12.478 12.506 12.548 12.568 12.482 12.507 12.518 12.535 12.012 11.866 12.138 12.412 12.704 11.866 12.139 12.420 12.661 12.837 11.979 11.883 12.086 11.618 11.764 3.723E+08
 16500. 8.5  0.928 10.424 -1.463 11.087 11.929 11.887 11.984 12.071 12.322 12.370 12.441 12.279 12.307 12.342 12.414 12.450 12.479 12.522 12.544 12.455 12.481 12.492 12.509 11.928 11.805 12.088 12.368 12.664 11.806 12.089 12.377 12.620 12.798 11.924 11.823 12.042 11.471 11.652 3.419E+08
 17000. 8.5  0.929 10.294 -1.543 11.004 11.864 11.837 11.937 12.029 12.288 12.339 12.411 12.241 12.272 12.311 12.385 12.423 12.453 12.497 12.520 12.428 12.454 12.466 12.483 11.845 11.745 12.040 12.325 12.624 11.749 12.041 12.334 12.580 12.759 11.871 11.764 11.998 11.331 11.544 3.145E+08
 20000. 8.5  0.932  9.584 -1.978 10.554 11.517 11.562 11.677 11.794 12.090 12.159 12.241 12.028 12.075 12.130 12.215 12.266 12.301 12.357 12.389 12.272 12.302 12.318 12.339 11.395 11.424 11.774 12.083 12.396 11.441 11.776 12.093 12.350 12.538 11.581 11.441 11.751 10.611 10.966 1.966E+08
 25000. 8.5  0.938  8.608 -2.557  9.940 11.033 11.165 11.299 11.447 11.794 11.885 11.981 11.711 11.779 11.855 11.957 12.026 12.072 12.149 12.190 12.035 12.072 12.096 12.124 10.781 10.974 11.389 11.728 12.059 11.005 11.392 11.738 12.011 12.210 11.165 10.983 11.392  9.685 10.191 9.664E+07
 30000. 8.5  0.944  7.810 -2.981  9.398 10.588 10.790 10.936 11.107 11.493 11.601 11.708 11.393 11.478 11.572 11.685 11.769 11.820 11.895 11.923 11.779 11.819 11.845 11.874 10.240 10.555 11.021 11.382 11.726 10.599 11.025 11.392 11.676 11.884 10.770 10.556 11.041  8.997  9.555 4.695E+07
 35000. 8.5  0.954  7.128 -3.365  8.999 10.244 10.493 10.643 10.824 11.228 11.344 11.451 11.121 11.211 11.314 11.428 11.513 11.556 11.603 11.594 11.522 11.553 11.576 11.594  9.841 10.228 10.725 11.097 11.446 10.280 10.729 11.108 11.395 11.606 10.457 10.222 10.752  8.547  9.118 2.478E+07
 40000. 8.5  0.960  6.541 -3.765  8.761 10.033 10.306 10.458 10.645 11.057 11.176 11.282 10.946 11.039 11.146 11.259 11.342 11.382 11.419 11.397 11.351 11.379 11.400 11.414  9.603 10.025 10.538 10.917 11.269 10.082 10.543 10.928 11.217 11.430 10.261 10.017 10.570  8.265  8.855 9.758E+06
 45000. 8.5  0.966  6.023 -4.146  8.593  9.881 10.169 10.323 10.514 10.930 11.051 11.156 10.818 10.912 11.021 11.134 11.215 11.252 11.282 11.251 11.224 11.249 11.269 11.281  9.435  9.878 10.402 10.785 11.138  9.938 10.407 10.796 11.087 11.300 10.119  9.868 10.437  8.060  8.667 4.045E+06
 50000. 8.5  0.972  5.559 -4.500  8.460  9.760 10.059 10.214 10.407 10.827 10.949 11.053 10.713 10.808 10.919 11.031 11.112 11.147 11.172 11.133 11.120 11.144 11.163 11.173  9.303  9.761 10.293 10.678 11.033  9.822 10.297 10.689 10.981 11.195 10.005  9.750 10.329  7.896  8.518 2.016E+06
 55000. 8.5  0.977  5.140 -4.826  8.350  9.657  9.965 10.121 10.317 10.738 10.861 10.966 10.624 10.719 10.832 10.943 11.023 11.057 11.077 11.033 11.032 11.054 11.073 11.081  9.192  9.661 10.199 10.587 10.942  9.724 10.204 10.598 10.890 11.105  9.908  9.649 10.237  7.758  8.395 1.256E+06
 60000. 8.5  0.982  4.756 -5.126  8.253  9.567  9.882 10.039 10.236 10.660 10.783 10.888 10.545 10.640 10.754 10.865 10.945 10.977 10.993 10.946 10.953 10.974 10.992 10.998  9.095  9.573 10.116 10.506 10.862  9.637 10.122 10.517 10.810 11.025  9.823  9.561 10.155  7.639  8.287 9.136E+05
 65000. 8.5  0.987  4.403 -5.405  8.167  9.487  9.807  9.965 10.164 10.589 10.713 10.817 10.473 10.569 10.683 10.795 10.873 10.905 10.918 10.868 10.881 10.902 10.919 10.924  9.009  9.495 10.042 10.434 10.790  9.560 10.047 10.444 10.738 10.953  9.746  9.482 10.082  7.533  8.191 7.222E+05
 70000. 8.5  0.992  4.076 -5.663  8.088  9.413  9.739  9.897 10.097 10.523 10.648 10.752 10.407 10.504 10.619 10.730 10.808 10.839 10.849 10.797 10.816 10.836 10.852 10.856  8.931  9.423  9.974 10.367 10.724  9.489  9.979 10.378 10.672 10.887  9.676  9.409 10.015  7.437  8.105 6.018E+05
 75000. 8.5  0.997  3.770 -5.904  8.016  9.345  9.675  9.833 10.035 10.462 10.588 10.691 10.346 10.442 10.558 10.669 10.747 10.777 10.784 10.732 10.754 10.774 10.789 10.793  8.859  9.356  9.910 10.304 10.662  9.422  9.915 10.315 10.610 10.825  9.610  9.342  9.952  7.349  8.025 5.129E+05
 80000. 8.5  1.002  3.485 -6.130  7.949  9.281  9.615  9.774  9.977 10.405 10.531 10.635 10.288 10.385 10.501 10.613 10.690 10.719 10.725 10.672 10.697 10.716 10.731 10.734  8.792  9.294  9.851 10.246 10.604  9.361  9.856 10.257 10.552 10.768  9.549  9.279  9.893  7.268  7.951 4.510E+05
 85000. 8.5  1.006  3.217 -6.342  7.886  9.222  9.559  9.719  9.922 10.352 10.478 10.581 10.234 10.332 10.448 10.559 10.636 10.665 10.669 10.616 10.643 10.661 10.676 10.678  8.729  9.235  9.795 10.191 10.550  9.303  9.800 10.202 10.497 10.713  9.492  9.221  9.838  7.192  7.883 4.114E+05
 90000. 8.5  1.011  2.964 -6.542  7.827  9.166  9.506  9.666  9.870 10.301 10.427 10.531 10.183 10.281 10.398 10.508 10.585 10.613 10.616 10.564 10.592 10.610 10.624 10.626  8.670  9.180  9.742 10.139 10.498  9.248  9.747 10.150 10.446 10.662  9.438  9.165  9.786  7.121  7.818 3.859E+05
  2500. 9.0  1.194 19.596  0.459 22.689 21.097 19.137 18.544 18.812 19.284 19.692 20.450 19.373 19.215 19.599 20.409 17.831 17.365 16.734 16.147 17.627 17.369 17.299 17.058 23.616 20.168 18.597 19.143 19.140 19.873 18.615 19.165 19.093 19.327 19.061 19.406 18.572 52.661 32.009 7.247E+09
  2750. 9.0  1.194 19.182  0.269 22.308 20.808 18.913 18.234 18.180 18.615 19.086 19.663 18.698 18.553 19.005 19.623 17.478 17.067 16.473 15.942 17.302 17.074 16.987 16.762 23.218 19.912 18.358 18.561 18.557 19.627 18.363 18.574 18.506 18.751 18.700 19.171 18.089 51.282 31.342 7.224E+09
  3000. 9.0  1.194 18.804  0.101 21.918 20.526 18.703 17.961 17.653 18.024 18.528 18.979 18.086 17.969 18.457 18.943 17.150 16.792 16.230 15.742 17.000 16.800 16.704 16.494 22.813 19.666 18.150 18.084 18.052 19.392 18.147 18.090 18.004 18.230 18.373 18.956 17.673 49.967 30.645 7.197E+09
  3250. 9.0  1.194 18.457 -0.081 21.550 20.309 18.538 17.731 17.229 17.445 17.962 18.316 17.483 17.397 17.899 18.282 16.819 16.512 15.975 15.531 16.693 16.521 16.416 16.216 22.433 19.486 17.974 17.710 17.616 19.219 17.966 17.709 17.582 17.737 18.095 18.781 17.323 48.467 29.894 7.165E+09
  3500. 9.0  1.194 18.135 -0.147 21.101 19.925 18.282 17.506 16.918 16.991 17.473 17.762 17.018 16.950 17.417 17.731 16.528 16.265 15.745 15.338 16.422 16.274 16.164 15.971 21.977 19.148 17.772 17.424 17.297 18.903 17.762 17.419 17.276 17.373 17.829 18.531 17.046 47.152 29.208 7.126E+09
  3750. 9.0  1.194 17.835 -0.226 20.662 19.604 18.061 17.308 16.679 16.534 16.952 17.194 16.584 16.496 16.903 17.165 16.213 15.991 15.492 15.131 16.126 16.000 15.888 15.700 21.534 18.872 17.583 17.199 17.038 18.642 17.574 17.192 17.035 17.057 17.605 18.309 16.819 45.521 28.425 7.073E+09
  4000. 9.0  1.194 17.555 -0.274 20.198 19.263 17.829 17.115 16.484 16.142 16.448 16.636 16.252 16.104 16.405 16.610 15.887 15.695 15.232 14.942 15.816 15.705 15.593 15.415 21.066 18.579 17.389 17.006 16.833 18.366 17.379 16.999 16.841 16.814 17.396 18.074 16.624 43.731 27.585 6.998E+09
  4250. 9.0  1.194 17.292 -0.294 19.694 18.896 17.585 16.918 16.307 15.835 15.983 16.109 16.011 15.795 15.947 16.083 15.558 15.387 14.988 14.798 15.502 15.396 15.288 15.132 20.558 18.267 17.184 16.825 16.656 18.073 17.176 16.818 16.670 16.621 17.187 17.823 16.442 41.765 26.695 6.905E+09
  4500. 9.0  1.194 17.043 -0.287 19.158 18.513 17.330 16.715 16.135 15.610 15.578 15.647 15.827 15.569 15.548 15.621 15.250 15.097 14.801 14.706 15.206 15.105 15.009 14.889 20.015 17.941 16.970 16.644 16.491 17.767 16.963 16.638 16.505 16.454 16.973 17.557 16.263 38.609 25.733 6.781E+09
  4750. 9.0  1.194 16.808 -0.260 18.602 18.123 17.069 16.504 15.961 15.441 15.262 15.269 15.669 15.400 15.238 15.242 14.987 14.858 14.679 14.640 14.953 14.865 14.792 14.721 19.454 17.607 16.748 16.459 16.328 17.454 16.742 16.453 16.339 16.297 16.750 17.280 16.081 34.853 24.727 6.649E+09
  5000. 9.0  1.194 16.586 -0.217 18.055 17.736 16.803 16.288 15.784 15.297 15.043 14.995 15.518 15.257 15.023 14.965 14.790 14.696 14.595 14.580 14.767 14.701 14.654 14.616 18.900 17.273 16.520 16.270 16.163 17.139 16.515 16.265 16.172 16.141 16.521 16.996 15.895 31.261 23.777 6.494E+09
  5250. 9.0  1.194 16.374 -0.170 17.546 17.370 16.544 16.076 15.611 15.166 14.889 14.816 15.375 15.126 14.871 14.786 14.660 14.594 14.532 14.525 14.644 14.597 14.567 14.543 18.386 16.953 16.297 16.085 16.004 16.836 16.293 16.081 16.009 15.991 16.296 16.718 15.713 29.740 22.814 6.310E+09
  5500. 9.0  1.194 16.171 -0.128 17.072 17.029 16.299 15.874 15.447 15.044 14.770 14.697 15.238 15.005 14.753 14.666 14.569 14.520 14.477 14.474 14.557 14.522 14.501 14.484 17.907 16.653 16.086 15.909 15.852 16.551 16.082 15.906 15.853 15.848 16.080 16.453 15.540 28.715 22.022 6.048E+09
  6000. 9.0  1.195 15.793 -0.077 16.243 16.441 15.870 15.519 15.155 14.831 14.584 14.528 14.998 14.793 14.565 14.498 14.435 14.405 14.388 14.390 14.427 14.406 14.395 14.389 17.072 16.131 15.715 15.597 15.582 16.055 15.712 15.595 15.579 15.595 15.694 15.984 15.234 27.207 20.663 5.102E+09
  6500. 9.0  1.195 15.445 -0.074 15.562 15.969 15.519 15.229 14.916 14.655 14.437 14.402 14.800 14.619 14.417 14.373 14.334 14.318 14.319 14.320 14.329 14.318 14.315 14.316 16.389 15.710 15.412 15.341 15.361 15.653 15.410 15.341 15.353 15.387 15.374 15.594 14.983 25.853 19.401 4.404E+09
  7000. 9.0  1.196 15.123 -0.104 15.040 15.590 15.227 14.985 14.715 14.508 14.315 14.300 14.634 14.473 14.295 14.272 14.254 14.250 14.261 14.254 14.252 14.249 14.253 14.258 15.868 15.365 15.159 15.127 15.176 15.322 15.157 15.128 15.164 15.213 15.104 15.271 14.773 24.644 18.238 4.003E+09
  7500. 9.0  1.196 14.823 -0.148 14.636 15.274 14.971 14.770 14.537 14.379 14.212 14.213 14.486 14.346 14.190 14.186 14.184 14.189 14.200 14.189 14.184 14.188 14.195 14.200 15.466 15.072 14.935 14.937 15.012 15.038 14.934 14.939 14.996 15.058 14.868 14.993 14.587 23.493 17.300 3.677E+09
  8000. 9.0  1.196 14.543 -0.197 14.309 15.000 14.740 14.572 14.372 14.262 14.120 14.134 14.350 14.231 14.098 14.108 14.117 14.127 14.138 14.127 14.119 14.127 14.134 14.139 15.140 14.814 14.731 14.761 14.859 14.786 14.730 14.764 14.841 14.915 14.653 14.746 14.414 22.322 16.577 3.386E+09
  8500. 9.0  1.196 14.279 -0.246 14.032 14.757 14.526 14.388 14.217 14.153 14.037 14.060 14.223 14.125 14.014 14.034 14.051 14.065 14.076 14.068 14.053 14.065 14.072 14.077 14.864 14.580 14.540 14.596 14.716 14.557 14.539 14.599 14.694 14.781 14.455 14.523 14.253 21.121 16.009 3.113E+09
  9000. 9.0  1.196 14.031 -0.295 13.792 14.537 14.325 14.214 14.072 14.052 13.958 13.990 14.103 14.027 13.934 13.964 13.986 14.003 14.018 14.012 13.989 14.003 14.011 14.017 14.624 14.367 14.361 14.441 14.582 14.346 14.361 14.445 14.557 14.655 14.270 14.317 14.101 20.003 15.547 2.864E+09
  9500. 9.0  1.197 13.796 -0.341 13.577 14.336 14.137 14.051 13.934 13.957 13.884 13.922 13.991 13.934 13.859 13.896 13.921 13.942 13.963 13.960 13.925 13.943 13.952 13.960 14.410 14.169 14.194 14.295 14.455 14.150 14.193 14.299 14.428 14.538 14.097 14.126 13.958 19.037 15.159 2.643E+09
 10000. 9.0  1.197 13.573 -0.386 13.380 14.149 13.959 13.897 13.805 13.867 13.813 13.857 13.887 13.847 13.787 13.831 13.858 13.882 13.909 13.909 13.862 13.884 13.893 13.904 14.215 13.985 14.035 14.156 14.337 13.967 14.035 14.161 14.307 14.427 13.934 13.948 13.824 18.212 14.823 2.444E+09
 10500. 9.0  1.197 13.361 -0.431 13.199 13.975 13.792 13.753 13.685 13.783 13.745 13.795 13.790 13.765 13.719 13.768 13.795 13.823 13.856 13.859 13.800 13.825 13.835 13.849 14.034 13.813 13.887 14.028 14.227 13.796 13.887 14.033 14.194 14.326 13.781 13.782 13.699 17.473 14.525 2.260E+09
 11000. 9.0  1.197 13.159 -0.482 13.033 13.818 13.640 13.623 13.576 13.707 13.683 13.737 13.702 13.691 13.657 13.710 13.736 13.765 13.802 13.810 13.741 13.768 13.778 13.793 13.868 13.657 13.753 13.912 14.128 13.640 13.752 13.917 14.093 14.234 13.643 13.631 13.586 16.719 14.258 2.089E+09
 11500. 9.0  1.197 12.965 -0.544 12.883 13.679 13.509 13.510 13.483 13.641 13.628 13.685 13.627 13.626 13.601 13.658 13.684 13.713 13.753 13.766 13.688 13.716 13.726 13.743 13.720 13.521 13.637 13.812 14.043 13.504 13.637 13.818 14.007 14.156 13.523 13.498 13.489 15.944 14.023 1.933E+09
 12000. 9.0  1.198 12.780 -0.618 12.749 13.558 13.398 13.415 13.405 13.583 13.580 13.640 13.563 13.569 13.553 13.613 13.640 13.669 13.712 13.728 13.644 13.673 13.682 13.700 13.586 13.403 13.539 13.728 13.971 13.388 13.538 13.735 13.933 14.089 13.420 13.384 13.407 15.266 13.814 1.793E+09
 12500. 9.0  1.198 12.603 -0.699 12.628 13.452 13.302 13.332 13.337 13.533 13.537 13.600 13.507 13.519 13.509 13.572 13.600 13.631 13.678 13.696 13.605 13.635 13.645 13.664 13.466 13.300 13.454 13.656 13.909 13.286 13.453 13.663 13.870 14.030 13.330 13.284 13.336 14.718 13.625 1.665E+09
 13000. 9.0  1.198 12.432 -0.785 12.520 13.357 13.217 13.260 13.278 13.488 13.499 13.564 13.458 13.474 13.471 13.536 13.566 13.598 13.647 13.668 13.571 13.601 13.612 13.632 13.357 13.209 13.379 13.593 13.854 13.196 13.379 13.600 13.814 13.979 13.250 13.195 13.273 14.271 13.450 1.546E+09
 13500. 9.0  1.198 12.268 -0.877 12.425 13.274 13.145 13.199 13.228 13.450 13.465 13.533 13.416 13.436 13.438 13.505 13.537 13.569 13.620 13.642 13.542 13.573 13.584 13.604 13.263 13.129 13.315 13.539 13.808 13.118 13.315 13.547 13.767 13.935 13.181 13.119 13.220 13.884 13.289 1.434E+09
 14000. 9.0  1.199 12.110 -0.977 12.349 13.207 13.087 13.149 13.188 13.419 13.439 13.508 13.382 13.405 13.411 13.480 13.513 13.546 13.597 13.619 13.518 13.549 13.560 13.581 13.187 13.065 13.264 13.497 13.771 13.055 13.264 13.505 13.729 13.900 13.126 13.057 13.178 13.517 13.149 1.330E+09
 14500. 9.0  1.199 11.957 -1.082 12.286 13.152 13.040 13.110 13.156 13.393 13.417 13.487 13.355 13.380 13.389 13.460 13.493 13.526 13.576 13.599 13.498 13.529 13.540 13.561 13.125 13.013 13.223 13.463 13.741 13.004 13.223 13.471 13.699 13.871 13.081 13.006 13.144 13.189 13.030 1.232E+09
 15000. 9.0  1.199 11.810 -1.183 12.223 13.097 12.993 13.070 13.124 13.368 13.395 13.465 13.327 13.354 13.367 13.438 13.473 13.506 13.555 13.578 13.478 13.508 13.520 13.540 13.062 12.960 13.181 13.429 13.711 12.952 13.182 13.437 13.668 13.843 13.036 12.955 13.110 12.935 12.911 1.142E+09
 15500. 9.0  1.199 11.667 -1.276 12.155 13.037 12.943 13.027 13.090 13.340 13.371 13.443 13.297 13.326 13.343 13.416 13.452 13.484 13.533 13.556 13.457 13.487 13.498 13.518 12.994 12.903 13.137 13.392 13.679 12.897 13.137 13.400 13.636 13.812 12.988 12.901 13.073 12.730 12.791 1.059E+09
 16000. 9.0  1.199 11.529 -1.363 12.082 12.975 12.892 12.983 13.053 13.311 13.346 13.419 13.266 13.297 13.317 13.392 13.430 13.462 13.511 13.534 13.434 13.464 13.476 13.495 12.922 12.844 13.091 13.354 13.645 12.840 13.091 13.362 13.601 13.779 12.938 12.844 13.034 12.555 12.676 9.812E+08
 16500. 9.0  1.200 11.395 -1.446 12.008 12.912 12.841 12.938 13.015 13.281 13.319 13.394 13.233 13.267 13.291 13.367 13.406 13.438 13.488 13.512 13.411 13.441 13.453 13.472 12.847 12.785 13.045 13.314 13.609 12.782 13.045 13.322 13.565 13.745 12.886 12.786 12.993 12.398 12.565 9.086E+08
 17000. 9.0  1.200 11.266 -1.526 11.932 12.849 12.791 12.893 12.977 13.249 13.292 13.368 13.199 13.235 13.264 13.341 13.382 13.415 13.464 13.489 13.387 13.417 13.429 13.449 12.772 12.727 12.998 13.274 13.573 12.726 12.999 13.282 13.528 13.710 12.836 12.729 12.953 12.253 12.459 8.403E+08
 20000. 9.0  1.201 10.558 -1.961 11.497 12.501 12.520 12.637 12.750 13.059 13.120 13.205 12.993 13.044 13.092 13.179 13.232 13.268 13.328 13.362 13.238 13.270 13.286 13.308 12.337 12.405 12.736 13.039 13.354 12.418 12.738 13.048 13.307 13.498 12.549 12.410 12.713 11.530 11.893 5.130E+08
 25000. 9.0  1.204  9.587 -2.541 10.893 12.015 12.128 12.265 12.410 12.767 12.852 12.950 12.681 12.753 12.823 12.926 12.997 13.045 13.124 13.165 13.006 13.045 13.068 13.098 11.734 11.954 12.357 12.691 13.024 11.983 12.359 12.701 12.975 13.176 12.136 11.954 12.359 10.615 11.131 2.528E+08
 30000. 9.0  1.206  8.794 -2.966 10.359 11.569 11.759 11.907 12.075 12.469 12.573 12.681 12.366 12.454 12.543 12.658 12.743 12.795 12.871 12.899 12.753 12.794 12.820 12.849 11.201 11.536 11.994 12.351 12.696 11.578 11.997 12.361 12.645 12.854 11.745 11.530 12.013  9.949 10.510 1.489E+08
 35000. 9.0  1.205  8.125 -3.358  9.985 11.242 11.483 11.634 11.813 12.222 12.335 12.443 12.112 12.205 12.306 12.420 12.507 12.552 12.604 12.602 12.517 12.549 12.572 12.593 10.827 11.226 11.717 12.086 12.436 11.277 11.721 12.097 12.385 12.597 11.450 11.216 11.744  9.526 10.100 1.116E+08
 40000. 9.0  1.208  7.543 -3.762  9.758 11.038 11.305 11.458 11.644 12.059 12.177 12.284 11.947 12.042 12.147 12.261 12.346 12.388 12.432 12.419 12.356 12.385 12.407 12.424 10.600 11.031 11.539 11.916 12.268 11.087 11.544 11.926 12.216 12.429 11.263 11.019 11.571  9.256  9.848 7.077E+07
 45000. 9.0  1.210  7.029 -4.146  9.597 10.892 11.175 11.330 11.520 11.939 12.059 12.166 11.826 11.921 12.030 12.143 12.227 12.267 12.305 12.283 12.236 12.264 12.286 12.300 10.440 10.890 11.410 11.791 12.145 10.949 11.415 11.802 12.093 12.307 11.128 10.877 11.444  9.059  9.669 4.614E+07
 50000. 9.0  1.212  6.570 -4.502  9.471 10.776 11.071 11.227 11.420 11.842 11.964 12.070 11.727 11.824 11.934 12.048 12.131 12.169 12.202 12.174 12.140 12.166 12.187 12.200 10.314 10.778 11.306 11.690 12.045 10.839 11.311 11.701 11.993 12.208 11.020 10.764 11.343  8.902  9.527 2.818E+07
 55000. 9.0  1.214  6.154 -4.829  9.366 10.679 10.983 11.139 11.335 11.759 11.882 11.988 11.644 11.740 11.852 11.966 12.049 12.086 12.115 12.080 12.057 12.082 12.103 12.114 10.208 10.683 11.218 11.605 11.961 10.745 11.223 11.616 11.909 12.124 10.928 10.669 11.256  8.771  9.409 1.438E+07
 60000. 9.0  1.217  5.774 -5.131  9.274 10.593 10.905 11.062 11.259 11.686 11.810 11.915 11.569 11.666 11.780 11.893 11.976 12.012 12.037 11.999 11.984 12.008 12.028 12.038 10.117 10.600 11.140 11.529 11.886 10.663 11.145 11.540 11.834 12.049 10.847 10.585 11.180  8.657  9.307 5.487E+06
 65000. 9.0  1.220  5.423 -5.411  9.192 10.516 10.834 10.992 11.191 11.619 11.744 11.849 11.502 11.599 11.714 11.827 11.909 11.944 11.966 11.925 11.918 11.941 11.960 11.969 10.035 10.525 11.070 11.460 11.818 10.589 11.075 11.471 11.765 11.981 10.774 10.510 11.110  8.555  9.215 1.821E+06
 70000. 9.0  1.222  5.099 -5.670  9.118 10.447 10.770 10.929 11.129 11.558 11.684 11.789 11.441 11.539 11.654 11.767 11.849 11.883 11.902 11.858 11.857 11.880 11.898 11.906  9.961 10.457 11.006 11.398 11.756 10.522 11.011 11.409 11.704 11.920 10.708 10.442 11.047  8.464  9.133 9.915E+05
 75000. 9.0  1.224  4.798 -5.913  9.051 10.383 10.711 10.870 11.072 11.502 11.628 11.734 11.384 11.482 11.599 11.712 11.793 11.827 11.844 11.798 11.801 11.823 11.842 11.849  9.894 10.395 10.947 11.341 11.699 10.461 10.952 11.352 11.647 11.863 10.648 10.379 10.990  8.381  9.058 7.257E+05
 80000. 9.0  1.226  4.516 -6.140  8.989 10.324 10.656 10.816 11.019 11.450 11.577 11.682 11.332 11.430 11.547 11.660 11.741 11.774 11.789 11.742 11.749 11.771 11.788 11.795  9.832 10.337 10.893 11.287 11.646 10.404 10.898 11.298 11.594 11.810 10.591 10.321 10.936  8.305  8.990 5.943E+05
 85000. 9.0  1.228  4.251 -6.353  8.930 10.269 10.604 10.764 10.968 11.400 11.528 11.634 11.282 11.381 11.498 11.611 11.692 11.724 11.737 11.690 11.700 11.721 11.738 11.744  9.773 10.283 10.841 11.237 11.596 10.350 10.846 11.248 11.544 11.760 10.538 10.267 10.885  8.234  8.925 4.901E+05
 90000. 9.0  1.229  4.002 -6.554  8.876 10.217 10.555 10.717 10.921 11.354 11.482 11.588 11.236 11.335 11.452 11.566 11.646 11.678 11.689 11.641 11.654 11.674 11.691 11.696  9.719 10.232 10.793 11.190 11.549 10.300 10.798 11.201 11.497 11.714 10.489 10.216 10.837  8.168  8.866 3.598E+05
